-7.000000000000000888e+00 0.000000000000000000e+00
-6.987389829497858251e+00 0.000000000000000000e+00
-6.974779658995713838e+00 0.000000000000000000e+00
-6.962169488493571201e+00 0.000000000000000000e+00
-6.949559317991428564e+00 0.000000000000000000e+00
-6.936949147489284151e+00 0.000000000000000000e+00
-6.924338976987141514e+00 0.000000000000000000e+00
-6.911728806484998877e+00 0.000000000000000000e+00
-6.899118635982854464e+00 0.000000000000000000e+00
-6.886508465480711827e+00 0.000000000000000000e+00
-6.873898294978569190e+00 0.000000000000000000e+00
-6.861288124476424777e+00 0.000000000000000000e+00
-6.848677953974282140e+00 0.000000000000000000e+00
-6.836067783472139503e+00 0.000000000000000000e+00
-6.823457612969995090e+00 0.000000000000000000e+00
-6.810847442467852453e+00 0.000000000000000000e+00
-6.798237271965709816e+00 0.000000000000000000e+00
-6.785627101463565403e+00 0.000000000000000000e+00
-6.773016930961422766e+00 0.000000000000000000e+00
-6.760406760459280129e+00 0.000000000000000000e+00
-6.747796589957135716e+00 0.000000000000000000e+00
-6.735186419454993079e+00 0.000000000000000000e+00
-6.722576248952850442e+00 0.000000000000000000e+00
-6.709966078450706028e+00 0.000000000000000000e+00
-6.697355907948563392e+00 0.000000000000000000e+00
-6.684745737446420755e+00 0.000000000000000000e+00
-6.672135566944276341e+00 0.000000000000000000e+00
-6.659525396442133705e+00 0.000000000000000000e+00
-6.646915225939991068e+00 0.000000000000000000e+00
-6.634305055437846654e+00 0.000000000000000000e+00
-6.621694884935704017e+00 0.000000000000000000e+00
-6.609084714433561381e+00 0.000000000000000000e+00
-6.596474543931416967e+00 0.000000000000000000e+00
-6.583864373429274330e+00 0.000000000000000000e+00
-6.571254202927131693e+00 0.000000000000000000e+00
-6.558644032424987280e+00 0.000000000000000000e+00
-6.546033861922844643e+00 0.000000000000000000e+00
-6.533423691420702006e+00 0.000000000000000000e+00
-6.520813520918557593e+00 0.000000000000000000e+00
-6.508203350416414956e+00 0.000000000000000000e+00
-6.495593179914272319e+00 0.000000000000000000e+00
-6.482983009412127906e+00 0.000000000000000000e+00
-6.470372838909985269e+00 0.000000000000000000e+00
-6.457762668407842632e+00 0.000000000000000000e+00
-6.445152497905698219e+00 0.000000000000000000e+00
-6.432542327403555582e+00 0.000000000000000000e+00
-6.419932156901412945e+00 0.000000000000000000e+00
-6.407321986399268532e+00 0.000000000000000000e+00
-6.394711815897125895e+00 0.000000000000000000e+00
-6.382101645394983258e+00 0.000000000000000000e+00
-6.369491474892838845e+00 0.000000000000000000e+00
-6.356881304390696208e+00 0.000000000000000000e+00
-6.344271133888551795e+00 0.000000000000000000e+00
-6.331660963386409158e+00 0.000000000000000000e+00
-6.319050792884266521e+00 0.000000000000000000e+00
-6.306440622382123884e+00 0.000000000000000000e+00
-6.293830451879979471e+00 0.000000000000000000e+00
-6.281220281377836834e+00 0.000000000000000000e+00
-6.268610110875692421e+00 0.000000000000000000e+00
-6.255999940373549784e+00 0.000000000000000000e+00
-6.243389769871407147e+00 0.000000000000000000e+00
-6.230779599369264510e+00 0.000000000000000000e+00
-6.218169428867120097e+00 0.000000000000000000e+00
-6.205559258364977460e+00 0.000000000000000000e+00
-6.192949087862833046e+00 0.000000000000000000e+00
-6.180338917360690409e+00 0.000000000000000000e+00
-6.167728746858547773e+00 0.000000000000000000e+00
-6.155118576356405136e+00 0.000000000000000000e+00
-6.142508405854260722e+00 0.000000000000000000e+00
-6.129898235352118085e+00 0.000000000000000000e+00
-6.117288064849973672e+00 0.000000000000000000e+00
-6.104677894347831035e+00 0.000000000000000000e+00
-6.092067723845688398e+00 0.000000000000000000e+00
-6.079457553343545761e+00 0.000000000000000000e+00
-6.066847382841401348e+00 0.000000000000000000e+00
-6.054237212339258711e+00 0.000000000000000000e+00
-6.041627041837114298e+00 0.000000000000000000e+00
-6.029016871334971661e+00 0.000000000000000000e+00
-6.016406700832829024e+00 0.000000000000000000e+00
-6.003796530330684611e+00 0.000000000000000000e+00
-5.991186359828541974e+00 0.000000000000000000e+00
-5.978576189326399337e+00 0.000000000000000000e+00
-5.965966018824254924e+00 0.000000000000000000e+00
-5.953355848322112287e+00 0.000000000000000000e+00
-5.940745677819969650e+00 0.000000000000000000e+00
-5.928135507317827013e+00 0.000000000000000000e+00
-5.915525336815682600e+00 0.000000000000000000e+00
-5.902915166313539963e+00 0.000000000000000000e+00
-5.890304995811395550e+00 0.000000000000000000e+00
-5.877694825309252913e+00 0.000000000000000000e+00
-5.865084654807110276e+00 0.000000000000000000e+00
-5.852474484304965863e+00 0.000000000000000000e+00
-5.839864313802823226e+00 0.000000000000000000e+00
-5.827254143300680589e+00 0.000000000000000000e+00
-5.814643972798536176e+00 0.000000000000000000e+00
-5.802033802296393539e+00 0.000000000000000000e+00
-5.789423631794250902e+00 0.000000000000000000e+00
-5.776813461292106489e+00 0.000000000000000000e+00
-5.764203290789963852e+00 0.000000000000000000e+00
-5.751593120287821215e+00 0.000000000000000000e+00
-5.738982949785676801e+00 0.000000000000000000e+00
-5.726372779283534165e+00 0.000000000000000000e+00
-5.713762608781391528e+00 0.000000000000000000e+00
-5.701152438279247114e+00 0.000000000000000000e+00
-5.688542267777104477e+00 0.000000000000000000e+00
-5.675932097274961841e+00 0.000000000000000000e+00
-5.663321926772818315e+00 0.000000000000000000e+00
-5.650711756270674790e+00 0.000000000000000000e+00
-5.638101585768532154e+00 0.000000000000000000e+00
-5.625491415266388628e+00 0.000000000000000000e+00
-5.612881244764245103e+00 0.000000000000000000e+00
-5.600271074262102466e+00 0.000000000000000000e+00
-5.587660903759958941e+00 0.000000000000000000e+00
-5.575050733257815416e+00 0.000000000000000000e+00
-5.562440562755672779e+00 0.000000000000000000e+00
-5.549830392253529254e+00 0.000000000000000000e+00
-5.537220221751385729e+00 0.000000000000000000e+00
-5.524610051249243092e+00 0.000000000000000000e+00
-5.511999880747099567e+00 0.000000000000000000e+00
-5.499389710244956042e+00 0.000000000000000000e+00
-5.486779539742813405e+00 0.000000000000000000e+00
-5.474169369240669880e+00 0.000000000000000000e+00
-5.461559198738526355e+00 0.000000000000000000e+00
-5.448949028236382830e+00 0.000000000000000000e+00
-5.436338857734240193e+00 0.000000000000000000e+00
-5.423728687232096668e+00 0.000000000000000000e+00
-5.411118516729953143e+00 0.000000000000000000e+00
-5.398508346227810506e+00 0.000000000000000000e+00
-5.385898175725666981e+00 0.000000000000000000e+00
-5.373288005223523456e+00 0.000000000000000000e+00
-5.360677834721380819e+00 0.000000000000000000e+00
-5.348067664219237294e+00 0.000000000000000000e+00
-5.335457493717093769e+00 0.000000000000000000e+00
-5.322847323214951132e+00 0.000000000000000000e+00
-5.310237152712807607e+00 0.000000000000000000e+00
-5.297626982210664082e+00 0.000000000000000000e+00
-5.285016811708520557e+00 0.000000000000000000e+00
-5.272406641206377920e+00 0.000000000000000000e+00
-5.259796470704234395e+00 0.000000000000000000e+00
-5.247186300202090870e+00 0.000000000000000000e+00
-5.234576129699948233e+00 0.000000000000000000e+00
-5.221965959197804708e+00 0.000000000000000000e+00
-5.209355788695661182e+00 0.000000000000000000e+00
-5.196745618193518546e+00 0.000000000000000000e+00
-5.184135447691375020e+00 0.000000000000000000e+00
-5.171525277189231495e+00 0.000000000000000000e+00
-5.158915106687088858e+00 0.000000000000000000e+00
-5.146304936184945333e+00 0.000000000000000000e+00
-5.133694765682801808e+00 0.000000000000000000e+00
-5.121084595180659171e+00 0.000000000000000000e+00
-5.108474424678515646e+00 0.000000000000000000e+00
-5.095864254176372121e+00 0.000000000000000000e+00
-5.083254083674229484e+00 0.000000000000000000e+00
-5.070643913172085959e+00 0.000000000000000000e+00
-5.058033742669942434e+00 0.000000000000000000e+00
-5.045423572167799797e+00 0.000000000000000000e+00
-5.032813401665656272e+00 0.000000000000000000e+00
-5.020203231163512747e+00 0.000000000000000000e+00
-5.007593060661370110e+00 0.000000000000000000e+00
-4.994982890159226585e+00 0.000000000000000000e+00
-4.982372719657083060e+00 0.000000000000000000e+00
-4.969762549154940423e+00 0.000000000000000000e+00
-4.957152378652796898e+00 0.000000000000000000e+00
-4.944542208150653373e+00 0.000000000000000000e+00
-4.931932037648510736e+00 0.000000000000000000e+00
-4.919321867146367211e+00 0.000000000000000000e+00
-4.906711696644223686e+00 0.000000000000000000e+00
-4.894101526142081049e+00 0.000000000000000000e+00
-4.881491355639937524e+00 0.000000000000000000e+00
-4.868881185137793999e+00 0.000000000000000000e+00
-4.856271014635651362e+00 0.000000000000000000e+00
-4.843660844133507837e+00 0.000000000000000000e+00
-4.831050673631364312e+00 0.000000000000000000e+00
-4.818440503129221675e+00 0.000000000000000000e+00
-4.805830332627078150e+00 0.000000000000000000e+00
-4.793220162124934625e+00 0.000000000000000000e+00
-4.780609991622791988e+00 0.000000000000000000e+00
-4.767999821120648463e+00 0.000000000000000000e+00
-4.755389650618504938e+00 0.000000000000000000e+00
-4.742779480116362301e+00 0.000000000000000000e+00
-4.730169309614218776e+00 0.000000000000000000e+00
-4.717559139112075250e+00 0.000000000000000000e+00
-4.704948968609932614e+00 0.000000000000000000e+00
-4.692338798107789088e+00 0.000000000000000000e+00
-4.679728627605645563e+00 0.000000000000000000e+00
-4.667118457103502926e+00 0.000000000000000000e+00
-4.654508286601359401e+00 0.000000000000000000e+00
-4.641898116099215876e+00 0.000000000000000000e+00
-4.629287945597073239e+00 0.000000000000000000e+00
-4.616677775094929714e+00 0.000000000000000000e+00
-4.604067604592786189e+00 0.000000000000000000e+00
-4.591457434090643552e+00 0.000000000000000000e+00
-4.578847263588500027e+00 0.000000000000000000e+00
-4.566237093086356502e+00 0.000000000000000000e+00
-4.553626922584213865e+00 0.000000000000000000e+00
-4.541016752082070340e+00 0.000000000000000000e+00
-4.528406581579926815e+00 0.000000000000000000e+00
-4.515796411077784178e+00 0.000000000000000000e+00
-4.503186240575640653e+00 0.000000000000000000e+00
-4.490576070073497128e+00 0.000000000000000000e+00
-4.477965899571354491e+00 0.000000000000000000e+00
-4.465355729069210966e+00 0.000000000000000000e+00
-4.452745558567067441e+00 0.000000000000000000e+00
-4.440135388064924804e+00 0.000000000000000000e+00
-4.427525217562781279e+00 0.000000000000000000e+00
-4.414915047060637754e+00 0.000000000000000000e+00
-4.402304876558495117e+00 0.000000000000000000e+00
-4.389694706056351592e+00 0.000000000000000000e+00
-4.377084535554208067e+00 0.000000000000000000e+00
-4.364474365052065430e+00 0.000000000000000000e+00
-4.351864194549921905e+00 0.000000000000000000e+00
-4.339254024047778380e+00 0.000000000000000000e+00
-4.326643853545635743e+00 0.000000000000000000e+00
-4.314033683043492218e+00 0.000000000000000000e+00
-4.301423512541348693e+00 0.000000000000000000e+00
-4.288813342039206056e+00 0.000000000000000000e+00
-4.276203171537062531e+00 0.000000000000000000e+00
-4.263593001034919006e+00 0.000000000000000000e+00
-4.250982830532776369e+00 0.000000000000000000e+00
-4.238372660030632844e+00 0.000000000000000000e+00
-4.225762489528489319e+00 0.000000000000000000e+00
-4.213152319026346682e+00 0.000000000000000000e+00
-4.200542148524203157e+00 0.000000000000000000e+00
-4.187931978022059631e+00 0.000000000000000000e+00
-4.175321807519916995e+00 0.000000000000000000e+00
-4.162711637017773469e+00 0.000000000000000000e+00
-4.150101466515629944e+00 0.000000000000000000e+00
-4.137491296013487307e+00 0.000000000000000000e+00
-4.124881125511343782e+00 0.000000000000000000e+00
-4.112270955009200257e+00 0.000000000000000000e+00
-4.099660784507057620e+00 0.000000000000000000e+00
-4.087050614004914095e+00 0.000000000000000000e+00
-4.074440443502770570e+00 0.000000000000000000e+00
-4.061830273000627933e+00 0.000000000000000000e+00
-4.049220102498484408e+00 0.000000000000000000e+00
-4.036609931996340883e+00 0.000000000000000000e+00
-4.023999761494198246e+00 0.000000000000000000e+00
-4.011389590992054721e+00 0.000000000000000000e+00
-3.998779420489911196e+00 0.000000000000000000e+00
-3.986169249987768559e+00 0.000000000000000000e+00
-3.973559079485625034e+00 0.000000000000000000e+00
-3.960948908983481509e+00 0.000000000000000000e+00
-3.948338738481338872e+00 0.000000000000000000e+00
-3.935728567979194459e+00 0.000000000000000000e+00
-3.923118397477051822e+00 0.000000000000000000e+00
-3.910508226974909185e+00 0.000000000000000000e+00
-3.897898056472764772e+00 0.000000000000000000e+00
-3.885287885970622135e+00 0.000000000000000000e+00
-3.872677715468479498e+00 0.000000000000000000e+00
-3.860067544966335085e+00 0.000000000000000000e+00
-3.847457374464192448e+00 0.000000000000000000e+00
-3.834847203962049811e+00 0.000000000000000000e+00
-3.822237033459905398e+00 0.000000000000000000e+00
-3.809626862957762761e+00 0.000000000000000000e+00
-3.797016692455620124e+00 0.000000000000000000e+00
-3.784406521953475711e+00 0.000000000000000000e+00
-3.771796351451333074e+00 0.000000000000000000e+00
-3.759186180949190437e+00 0.000000000000000000e+00
-3.746576010447046023e+00 0.000000000000000000e+00
-3.733965839944903387e+00 0.000000000000000000e+00
-3.721355669442760750e+00 0.000000000000000000e+00
-3.708745498940616336e+00 0.000000000000000000e+00
-3.696135328438473699e+00 0.000000000000000000e+00
-3.683525157936331063e+00 0.000000000000000000e+00
-3.670914987434186649e+00 0.000000000000000000e+00
-3.658304816932044012e+00 4.940656458412465442e-324
-3.645694646429901375e+00 1.531603502107864287e-322
-3.633084475927756962e+00 3.690670374434111685e-321
-3.620474305425614325e+00 8.775099935786379871e-320
-3.607864134923471688e+00 2.082343418183560222e-318
-3.595253964421327275e+00 4.930972277688331168e-317
-3.582643793919184638e+00 1.165187699970540582e-315
-3.570033623417041113e+00 2.747510981291600056e-314
-3.557423452914897588e+00 6.464879574256882706e-313
-3.544813282412754951e+00 1.517945313948255739e-311
-3.532203111910611426e+00 3.556507229700637592e-310
-3.519592941408467901e+00 8.314963032689396836e-309
-3.506982770906325264e+00 1.939827681655567123e-307
-3.494372600404181739e+00 4.515743899657162561e-306
-3.481762429902038214e+00 1.048952610508497796e-304
-3.469152259399895577e+00 2.431307603494958525e-303
-3.456542088897752052e+00 5.623134340015526550e-302
-3.443931918395608527e+00 1.297682736300512912e-300
-3.431321747893465890e+00 2.988182300358202211e-299
-3.418711577391322365e+00 6.865799123219876134e-298
-3.406101406889178840e+00 1.574046132871096429e-296
-3.393491236387036203e+00 3.600667913043814886e-295
-3.380881065884892678e+00 8.218352896498149535e-294
-3.368270895382749153e+00 1.871627577314972249e-292
-3.355660724880606516e+00 4.252886701892448961e-291
-3.343050554378462991e+00 9.642167739758351348e-290
-3.330440383876319466e+00 2.181166281826041818e-288
-3.317830213374176829e+00 4.922920151845064906e-287
-3.305220042872033304e+00 1.108596232031922213e-285
-3.292609872369889779e+00 2.490790658827612737e-284
-3.279999701867747142e+00 5.583556077305996860e-283
-3.267389531365603617e+00 1.248794352106725596e-281
-3.254779360863460091e+00 2.786595238980215585e-280
-3.242169190361317455e+00 6.203778359332218368e-279
-3.229559019859173929e+00 1.377953414720288380e-277
-3.216948849357030404e+00 3.053550465249685099e-276
-3.204338678854887767e+00 6.750941773224460237e-275
-3.191728508352744242e+00 1.489047901762453554e-273
-3.179118337850600717e+00 3.276682317080622317e-272
-3.166508167348458080e+00 7.193456891120238701e-271
-3.153897996846314555e+00 1.575487029501744227e-269
-3.141287826344171030e+00 3.442406068737034082e-268
-3.128677655842028393e+00 7.503702493488462608e-267
-3.116067485339884868e+00 1.631741948770141880e-265
-3.103457314837741343e+00 3.539857631682005121e-264
-3.090847144335598706e+00 7.660808378425764132e-263
-3.078236973833455181e+00 1.653917679519330990e-261
-3.065626803331311656e+00 3.562046827178291601e-260
-3.053016632829169019e+00 7.652929625726341079e-259
-3.040406462327025494e+00 1.640189578523673628e-257
-3.027796291824881969e+00 3.506666295626218357e-256
-3.015186121322739332e+00 7.478675300387924464e-255
-3.002575950820595807e+00 1.591037827465359132e-253
-2.989965780318452282e+00 3.376428957782947448e-252
-2.977355609816309645e+00 7.147458799129549482e-251
-2.964745439314166120e+00 1.509239770779714414e-249
-2.952135268812022595e+00 3.178871065525457740e-248
-2.939525098309879958e+00 6.678688463090713885e-247
-2.926914927807736433e+00 1.399614771711539070e-245
-2.914304757305592908e+00 2.925636187067874967e-244
-2.901694586803450271e+00 6.099889269448490366e-243
-2.889084416301306746e+00 1.268553314394378152e-241
-2.876474245799163221e+00 2.631333512812840453e-240
-2.863864075297020584e+00 5.444007016700711510e-239
-2.851253904794877059e+00 1.123394301955835528e-237
-2.838643734292733534e+00 2.312126649114745794e-236
-2.826033563790590897e+00 4.746264434856841316e-235
-2.813423393288447372e+00 9.717356672636377695e-234
-2.800813222786303847e+00 1.984244539039740154e-232
-2.788203052284161210e+00 4.040991723901704816e-231
-2.775592881782017685e+00 8.207696104182412428e-230
-2.762982711279874160e+00 1.662608050981296158e-228
-2.750372540777731523e+00 3.358833685445531640e-227
-2.737762370275587998e+00 6.767243072952329546e-226
-2.725152199773444472e+00 1.359735050502054478e-224
-2.712542029271301836e+00 2.724649064179796106e-223
-2.699931858769158310e+00 5.444714072352530039e-222
-2.687321688267014785e+00 1.085031146353773754e-220
-2.674711517764872148e+00 2.156285624956632979e-219
-2.662101347262728623e+00 4.273282396129409740e-218
-2.649491176760585098e+00 8.445051939690774260e-217
-2.636881006258442461e+00 1.664265520576279692e-215
-2.624270835756298936e+00 3.270517914758591322e-214
-2.611660665254155411e+00 6.408819965736124359e-213
-2.599050494752012774e+00 1.252279180392506562e-211
-2.586440324249869249e+00 2.439942846235933551e-210
-2.573830153747725724e+00 4.740316437451140143e-209
-2.561219983245583087e+00 9.182858882563305384e-208
-2.548609812743439562e+00 1.773719814533593790e-206
-2.535999642241296037e+00 3.416034231859005046e-205
-2.523389471739152512e+00 6.559684944596698182e-204
-2.510779301237009875e+00 1.255916372208608174e-202
-2.498169130734866350e+00 2.397445593593822432e-201
-2.485558960232722825e+00 4.562893571808657657e-200
-2.472948789730580188e+00 8.658220051276305169e-199
-2.460338619228436663e+00 1.637972773929843377e-197
-2.447728448726293138e+00 3.089352823634155618e-196
-2.435118278224150501e+00 5.809035375246666065e-195
-2.422508107722006976e+00 1.088952737900920991e-193
-2.409897937219863451e+00 2.035050876961325149e-192
-2.397287766717720814e+00 3.791363128121852137e-191
-2.384677596215577289e+00 7.041446974654589597e-190
-2.372067425713433764e+00 1.303668945466218807e-188
-2.359457255211291127e+00 2.406046215695350216e-187
-2.346847084709147602e+00 4.426537140328492799e-186
-2.334236914207004077e+00 8.117829581817790659e-185
-2.321626743704861440e+00 1.483964409835852852e-183
-2.309016573202717915e+00 2.704000362809899691e-182
-2.296406402700574390e+00 4.911131632799789289e-181
-2.283796232198431753e+00 8.890777305002915572e-180
-2.271186061696288228e+00 1.604253042293199052e-178
-2.258575891194144702e+00 2.885177507751595214e-177
-2.245965720692002066e+00 5.171662394783549943e-176
-2.233355550189858540e+00 9.239257707282785562e-175
-2.220745379687715015e+00 1.645070410820839997e-173
-2.208135209185572378e+00 2.919197583184044510e-172
-2.195525038683428853e+00 5.162559343027081810e-171
-2.182914868181285328e+00 9.098714665820101103e-170
-2.170304697679142691e+00 1.598082488548274339e-168
-2.157694527176999166e+00 2.797132942683559420e-167
-2.145084356674855641e+00 4.878791707510051535e-166
-2.132474186172713004e+00 8.479828238131656296e-165
-2.119864015670569479e+00 1.468681652347805831e-163
-2.107253845168425954e+00 2.534686263054030281e-162
-2.094643674666283317e+00 4.358796944072691823e-161
-2.082033504164139792e+00 7.468695755622060031e-160
-2.069423333661996267e+00 1.275111850171199748e-158
-2.056813163159853630e+00 2.169035768612920267e-157
-2.044202992657710105e+00 3.676118093606043190e-156
-2.031592822155566580e+00 6.207343022407514177e-155
-2.018982651653423943e+00 1.044250465776454313e-153
-2.006372481151280418e+00 1.750149659113760080e-152
-1.993762310649136893e+00 2.922173888740447393e-151
-1.981152140146994256e+00 4.860555449877419595e-150
-1.968541969644850731e+00 8.053843455206869511e-149
-1.955931799142707206e+00 1.329370976895943218e-147
-1.943321628640564569e+00 2.185762907667221128e-146
-1.930711458138421044e+00 3.579824288826656721e-145
-1.918101287636277519e+00 5.839960952771791709e-144
-1.905491117134134882e+00 9.489325544911388822e-143
-1.892880946631991357e+00 1.535766998808253863e-141
-1.880270776129847832e+00 2.475523908389999849e-140
-1.867660605627705195e+00 3.974182115450825195e-139
-1.855050435125561670e+00 6.354100690612169875e-138
-1.842440264623418145e+00 1.011748931457770813e-136
-1.829830094121275508e+00 1.604317030309985959e-135
-1.817219923619131983e+00 2.533335147820186405e-134
-1.804609753116988458e+00 3.983512161904889331e-133
-1.791999582614845821e+00 6.237298148451818189e-132
-1.779389412112702296e+00 9.724545540594711466e-131
-1.766779241610558771e+00 1.509628028860073394e-129
-1.754169071108415245e+00 2.333369717939053770e-128
-1.741558900606272609e+00 3.590831668533394763e-127
-1.728948730104129083e+00 5.501601037423061907e-126
-1.716338559601985558e+00 8.391703467605668730e-125
-1.703728389099842921e+00 1.274272581698307772e-123
-1.691118218597699396e+00 1.926236699944312095e-122
-1.678508048095555871e+00 2.898516289147355078e-121
-1.665897877593413234e+00 4.341542173699102083e-120
-1.653287707091269709e+00 6.472881076388137724e-119
-1.640677536589126184e+00 9.605487689250737020e-118
-1.628067366086983547e+00 1.418704610482970856e-116
-1.615457195584840022e+00 2.085439530060621302e-115
-1.602847025082696497e+00 3.050831917606948882e-114
-1.590236854580553860e+00 4.441561865210847047e-113
-1.577626684078410335e+00 6.434744273729486392e-112
-1.565016513576266810e+00 9.276541305479552374e-111
-1.552406343074124173e+00 1.330702083352185922e-109
-1.539796172571980648e+00 1.899310518769920210e-108
-1.527186002069837123e+00 2.697190203617871309e-107
-1.514575831567694486e+00 3.810722921430435903e-106
-1.501965661065550961e+00 5.356273567106832803e-105
-1.489355490563407436e+00 7.489567258466723286e-104
-1.476745320061264799e+00 1.041760638266617364e-102
-1.464135149559121274e+00 1.441367325605565037e-101
-1.451524979056977749e+00 1.983603142483031292e-100
-1.438914808554835112e+00 2.715099598329352987e-99
-1.426304638052691587e+00 3.696108180062167770e-98
-1.413694467550548062e+00 5.003894688909876860e-97
-1.401084297048405425e+00 6.736781235861569651e-96
-1.388474126546261900e+00 9.018894398571039976e-95
-1.375863956044118375e+00 1.200566047206934186e-93
-1.363253785541975738e+00 1.589006124035002343e-92
-1.350643615039832213e+00 2.090962423410134498e-91
-1.338033444537688688e+00 2.735406816451823599e-90
-1.325423274035546051e+00 3.557345568333571588e-89
-1.312813103533402526e+00 4.598662107140943905e-88
-1.300202933031259001e+00 5.908954022220149538e-87
-1.287592762529116364e+00 7.546319614411690044e-86
-1.274982592026972839e+00 9.578036876760038468e-85
-1.262372421524829313e+00 1.208106490157275729e-83
-1.249762251022686677e+00 1.514228521746617747e-82
-1.237152080520543151e+00 1.885838956527405323e-81
-1.224541910018399626e+00 2.333531247468136597e-80
-1.211931739516256989e+00 2.868710327631824290e-79
-1.199321569014113464e+00 3.503413458677787193e-78
-1.186711398511969939e+00 4.250055457220953321e-77
-1.174101228009827302e+00 5.121091003215714101e-76
-1.161491057507683777e+00 6.128589782269075639e-75
-1.148880887005540252e+00 7.283724407637361594e-74
-1.136270716503397615e+00 8.596176400600311459e-73
-1.123660546001254090e+00 1.007347186965492959e-71
-1.111050375499110565e+00 1.172026569376583980e-70
-1.098440204996967928e+00 1.353760061094183104e-69
-1.085830034494824403e+00 1.552217515884503792e-68
-1.073219863992680878e+00 1.766566127953812743e-67
-1.060609693490538241e+00 1.995411788828994432e-66
-1.047999522988394716e+00 2.236755006177866703e-65
-1.035389352486251191e+00 2.487966399364025598e-64
-1.022779181984108554e+00 2.745786485895768084e-63
-1.010169011481965029e+00 3.006353776740921045e-62
-9.975588409798215039e-01 3.265264087488855216e-61
-9.849486704776788670e-01 3.517662460975999561e-60
-9.723384999755353419e-01 3.758367238596855676e-59
-9.597283294733918169e-01 3.982023706464918402e-58
-9.471181589712491800e-01 4.183282512223203064e-57
-9.345079884691056549e-01 4.356995864137857885e-56
-9.218978179669621298e-01 4.498422572697995530e-55
-9.092876474648186047e-01 4.603431468091140680e-54
-8.966774769626759678e-01 4.668691802991896817e-53
-8.840673064605324427e-01 4.691839074380525084e-52
-8.714571359583889176e-01 4.671605363308233518e-51
-8.588469654562462807e-01 4.607904822473648544e-50
-8.462367949541027556e-01 4.501867284643265365e-49
-8.336266244519592306e-01 4.355815986310844709e-48
-8.210164539498165936e-01 4.173188892177561628e-47
-8.084062834476730686e-01 3.958406799476374916e-46
-7.957961129455295435e-01 3.716694994675637998e-45
-7.831859424433869066e-01 3.453868415590303161e-44
-7.705757719412433815e-01 3.176092763027585935e-43
-7.579656014390998564e-01 2.889635567796906754e-42
-7.453554309369572195e-01 2.600621716800634012e-41
-7.327452604348136944e-01 2.314807324619428258e-40
-7.201350899326701693e-01 2.037384162298005614e-39
-7.075249194305275324e-01 1.772824293444087672e-38
-6.949147489283840073e-01 1.524771355793794396e-37
-6.823045784262404823e-01 1.295981371084305210e-36
-6.696944079240978454e-01 1.088312396639305920e-35
-6.570842374219543203e-01 9.027590528852363646e-35
-6.444740669198107952e-01 7.395252531395395458e-34
-6.318638964176681583e-01 5.981265117095021029e-33
-6.192537259155246332e-01 4.775121271122881429e-32
-6.066435554133811081e-01 3.761973399323023012e-31
-5.940333849112384712e-01 2.923961745689886401e-30
-5.814232144090949461e-01 2.241469431332078908e-29
-5.688130439069514210e-01 1.694241213759168632e-28
-5.562028734048087841e-01 1.262322821392696955e-27
-5.435927029026652590e-01 9.267977750656348472e-27
-5.309825324005217340e-01 6.703171045571805323e-26
-5.183723618983790971e-01 4.774328871331965099e-25
-5.057621913962355720e-01 3.347581946914842556e-24
-4.931520208940920469e-01 2.309835009820203540e-23
-4.805418503919494100e-01 1.567830244993220081e-22
-4.679316798898058849e-01 1.046444023746213851e-21
-4.553215093876623598e-01 6.865228981043921515e-21
-4.427113388855197229e-01 4.425185024364557439e-20
-4.301011683833761978e-01 2.801251895181501984e-19
-4.174909978812326727e-01 1.740665030132282982e-18
-4.048808273790900358e-01 1.061228660011257621e-17
-3.922706568769465107e-01 6.344707628068842412e-17
-3.796604863748029857e-01 3.717836449770203664e-16
-3.670503158726603488e-01 2.134028843414907368e-15
-3.544401453705168237e-01 1.199179527123077427e-14
-3.418299748683732986e-01 6.592815009083426124e-14
-3.292198043662306617e-01 3.543842030478778817e-13
-3.166096338640871366e-01 1.861197966244592734e-12
-3.039994633619436115e-01 9.543465548075984946e-12
-2.913892928598009746e-01 4.773936812834233727e-11
-2.787791223576574495e-01 2.327798492345392107e-10
-2.661689518555139244e-01 1.105429399717726262e-09
-2.535587813533712875e-01 5.107729077399719836e-09
-2.409486108512277625e-01 2.294053081090353690e-08
-2.283384403490842374e-01 1.000451545416138004e-07
-2.157282698469416005e-01 4.231668356477859201e-07
-2.031180993447980754e-01 1.733886167602353017e-06
-1.907296212577645478e-01 6.710673307156344305e-06
-1.790751809198734557e-01 2.325423271736626302e-05
-1.681328766829025823e-01 7.263573388964268565e-05
-1.578591939883211837e-01 2.062904858769324160e-04
-1.482132772030496648e-01 5.369734952762686159e-04
-1.391567671477560997e-01 1.290486696626890048e-03
-1.306536485528615454e-01 2.882717247002213306e-03
-1.226701068356443602e-01 6.022502389580914293e-03
-1.151743936288669723e-01 1.183403314884306883e-02
-1.081367005261812397e-01 2.198450882883440372e-02
-1.015290405422311915e-01 3.879584126136641914e-02
-9.532513681604738720e-02 6.531580488192965939e-02
-8.950031811513789459e-02 1.053257790422700152e-01
-8.403142072473115953e-02 1.632693470636614186e-01
-7.889669633199995757e-02 2.440971823783933403e-01
-7.407572553895482026e-02 3.530364517593962970e-01
-6.954933666007066806e-02 4.953046444262015346e-01
-6.529952948172380867e-02 6.757960057639809115e-01
-6.130940368025181858e-02 8.987721725098827275e-01
-5.756309161397969026e-02 1.167587327823516929e+00
-5.404569522193657799e-02 1.484472055747154906e+00
-5.074322677833183887e-02 1.850392540966285582e+00
-4.764255326718694339e-02 2.264991501551233632e+00
-4.473134415591366320e-02 2.726609088287982985e+00
-4.199802236014917034e-02 3.232374423209584346e+00
-3.943171820485173729e-02 3.778353767765162630e+00
-3.702222619856760516e-02 4.359738761912730354e+00
-3.475996444897584692e-02 4.971057215061710721e+00
-3.263593655831751456e-02 5.606392338226521055e+00
-3.064169584717604811e-02 6.259594807873720690e+00
-2.876931176433708895e-02 6.924479737224142006e+00
-2.701133834915109624e-02 7.594999962571138852e+00
-2.536078462097863737e-02 8.265391879310870493e+00
-2.381108677796769241e-02 8.930291866357693564e+00
-2.235608209460499679e-02 9.584823476232875450e+00
-2.098998441423788677e-02 1.022465677670109052e+01
-1.970736113910750986e-02 1.084604290970773910e+01
-1.850311162639044910e-02 1.144582657768263978e+01
-1.737244690433337180e-02 1.202143996919473068e+01
-1.631087062781888183e-02 1.257088218362082443e+01
-1.531416119762810286e-02 1.309268647226479665e+01
-1.437835497229224616e-02 1.358587996441642609e+01
-1.349973050577157364e-02 1.404993544407508921e+01
-1.267479374828037013e-02 1.448472442397628868e+01
-1.190026415140387275e-02 1.489046286877937320e+01
-1.117306162225225469e-02 1.526766222495119862e+01
-1.049029427477177374e-02 1.561707954853497071e+01
-9.849246929502866038e-03 1.593967116931091788e+01
-9.247370316051994887e-03 1.623654972685863029e+01
-8.682270935339195597e-03 1.650894473819117181e+01
-8.151701541304996398e-03 1.675816741963650358e+01
-7.653552204225974771e-03 1.698557988267639729e+01
-7.185841920100037063e-03 1.719256835736894473e+01
-6.746710732733945948e-03 1.738052044532796359e+01
-6.334412337204842376e-03 1.755080616779267899e+01
-5.947307135282262590e-03 1.770476258066416975e+01
-5.583855715193143839e-03 1.784368159939536724e+01
-5.242612729801200168e-03 1.796880066884968841e+01
-4.922221148855803613e-03 1.808129596395161443e+01
-4.621406862452884928e-03 1.818227778570203412e+01
-4.338973614247355545e-03 1.827278783060760148e+01
-4.073798244268176869e-03 1.835379803171549895e+01
-3.824826222417472815e-03 1.842621069353598529e+01
-3.591067454892035368e-03 1.849085966909290590e+01
-3.371592346850472034e-03 1.854851235638308538e+01
-3.165528105668122608e-03 1.859987231831440013e+01
-2.972055270078842893e-03 1.864558235427002231e+01
-2.790404451401243442e-03 1.868622788006864610e+01
-2.619853273889739126e-03 1.872234049538171163e+01
-2.459723502043294555e-03 1.875440163886879219e+01
-2.309378343447928035e-03 1.878284625040771871e+01
-2.168219916426995363e-03 1.880806637665293835e+01
-2.035686872428882702e-03 1.883041467082106379e+01
-1.911252163696946192e-03 1.885020775013961014e+01
-1.794420947344431763e-03 1.886772938525406573e+01
-1.684728617499294890e-03 1.888323350394248479e+01
-1.581738957693386684e-03 1.889694793054001565e+01
-1.485042406148618429e-03 1.890907328376059482e+01
-1.394254427061488973e-03 1.891979093877300144e+01
-1.309013981409089993e-03 1.892926155520048326e+01
-1.228982091195453740e-03 1.893762802458215688e+01
-1.153840491428526288e-03 1.894507710432395342e+01
-1.083290364467113165e-03 1.895160203069849914e+01
-1.017051151704679570e-03 1.895730261262385241e+01
-9.548594378642998991e-04 1.896238730589159260e+01
-8.964679034679587247e-04 1.896687482986137141e+01
-8.416443413144891576e-04 1.897083476761734389e+01
-7.901707330548732918e-04 1.897432870987404030e+01
-7.418423821927417998e-04 1.897741114871190504e+01
-6.964671000622763746e-04 1.898013027644979900e+01
-6.538644415463101345e-04 1.898252869865420678e+01
-6.138649874953195544e-04 1.898464406967253382e+01
-5.763096709937077546e-04 1.898650965843458494e+01
-5.410491447940707658e-04 1.898815485162408834e+01
-5.079431874039339089e-04 1.898960560073701132e+01
-4.768601454631505969e-04 1.899088481892821889e+01
-4.476764101943878299e-04 1.899201273302383086e+01
-4.202759258447686459e-04 1.899300719554508277e+01
-3.945497281637799845e-04 1.899388396111730515e+01
-3.703955110821903832e-04 1.899465693119439536e+01
-3.477172198687347553e-04 1.899533837062375952e+01
-3.264246691466341703e-04 1.899593909920879398e+01
-3.064331842509692436e-04 1.899646866108994203e+01
-2.876632645006474724e-04 1.899693547445821551e+01
-2.700402670458676067e-04 1.899734696384732402e+01
-2.534941100338807115e-04 1.899770967699797453e+01
-2.379589939125882462e-04 1.899802938806710628e+01
-2.233731397636618432e-04 1.899831118876141645e+01
-2.096785436246481258e-04 1.899855956878788277e+01
-1.968207458230403738e-04 1.899877848686633897e+01
-1.847486144050079770e-04 1.899897143339782701e+01
-1.734141417975726429e-04 1.899914148576426243e+01
-1.627722538955931274e-04 1.899929135711907691e+01
-1.527806308143372189e-04 1.899942343943033407e+01
-1.433995385948514170e-04 1.899953984145085073e+01
-1.345916711928507147e-04 1.899964242220858779e+01
-1.263220021227506255e-04 1.899973282054605406e+01
-1.185576451668948804e-04 1.899981248117075694e+01
-1.112677235960431003e-04 1.899988267762951111e+01
-1.044232473810362147e-04 1.899994453256718785e+01
-9.799699790736354202e-05 1.899999903559101000e+01
-9.196341973416139544e-05 1.900004705902286517e+01
-8.629851896719176359e-05 1.900008937178799684e+01
-8.097976784167412539e-05 1.900012665166109116e+01
-7.598601513551331310e-05 1.900015949606278909e+01
-7.129740205665540287e-05 1.900018843157891979e+01
-6.689528327009240302e-05 1.900021392235288076e+01
-6.276215275045356852e-05 1.900023637748381233e+01
-5.888157416531500463e-05 1.900025615755024688e+01
-5.523811551239205268e-05 1.900027358035919889e+01
-5.181728775067791524e-05 1.900028892601601882e+01
-4.860548718147756638e-05 1.900030244139360747e+01
-4.558994135021126844e-05 1.900031434407085484e+01
-4.275865825384858419e-05 1.900032482580618165e+01
-4.010037865198160146e-05 1.900033405559834421e+01
-3.760453129189908716e-05 1.900034218238589645e+01
-3.526119086959958525e-05 1.900034933742442789e+01
-3.306103855956327154e-05 1.900035563638505920e+01
-3.099532495632644548e-05 1.900036118120199191e+01
-2.905583528048395544e-05 1.900036606170188946e+01
-2.723485671075096226e-05 1.900037035704042410e+01
-2.552514771217800657e-05 1.900037413696798083e+01
-2.391990923854284747e-05 1.900037746294556484e+01
-2.241275769439721272e-05 1.900038038912851590e+01
-2.099769954925015053e-05 1.900038296323324971e+01
-1.966910750293300909e-05 1.900038522730188362e+01
-1.842169810736080741e-05 1.900038721837536215e+01
-1.725051075570132930e-05 1.900038896908731445e+01
-1.615088795539561633e-05 1.900039050818761766e+01
-1.511845680657980123e-05 1.900039186100312705e+01
-1.414911161225593266e-05 1.900039304984462873e+01
-1.323899755105558475e-05 1.900039409436471871e+01
-1.238449534766613459e-05 1.900039501187444202e+01
-1.158220687996078599e-05 1.900039581762019836e+01
-1.082894166559426607e-05 1.900039652503034304e+01
-1.012170417432434343e-05 1.900039714593098594e+01
-9.457681915605696142e-06 1.900039769073602258e+01
-8.834234254082606896e-06 1.900039816861586672e+01
-8.248881908502043135e-06 1.900039858764473522e+01
-7.699297092288845179e-06 1.900039895493169695e+01
-7.183294256573823982e-06 1.900039927673482865e+01
-6.698821398861734940e-06 1.900039955856320972e+01
-6.243951902777456888e-06 1.900039980526594263e+01
-5.816876876438485798e-06 1.900040002111047954e+01
-5.415897958985060038e-06 1.900040020985232658e+01
-5.039420566662596439e-06 1.900040037479612565e+01
-4.685947551597296836e-06 1.900040051884904813e+01
-4.354073248047161842e-06 1.900040064456863931e+01
-4.042477882453245495e-06 1.900040075420429275e+01
-3.749922325059951160e-06 1.900040084973423049e+01
-3.475243162234227762e-06 1.900040093289777943e+01
-3.217348069887064443e-06 1.900040100522424069e+01
-2.975211469598384632e-06 1.900040106805770534e+01
-2.747870450171603521e-06 1.900040112257920910e+01
-2.534420938398601179e-06 1.900040116982651384e+01
-2.334014103807039897e-06 1.900040121071129917e+01
-2.145852983093271333e-06 1.900040124603407676e+01
-1.969189310816785935e-06 1.900040127649767641e+01
-1.803320543752548581e-06 1.900040130271907657e+01
-1.647587067068355029e-06 1.900040132523943726e+01
-1.501369571216668681e-06 1.900040134453357865e+01
-1.364086589109387048e-06 1.900040136101781840e+01
-1.235192183781944781e-06 1.900040137505719784e+01
-1.114173777351006344e-06 1.900040138697131553e+01
-1.000550112631961414e-06 1.900040139704022124e+01
-8.938693393104654022e-07 1.900040140550899537e+01
-7.937072170570570337e-07 1.900040141259217563e+01
-6.996654284390261791e-07 1.900040141847717834e+01
-6.113699949207071113e-07 1.900040142332796123e+01
-5.284697896529079203e-07 1.900040142728775194e+01
-4.506351411371571005e-07 1.900040143048115837e+01
-3.775565222121384326e-07 1.900040143301739803e+01
-3.089433191486484405e-07 1.900040143499117562e+01
-2.445226759580218821e-07 1.900040143648529423e+01
-1.840384093183425875e-07 1.900040143757147604e+01
-1.272499898032904365e-07 1.900040143831218842e+01
-7.393158536218592144e-08 1.900040143876174881e+01
-2.387116324756687046e-08 1.900040143896685763e+01
2.387116324756687046e-08 1.900040143896685763e+01
7.393158536217865548e-08 1.900040143876174881e+01
1.272499898032904365e-07 1.900040143831218842e+01
1.840384093183425875e-07 1.900040143757147604e+01
2.445226759580130942e-07 1.900040143648529423e+01
3.089433191486484405e-07 1.900040143499117562e+01
3.775565222121384326e-07 1.900040143301739803e+01
4.506351411371465126e-07 1.900040143048115837e+01
5.284697896529079203e-07 1.900040142728775194e+01
6.113699949207071113e-07 1.900040142332796123e+01
6.996654284390133677e-07 1.900040141847717834e+01
7.937072170570570337e-07 1.900040141259217563e+01
8.938693393104654022e-07 1.900040140550899537e+01
1.000550112631946167e-06 1.900040139704022124e+01
1.114173777351006344e-06 1.900040138697131553e+01
1.235192183781944781e-06 1.900040137505719784e+01
1.364086589109368413e-06 1.900040136101781840e+01
1.501369571216668681e-06 1.900040134453357865e+01
1.647587067068355029e-06 1.900040132523943726e+01
1.803320543752526134e-06 1.900040130271907657e+01
1.969189310816785935e-06 1.900040127649767641e+01
2.145852983093271333e-06 1.900040124603407676e+01
2.334014103807012369e-06 1.900040121071129917e+01
2.534420938398601179e-06 1.900040116982651384e+01
2.747870450171603521e-06 1.900040112257920910e+01
2.975211469598351597e-06 1.900040106805770534e+01
3.217348069887064443e-06 1.900040100522424069e+01
3.475243162234227762e-06 1.900040093289777943e+01
3.749922325059911349e-06 1.900040084973423049e+01
4.042477882453245495e-06 1.900040075420429275e+01
4.354073248047161842e-06 1.900040064456863931e+01
4.685947551597248555e-06 1.900040051884904813e+01
5.039420566662596439e-06 1.900040037479612565e+01
5.415897958985004981e-06 1.900040020985232658e+01
5.816876876438427352e-06 1.900040002111047954e+01
6.243951902777456888e-06 1.900039980526594263e+01
6.698821398861668871e-06 1.900039955856320972e+01
7.183294256573753678e-06 1.900039927673482865e+01
7.699297092288845179e-06 1.900039895493169695e+01
8.248881908501963514e-06 1.900039858764473522e+01
8.834234254082522193e-06 1.900039816861586672e+01
9.457681915605696142e-06 1.900039769073602258e+01
1.012170417432424687e-05 1.900039714593098594e+01
1.082894166559416273e-05 1.900039652503034304e+01
1.158220687996078599e-05 1.900039581762019836e+01
1.238449534766601939e-05 1.900039501187436741e+01
1.323899755105545939e-05 1.900039409436471871e+01
1.414911161225593266e-05 1.900039304984462873e+01
1.511845680657965724e-05 1.900039186100312705e+01
1.615088795539546725e-05 1.900039050818761766e+01
1.725051075570132930e-05 1.900038896908731445e+01
1.842169810736063801e-05 1.900038721837536215e+01
1.966910750293282952e-05 1.900038522730188362e+01
2.099769954925015053e-05 1.900038296323324971e+01
2.241275769439700604e-05 1.900038038912851590e+01
2.391990923854262385e-05 1.900037746294556484e+01
2.552514771217800657e-05 1.900037413696798083e+01
2.723485671075071492e-05 1.900037035704042410e+01
2.905583528048369117e-05 1.900036606170188946e+01
3.099532495632644548e-05 1.900036118120199191e+01
3.306103855956297338e-05 1.900035563638505920e+01
3.526119086959926676e-05 1.900034933742442789e+01
3.760453129189908716e-05 1.900034218238589645e+01
4.010037865198123555e-05 1.900033405559834421e+01
4.275865825384819795e-05 1.900032482580618165e+01
4.558994135021126844e-05 1.900031434407085484e+01
4.860548718147712592e-05 1.900030244139360747e+01
5.181728775067744768e-05 1.900028892601601882e+01
5.523811551239205268e-05 1.900027358035919889e+01
5.888157416531447608e-05 1.900025615755024688e+01
6.276215275045299931e-05 1.900023637748381233e+01
6.689528327009240302e-05 1.900021392235288076e+01
7.129740205665476590e-05 1.900018843157898729e+01
7.598601513551263547e-05 1.900015949606278909e+01
8.097976784167412539e-05 1.900012665166109116e+01
8.629851896719099109e-05 1.900008937178799684e+01
9.196341973416056873e-05 1.900004705902286517e+01
9.799699790736354202e-05 1.899999903559101000e+01
1.044232473810352796e-04 1.899994453256718785e+01
1.112677235960420974e-04 1.899988267762957861e+01
1.185576451668948804e-04 1.899981248117075694e+01
1.263220021227494871e-04 1.899973282054605406e+01
1.345916711928494950e-04 1.899964242220858779e+01
1.433995385948514170e-04 1.899953984145085073e+01
1.527806308143358637e-04 1.899942343943033407e+01
1.627722538955916909e-04 1.899929135711907691e+01
1.734141417975726429e-04 1.899914148576426243e+01
1.847486144050063236e-04 1.899897143339782701e+01
1.968207458230386390e-04 1.899877848686633897e+01
2.096785436246481258e-04 1.899855956878788277e+01
2.233731397636598375e-04 1.899831118876141645e+01
2.379589939125861320e-04 1.899802938806710628e+01
2.534941100338807115e-04 1.899770967699797453e+01
2.700402670458652214e-04 1.899734696384732402e+01
2.876632645006474724e-04 1.899693547445821551e+01
3.064331842509692436e-04 1.899646866108994203e+01
3.264246691466312429e-04 1.899593909920879398e+01
3.477172198687347553e-04 1.899533837062375952e+01
3.703955110821903832e-04 1.899465693119439536e+01
3.945497281637764609e-04 1.899388396111730515e+01
4.202759258447686459e-04 1.899300719554508277e+01
4.476764101943878299e-04 1.899201273302383086e+01
4.768601454631463685e-04 1.899088481892821889e+01
5.079431874039339089e-04 1.898960560073701132e+01
5.410491447940683806e-04 1.898815485162408834e+01
5.763096709937052609e-04 1.898650965843458494e+01
6.138649874953195544e-04 1.898464406967253382e+01
6.538644415463072072e-04 1.898252869865420678e+01
6.964671000622733388e-04 1.898013027644979900e+01
7.418423821927417998e-04 1.897741114871190504e+01
7.901707330548697139e-04 1.897432870987404030e+01
8.416443413144852545e-04 1.897083476761727638e+01
8.964679034679587247e-04 1.896687482986137141e+01
9.548594378642956708e-04 1.896238730589159260e+01
1.017051151704675017e-03 1.895730261262385241e+01
1.083290364467113165e-03 1.895160203069849914e+01
1.153840491428521084e-03 1.894507710432395342e+01
1.228982091195448319e-03 1.893762802458215688e+01
1.309013981409089993e-03 1.892926155520048326e+01
1.394254427061482901e-03 1.891979093877300144e+01
1.485042406148611707e-03 1.890907328376059482e+01
1.581738957693386684e-03 1.889694793054001565e+01
1.684728617499287517e-03 1.888323350394248479e+01
1.794420947344423523e-03 1.886772938525412968e+01
1.911252163696946192e-03 1.885020775013961014e+01
2.035686872428873594e-03 1.883041467082106379e+01
2.168219916426985822e-03 1.880806637665293835e+01
2.309378343447928035e-03 1.878284625040771871e+01
2.459723502043281544e-03 1.875440163886885969e+01
2.619853273889716141e-03 1.872234049538171163e+01
2.790404451401243442e-03 1.868622788006864610e+01
2.972055270078832485e-03 1.864558235426995481e+01
3.165528105668094852e-03 1.859987231831440013e+01
3.371592346850472034e-03 1.854851235638308538e+01
3.591067454892016286e-03 1.849085966909290590e+01
3.824826222417438987e-03 1.842621069353598529e+01
4.073798244268176869e-03 1.835379803171549895e+01
4.338973614247340800e-03 1.827278783060760148e+01
4.621406862452843295e-03 1.818227778570209807e+01
4.922221148855803613e-03 1.808129596395161443e+01
5.242612729801172412e-03 1.796880066884968841e+01
5.583855715193094399e-03 1.784368159939543119e+01
5.947307135282262590e-03 1.770476258066416975e+01
6.334412337204820692e-03 1.755080616779267899e+01
6.746710732733886100e-03 1.738052044532802398e+01
7.185841920100037063e-03 1.719256835736894473e+01
7.653552204225934005e-03 1.698557988267639729e+01
8.151701541304925275e-03 1.675816741963650358e+01
8.682270935339195597e-03 1.650894473819117181e+01
9.247370316051963662e-03 1.623654972685863029e+01
9.849246929502777567e-03 1.593967116931098182e+01
1.049029427477177374e-02 1.561707954853497071e+01
1.117306162225219397e-02 1.526766222495119862e+01
1.190026415140376694e-02 1.489046286877942649e+01
1.267479374828037013e-02 1.448472442397628868e+01
1.349973050577152334e-02 1.404993544407508921e+01
1.437835497229211779e-02 1.358587996441652201e+01
1.531416119762810286e-02 1.309268647226479665e+01
1.631087062781879510e-02 1.257088218362087417e+01
1.737244690433321567e-02 1.202143996919481772e+01
1.850311162639044910e-02 1.144582657768263978e+01
1.970736113910743700e-02 1.084604290970773910e+01
2.098998441423769942e-02 1.022465677670124151e+01
2.235608209460499679e-02 9.584823476232875450e+00
2.381108677796757098e-02 8.930291866357757513e+00
2.536078462097841185e-02 8.265391879310932666e+00
2.701133834915109624e-02 7.594999962571138852e+00
2.876931176433698834e-02 6.924479737224192633e+00
3.064169584717577749e-02 6.259594807873812172e+00
3.263593655831751456e-02 5.606392338226521055e+00
3.475996444897566651e-02 4.971057215061747137e+00
3.702222619856727903e-02 4.359738761912793414e+00
3.943171820485173729e-02 3.778353767765162630e+00
4.199802236014902462e-02 3.232374423209608327e+00
4.473134415591326768e-02 2.726609088288062921e+00
4.764255326718694339e-02 2.264991501551233632e+00
5.074322677833156825e-02 1.850392540966326216e+00
5.404569522193609227e-02 1.484472055747198205e+00
5.756309161397969026e-02 1.167587327823516929e+00
6.130940368025160347e-02 8.987721725098959391e-01
6.529952948172323968e-02 6.757960057640105545e-01
6.954933666007066806e-02 4.953046444262015346e-01
7.407572553895443168e-02 3.530364517594066220e-01
7.889669633199926368e-02 2.440971823784076067e-01
8.403142072473115953e-02 1.632693470636614186e-01
8.950031811513757540e-02 1.053257790422723050e-01
9.532513681604654066e-02 6.531580488193394762e-02
1.015290405422311915e-01 3.879584126136641914e-02
1.081367005261806707e-01 2.198450882883552435e-02
1.151743936288659592e-01 1.183403314884419293e-02
1.226701068356443602e-01 6.022502389580914293e-03
1.306536485528610736e-01 2.882717247002361625e-03
1.391567671477548507e-01 1.290486696627041185e-03
1.482132772030496648e-01 5.369734952762686159e-04
1.578591939883203232e-01 2.062904858769492753e-04
1.681328766829011112e-01 7.263573388965378517e-05
1.790751809198728173e-01 2.325423271736762844e-05
1.907296212577638539e-01 6.710673307156833043e-06
2.031180993447962990e-01 1.733886167602695007e-06
2.157282698469407123e-01 4.231668356478287482e-07
2.283384403490833492e-01 1.000451545416230516e-07
2.409486108512259861e-01 2.294053081090842719e-08
2.535587813533703994e-01 5.107729077400318714e-09
2.661689518555130363e-01 1.105429399717840206e-09
2.787791223576556732e-01 2.327798492345921244e-10
2.913892928598000864e-01 4.773936812834793366e-11
3.039994633619427233e-01 9.543465548077104547e-12
3.166096338640853602e-01 1.861197966245016018e-12
3.292198043662297735e-01 3.543842030479169082e-13
3.418299748683724104e-01 6.592815009084151876e-14
3.544401453705150473e-01 1.199179527123358735e-14
3.670503158726594606e-01 2.134028843415180314e-15
3.796604863748020975e-01 3.717836449770678953e-16
3.922706568769447344e-01 6.344707628070510114e-17
4.048808273790891477e-01 1.061228660011385811e-17
4.174909978812317846e-01 1.740665030132505619e-18
4.301011683833744215e-01 2.801251895182158726e-19
4.427113388855188347e-01 4.425185024365091885e-20
4.553215093876614716e-01 6.865228981044800220e-21
4.679316798898041085e-01 1.046444023746489010e-21
4.805418503919485218e-01 1.567830244993431670e-22
4.931520208940911587e-01 2.309835009820515634e-23
5.057621913962337956e-01 3.347581946915770462e-24
5.183723618983782089e-01 4.774328871332575805e-25
5.309825324005208458e-01 6.703171045572805182e-26
5.435927029026652590e-01 9.267977750656348472e-27
5.562028734048078960e-01 1.262322821392885290e-27
5.688130439069505329e-01 1.694241213759385217e-28
5.814232144090949461e-01 2.241469431332078908e-29
5.940333849112375830e-01 2.923961745690343224e-30
6.066435554133802199e-01 3.761973399323611120e-31
6.192537259155246332e-01 4.775121271122881429e-32
6.318638964176672701e-01 5.981265117095955684e-33
6.444740669198099070e-01 7.395252531396551803e-34
6.570842374219543203e-01 9.027590528852363646e-35
6.696944079240969572e-01 1.088312396639429669e-35
6.823045784262395941e-01 1.295981371084489297e-36
6.949147489283840073e-01 1.524771355793794396e-37
7.075249194305266442e-01 1.772824293444364867e-38
7.201350899326692812e-01 2.037384162298324048e-39
7.327452604348136944e-01 2.314807324619428258e-40
7.453554309369563313e-01 2.600621716801003610e-41
7.579656014390989682e-01 2.889635567797399338e-42
7.705757719412433815e-01 3.176092763027585935e-43
7.831859424433860184e-01 3.453868415590892107e-44
7.957961129455286553e-01 3.716694994676165710e-45
8.084062834476730686e-01 3.958406799476374916e-46
8.210164539498157055e-01 4.173188892178154760e-47
8.336266244519583424e-01 4.355815986311463364e-48
8.462367949541027556e-01 4.501867284643265365e-49
8.588469654562453925e-01 4.607904822474433828e-50
8.714571359583880295e-01 4.671605363309030552e-51
8.840673064605324427e-01 4.691839074380525084e-52
8.966774769626750796e-01 4.668691802992560765e-53
9.092876474648177165e-01 4.603431468091925409e-54
9.218978179669621298e-01 4.498422572697995530e-55
9.345079884691047667e-01 4.356995864138600451e-56
9.471181589712474036e-01 4.183282512224629899e-57
9.597283294733918169e-01 3.982023706464918402e-58
9.723384999755344538e-01 3.758367238597496383e-59
9.849486704776770907e-01 3.517662460977299546e-60
9.975588409798215039e-01 3.265264087488855216e-61
1.010169011481964141e+00 3.006353776741519532e-62
1.022779181984106778e+00 2.745786485896704569e-63
1.035389352486251191e+00 2.487966399364025598e-64
1.047999522988393828e+00 2.236755006178311584e-65
1.060609693490536465e+00 1.995411788829674931e-66
1.073219863992680878e+00 1.766566127953812743e-67
1.085830034494823515e+00 1.552217515884724314e-68
1.098440204996966152e+00 1.353760061094606491e-69
1.111050375499110565e+00 1.172026569376583980e-70
1.123660546001253202e+00 1.007347186965693231e-71
1.136270716503395839e+00 8.596176400603487211e-73
1.148880887005540252e+00 7.283724407637361594e-74
1.161491057507682889e+00 6.128589782270121276e-75
1.174101228009825526e+00 5.121091003217460511e-76
1.186711398511969939e+00 4.250055457220953321e-77
1.199321569014112576e+00 3.503413458678384530e-78
1.211931739516255213e+00 2.868710327632802872e-79
1.224541910018399626e+00 2.333531247468136597e-80
1.237152080520542263e+00 1.885838956527726954e-81
1.249762251022684900e+00 1.514228521747134194e-82
1.262372421524829313e+00 1.208106490157275729e-83
1.274982592026971950e+00 9.578036876761398623e-85
1.287592762529114587e+00 7.546319614414048884e-86
1.300202933031259001e+00 5.908954022220149538e-87
1.312813103533401637e+00 4.598662107141728035e-88
1.325423274035544274e+00 3.557345568334683601e-89
1.338033444537688688e+00 2.735406816451823599e-90
1.350643615039831325e+00 2.090962423410550620e-91
1.363253785541973961e+00 1.589006124035589601e-92
1.375863956044118375e+00 1.200566047206934186e-93
1.388474126546261012e+00 9.018894398572834972e-95
1.401084297048403648e+00 6.736781235864058728e-96
1.413694467550548062e+00 5.003894688909876860e-97
1.426304638052690699e+00 3.696108180062797992e-98
1.438914808554833336e+00 2.715099598330356388e-99
1.451524979056977749e+00 1.983603142483031292e-100
1.464135149559120386e+00 1.441367325605892749e-101
1.476745320061263023e+00 1.041760638267061504e-102
1.489355490563407436e+00 7.489567258466723286e-104
1.501965661065550073e+00 5.356273567107746735e-105
1.514575831567692710e+00 3.810722921431844074e-106
1.527186002069837123e+00 2.697190203617871309e-107
1.539796172571979760e+00 1.899310518770244312e-108
1.552406343074122397e+00 1.330702083352715377e-109
1.565016513576266810e+00 9.276541305479552374e-111
1.577626684078409447e+00 6.434744273730583270e-112
1.590236854580552084e+00 4.441561865212614008e-113
1.602847025082696497e+00 3.050831917606948882e-114
1.615457195584839134e+00 2.085439530061095574e-115
1.628067366086981771e+00 1.418704610483535238e-116
1.640677536589126184e+00 9.605487689250737020e-118
1.653287707091268821e+00 6.472881076389976922e-119
1.665897877593411458e+00 4.341542173700583154e-120
1.678508048095555871e+00 2.898516289147355078e-121
1.691118218597698508e+00 1.926236699944749832e-122
1.703728389099841145e+00 1.274272581698814803e-123
1.716338559601985558e+00 8.391703467605668730e-125
1.728948730104128195e+00 5.501601037424000048e-126
1.741558900606270832e+00 3.590831668534823706e-127
1.754169071108415245e+00 2.333369717939053770e-128
1.766779241610557882e+00 1.509628028860330622e-129
1.779389412112700519e+00 9.724545540599132065e-131
1.791999582614844932e+00 6.237298148452526426e-132
1.804609753116987569e+00 3.983512161905794960e-133
1.817219923619130206e+00 2.533335147821050585e-134
1.829830094121274620e+00 1.604317030310350718e-135
1.842440264623417256e+00 1.011748931458058359e-136
1.855050435125559893e+00 6.354100690614698551e-138
1.867660605627704307e+00 3.974182115451729146e-139
1.880270776129846944e+00 2.475523908390421711e-140
1.892880946631989580e+00 1.535766998808865098e-141
1.905491117134133994e+00 9.489325544913546570e-143
1.918101287636276631e+00 5.839960952773119816e-144
1.930711458138419268e+00 3.579824288828080709e-145
1.943321628640563681e+00 2.185762907667718137e-146
1.955931799142706318e+00 1.329370976896169939e-147
1.968541969644848955e+00 8.053843455210990298e-149
1.981152140146993368e+00 4.860555449878525005e-150
1.993762310649136005e+00 2.922173888741111820e-151
2.006372481151278642e+00 1.750149659114456430e-152
2.018982651653423055e+00 1.044250465776691729e-153
2.031592822155565692e+00 6.207343022408925161e-155
2.044202992657708329e+00 3.676118093607296639e-156
2.056813163159852742e+00 2.169035768613290298e-157
2.069423333661995379e+00 1.275111850171417270e-158
2.082033504164138016e+00 7.468695755625031765e-160
2.094643674666282429e+00 4.358796944073682875e-161
2.107253845168425066e+00 2.534686263054606749e-162
2.119864015670569479e+00 1.468681652347805831e-163
2.132474186172712116e+00 8.479828238133102248e-165
2.145084356674854753e+00 4.878791707511438444e-166
2.157694527176999166e+00 2.797132942683559420e-167
2.170304697679141803e+00 1.598082488548728552e-168
2.182914868181284440e+00 9.098714665822170657e-170
2.195525038683428853e+00 5.162559343027081810e-171
2.208135209185571490e+00 2.919197583184874189e-172
2.220745379687714127e+00 1.645070410821213826e-173
2.233355550189858540e+00 9.239257707282785562e-175
2.245965720692001177e+00 5.171662394784432278e-176
2.258575891194143814e+00 2.885177507752087494e-177
2.271186061696288228e+00 1.604253042293199052e-178
2.283796232198430864e+00 8.890777305004936146e-180
2.296406402700573501e+00 4.911131632800626201e-181
2.309016573202717915e+00 2.704000362809899691e-182
2.321626743704860552e+00 1.483964409836190222e-183
2.334236914207003188e+00 8.117829581819174158e-185
2.346847084709147602e+00 4.426537140328492799e-186
2.359457255211290239e+00 2.406046215695897279e-187
2.372067425713432876e+00 1.303668945466589268e-188
2.384677596215577289e+00 7.041446974654589597e-190
2.397287766717719926e+00 3.791363128122283218e-191
2.409897937219862563e+00 2.035050876961672054e-192
2.422508107722006976e+00 1.088952737900920991e-193
2.435118278224149613e+00 5.809035375247656914e-195
2.447728448726292250e+00 3.089352823634682696e-196
2.460338619228436663e+00 1.637972773929843377e-197
2.472948789730579300e+00 8.658220051277781114e-199
2.485558960232721937e+00 4.562893571809694996e-200
2.498169130734866350e+00 2.397445593593822432e-201
2.510779301237008987e+00 1.255916372208893725e-202
2.523389471739151624e+00 6.559684944598189676e-204
2.535999642241296037e+00 3.416034231859005046e-205
2.548609812743438674e+00 1.773719814533997139e-206
2.561219983245581311e+00 9.182858882566436662e-208
2.573830153747725724e+00 4.740316437451140143e-209
2.586440324249868361e+00 2.439942846236488395e-210
2.599050494752010998e+00 1.252279180392933754e-211
2.611660665254155411e+00 6.408819965736124359e-213
2.624270835756298048e+00 3.270517914758963157e-214
2.636881006258440685e+00 1.664265520576847286e-215
2.649491176760585098e+00 8.445051939690774260e-217
2.662101347262727735e+00 4.273282396130381448e-218
2.674711517764870372e+00 2.156285624957368616e-219
2.687321688267014785e+00 1.085031146353773754e-220
2.699931858769157422e+00 5.444714072353767805e-222
2.712542029271300059e+00 2.724649064180725198e-223
2.725152199773444472e+00 1.359735050502054478e-224
2.737762370275587109e+00 6.767243072953098890e-226
2.750372540777729746e+00 3.358833685446677502e-227
2.762982711279874160e+00 1.662608050981296158e-228
2.775592881782016796e+00 8.207696104184278810e-230
2.788203052284159433e+00 4.040991723902623591e-231
2.800813222786303847e+00 1.984244539039740154e-232
2.813423393288446483e+00 9.717356672636377695e-234
2.826033563790589120e+00 4.746264434858999918e-235
2.838643734292733534e+00 2.312126649114745794e-236
2.851253904794876171e+00 1.123394301956346333e-237
2.863864075297018807e+00 5.444007016703187109e-239
2.876474245799163221e+00 2.631333512812840453e-240
2.889084416301305858e+00 1.268553314394378152e-241
2.901694586803448495e+00 6.099889269451957724e-243
2.914304757305592908e+00 2.925636187067874967e-244
2.926914927807735545e+00 1.399614771711857355e-245
2.939525098309878182e+00 6.678688463093751155e-247
2.952135268812022595e+00 3.178871065525457740e-248
2.964745439314165232e+00 1.509239770780057542e-249
2.977355609816307869e+00 7.147458799131174563e-251
2.989965780318452282e+00 3.376428957782947448e-252
3.002575950820594919e+00 1.591037827465720748e-253
3.015186121322737556e+00 7.478675300391325030e-255
3.027796291824881969e+00 3.506666295626218357e-256
3.040406462327024606e+00 1.640189578524046474e-257
3.053016632829167243e+00 7.652929625729820916e-259
3.065626803331311656e+00 3.562046827178291601e-260
3.078236973833454293e+00 1.653917679520083079e-261
3.090847144335596930e+00 7.660808378427505863e-263
3.103457314837741343e+00 3.539857631682005121e-264
3.116067485339883980e+00 1.631741948770141880e-265
3.128677655842026617e+00 7.503702493490168681e-267
3.141287826344171030e+00 3.442406068737034082e-268
3.153897996846313667e+00 1.575487029502102663e-269
3.166508167348456304e+00 7.193456891123509721e-271
3.179118337850600717e+00 3.276682317080622317e-272
3.191728508352743354e+00 1.489047901762453554e-273
3.204338678854885991e+00 6.750941773227530944e-275
3.216948849357030404e+00 3.053550465249685099e-276
3.229559019859173041e+00 1.377953414720601782e-277
3.242169190361315678e+00 6.203778359333629115e-279
3.254779360863460091e+00 2.786595238980215585e-280
3.267389531365602728e+00 1.248794352107009542e-281
3.279999701867745365e+00 5.583556077308536054e-283
3.292609872369889779e+00 2.490790658827612737e-284
3.305220042872032415e+00 1.108596232032426362e-285
3.317830213374175052e+00 4.922920151847303572e-287
3.330440383876319466e+00 2.181166281826041818e-288
3.343050554378462103e+00 9.642167739758351348e-290
3.355660724880604739e+00 4.252886701894382817e-291
3.368270895382749153e+00 1.871627577314972249e-292
3.380881065884891790e+00 8.218352896500018597e-294
3.393491236387034427e+00 3.600667913045452401e-295
3.406101406889178840e+00 1.574046132871096429e-296
3.418711577391321477e+00 6.865799123221437074e-298
3.431321747893464114e+00 2.988182300360579907e-299
3.443931918395608527e+00 1.297682736300512912e-300
3.456542088897751164e+00 5.623134340016805135e-302
3.469152259399893801e+00 2.431307603495511236e-303
3.481762429902038214e+00 1.048952610508497796e-304
3.494372600404180851e+00 4.515743899657162561e-306
3.506982770906323488e+00 1.939827681656008225e-307
3.519592941408467901e+00 8.314963032689396836e-309
3.532203111910610538e+00 3.556507229701477503e-310
3.544813282412753175e+00 1.517945313948749804e-311
3.557423452914897588e+00 6.464879574256882706e-313
3.570033623417040225e+00 2.747510981291600056e-314
3.582643793919182862e+00 1.165187699970540582e-315
3.595253964421327275e+00 4.930972277688331168e-317
3.607864134923469912e+00 2.082343418183560222e-318
3.620474305425612549e+00 8.775099935786379871e-320
3.633084475927756962e+00 3.690670374434111685e-321
3.645694646429899599e+00 1.531603502107864287e-322
3.658304816932042236e+00 4.940656458412465442e-324
3.670914987434186649e+00 0.000000000000000000e+00
3.683525157936329286e+00 0.000000000000000000e+00
3.696135328438471923e+00 0.000000000000000000e+00
3.708745498940616336e+00 0.000000000000000000e+00
3.721355669442758973e+00 0.000000000000000000e+00
3.733965839944901610e+00 0.000000000000000000e+00
3.746576010447046023e+00 0.000000000000000000e+00
3.759186180949188660e+00 0.000000000000000000e+00
3.771796351451333074e+00 0.000000000000000000e+00
3.784406521953475711e+00 0.000000000000000000e+00
3.797016692455618347e+00 0.000000000000000000e+00
3.809626862957762761e+00 0.000000000000000000e+00
3.822237033459905398e+00 0.000000000000000000e+00
3.834847203962048034e+00 0.000000000000000000e+00
3.847457374464192448e+00 0.000000000000000000e+00
3.860067544966335085e+00 0.000000000000000000e+00
3.872677715468477722e+00 0.000000000000000000e+00
3.885287885970622135e+00 0.000000000000000000e+00
3.897898056472764772e+00 0.000000000000000000e+00
3.910508226974907409e+00 0.000000000000000000e+00
3.923118397477051822e+00 0.000000000000000000e+00
3.935728567979194459e+00 0.000000000000000000e+00
3.948338738481337096e+00 0.000000000000000000e+00
3.960948908983481509e+00 0.000000000000000000e+00
3.973559079485624146e+00 0.000000000000000000e+00
3.986169249987766783e+00 0.000000000000000000e+00
3.998779420489911196e+00 0.000000000000000000e+00
4.011389590992053833e+00 0.000000000000000000e+00
4.023999761494196470e+00 0.000000000000000000e+00
4.036609931996340883e+00 0.000000000000000000e+00
4.049220102498483520e+00 0.000000000000000000e+00
4.061830273000626157e+00 0.000000000000000000e+00
4.074440443502770570e+00 0.000000000000000000e+00
4.087050614004913207e+00 0.000000000000000000e+00
4.099660784507055844e+00 0.000000000000000000e+00
4.112270955009200257e+00 0.000000000000000000e+00
4.124881125511342894e+00 0.000000000000000000e+00
4.137491296013485531e+00 0.000000000000000000e+00
4.150101466515629944e+00 0.000000000000000000e+00
4.162711637017772581e+00 0.000000000000000000e+00
4.175321807519915218e+00 0.000000000000000000e+00
4.187931978022059631e+00 0.000000000000000000e+00
4.200542148524202268e+00 0.000000000000000000e+00
4.213152319026344905e+00 0.000000000000000000e+00
4.225762489528489319e+00 0.000000000000000000e+00
4.238372660030631955e+00 0.000000000000000000e+00
4.250982830532774592e+00 0.000000000000000000e+00
4.263593001034919006e+00 0.000000000000000000e+00
4.276203171537061642e+00 0.000000000000000000e+00
4.288813342039204279e+00 0.000000000000000000e+00
4.301423512541348693e+00 0.000000000000000000e+00
4.314033683043491330e+00 0.000000000000000000e+00
4.326643853545633966e+00 0.000000000000000000e+00
4.339254024047778380e+00 0.000000000000000000e+00
4.351864194549921017e+00 0.000000000000000000e+00
4.364474365052063654e+00 0.000000000000000000e+00
4.377084535554208067e+00 0.000000000000000000e+00
4.389694706056350704e+00 0.000000000000000000e+00
4.402304876558493341e+00 0.000000000000000000e+00
4.414915047060635978e+00 0.000000000000000000e+00
4.427525217562778614e+00 0.000000000000000000e+00
4.440135388064924804e+00 0.000000000000000000e+00
4.452745558567067441e+00 0.000000000000000000e+00
4.465355729069210078e+00 0.000000000000000000e+00
4.477965899571352715e+00 0.000000000000000000e+00
4.490576070073495352e+00 0.000000000000000000e+00
4.503186240575637989e+00 0.000000000000000000e+00
4.515796411077784178e+00 0.000000000000000000e+00
4.528406581579926815e+00 0.000000000000000000e+00
4.541016752082069452e+00 0.000000000000000000e+00
4.553626922584212089e+00 0.000000000000000000e+00
4.566237093086354726e+00 0.000000000000000000e+00
4.578847263588500915e+00 0.000000000000000000e+00
4.591457434090643552e+00 0.000000000000000000e+00
4.604067604592786189e+00 0.000000000000000000e+00
4.616677775094928826e+00 0.000000000000000000e+00
4.629287945597071463e+00 0.000000000000000000e+00
4.641898116099214100e+00 0.000000000000000000e+00
4.654508286601360290e+00 0.000000000000000000e+00
4.667118457103502926e+00 0.000000000000000000e+00
4.679728627605645563e+00 0.000000000000000000e+00
4.692338798107788200e+00 0.000000000000000000e+00
4.704948968609930837e+00 0.000000000000000000e+00
4.717559139112073474e+00 0.000000000000000000e+00
4.730169309614219664e+00 0.000000000000000000e+00
4.742779480116362301e+00 0.000000000000000000e+00
4.755389650618504938e+00 0.000000000000000000e+00
4.767999821120647574e+00 0.000000000000000000e+00
4.780609991622790211e+00 0.000000000000000000e+00
4.793220162124932848e+00 0.000000000000000000e+00
4.805830332627079038e+00 0.000000000000000000e+00
4.818440503129221675e+00 0.000000000000000000e+00
4.831050673631364312e+00 0.000000000000000000e+00
4.843660844133506949e+00 0.000000000000000000e+00
4.856271014635649586e+00 0.000000000000000000e+00
4.868881185137792222e+00 0.000000000000000000e+00
4.881491355639938412e+00 0.000000000000000000e+00
4.894101526142081049e+00 0.000000000000000000e+00
4.906711696644223686e+00 0.000000000000000000e+00
4.919321867146366323e+00 0.000000000000000000e+00
4.931932037648508960e+00 0.000000000000000000e+00
4.944542208150651597e+00 0.000000000000000000e+00
4.957152378652797786e+00 0.000000000000000000e+00
4.969762549154940423e+00 0.000000000000000000e+00
4.982372719657083060e+00 0.000000000000000000e+00
4.994982890159225697e+00 0.000000000000000000e+00
5.007593060661368334e+00 0.000000000000000000e+00
5.020203231163510971e+00 0.000000000000000000e+00
5.032813401665657160e+00 0.000000000000000000e+00
5.045423572167799797e+00 0.000000000000000000e+00
5.058033742669942434e+00 0.000000000000000000e+00
5.070643913172085071e+00 0.000000000000000000e+00
5.083254083674227708e+00 0.000000000000000000e+00
5.095864254176370345e+00 0.000000000000000000e+00
5.108474424678516534e+00 0.000000000000000000e+00
5.121084595180659171e+00 0.000000000000000000e+00
5.133694765682801808e+00 0.000000000000000000e+00
5.146304936184944445e+00 0.000000000000000000e+00
5.158915106687087082e+00 0.000000000000000000e+00
5.171525277189229719e+00 0.000000000000000000e+00
5.184135447691375909e+00 0.000000000000000000e+00
5.196745618193518546e+00 0.000000000000000000e+00
5.209355788695661182e+00 0.000000000000000000e+00
5.221965959197803819e+00 0.000000000000000000e+00
5.234576129699946456e+00 0.000000000000000000e+00
5.247186300202089093e+00 0.000000000000000000e+00
5.259796470704235283e+00 0.000000000000000000e+00
5.272406641206377920e+00 0.000000000000000000e+00
5.285016811708520557e+00 0.000000000000000000e+00
5.297626982210663193e+00 0.000000000000000000e+00
5.310237152712805830e+00 0.000000000000000000e+00
5.322847323214948467e+00 0.000000000000000000e+00
5.335457493717094657e+00 0.000000000000000000e+00
5.348067664219237294e+00 0.000000000000000000e+00
5.360677834721379931e+00 0.000000000000000000e+00
5.373288005223522568e+00 0.000000000000000000e+00
5.385898175725665205e+00 0.000000000000000000e+00
5.398508346227807841e+00 0.000000000000000000e+00
5.411118516729954031e+00 0.000000000000000000e+00
5.423728687232096668e+00 0.000000000000000000e+00
5.436338857734239305e+00 0.000000000000000000e+00
5.448949028236381942e+00 0.000000000000000000e+00
5.461559198738524579e+00 0.000000000000000000e+00
5.474169369240667216e+00 0.000000000000000000e+00
5.486779539742813405e+00 0.000000000000000000e+00
5.499389710244956042e+00 0.000000000000000000e+00
5.511999880747098679e+00 0.000000000000000000e+00
5.524610051249241316e+00 0.000000000000000000e+00
5.537220221751383953e+00 0.000000000000000000e+00
5.549830392253526590e+00 0.000000000000000000e+00
5.562440562755672779e+00 0.000000000000000000e+00
5.575050733257815416e+00 0.000000000000000000e+00
5.587660903759958053e+00 0.000000000000000000e+00
5.600271074262100690e+00 0.000000000000000000e+00
5.612881244764243327e+00 0.000000000000000000e+00
5.625491415266385964e+00 0.000000000000000000e+00
5.638101585768532154e+00 0.000000000000000000e+00
5.650711756270674790e+00 0.000000000000000000e+00
5.663321926772817427e+00 0.000000000000000000e+00
5.675932097274960064e+00 0.000000000000000000e+00
5.688542267777102701e+00 0.000000000000000000e+00
5.701152438279245338e+00 0.000000000000000000e+00
5.713762608781391528e+00 0.000000000000000000e+00
5.726372779283534165e+00 0.000000000000000000e+00
5.738982949785676801e+00 0.000000000000000000e+00
5.751593120287819438e+00 0.000000000000000000e+00
5.764203290789962075e+00 0.000000000000000000e+00
5.776813461292104712e+00 0.000000000000000000e+00
5.789423631794250902e+00 0.000000000000000000e+00
5.802033802296393539e+00 0.000000000000000000e+00
5.814643972798536176e+00 0.000000000000000000e+00
5.827254143300678813e+00 0.000000000000000000e+00
5.839864313802821449e+00 0.000000000000000000e+00
5.852474484304964086e+00 0.000000000000000000e+00
5.865084654807110276e+00 0.000000000000000000e+00
5.877694825309252913e+00 0.000000000000000000e+00
5.890304995811395550e+00 0.000000000000000000e+00
5.902915166313538187e+00 0.000000000000000000e+00
5.915525336815680824e+00 0.000000000000000000e+00
5.928135507317823460e+00 0.000000000000000000e+00
5.940745677819969650e+00 0.000000000000000000e+00
5.953355848322112287e+00 0.000000000000000000e+00
5.965966018824254924e+00 0.000000000000000000e+00
5.978576189326397561e+00 0.000000000000000000e+00
5.991186359828540198e+00 0.000000000000000000e+00
6.003796530330682835e+00 0.000000000000000000e+00
6.016406700832829024e+00 0.000000000000000000e+00
6.029016871334971661e+00 0.000000000000000000e+00
6.041627041837114298e+00 0.000000000000000000e+00
6.054237212339256935e+00 0.000000000000000000e+00
6.066847382841399572e+00 0.000000000000000000e+00
6.079457553343542209e+00 0.000000000000000000e+00
6.092067723845688398e+00 0.000000000000000000e+00
6.104677894347831035e+00 0.000000000000000000e+00
6.117288064849973672e+00 0.000000000000000000e+00
6.129898235352116309e+00 0.000000000000000000e+00
6.142508405854258946e+00 0.000000000000000000e+00
6.155118576356401583e+00 0.000000000000000000e+00
6.167728746858547773e+00 0.000000000000000000e+00
6.180338917360690409e+00 0.000000000000000000e+00
6.192949087862833046e+00 0.000000000000000000e+00
6.205559258364975683e+00 0.000000000000000000e+00
6.218169428867118320e+00 0.000000000000000000e+00
6.230779599369264510e+00 0.000000000000000000e+00
6.243389769871407147e+00 0.000000000000000000e+00
6.255999940373549784e+00 0.000000000000000000e+00
6.268610110875692421e+00 0.000000000000000000e+00
6.281220281377835057e+00 0.000000000000000000e+00
6.293830451879977694e+00 0.000000000000000000e+00
6.306440622382123884e+00 0.000000000000000000e+00
6.319050792884266521e+00 0.000000000000000000e+00
6.331660963386409158e+00 0.000000000000000000e+00
6.344271133888551795e+00 0.000000000000000000e+00
6.356881304390694432e+00 0.000000000000000000e+00
6.369491474892837068e+00 0.000000000000000000e+00
6.382101645394983258e+00 0.000000000000000000e+00
6.394711815897125895e+00 0.000000000000000000e+00
6.407321986399268532e+00 0.000000000000000000e+00
6.419932156901411169e+00 0.000000000000000000e+00
6.432542327403553806e+00 0.000000000000000000e+00
6.445152497905696443e+00 0.000000000000000000e+00
6.457762668407842632e+00 0.000000000000000000e+00
6.470372838909985269e+00 0.000000000000000000e+00
6.482983009412127906e+00 0.000000000000000000e+00
6.495593179914270543e+00 0.000000000000000000e+00
6.508203350416413180e+00 0.000000000000000000e+00
6.520813520918555817e+00 0.000000000000000000e+00
6.533423691420702006e+00 0.000000000000000000e+00
6.546033861922844643e+00 0.000000000000000000e+00
6.558644032424987280e+00 0.000000000000000000e+00
6.571254202927129917e+00 0.000000000000000000e+00
6.583864373429272554e+00 0.000000000000000000e+00
6.596474543931415191e+00 0.000000000000000000e+00
6.609084714433561381e+00 0.000000000000000000e+00
6.621694884935704017e+00 0.000000000000000000e+00
6.634305055437846654e+00 0.000000000000000000e+00
6.646915225939989291e+00 0.000000000000000000e+00
6.659525396442131928e+00 0.000000000000000000e+00
6.672135566944274565e+00 0.000000000000000000e+00
6.684745737446420755e+00 0.000000000000000000e+00
6.697355907948563392e+00 0.000000000000000000e+00
6.709966078450706028e+00 0.000000000000000000e+00
6.722576248952848665e+00 0.000000000000000000e+00
6.735186419454991302e+00 0.000000000000000000e+00
6.747796589957133939e+00 0.000000000000000000e+00
6.760406760459280129e+00 0.000000000000000000e+00
6.773016930961422766e+00 0.000000000000000000e+00
6.785627101463565403e+00 0.000000000000000000e+00
6.798237271965708040e+00 0.000000000000000000e+00
6.810847442467850676e+00 0.000000000000000000e+00
6.823457612969993313e+00 0.000000000000000000e+00
6.836067783472139503e+00 0.000000000000000000e+00
6.848677953974282140e+00 0.000000000000000000e+00
6.861288124476424777e+00 0.000000000000000000e+00
6.873898294978567414e+00 0.000000000000000000e+00
6.886508465480710051e+00 0.000000000000000000e+00
6.899118635982852688e+00 0.000000000000000000e+00
6.911728806484998877e+00 0.000000000000000000e+00
6.924338976987141514e+00 0.000000000000000000e+00
6.936949147489284151e+00 0.000000000000000000e+00
6.949559317991426788e+00 0.000000000000000000e+00
6.962169488493569425e+00 0.000000000000000000e+00
6.974779658995712062e+00 0.000000000000000000e+00
6.987389829497858251e+00 0.000000000000000000e+00
7.000000000000000888e+00 0.000000000000000000e+00
