0.000000000000000000e+00
1.377518535852216737e-02
1.252639566445280621e-02
1.245873042219263448e-02
1.244970025863374741e-02
1.205744756469091621e-02
1.341353628184008100e-02
1.341799942826750990e-02
1.133674703681233041e-02
1.046553873948623259e-02
9.837320692954671167e-03
1.054389578939818849e-02
1.137071476098168617e-02
1.058477323642340734e-02
9.362941964750581131e-03
8.974799019613807424e-03
1.135079838636936060e-02
1.253672629101777736e-02
1.066098147330036584e-02
1.138093739136062342e-02
1.177969004832385598e-02
1.190213152128645480e-02
9.308074675229096109e-03
8.241341510602214274e-03
9.029798305485883456e-03
9.797072319157404049e-03
1.244550282704655862e-02
1.191012806426033216e-02
1.404605543064693825e-02
1.198569391760240244e-02
1.239480378652798448e-02
1.405680307451507433e-02
1.358880647893802307e-02
1.280230807417835105e-02
1.285923004989684287e-02
9.873286214918418346e-03
1.020334336499339328e-02
9.655816605712444836e-03
1.076476667240096156e-02
1.154897014948847583e-02
1.400505356443465348e-02
1.385550068478308590e-02
1.465095392691123655e-02
1.447332446643870459e-02
1.458370207522069646e-02
1.540774868753836367e-02
1.542290775550224369e-02
1.637911494746871477e-02
1.722902232434489131e-02
1.446398269123546666e-02
1.610119198831585011e-02
1.619609925488596155e-02
1.623230942053576972e-02
1.569127867851905986e-02
1.483164260405763456e-02
1.345861011448310461e-02
1.285828440966650839e-02
1.345841351477620323e-02
1.312732021643236817e-02
1.297934070047940085e-02
1.371513200689690459e-02
1.323925693421715462e-02
1.298501084610959207e-02
1.298154947508168254e-02
1.322491575774671635e-02
1.381768640085218047e-02
1.359514822078573305e-02
1.406498063059623792e-02
1.539869674051895336e-02
1.658112169686163165e-02
1.422170280008259492e-02
1.395179250064458414e-02
1.395958213668410837e-02
1.386237713762607064e-02
1.315607631137611332e-02
1.195724772440197314e-02
1.128601369759092699e-02
1.155252597500239058e-02
1.064448979430632040e-02
1.101403537708382958e-02
1.086011343163499794e-02
1.108341233587365436e-02
1.196383835616608715e-02
1.242531778063951133e-02
1.197646422733689327e-02
1.154050024387216940e-02
1.013065947745457260e-02
1.102085427608717229e-02
1.137729035957765755e-02
1.060225921259951715e-02
1.004562226297851628e-02
1.140780198524803980e-02
8.791821225220316366e-03
9.007508169477177959e-03
8.703518159041774907e-03
9.943528240884647387e-03
1.092260936254862112e-02
1.201157285190069222e-02
1.164211922975479617e-02
1.302112262200291228e-02
1.296115206308232244e-02
1.257159518183909898e-02
1.197710254987209740e-02
1.099538958994767356e-02
1.142717830772308624e-02
1.010230660942576693e-02
9.714841514543678599e-03
1.108917056205072256e-02
1.181409099795083066e-02
1.143780592205287383e-02
1.222730666839046652e-02
1.217618963432091916e-02
1.188476318064026101e-02
1.066884438977336487e-02
1.037135300540845649e-02
8.909780245964954090e-03
7.921409752336022389e-03
7.808501908781083183e-03
7.057938096734050169e-03
7.508518136215731886e-03
8.730648035730098275e-03
9.982839159214154309e-03
1.083975161932360966e-02
1.191213792377388871e-02
1.117043503358260310e-02
1.095182870234660127e-02
1.123919110230921746e-02
1.187933275918358171e-02
1.191891551925967907e-02
1.193145149635570917e-02
1.186063065772137610e-02
1.011733591734461681e-02
9.903829628283187039e-03
9.934031489275180551e-03
1.063084621718179447e-02
1.065524439472807089e-02
1.048290093529209190e-02
1.059131085538114574e-02
1.074764661713686897e-02
1.112248221243908319e-02
1.106265716959202623e-02
1.073035101325005986e-02
1.035284605307008020e-02
1.041688338980960478e-02
1.022996470098364030e-02
1.052301432348848320e-02
1.084185952611642877e-02
1.075832183063617047e-02
1.096428777151677719e-02
9.720858097883878710e-03
9.766628527298506363e-03
1.012939366095102524e-02
1.165277259722625157e-02
1.107129015102766012e-02
1.049807580080811507e-02
1.025449250899514338e-02
1.122668470813559943e-02
1.183986730762141663e-02
1.275225353665000727e-02
1.239128028603888633e-02
1.281819702624632622e-02
1.160267352432896130e-02
1.157062454064069351e-02
1.116503667752895279e-02
1.100401432110083809e-02
1.002194169479008780e-02
1.108053560482990564e-02
1.156074375650134600e-02
1.167442269435167886e-02
1.204480753664585561e-02
1.244264089537849317e-02
1.353812987656669888e-02
1.284341418684356410e-02
1.294170459682432266e-02
1.216387314551342462e-02
1.172921475549572323e-02
1.215062903539799316e-02
1.313844295553156377e-02
1.273285725874846556e-02
1.322519612639675053e-02
1.266063436477122238e-02
1.266965219122736901e-02
1.210758439227518218e-02
1.217159450307574858e-02
1.202214885855008852e-02
1.159779528119480284e-02
1.113191835677511572e-02
1.132008886921007790e-02
1.044373342416350138e-02
1.080610559082910427e-02
1.067657096416570368e-02
1.134556132937345439e-02
1.136137046266015062e-02
1.081370243298534345e-02
1.069611662637243339e-02
1.086504950298632956e-02
1.004920301252264399e-02
1.007627217017859934e-02
9.291722497295934122e-03
9.979573244203112856e-03
9.925782046391834132e-03
9.570991154515614760e-03
8.809594640223497933e-03
9.084818582390415120e-03
9.890604341800892166e-03
9.913416554008789780e-03
9.807692529138165374e-03
9.103983907955770852e-03
9.859039545418403147e-03
9.975879740272119642e-03
8.598035682308992692e-03
8.406637466773352399e-03
8.792400861346765309e-03
9.111100514088270666e-03
9.032700270405081416e-03
8.796983030531753747e-03
9.104394871479206536e-03
9.673194389676814664e-03
9.283381341782248608e-03
9.582537582757457220e-03
9.017047681577513435e-03
9.523738115814051400e-03
9.847780879203911486e-03
9.536650973977052470e-03
9.255775407536219121e-03
9.151162913479343394e-03
9.377518731678259264e-03
9.211557737940160792e-03
9.372670589586394943e-03
9.301060415274370330e-03
9.135513562902290371e-03
9.669061363626366493e-03
1.018954602871240990e-02
9.487399159222106512e-03
9.969311997072559731e-03
9.923691149838638134e-03
9.313581222805804652e-03
9.024636647122250693e-03
8.195450159727890593e-03
8.164142592303106835e-03
8.902689044536246307e-03
9.570972818208497990e-03
1.024580823615769271e-02
1.061301922091610790e-02
1.144056152545197547e-02
1.093717551109034923e-02
1.129586782955042772e-02
1.088453099114522482e-02
1.088587254304995526e-02
1.063653017997865345e-02
