0.000000000000000000e+00
5.292209495975367523e-02
5.650435882604792209e-02
5.370184983862095335e-02
5.365395628209734119e-02
4.871831472721394746e-02
4.891341342320270485e-02
4.991248124542566056e-02
5.019367317317503102e-02
5.045420555661403461e-02
5.239106011339383917e-02
5.216234721479575537e-02
5.229432872461466791e-02
5.231125173100113074e-02
5.252827192307420873e-02
5.252827192307420873e-02
5.252827192307420873e-02
5.264114986556106546e-02
5.264114986556106546e-02
5.264114986556106546e-02
5.264114986556106546e-02
5.264114986556106546e-02
5.264114986556106546e-02
5.264114986556106546e-02
5.264114986556106546e-02
5.264114986556106546e-02
5.264114986556106546e-02
5.264114986556106546e-02
5.264114986556106546e-02
5.264114986556106546e-02
5.264114986556106546e-02
5.264114986556106546e-02
5.264114986556106546e-02
5.264114986556106546e-02
5.264114986556106546e-02
5.264114986556106546e-02
5.264114986556106546e-02
5.264114986556106546e-02
5.264114986556106546e-02
5.264114986556106546e-02
5.264114986556106546e-02
5.264114986556106546e-02
5.264114986556106546e-02
5.264114986556106546e-02
5.264114986556106546e-02
5.264114986556106546e-02
5.264114986556106546e-02
5.264114986556106546e-02
5.264114986556106546e-02
5.264114986556106546e-02
5.264114986556106546e-02
5.264114986556106546e-02
5.264114986556106546e-02
5.264114986556106546e-02
5.264114986556106546e-02
5.264114986556106546e-02
5.264114986556106546e-02
5.264114986556106546e-02
5.264114986556106546e-02
5.264114986556106546e-02
5.264114986556106546e-02
5.264114986556106546e-02
5.264114986556106546e-02
5.264114986556106546e-02
5.264114986556106546e-02
5.264114986556106546e-02
5.264114986556106546e-02
5.264114986556106546e-02
5.264114986556106546e-02
5.264114986556106546e-02
5.264114986556106546e-02
5.264114986556106546e-02
5.264114986556106546e-02
5.264114986556106546e-02
5.264114986556106546e-02
5.264114986556106546e-02
5.264114986556106546e-02
5.264114986556106546e-02
5.264114986556106546e-02
5.264114986556106546e-02
5.264114986556106546e-02
5.264114986556106546e-02
5.264114986556106546e-02
5.264114986556106546e-02
5.264114986556106546e-02
5.264114986556106546e-02
5.264114986556106546e-02
5.264114986556106546e-02
5.264114986556106546e-02
5.264114986556106546e-02
5.264114986556106546e-02
5.264114986556106546e-02
5.264114986556106546e-02
5.264114986556106546e-02
5.264114986556106546e-02
5.264114986556106546e-02
5.264114986556106546e-02
5.264114986556106546e-02
5.264114986556106546e-02
5.264114986556106546e-02
5.264114986556106546e-02
5.264114986556106546e-02
5.264114986556106546e-02
5.264114986556106546e-02
5.264114986556106546e-02
5.264114986556106546e-02
5.264114986556106546e-02
5.264114986556106546e-02
5.264114986556106546e-02
5.264114986556106546e-02
5.264114986556106546e-02
5.264114986556106546e-02
5.264114986556106546e-02
5.264114986556106546e-02
5.264114986556106546e-02
5.264114986556106546e-02
5.264114986556106546e-02
5.264114986556106546e-02
5.264114986556106546e-02
5.264114986556106546e-02
5.264114986556106546e-02
5.264114986556106546e-02
5.264114986556106546e-02
5.264114986556106546e-02
5.264114986556106546e-02
5.264114986556106546e-02
5.264114986556106546e-02
5.264114986556106546e-02
5.264114986556106546e-02
5.264114986556106546e-02
5.264114986556106546e-02
5.264114986556106546e-02
5.264114986556106546e-02
5.264114986556106546e-02
5.264114986556106546e-02
5.264114986556106546e-02
5.264114986556106546e-02
5.264114986556106546e-02
5.264114986556106546e-02
5.264114986556106546e-02
5.264114986556106546e-02
5.264114986556106546e-02
5.264114986556106546e-02
5.264114986556106546e-02
5.264114986556106546e-02
5.264114986556106546e-02
5.264114986556106546e-02
5.264114986556106546e-02
5.264114986556106546e-02
5.264114986556106546e-02
5.264114986556106546e-02
5.264114986556106546e-02
5.264114986556106546e-02
5.264114986556106546e-02
5.264114986556106546e-02
5.264114986556106546e-02
5.264114986556106546e-02
5.264114986556106546e-02
5.264114986556106546e-02
5.264114986556106546e-02
5.264114986556106546e-02
5.264114986556106546e-02
5.264114986556106546e-02
5.264114986556106546e-02
5.264114986556106546e-02
5.264114986556106546e-02
5.264114986556106546e-02
5.264114986556106546e-02
5.264114986556106546e-02
5.264114986556106546e-02
5.264114986556106546e-02
5.264114986556106546e-02
5.264114986556106546e-02
5.264114986556106546e-02
5.264114986556106546e-02
5.264114986556106546e-02
5.264114986556106546e-02
5.264114986556106546e-02
5.264114986556106546e-02
5.264114986556106546e-02
5.264114986556106546e-02
5.264114986556106546e-02
5.264114986556106546e-02
5.264114986556106546e-02
5.264114986556106546e-02
5.264114986556106546e-02
5.264114986556106546e-02
5.264114986556106546e-02
5.264114986556106546e-02
5.264114986556106546e-02
5.264114986556106546e-02
5.264114986556106546e-02
5.264114986556106546e-02
5.264114986556106546e-02
5.264114986556106546e-02
5.264114986556106546e-02
5.264114986556106546e-02
5.264114986556106546e-02
5.264114986556106546e-02
5.264114986556106546e-02
5.264114986556106546e-02
5.264114986556106546e-02
5.264114986556106546e-02
5.264114986556106546e-02
5.264114986556106546e-02
5.264114986556106546e-02
5.264114986556106546e-02
5.264114986556106546e-02
5.264114986556106546e-02
5.264114986556106546e-02
5.264114986556106546e-02
5.264114986556106546e-02
5.264114986556106546e-02
5.264114986556106546e-02
5.264114986556106546e-02
5.264114986556106546e-02
5.264114986556106546e-02
5.264114986556106546e-02
5.264114986556106546e-02
5.264114986556106546e-02
5.264114986556106546e-02
5.264114986556106546e-02
5.264114986556106546e-02
5.264114986556106546e-02
5.264114986556106546e-02
5.264114986556106546e-02
5.264114986556106546e-02
5.264114986556106546e-02
5.264114986556106546e-02
5.264114986556106546e-02
5.264114986556106546e-02
5.264114986556106546e-02
5.264114986556106546e-02
5.264114986556106546e-02
5.264114986556106546e-02
5.264114986556106546e-02
5.264114986556106546e-02
5.264114986556106546e-02
5.264114986556106546e-02
5.264114986556106546e-02
5.264114986556106546e-02
5.264114986556106546e-02
5.264114986556106546e-02
5.264114986556106546e-02
5.264114986556106546e-02
5.264114986556106546e-02
5.264114986556106546e-02
5.264114986556106546e-02
5.264114986556106546e-02
5.264114986556106546e-02
