-7.000000000000000888e+00 0.000000000000000000e+00
-6.987389829497858251e+00 0.000000000000000000e+00
-6.974779658995713838e+00 0.000000000000000000e+00
-6.962169488493571201e+00 0.000000000000000000e+00
-6.949559317991428564e+00 0.000000000000000000e+00
-6.936949147489284151e+00 0.000000000000000000e+00
-6.924338976987141514e+00 0.000000000000000000e+00
-6.911728806484998877e+00 0.000000000000000000e+00
-6.899118635982854464e+00 0.000000000000000000e+00
-6.886508465480711827e+00 0.000000000000000000e+00
-6.873898294978569190e+00 0.000000000000000000e+00
-6.861288124476424777e+00 0.000000000000000000e+00
-6.848677953974282140e+00 0.000000000000000000e+00
-6.836067783472139503e+00 0.000000000000000000e+00
-6.823457612969995090e+00 0.000000000000000000e+00
-6.810847442467852453e+00 0.000000000000000000e+00
-6.798237271965709816e+00 0.000000000000000000e+00
-6.785627101463565403e+00 0.000000000000000000e+00
-6.773016930961422766e+00 0.000000000000000000e+00
-6.760406760459280129e+00 0.000000000000000000e+00
-6.747796589957135716e+00 0.000000000000000000e+00
-6.735186419454993079e+00 0.000000000000000000e+00
-6.722576248952850442e+00 0.000000000000000000e+00
-6.709966078450706028e+00 0.000000000000000000e+00
-6.697355907948563392e+00 0.000000000000000000e+00
-6.684745737446420755e+00 0.000000000000000000e+00
-6.672135566944276341e+00 0.000000000000000000e+00
-6.659525396442133705e+00 0.000000000000000000e+00
-6.646915225939991068e+00 0.000000000000000000e+00
-6.634305055437846654e+00 0.000000000000000000e+00
-6.621694884935704017e+00 0.000000000000000000e+00
-6.609084714433561381e+00 0.000000000000000000e+00
-6.596474543931416967e+00 0.000000000000000000e+00
-6.583864373429274330e+00 0.000000000000000000e+00
-6.571254202927131693e+00 0.000000000000000000e+00
-6.558644032424987280e+00 0.000000000000000000e+00
-6.546033861922844643e+00 0.000000000000000000e+00
-6.533423691420702006e+00 0.000000000000000000e+00
-6.520813520918557593e+00 0.000000000000000000e+00
-6.508203350416414956e+00 0.000000000000000000e+00
-6.495593179914272319e+00 0.000000000000000000e+00
-6.482983009412127906e+00 0.000000000000000000e+00
-6.470372838909985269e+00 0.000000000000000000e+00
-6.457762668407842632e+00 0.000000000000000000e+00
-6.445152497905698219e+00 0.000000000000000000e+00
-6.432542327403555582e+00 0.000000000000000000e+00
-6.419932156901412945e+00 0.000000000000000000e+00
-6.407321986399268532e+00 0.000000000000000000e+00
-6.394711815897125895e+00 0.000000000000000000e+00
-6.382101645394983258e+00 0.000000000000000000e+00
-6.369491474892838845e+00 0.000000000000000000e+00
-6.356881304390696208e+00 0.000000000000000000e+00
-6.344271133888551795e+00 0.000000000000000000e+00
-6.331660963386409158e+00 0.000000000000000000e+00
-6.319050792884266521e+00 0.000000000000000000e+00
-6.306440622382123884e+00 0.000000000000000000e+00
-6.293830451879979471e+00 0.000000000000000000e+00
-6.281220281377836834e+00 0.000000000000000000e+00
-6.268610110875692421e+00 0.000000000000000000e+00
-6.255999940373549784e+00 0.000000000000000000e+00
-6.243389769871407147e+00 0.000000000000000000e+00
-6.230779599369264510e+00 0.000000000000000000e+00
-6.218169428867120097e+00 0.000000000000000000e+00
-6.205559258364977460e+00 0.000000000000000000e+00
-6.192949087862833046e+00 0.000000000000000000e+00
-6.180338917360690409e+00 0.000000000000000000e+00
-6.167728746858547773e+00 0.000000000000000000e+00
-6.155118576356405136e+00 0.000000000000000000e+00
-6.142508405854260722e+00 0.000000000000000000e+00
-6.129898235352118085e+00 0.000000000000000000e+00
-6.117288064849973672e+00 0.000000000000000000e+00
-6.104677894347831035e+00 0.000000000000000000e+00
-6.092067723845688398e+00 0.000000000000000000e+00
-6.079457553343545761e+00 0.000000000000000000e+00
-6.066847382841401348e+00 0.000000000000000000e+00
-6.054237212339258711e+00 0.000000000000000000e+00
-6.041627041837114298e+00 0.000000000000000000e+00
-6.029016871334971661e+00 0.000000000000000000e+00
-6.016406700832829024e+00 0.000000000000000000e+00
-6.003796530330684611e+00 0.000000000000000000e+00
-5.991186359828541974e+00 0.000000000000000000e+00
-5.978576189326399337e+00 0.000000000000000000e+00
-5.965966018824254924e+00 0.000000000000000000e+00
-5.953355848322112287e+00 0.000000000000000000e+00
-5.940745677819969650e+00 0.000000000000000000e+00
-5.928135507317827013e+00 0.000000000000000000e+00
-5.915525336815682600e+00 0.000000000000000000e+00
-5.902915166313539963e+00 0.000000000000000000e+00
-5.890304995811395550e+00 0.000000000000000000e+00
-5.877694825309252913e+00 0.000000000000000000e+00
-5.865084654807110276e+00 0.000000000000000000e+00
-5.852474484304965863e+00 0.000000000000000000e+00
-5.839864313802823226e+00 0.000000000000000000e+00
-5.827254143300680589e+00 0.000000000000000000e+00
-5.814643972798536176e+00 0.000000000000000000e+00
-5.802033802296393539e+00 0.000000000000000000e+00
-5.789423631794250902e+00 0.000000000000000000e+00
-5.776813461292106489e+00 0.000000000000000000e+00
-5.764203290789963852e+00 0.000000000000000000e+00
-5.751593120287821215e+00 0.000000000000000000e+00
-5.738982949785676801e+00 0.000000000000000000e+00
-5.726372779283534165e+00 0.000000000000000000e+00
-5.713762608781391528e+00 0.000000000000000000e+00
-5.701152438279247114e+00 0.000000000000000000e+00
-5.688542267777104477e+00 0.000000000000000000e+00
-5.675932097274961841e+00 0.000000000000000000e+00
-5.663321926772818315e+00 0.000000000000000000e+00
-5.650711756270674790e+00 0.000000000000000000e+00
-5.638101585768532154e+00 0.000000000000000000e+00
-5.625491415266388628e+00 0.000000000000000000e+00
-5.612881244764245103e+00 0.000000000000000000e+00
-5.600271074262102466e+00 0.000000000000000000e+00
-5.587660903759958941e+00 0.000000000000000000e+00
-5.575050733257815416e+00 0.000000000000000000e+00
-5.562440562755672779e+00 0.000000000000000000e+00
-5.549830392253529254e+00 0.000000000000000000e+00
-5.537220221751385729e+00 0.000000000000000000e+00
-5.524610051249243092e+00 0.000000000000000000e+00
-5.511999880747099567e+00 0.000000000000000000e+00
-5.499389710244956042e+00 0.000000000000000000e+00
-5.486779539742813405e+00 0.000000000000000000e+00
-5.474169369240669880e+00 0.000000000000000000e+00
-5.461559198738526355e+00 0.000000000000000000e+00
-5.448949028236382830e+00 0.000000000000000000e+00
-5.436338857734240193e+00 0.000000000000000000e+00
-5.423728687232096668e+00 0.000000000000000000e+00
-5.411118516729953143e+00 0.000000000000000000e+00
-5.398508346227810506e+00 0.000000000000000000e+00
-5.385898175725666981e+00 0.000000000000000000e+00
-5.373288005223523456e+00 0.000000000000000000e+00
-5.360677834721380819e+00 0.000000000000000000e+00
-5.348067664219237294e+00 0.000000000000000000e+00
-5.335457493717093769e+00 0.000000000000000000e+00
-5.322847323214951132e+00 0.000000000000000000e+00
-5.310237152712807607e+00 2.964393875047479265e-323
-5.297626982210664082e+00 1.249986083978353757e-321
-5.285016811708520557e+00 5.420394200524315836e-320
-5.272406641206377920e+00 2.332370278917981448e-318
-5.259796470704234395e+00 9.939166521756003330e-317
-5.247186300202090870e+00 4.194595772167398648e-315
-5.234576129699948233e+00 1.753147161218799584e-313
-5.221965959197804708e+00 7.256626425413167936e-312
-5.209355788695661182e+00 2.974673561001473776e-310
-5.196745618193518546e+00 1.207624831956318521e-308
-5.184135447691375020e+00 4.855265118814829962e-307
-5.171525277189231495e+00 1.933223550162667583e-305
-5.158915106687088858e+00 7.623237279437618676e-304
-5.146304936184945333e+00 2.977042616503792862e-302
-5.133694765682801808e+00 1.151380683005204951e-300
-5.121084595180659171e+00 4.410025696211267132e-299
-5.108474424678515646e+00 1.672829257129542944e-297
-5.095864254176372121e+00 6.284206480019937529e-296
-5.083254083674229484e+00 2.337962995549169638e-294
-5.070643913172085959e+00 8.614165215894588994e-293
-5.058033742669942434e+00 3.143237229040061637e-291
-5.045423572167799797e+00 1.135872387869428592e-289
-5.032813401665656272e+00 4.065091885651771332e-288
-5.020203231163512747e+00 1.440786579531105478e-286
-5.007593060661370110e+00 5.057284991186497743e-285
-4.994982890159226585e+00 1.758019585829936884e-283
-4.982372719657083060e+00 6.052273154468188433e-282
-4.969762549154940423e+00 2.063487701749027774e-280
-4.957152378652796898e+00 6.967449421129661573e-279
-4.944542208150653373e+00 2.329884344629956405e-277
-4.931932037648510736e+00 7.715845511240071333e-276
-4.919321867146367211e+00 2.530587328269798365e-274
-4.906711696644223686e+00 8.219545490015968390e-273
-4.894101526142081049e+00 2.644009250868923400e-271
-4.881491355639937524e+00 8.423001033198608572e-270
-4.868881185137793999e+00 2.657415589908575700e-268
-4.856271014635651362e+00 8.303111469265725210e-267
-4.843660844133507837e+00 2.569277704645563930e-265
-4.831050673631364312e+00 7.873540087610467748e-264
-4.818440503129221675e+00 2.389559658769215272e-262
-4.805830332627078150e+00 7.182151764369640545e-261
-4.793220162124934625e+00 2.137864466070123071e-259
-4.780609991622791988e+00 6.302236207362760725e-258
-4.767999821120648463e+00 1.839916553817526326e-256
-4.755389650618504938e+00 5.319741705069444361e-255
-4.742779480116362301e+00 1.523252714585874570e-253
-4.730169309614218776e+00 4.319588712132394369e-252
-4.717559139112075250e+00 1.213114751003390180e-250
-4.704948968609932614e+00 3.374041701668251785e-249
-4.692338798107789088e+00 9.293688504154037466e-248
-4.679728627605645563e+00 2.535215666454701955e-246
-4.667118457103502926e+00 6.849058366759756694e-245
-4.654508286601359401e+00 1.832466366723486428e-243
-4.641898116099215876e+00 4.855459921352880121e-242
-4.629287945597073239e+00 1.274130699871935703e-240
-4.616677775094929714e+00 3.311211033523110116e-239
-4.604067604592786189e+00 8.522147456364057005e-238
-4.591457434090643552e+00 2.172203760678003193e-236
-4.578847263588500027e+00 5.483292846688188279e-235
-4.566237093086356502e+00 1.370792480816064406e-233
-4.553626922584213865e+00 3.393840356196025590e-232
-4.541016752082070340e+00 8.321479731227199252e-231
-4.528406581579926815e+00 2.020687686278607592e-229
-4.515796411077784178e+00 4.859452559085027509e-228
-4.503186240575640653e+00 1.157350880388179232e-226
-4.490576070073497128e+00 2.729809406791981809e-225
-4.477965899571354491e+00 6.376600630738714616e-224
-4.465355729069210966e+00 1.475148541662859608e-222
-4.452745558567067441e+00 3.379651880401411996e-221
-4.440135388064924804e+00 7.668278774610074832e-220
-4.427525217562781279e+00 1.723112217708382666e-218
-4.414915047060637754e+00 3.834590647031605143e-217
-4.402304876558495117e+00 8.451119984183230187e-216
-4.389694706056351592e+00 1.844587975356147949e-214
-4.377084535554208067e+00 3.987258203216823694e-213
-4.364474365052065430e+00 8.535702379877153748e-212
-4.351864194549921905e+00 1.809648051702829858e-210
-4.339254024047778380e+00 3.799609486614169517e-209
-4.326643853545635743e+00 7.900850265926219054e-208
-4.314033683043492218e+00 1.627041985853383990e-206
-4.301423512541348693e+00 3.318285785126904885e-205
-4.288813342039206056e+00 6.702224149291389440e-204
-4.276203171537062531e+00 1.340646512598944018e-202
-4.263593001034919006e+00 2.655827284147495458e-201
-4.250982830532776369e+00 5.210454683369700133e-200
-4.238372660030632844e+00 1.012375685917201075e-198
-4.225762489528489319e+00 1.948041106733628440e-197
-4.213152319026346682e+00 3.712315638782676948e-196
-4.200542148524203157e+00 7.006192734464548869e-195
-4.187931978022059631e+00 1.309512696109936101e-193
-4.175321807519916995e+00 2.423973319942709257e-192
-4.162711637017773469e+00 4.443615648018083122e-191
-4.150101466515629944e+00 8.067439393896741288e-190
-4.137491296013487307e+00 1.450526106652502253e-188
-4.124881125511343782e+00 2.582890795921202248e-187
-4.112270955009200257e+00 4.554883144725477859e-186
-4.099660784507057620e+00 7.954981576172900723e-185
-4.087050614004914095e+00 1.375915947105517219e-183
-4.074440443502770570e+00 2.356869099067226443e-182
-4.061830273000627933e+00 3.998249555650399732e-181
-4.049220102498484408e+00 6.717307900391972999e-180
-4.036609931996340883e+00 1.117664821635914246e-178
-4.023999761494198246e+00 1.841700148359419178e-177
-4.011389590992054721e+00 3.005504110942295364e-176
-3.998779420489911196e+00 4.857433224206931339e-175
-3.986169249987768559e+00 7.774769263978998218e-174
-3.973559079485625034e+00 1.232421837715403041e-172
-3.960948908983481509e+00 1.934739579173119986e-171
-3.948338738481338872e+00 3.007993903975437889e-170
-3.935728567979194459e+00 4.631511450914158843e-169
-3.923118397477051822e+00 7.062524020821742961e-168
-3.910508226974909185e+00 1.066568100570967755e-166
-3.897898056472764772e+00 1.595176531222031966e-165
-3.885287885970622135e+00 2.362764698703764289e-164
-3.872677715468479498e+00 3.465962101642801759e-163
-3.860067544966335085e+00 5.035224205238363887e-162
-3.847457374464192448e+00 7.244451992988424785e-161
-3.834847203962049811e+00 1.032247978411136268e-159
-3.822237033459905398e+00 1.456647189901570410e-158
-3.809626862957762761e+00 2.035713224635664434e-157
-3.797016692455620124e+00 2.817544380655219180e-156
-3.784406521953475711e+00 3.862041494512120527e-155
-3.771796351451333074e+00 5.242701920550020578e-154
-3.759186180949190437e+00 7.048318420787253433e-153
-3.746576010447046023e+00 9.384433136588256638e-152
-3.733965839944903387e+00 1.237436185344861669e-150
-3.721355669442760750e+00 1.615957291367329223e-149
-3.708745498940616336e+00 2.089918289296326286e-148
-3.696135328438473699e+00 2.676832263741734278e-147
-3.683525157936331063e+00 3.395513772134681895e-146
-3.670914987434186649e+00 4.265622167878036711e-145
-3.658304816932044012e+00 5.307034219790102546e-144
-3.645694646429901375e+00 6.539041165449060220e-143
-3.633084475927756962e+00 7.979377303615399759e-142
-3.620474305425614325e+00 9.643101632729052825e-141
-3.607864134923471688e+00 1.154137009801134085e-139
-3.595253964421327275e+00 1.368015257401867633e-138
-3.582643793919184638e+00 1.605896432059754716e-137
-3.570033623417041113e+00 1.866969462724573109e-136
-3.557423452914897588e+00 2.149562395161090268e-135
-3.544813282412754951e+00 2.451072342649612377e-134
-3.532203111910611426e+00 2.767932584329529127e-133
-3.519592941408467901e+00 3.095624433788685038e-132
-3.506982770906325264e+00 3.428739393409478796e-131
-3.494372600404181739e+00 3.761094259276789264e-130
-3.481762429902038214e+00 4.085898408475011174e-129
-3.469152259399895577e+00 4.395968726378470435e-128
-3.456542088897752052e+00 4.683983819593432681e-127
-3.443931918395608527e+00 4.942765650339928896e-126
-3.431321747893465890e+00 5.165573862462842133e-125
-3.418711577391322365e+00 5.346396155553772741e-124
-3.406101406889178840e+00 5.480217338396587397e-123
-3.393491236387036203e+00 5.563250291524919932e-122
-3.380881065884892678e+00 5.593114003990159185e-121
-3.368270895382749153e+00 5.568947005294605619e-120
-3.355660724880606516e+00 5.491448651056170667e-119
-3.343050554378462991e+00 5.362845501177006850e-118
-3.330440383876319466e+00 5.186785046169286897e-117
-3.317830213374176829e+00 4.968163860266302687e-116
-3.305220042872033304e+00 4.712901478634097794e-115
-3.292609872369889779e+00 4.427674562927609624e-114
-3.279999701867747142e+00 4.119627984944726317e-113
-3.267389531365603617e+00 3.796080192872592542e-112
-3.254779360863460091e+00 3.464239629150459322e-111
-3.242169190361317455e+00 3.130947166881738499e-110
-3.229559019859173929e+00 2.802456750723159331e-109
-3.216948849357030404e+00 2.484262970126223365e-108
-3.204338678854887767e+00 2.180980498012820326e-107
-3.191728508352744242e+00 1.896276537660298141e-106
-3.179118337850600717e+00 1.632853943170826230e-105
-3.166508167348458080e+00 1.392479762326608404e-104
-3.153897996846314555e+00 1.176051764561366326e-103
-3.141287826344171030e+00 9.836941450770733138e-103
-3.128677655842028393e+00 8.148730394105387376e-102
-3.116067485339884868e+00 6.685226693786461914e-101
-3.103457314837741343e+00 5.431737447425440035e-100
-3.090847144335598706e+00 4.370770040117825834e-99
-3.078236973833455181e+00 3.483163178649617969e-98
-3.065626803331311656e+00 2.749074303871429330e-97
-3.053016632829169019e+00 2.148800279667519833e-96
-3.040406462327025494e+00 1.663422853739030786e-95
-3.027796291824881969e+00 1.275282615521203082e-94
-3.015186121322739332e+00 9.682945892024354074e-94
-3.002575950820595807e+00 7.281250777533242192e-93
-2.989965780318452282e+00 5.422530731482668915e-92
-2.977355609816309645e+00 3.999408231421140338e-91
-2.964745439314166120e+00 2.921374712948706586e-90
-2.952135268812022595e+00 2.113375883514541710e-89
-2.939525098309879958e+00 1.514134025365555739e-88
-2.926914927807736433e+00 1.074360719631586768e-87
-2.914304757305592908e+00 7.549780014414441396e-87
-2.901694586803450271e+00 5.254325719059073189e-86
-2.889084416301306746e+00 3.621582233439424924e-85
-2.876474245799163221e+00 2.472171099708997765e-84
-2.863864075297020584e+00 1.671312516470742917e-83
-2.851253904794877059e+00 1.119015047469737719e-82
-2.838643734292733534e+00 7.420163320554756684e-82
-2.826033563790590897e+00 4.872932976220665539e-81
-2.813423393288447372e+00 3.169326696824867146e-80
-2.800813222786303847e+00 2.041471593352790658e-79
-2.788203052284161210e+00 1.302325671346403178e-78
-2.775592881782017685e+00 8.228031752434572983e-78
-2.762982711279874160e+00 5.148403607824122292e-77
-2.750372540777731523e+00 3.190433209381723743e-76
-2.737762370275587998e+00 1.958066109041218097e-75
-2.725152199773444472e+00 1.190161360662662732e-74
-2.712542029271301836e+00 7.164490790932242973e-74
-2.699931858769158310e+00 4.271358108824492977e-73
-2.687321688267014785e+00 2.522016955433012163e-72
-2.674711517764872148e+00 1.474794725344978897e-71
-2.662101347262728623e+00 8.541160860045175068e-71
-2.649491176760585098e+00 4.898963212023784538e-70
-2.636881006258442461e+00 2.782874424345339927e-69
-2.624270835756298936e+00 1.565616542294099407e-68
-2.611660665254155411e+00 8.723279020961779796e-68
-2.599050494752012774e+00 4.813676612312060665e-67
-2.586440324249869249e+00 2.630734731791979286e-66
-2.573830153747725724e+00 1.423903078000125300e-65
-2.561219983245583087e+00 7.632859114283309875e-65
-2.548609812743439562e+00 4.052264079881601514e-64
-2.535999642241296037e+00 2.130650137651686285e-63
-2.523389471739152512e+00 1.109508646269955707e-62
-2.510779301237009875e+00 5.722076066118268909e-62
-2.498169130734866350e+00 2.922679513832085863e-61
-2.485558960232722825e+00 1.478473848433128961e-60
-2.472948789730580188e+00 7.407151648132376090e-60
-2.460338619228436663e+00 3.675312079898590891e-59
-2.447728448726293138e+00 1.806104474857656146e-58
-2.435118278224150501e+00 8.790173453227809608e-58
-2.422508107722006976e+00 4.236997665676864386e-57
-2.409897937219863451e+00 2.022672114120154161e-56
-2.397287766717720814e+00 9.563118032296326685e-56
-2.384677596215577289e+00 4.477964037144527912e-55
-2.372067425713433764e+00 2.076677407338866586e-54
-2.359457255211291127e+00 9.538171500418204882e-54
-2.346847084709147602e+00 4.338795433388696353e-53
-2.334236914207004077e+00 1.954706210407828751e-52
-2.321626743704861440e+00 8.721725232574645030e-52
-2.309016573202717915e+00 3.854182033520574798e-51
-2.296406402700574390e+00 1.686829896856163254e-50
-2.283796232198431753e+00 7.311726527450986542e-50
-2.271186061696288228e+00 3.138907491056791828e-49
-2.258575891194144702e+00 1.334588479494281107e-48
-2.245965720692002066e+00 5.619877681356694859e-48
-2.233355550189858540e+00 2.343782765598385890e-47
-2.220745379687715015e+00 9.680977807557897291e-47
-2.208135209185572378e+00 3.960343425579141877e-46
-2.195525038683428853e+00 1.604569802909360969e-45
-2.182914868181285328e+00 6.438681189043588407e-45
-2.170304697679142691e+00 2.558869706339418789e-44
-2.157694527176999166e+00 1.007193192405773397e-43
-2.145084356674855641e+00 3.926369522401971781e-43
-2.132474186172713004e+00 1.515946128398461395e-42
-2.119864015670569479e+00 5.796836035076457943e-42
-2.107253845168425954e+00 2.195398503754658045e-41
-2.094643674666283317e+00 8.234766130771727813e-41
-2.082033504164139792e+00 3.059181206585616117e-40
-2.069423333661996267e+00 1.125578119439229785e-39
-2.056813163159853630e+00 4.101692303565765897e-39
-2.044202992657710105e+00 1.480362279130075117e-38
-2.031592822155566580e+00 5.291648052316113957e-38
-2.018982651653423943e+00 1.873408233069157698e-37
-2.006372481151280418e+00 6.568904744967297882e-37
-1.993762310649136893e+00 2.281251240493257568e-36
-1.981152140146994256e+00 7.846454220894514155e-36
-1.968541969644850731e+00 2.672972672100338309e-35
-1.955931799142707206e+00 9.018554287556507459e-35
-1.943321628640564569e+00 3.013708620234450444e-34
-1.930711458138421044e+00 9.974431255230623864e-34
-1.918101287636277519e+00 3.269626880689597834e-33
-1.905491117134134882e+00 1.061529491644778495e-32
-1.892880946631991357e+00 3.413425331204494844e-32
-1.880270776129847832e+00 1.087111018256856671e-31
-1.867660605627705195e+00 3.429124284952384742e-31
-1.855050435125561670e+00 1.071319721270217340e-30
-1.842440264623418145e+00 3.314990156962712358e-30
-1.829830094121275508e+00 1.015952490188913685e-29
-1.817219923619131983e+00 3.083850588654447237e-29
-1.804609753116988458e+00 9.271346477706380725e-29
-1.791999582614845821e+00 2.760721817540080712e-28
-1.779389412112702296e+00 8.142047973692912149e-28
-1.766779241610558771e+00 2.378355010403404986e-27
-1.754169071108415245e+00 6.881016235178250008e-27
-1.741558900606272609e+00 1.971797204911280596e-26
-1.728948730104129083e+00 5.596372087260664367e-26
-1.716338559601985558e+00 1.573209355388274145e-25
-1.703728389099842921e+00 4.380291564925616302e-25
-1.691118218597699396e+00 1.207972538958822365e-24
-1.678508048095555871e+00 3.299511572455953043e-24
-1.665897877593413234e+00 8.926512944205996220e-24
-1.653287707091269709e+00 2.391964202656076109e-23
-1.640677536589126184e+00 6.348472758774316422e-23
-1.628067366086983547e+00 1.668886175550870743e-22
-1.615457195584840022e+00 4.345384411553433353e-22
-1.602847025082696497e+00 1.120662664996971860e-21
-1.590236854580553860e+00 2.862648625151190226e-21
-1.577626684078410335e+00 7.242839814037789706e-21
-1.565016513576266810e+00 1.815092264014909249e-20
-1.552406343074124173e+00 4.505457024605079933e-20
-1.539796172571980648e+00 1.107721760387848051e-19
-1.527186002069837123e+00 2.697588012521657694e-19
-1.514575831567694486e+00 6.506914664313505101e-19
-1.501965661065550961e+00 1.554642897774049425e-18
-1.489355490563407436e+00 3.679118462926473492e-18
-1.476745320061264799e+00 8.624145453556651159e-18
-1.464135149559121274e+00 2.002392389983393439e-17
-1.451524979056977749e+00 4.605160797768860536e-17
-1.438914808554835112e+00 1.049070442287335302e-16
-1.426304638052691587e+00 2.367175928637570443e-16
-1.413694467550548062e+00 5.290836062799281523e-16
-1.401084297048405425e+00 1.171353200408885942e-15
-1.388474126546261900e+00 2.568758035539621794e-15
-1.375863956044118375e+00 5.579975969417394213e-15
-1.363253785541975738e+00 1.200652593573767706e-14
-1.350643615039832213e+00 2.559060030360695337e-14
-1.338033444537688688e+00 5.402862357791889309e-14
-1.325423274035546051e+00 1.129925923911078907e-13
-1.312813103533402526e+00 2.340782591606803034e-13
-1.300202933031259001e+00 4.803521092555982899e-13
-1.287592762529116364e+00 9.764463974097591238e-13
-1.274982592026972839e+00 1.966209769007668404e-12
-1.262372421524829313e+00 3.921992654072527868e-12
-1.249762251022686677e+00 7.749648972038595680e-12
-1.237152080520543151e+00 1.516905623815606352e-11
-1.224541910018399626e+00 2.941300649996296317e-11
-1.211931739516256989e+00 5.649730950437776274e-11
-1.199321569014113464e+00 1.075045592352917114e-10
-1.186711398511969939e+00 2.026469950509247248e-10
-1.174101228009827302e+00 3.784174448468757004e-10
-1.161491057507683777e+00 7.000410129083276862e-10
-1.148880887005540252e+00 1.282924128567160581e-09
-1.136270716503397615e+00 2.329204168465967856e-09
-1.123660546001254090e+00 4.189356675401919896e-09
-1.111050375499110565e+00 7.464909799261748293e-09
-1.098440204996967928e+00 1.317782281699226050e-08
-1.085830034494824403e+00 2.304672580174133078e-08
-1.073219863992680878e+00 3.993245956534126875e-08
-1.060609693490538241e+00 6.854868345194435728e-08
-1.047999522988394716e+00 1.165825600188192832e-07
-1.035389352486251191e+00 1.964422333239248324e-07
-1.022779181984108554e+00 3.279506996713360955e-07
-1.010169011481965029e+00 5.424510299382321548e-07
-9.975588409798215039e-01 8.889900368279680818e-07
-9.849486704776788670e-01 1.443523941958961734e-06
-9.723384999755353419e-01 2.322461206639421664e-06
-9.597283294733918169e-01 3.702348118591814679e-06
-9.471181589712491800e-01 5.848137452578307381e-06
-9.345079884691056549e-01 9.153284910759478321e-06
-9.218978179669621298e-01 1.419591430733575477e-05
-9.092876474648186047e-01 2.181649524503535245e-05
-8.966774769626759678e-01 3.322388752382907101e-05
-8.840673064605324427e-01 5.013820499698111444e-05
-8.714571359583889176e-01 7.498068862646359496e-05
-8.588469654562462807e-01 1.111225653715877058e-04
-8.462367949541027556e-01 1.632065687111348756e-04
-8.336266244519592306e-01 2.375562134889572122e-04
-8.210164539498165936e-01 3.426887958219474676e-04
-8.084062834476730686e-01 4.899481097537496327e-04
-7.957961129455295435e-01 6.942716641914477120e-04
-7.831859424433869066e-01 9.751043386846838888e-04
-7.705757719412433815e-01 1.357465521146976458e-03
-7.579656014390998564e-01 1.873169447831514976e-03
-7.453554309369572195e-01 2.562188430858213656e-03
-7.327452604348136944e-01 3.474135783596159037e-03
-7.201350899326701693e-01 4.669829639260980429e-03
-7.075249194305275324e-01 6.222880899900145799e-03
-6.949147489283840073e-01 8.221229002715992398e-03
-6.823045784262404823e-01 1.076852918982401999e-02
-6.696944079240978454e-01 1.398527604962487673e-02
-6.570842374219543203e-01 1.800953214625662657e-02
-6.444740669198107952e-01 2.299711970643656192e-02
-6.318638964176681583e-01 2.912112983383495848e-02
-6.192537259155246332e-01 3.657060971661393878e-02
-6.066435554133811081e-01 4.554830559152996117e-02
-5.940333849112384712e-01 5.626736903316843091e-02
-5.814232144090949461e-01 6.894697679463671069e-02
-5.688130439069514210e-01 8.380686920249452720e-02
-5.562028734048087841e-01 1.010608770444869492e-01
-5.435927029026652590e-01 1.209095787567088798e-01
-5.309825324005217340e-01 1.435323041105990571e-01
-5.183723618983790971e-01 1.690787721625658380e-01
-5.057621913962355720e-01 1.976607140213605396e-01
-4.931520208940920469e-01 2.293438789760224861e-01
-4.805418503919494100e-01 2.641408501445312029e-01
-4.679316798898058849e-01 3.020050985404530430e-01
-4.553215093876623598e-01 3.428266794069969592e-01
-4.427113388855197229e-01 3.864299209737777629e-01
-4.301011683833761978e-01 4.325733749072006029e-01
-4.174909978812326727e-01 4.809521934815075839e-01
-4.048808273790900358e-01 5.312029769218911124e-01
-3.922706568769465107e-01 5.829110032732388591e-01
-3.796604863748029857e-01 6.356196215055706089e-01
-3.670503158726603488e-01 6.888414657619148507e-01
-3.544401453705168237e-01 7.420710436442055080e-01
-3.418299748683732986e-01 7.947981719405480261e-01
-3.292198043662306617e-01 8.465216850098356005e-01
-3.166096338640871366e-01 8.967628274859874571e-01
-3.039994633619436115e-01 9.450777646387298336e-01
-2.913892928598009746e-01 9.910686984754671913e-01
-2.787791223576574495e-01 1.034393160835292091e+00
-2.661689518555139244e-01 1.074771159640751206e+00
-2.535587813533712875e-01 1.111989973097373463e+00
-2.409486108512277625e-01 1.145906510315510829e+00
-2.283384403490842374e-01 1.176447277069458286e+00
-2.157282698469416005e-01 1.203606094558108630e+00
-2.031180993447980754e-01 1.227439810861131297e+00
-1.907296212577645478e-01 1.247726624714602384e+00
-1.790751809198734557e-01 1.264119971838823853e+00
-1.681328766829025823e-01 1.277281892903679328e+00
-1.578591939883211837e-01 1.287812432240071692e+00
-1.482132772030496648e-01 1.296214204570140360e+00
-1.391567671477560997e-01 1.302902986404048447e+00
-1.306536485528615454e-01 1.308219310499765919e+00
-1.226701068356443602e-01 1.312439859479833215e+00
-1.151743936288669723e-01 1.315787988747416648e+00
-1.081367005261812397e-01 1.318443062131460231e+00
-1.015290405422311915e-01 1.320548505359894875e+00
-9.532513681604738720e-02 1.322218612767540158e+00
-8.950031811513789459e-02 1.323544212175777002e+00
-8.403142072473115953e-02 1.324597323672225047e+00
-7.889669633199995757e-02 1.325434955307684515e+00
-7.407572553895482026e-02 1.326102172674256341e+00
-6.954933666007066806e-02 1.326634566471226906e+00
-6.529952948172380867e-02 1.327060226550127675e+00
-6.130940368025181858e-02 1.327401314943258415e+00
-5.756309161397969026e-02 1.327675315326858563e+00
-5.404569522193657799e-02 1.327896022885911353e+00
-5.074322677833183887e-02 1.328074326855521958e+00
-4.764255326718694339e-02 1.328218828106100036e+00
-4.473134415591366320e-02 1.328336325883289426e+00
-4.199802236014917034e-02 1.328432201020040448e+00
-3.943171820485173729e-02 1.328510717403238006e+00
-3.702222619856760516e-02 1.328575259001813169e+00
-3.475996444897584692e-02 1.328628516167945861e+00
-3.263593655831751456e-02 1.328672632047655400e+00
-3.064169584717604811e-02 1.328709317648465449e+00
-2.876931176433708895e-02 1.328739942295142029e+00
-2.701133834915109624e-02 1.328765604767078168e+00
-2.536078462097863737e-02 1.328787189276049441e+00
-2.381108677796769241e-02 1.328805409548435179e+00
-2.235608209460499679e-02 1.328820843572488863e+00
-2.098998441423788677e-02 1.328833961018352827e+00
-1.970736113910750986e-02 1.328845144904081010e+00
-1.850311162639044910e-02 1.328854708741043611e+00
-1.737244690433337180e-02 1.328862910124828156e+00
-1.631087062781888183e-02 1.328869961529215882e+00
-1.531416119762810286e-02 1.328876038896663836e+00
-1.437835497229224616e-02 1.328881288491164714e+00
-1.349973050577157364e-02 1.328885832378593479e+00
-1.267479374828037013e-02 1.328889772821577164e+00
-1.190026415140387275e-02 1.328893195813998673e+00
-1.117306162225225469e-02 1.328896173932709868e+00
-1.049029427477177374e-02 1.328898768645759620e+00
-9.849246929502866038e-03 1.328901032187379982e+00
-9.247370316051994887e-03 1.328903009086412235e+00
-8.682270935339195597e-03 1.328904737417021531e+00
-8.151701541304996398e-03 1.328906249826005137e+00
-7.653552204225974771e-03 1.328907574379956547e+00
-7.185841920100037063e-03 1.328908735266569829e+00
-6.746710732733945948e-03 1.328909753377564451e+00
-6.334412337204842376e-03 1.328910646795027128e+00
-5.947307135282262590e-03 1.328911431198822379e+00
-5.583855715193143839e-03 1.328912120209116976e+00
-5.242612729801200168e-03 1.328912725675404305e+00
-4.922221148855803613e-03 1.328913257921288338e+00
-4.621406862452884928e-03 1.328913725952416858e+00
-4.338973614247355545e-03 1.328914137633837811e+00
-4.073798244268176869e-03 1.328914499841461705e+00
-3.824826222417472815e-03 1.328914818592093816e+00
-3.591067454892035368e-03 1.328915099155076662e+00
-3.371592346850472034e-03 1.328915346148584087e+00
-3.165528105668122608e-03 1.328915563622768081e+00
-2.972055270078842893e-03 1.328915755131683696e+00
-2.790404451401243442e-03 1.328915923795702225e+00
-2.619853273889739126e-03 1.328916072355710076e+00
-2.459723502043294555e-03 1.328916203220196213e+00
-2.309378343447928035e-03 1.328916318506439875e+00
-2.168219916426995363e-03 1.328916420076218907e+00
-2.035686872428882702e-03 1.328916509567183990e+00
-1.911252163696946192e-03 1.328916588420166578e+00
-1.794420947344431763e-03 1.328916657903129295e+00
-1.684728617499294890e-03 1.328916719132133606e+00
-1.581738957693386684e-03 1.328916773089706460e+00
-1.485042406148618429e-03 1.328916820640959839e+00
-1.394254427061488973e-03 1.328916862547699473e+00
-1.309013981409089993e-03 1.328916899480877323e+00
-1.228982091195453740e-03 1.328916932031457776e+00
-1.153840491428526288e-03 1.328916960720045504e+00
-1.083290364467113165e-03 1.328916986005233891e+00
-1.017051151704679570e-03 1.328917008291091495e+00
-9.548594378642998991e-04 1.328917027933632866e+00
-8.964679034679587247e-04 1.328917045246529316e+00
-8.416443413144891576e-04 1.328917060506220160e+00
-7.901707330548732918e-04 1.328917073956283890e+00
-7.418423821927417998e-04 1.328917085811385457e+00
-6.964671000622763746e-04 1.328917096260691322e+00
-6.538644415463101345e-04 1.328917105470947657e+00
-6.138649874953195544e-04 1.328917113589060284e+00
-5.763096709937077546e-04 1.328917120744562252e+00
-5.410491447940707658e-04 1.328917127051577607e+00
-5.079431874039339089e-04 1.328917132610738960e+00
-4.768601454631505969e-04 1.328917137510677415e+00
-4.476764101943878299e-04 1.328917141829575543e+00
-4.202759258447686459e-04 1.328917145636312469e+00
-3.945497281637799845e-04 1.328917148991614505e+00
-3.703955110821903832e-04 1.328917151948991293e+00
-3.477172198687347553e-04 1.328917154555629088e+00
-3.264246691466341703e-04 1.328917156853103521e+00
-3.064331842509692436e-04 1.328917158878074822e+00
-2.876632645006474724e-04 1.328917160662854480e+00
-2.700402670458676067e-04 1.328917162235900618e+00
-2.534941100338807115e-04 1.328917163622332476e+00
-2.379589939125882462e-04 1.328917164844270582e+00
-2.233731397636618432e-04 1.328917165921224219e+00
-2.096785436246481258e-04 1.328917166870377642e+00
-1.968207458230403738e-04 1.328917167706891833e+00
-1.847486144050079770e-04 1.328917168444117669e+00
-1.734141417975726429e-04 1.328917169093838391e+00
-1.627722538955931274e-04 1.328917169666429476e+00
-1.527806308143372189e-04 1.328917170171034501e+00
-1.433995385948514170e-04 1.328917170615713905e+00
-1.345916711928507147e-04 1.328917171007577780e+00
-1.263220021227506255e-04 1.328917171352901105e+00
-1.185576451668948804e-04 1.328917171657196583e+00
-1.112677235960431003e-04 1.328917171925332097e+00
-1.044232473810362147e-04 1.328917172161602434e+00
-9.799699790736354202e-05 1.328917172369788346e+00
-9.196341973416139544e-05 1.328917172553218951e+00
-8.629851896719176359e-05 1.328917172714835004e+00
-8.097976784167412539e-05 1.328917172857223328e+00
-7.598601513551331310e-05 1.328917172982674311e+00
-7.129740205665540287e-05 1.328917173093192794e+00
-6.689528327009240302e-05 1.328917173190549583e+00
-6.276215275045356852e-05 1.328917173276312536e+00
-5.888157416531500463e-05 1.328917173351860104e+00
-5.523811551239205268e-05 1.328917173418409758e+00
-5.181728775067791524e-05 1.328917173477010216e+00
-4.860548718147756638e-05 1.328917173528641804e+00
-4.558994135021126844e-05 1.328917173574095445e+00
-4.275865825384858419e-05 1.328917173614128089e+00
-4.010037865198160146e-05 1.328917173649375894e+00
-3.760453129189908716e-05 1.328917173680420838e+00
-3.526119086959958525e-05 1.328917173707748312e+00
-3.306103855956327154e-05 1.328917173731804846e+00
-3.099532495632644548e-05 1.328917173752988345e+00
-2.905583528048395544e-05 1.328917173771624105e+00
-2.723485671075096226e-05 1.328917173788032091e+00
-2.552514771217800657e-05 1.328917173802464990e+00
-2.391990923854284747e-05 1.328917173815165498e+00
-2.241275769439721272e-05 1.328917173826342113e+00
-2.099769954925015053e-05 1.328917173836174470e+00
-1.966910750293300909e-05 1.328917173844822441e+00
-1.842169810736080741e-05 1.328917173852427247e+00
-1.725051075570132930e-05 1.328917173859109901e+00
-1.615088795539561633e-05 1.328917173864991641e+00
-1.511845680657980123e-05 1.328917173870160173e+00
-1.414911161225593266e-05 1.328917173874697877e+00
-1.323899755105558475e-05 1.328917173878682245e+00
-1.238449534766613459e-05 1.328917173882186109e+00
-1.158220687996078599e-05 1.328917173885262981e+00
-1.082894166559426607e-05 1.328917173887965930e+00
-1.012170417432434343e-05 1.328917173890339143e+00
-9.457681915605696142e-06 1.328917173892425918e+00
-8.834234254082606896e-06 1.328917173894250681e+00
-8.248881908502043135e-06 1.328917173895842518e+00
-7.699297092288845179e-06 1.328917173897254722e+00
-7.183294256573823982e-06 1.328917173898477744e+00
-6.698821398861734940e-06 1.328917173899550219e+00
-6.243951902777456888e-06 1.328917173900496573e+00
-5.816876876438485798e-06 1.328917173901321691e+00
-5.415897958985060038e-06 1.328917173902039783e+00
-5.039420566662596439e-06 1.328917173902665949e+00
-4.685947551597296836e-06 1.328917173903214399e+00
-4.354073248047161842e-06 1.328917173903694682e+00
-4.042477882453245495e-06 1.328917173904121896e+00
-3.749922325059951160e-06 1.328917173904485827e+00
-3.475243162234227762e-06 1.328917173904801130e+00
-3.217348069887064443e-06 1.328917173905077798e+00
-2.975211469598384632e-06 1.328917173905320492e+00
-2.747870450171603521e-06 1.328917173905529214e+00
-2.534420938398601179e-06 1.328917173905703963e+00
-2.334014103807039897e-06 1.328917173905868943e+00
-2.145852983093271333e-06 1.328917173905999949e+00
-1.969189310816785935e-06 1.328917173906116300e+00
-1.803320543752548581e-06 1.328917173906213556e+00
-1.647587067068355029e-06 1.328917173906305704e+00
-1.501369571216668681e-06 1.328917173906373650e+00
-1.364086589109387048e-06 1.328917173906436711e+00
-1.235192183781944781e-06 1.328917173906494886e+00
-1.114173777351006344e-06 1.328917173906538629e+00
-1.000550112631961414e-06 1.328917173906577487e+00
-8.938693393104654022e-07 1.328917173906601690e+00
-7.937072170570570337e-07 1.328917173906635663e+00
-6.996654284390261791e-07 1.328917173906654980e+00
-6.113699949207071113e-07 1.328917173906674520e+00
-5.284697896529079203e-07 1.328917173906694060e+00
-4.506351411371571005e-07 1.328917173906703608e+00
-3.775565222121384326e-07 1.328917173906718263e+00
-3.089433191486484405e-07 1.328917173906722926e+00
-2.445226759580218821e-07 1.328917173906727811e+00
-1.840384093183425875e-07 1.328917173906727811e+00
-1.272499898032904365e-07 1.328917173906732696e+00
-7.393158536218592144e-08 1.328917173906737581e+00
-2.387116324756687046e-08 1.328917173906732696e+00
2.387116324756687046e-08 1.328917173906732696e+00
7.393158536217865548e-08 1.328917173906737581e+00
1.272499898032904365e-07 1.328917173906732696e+00
1.840384093183425875e-07 1.328917173906727811e+00
2.445226759580130942e-07 1.328917173906727811e+00
3.089433191486484405e-07 1.328917173906722926e+00
3.775565222121384326e-07 1.328917173906718263e+00
4.506351411371465126e-07 1.328917173906703608e+00
5.284697896529079203e-07 1.328917173906694060e+00
6.113699949207071113e-07 1.328917173906674520e+00
6.996654284390133677e-07 1.328917173906654980e+00
7.937072170570570337e-07 1.328917173906635663e+00
8.938693393104654022e-07 1.328917173906601690e+00
1.000550112631946167e-06 1.328917173906577487e+00
1.114173777351006344e-06 1.328917173906538629e+00
1.235192183781944781e-06 1.328917173906494886e+00
1.364086589109368413e-06 1.328917173906436711e+00
1.501369571216668681e-06 1.328917173906373650e+00
1.647587067068355029e-06 1.328917173906305704e+00
1.803320543752526134e-06 1.328917173906213556e+00
1.969189310816785935e-06 1.328917173906116300e+00
2.145852983093271333e-06 1.328917173905999949e+00
2.334014103807012369e-06 1.328917173905868943e+00
2.534420938398601179e-06 1.328917173905703963e+00
2.747870450171603521e-06 1.328917173905529214e+00
2.975211469598351597e-06 1.328917173905320492e+00
3.217348069887064443e-06 1.328917173905077798e+00
3.475243162234227762e-06 1.328917173904801130e+00
3.749922325059911349e-06 1.328917173904485827e+00
4.042477882453245495e-06 1.328917173904121896e+00
4.354073248047161842e-06 1.328917173903694682e+00
4.685947551597248555e-06 1.328917173903214399e+00
5.039420566662596439e-06 1.328917173902665949e+00
5.415897958985004981e-06 1.328917173902039783e+00
5.816876876438427352e-06 1.328917173901321691e+00
6.243951902777456888e-06 1.328917173900496573e+00
6.698821398861668871e-06 1.328917173899550219e+00
7.183294256573753678e-06 1.328917173898477744e+00
7.699297092288845179e-06 1.328917173897254722e+00
8.248881908501963514e-06 1.328917173895842518e+00
8.834234254082522193e-06 1.328917173894250681e+00
9.457681915605696142e-06 1.328917173892425918e+00
1.012170417432424687e-05 1.328917173890339143e+00
1.082894166559416273e-05 1.328917173887965930e+00
1.158220687996078599e-05 1.328917173885262981e+00
1.238449534766601939e-05 1.328917173882186109e+00
1.323899755105545939e-05 1.328917173878682245e+00
1.414911161225593266e-05 1.328917173874697877e+00
1.511845680657965724e-05 1.328917173870160173e+00
1.615088795539546725e-05 1.328917173864991641e+00
1.725051075570132930e-05 1.328917173859109901e+00
1.842169810736063801e-05 1.328917173852427247e+00
1.966910750293282952e-05 1.328917173844822441e+00
2.099769954925015053e-05 1.328917173836174470e+00
2.241275769439700604e-05 1.328917173826342113e+00
2.391990923854262385e-05 1.328917173815165498e+00
2.552514771217800657e-05 1.328917173802464990e+00
2.723485671075071492e-05 1.328917173788032091e+00
2.905583528048369117e-05 1.328917173771624105e+00
3.099532495632644548e-05 1.328917173752988345e+00
3.306103855956297338e-05 1.328917173731804846e+00
3.526119086959926676e-05 1.328917173707748312e+00
3.760453129189908716e-05 1.328917173680420838e+00
4.010037865198123555e-05 1.328917173649375894e+00
4.275865825384819795e-05 1.328917173614128089e+00
4.558994135021126844e-05 1.328917173574095445e+00
4.860548718147712592e-05 1.328917173528641804e+00
5.181728775067744768e-05 1.328917173477010216e+00
5.523811551239205268e-05 1.328917173418409758e+00
5.888157416531447608e-05 1.328917173351860104e+00
6.276215275045299931e-05 1.328917173276312536e+00
6.689528327009240302e-05 1.328917173190549583e+00
7.129740205665476590e-05 1.328917173093192794e+00
7.598601513551263547e-05 1.328917172982674311e+00
8.097976784167412539e-05 1.328917172857223328e+00
8.629851896719099109e-05 1.328917172714835004e+00
9.196341973416056873e-05 1.328917172553218951e+00
9.799699790736354202e-05 1.328917172369788346e+00
1.044232473810352796e-04 1.328917172161602434e+00
1.112677235960420974e-04 1.328917171925332097e+00
1.185576451668948804e-04 1.328917171657196583e+00
1.263220021227494871e-04 1.328917171352901105e+00
1.345916711928494950e-04 1.328917171007577780e+00
1.433995385948514170e-04 1.328917170615713905e+00
1.527806308143358637e-04 1.328917170171034501e+00
1.627722538955916909e-04 1.328917169666429476e+00
1.734141417975726429e-04 1.328917169093838391e+00
1.847486144050063236e-04 1.328917168444117669e+00
1.968207458230386390e-04 1.328917167706891833e+00
2.096785436246481258e-04 1.328917166870377642e+00
2.233731397636598375e-04 1.328917165921224219e+00
2.379589939125861320e-04 1.328917164844270582e+00
2.534941100338807115e-04 1.328917163622332476e+00
2.700402670458652214e-04 1.328917162235900618e+00
2.876632645006474724e-04 1.328917160662854480e+00
3.064331842509692436e-04 1.328917158878074822e+00
3.264246691466312429e-04 1.328917156853103521e+00
3.477172198687347553e-04 1.328917154555629088e+00
3.703955110821903832e-04 1.328917151948991293e+00
3.945497281637764609e-04 1.328917148991614505e+00
4.202759258447686459e-04 1.328917145636312469e+00
4.476764101943878299e-04 1.328917141829575543e+00
4.768601454631463685e-04 1.328917137510677415e+00
5.079431874039339089e-04 1.328917132610738960e+00
5.410491447940683806e-04 1.328917127051577607e+00
5.763096709937052609e-04 1.328917120744562252e+00
6.138649874953195544e-04 1.328917113589060284e+00
6.538644415463072072e-04 1.328917105470947657e+00
6.964671000622733388e-04 1.328917096260691322e+00
7.418423821927417998e-04 1.328917085811385457e+00
7.901707330548697139e-04 1.328917073956283890e+00
8.416443413144852545e-04 1.328917060506220160e+00
8.964679034679587247e-04 1.328917045246529316e+00
9.548594378642956708e-04 1.328917027933632866e+00
1.017051151704675017e-03 1.328917008291091495e+00
1.083290364467113165e-03 1.328916986005233891e+00
1.153840491428521084e-03 1.328916960720045504e+00
1.228982091195448319e-03 1.328916932031457776e+00
1.309013981409089993e-03 1.328916899480877323e+00
1.394254427061482901e-03 1.328916862547699473e+00
1.485042406148611707e-03 1.328916820640959839e+00
1.581738957693386684e-03 1.328916773089706460e+00
1.684728617499287517e-03 1.328916719132133606e+00
1.794420947344423523e-03 1.328916657903129295e+00
1.911252163696946192e-03 1.328916588420166578e+00
2.035686872428873594e-03 1.328916509567183990e+00
2.168219916426985822e-03 1.328916420076218907e+00
2.309378343447928035e-03 1.328916318506439875e+00
2.459723502043281544e-03 1.328916203220196213e+00
2.619853273889716141e-03 1.328916072355710076e+00
2.790404451401243442e-03 1.328915923795702225e+00
2.972055270078832485e-03 1.328915755131683696e+00
3.165528105668094852e-03 1.328915563622768081e+00
3.371592346850472034e-03 1.328915346148584087e+00
3.591067454892016286e-03 1.328915099155076662e+00
3.824826222417438987e-03 1.328914818592093816e+00
4.073798244268176869e-03 1.328914499841461705e+00
4.338973614247340800e-03 1.328914137633837811e+00
4.621406862452843295e-03 1.328913725952416858e+00
4.922221148855803613e-03 1.328913257921288338e+00
5.242612729801172412e-03 1.328912725675404305e+00
5.583855715193094399e-03 1.328912120209116976e+00
5.947307135282262590e-03 1.328911431198822379e+00
6.334412337204820692e-03 1.328910646795027128e+00
6.746710732733886100e-03 1.328909753377564451e+00
7.185841920100037063e-03 1.328908735266569829e+00
7.653552204225934005e-03 1.328907574379956547e+00
8.151701541304925275e-03 1.328906249826005137e+00
8.682270935339195597e-03 1.328904737417021531e+00
9.247370316051963662e-03 1.328903009086412235e+00
9.849246929502777567e-03 1.328901032187379982e+00
1.049029427477177374e-02 1.328898768645759620e+00
1.117306162225219397e-02 1.328896173932709868e+00
1.190026415140376694e-02 1.328893195813998673e+00
1.267479374828037013e-02 1.328889772821577164e+00
1.349973050577152334e-02 1.328885832378593479e+00
1.437835497229211779e-02 1.328881288491164714e+00
1.531416119762810286e-02 1.328876038896663836e+00
1.631087062781879510e-02 1.328869961529215882e+00
1.737244690433321567e-02 1.328862910124828156e+00
1.850311162639044910e-02 1.328854708741043611e+00
1.970736113910743700e-02 1.328845144904081010e+00
2.098998441423769942e-02 1.328833961018352827e+00
2.235608209460499679e-02 1.328820843572488863e+00
2.381108677796757098e-02 1.328805409548435179e+00
2.536078462097841185e-02 1.328787189276044556e+00
2.701133834915109624e-02 1.328765604767078168e+00
2.876931176433698834e-02 1.328739942295142029e+00
3.064169584717577749e-02 1.328709317648465449e+00
3.263593655831751456e-02 1.328672632047655400e+00
3.475996444897566651e-02 1.328628516167950746e+00
3.702222619856727903e-02 1.328575259001808284e+00
3.943171820485173729e-02 1.328510717403238006e+00
4.199802236014902462e-02 1.328432201020040448e+00
4.473134415591326768e-02 1.328336325883284541e+00
4.764255326718694339e-02 1.328218828106100036e+00
5.074322677833156825e-02 1.328074326855521958e+00
5.404569522193609227e-02 1.327896022885916238e+00
5.756309161397969026e-02 1.327675315326858563e+00
6.130940368025160347e-02 1.327401314943263300e+00
6.529952948172323968e-02 1.327060226550127675e+00
6.954933666007066806e-02 1.326634566471226906e+00
7.407572553895443168e-02 1.326102172674261226e+00
7.889669633199926368e-02 1.325434955307684515e+00
8.403142072473115953e-02 1.324597323672225047e+00
8.950031811513757540e-02 1.323544212175777002e+00
9.532513681604654066e-02 1.322218612767535273e+00
1.015290405422311915e-01 1.320548505359894875e+00
1.081367005261806707e-01 1.318443062131455346e+00
1.151743936288659592e-01 1.315787988747416648e+00
1.226701068356443602e-01 1.312439859479833215e+00
1.306536485528610736e-01 1.308219310499765919e+00
1.391567671477548507e-01 1.302902986404053109e+00
1.482132772030496648e-01 1.296214204570140360e+00
1.578591939883203232e-01 1.287812432240071692e+00
1.681328766829011112e-01 1.277281892903688654e+00
1.790751809198728173e-01 1.264119971838819190e+00
1.907296212577638539e-01 1.247726624714602384e+00
2.031180993447962990e-01 1.227439810861131297e+00
2.157282698469407123e-01 1.203606094558108630e+00
2.283384403490833492e-01 1.176447277069454067e+00
2.409486108512259861e-01 1.145906510315515048e+00
2.535587813533703994e-01 1.111989973097381679e+00
2.661689518555130363e-01 1.074771159640751206e+00
2.787791223576556732e-01 1.034393160835299641e+00
2.913892928598000864e-01 9.910686984754636386e-01
3.039994633619427233e-01 9.450777646387332753e-01
3.166096338640853602e-01 8.967628274859940074e-01
3.292198043662297735e-01 8.465216850098356005e-01
3.418299748683724104e-01 7.947981719405509127e-01
3.544401453705150473e-01 7.420710436442162772e-01
3.670503158726594606e-01 6.888414657619198467e-01
3.796604863748020975e-01 6.356196215055728294e-01
3.922706568769447344e-01 5.829110032732495172e-01
4.048808273790891477e-01 5.312029769218931108e-01
4.174909978812317846e-01 4.809521934815128574e-01
4.301011683833744215e-01 4.325733749072084855e-01
4.427113388855188347e-01 3.864299209737792062e-01
4.553215093876614716e-01 3.428266794069981804e-01
4.679316798898041085e-01 3.020050985404585386e-01
4.805418503919485218e-01 2.641408501445331458e-01
4.931520208940911587e-01 2.293438789760250396e-01
5.057621913962337956e-01 1.976607140213648972e-01
5.183723618983782089e-01 1.690787721625689188e-01
5.309825324005208458e-01 1.435323041106011388e-01
5.435927029026652590e-01 1.209095787567088798e-01
5.562028734048078960e-01 1.010608770444884341e-01
5.688130439069505329e-01 8.380686920249605376e-02
5.814232144090949461e-01 6.894697679463671069e-02
5.940333849112375830e-01 5.626736903316947869e-02
6.066435554133802199e-01 4.554830559153062730e-02
6.192537259155246332e-01 3.657060971661393878e-02
6.318638964176672701e-01 2.912112983383548931e-02
6.444740669198099070e-01 2.299711970643698172e-02
6.570842374219543203e-01 1.800953214625662657e-02
6.696944079240969572e-01 1.398527604962513868e-02
6.823045784262395941e-01 1.076852918982425938e-02
6.949147489283840073e-01 8.221229002715992398e-03
7.075249194305266442e-01 6.222880899900262025e-03
7.201350899326692812e-01 4.669829639261096656e-03
7.327452604348136944e-01 3.474135783596159037e-03
7.453554309369563313e-01 2.562188430858270902e-03
7.579656014390989682e-01 1.873169447831556610e-03
7.705757719412433815e-01 1.357465521146976458e-03
7.831859424433860184e-01 9.751043386847047054e-04
7.957961129455286553e-01 6.942716641914679866e-04
8.084062834476730686e-01 4.899481097537496327e-04
8.210164539498157055e-01 3.426887958219538644e-04
8.336266244519583424e-01 2.375562134889618471e-04
8.462367949541027556e-01 1.632065687111348756e-04
8.588469654562453925e-01 1.111225653715912565e-04
8.714571359583880295e-01 7.498068862646560073e-05
8.840673064605324427e-01 5.013820499698111444e-05
8.966774769626750796e-01 3.322388752383001291e-05
9.092876474648177165e-01 2.181649524503609107e-05
9.218978179669621298e-01 1.419591430733575477e-05
9.345079884691047667e-01 9.153284910759786641e-06
9.471181589712474036e-01 5.848137452578713110e-06
9.597283294733918169e-01 3.702348118591814679e-06
9.723384999755344538e-01 2.322461206639508485e-06
9.849486704776770907e-01 1.443523941959051520e-06
9.975588409798215039e-01 8.889900368279680818e-07
1.010169011481964141e+00 5.424510299382562952e-07
1.022779181984106778e+00 3.279506996713576419e-07
1.035389352486251191e+00 1.964422333239248324e-07
1.047999522988393828e+00 1.165825600188244580e-07
1.060609693490536465e+00 6.854868345195044533e-08
1.073219863992680878e+00 3.993245956534126875e-08
1.085830034494823515e+00 2.304672580174214804e-08
1.098440204996966152e+00 1.317782281699333749e-08
1.111050375499110565e+00 7.464909799261748293e-09
1.123660546001253202e+00 4.189356675402068788e-09
1.136270716503395839e+00 2.329204168466166793e-09
1.148880887005540252e+00 1.282924128567160581e-09
1.161491057507682889e+00 7.000410129083574647e-10
1.174101228009825526e+00 3.784174448469119929e-10
1.186711398511969939e+00 2.026469950509247248e-10
1.199321569014112576e+00 1.075045592352974499e-10
1.211931739516255213e+00 5.649730950438278399e-11
1.224541910018399626e+00 2.941300649996296317e-11
1.237152080520542263e+00 1.516905623815670975e-11
1.249762251022684900e+00 7.749648972039283920e-12
1.262372421524829313e+00 3.921992654072527868e-12
1.274982592026971950e+00 1.966209769007738278e-12
1.287592762529114587e+00 9.764463974098528278e-13
1.300202933031259001e+00 4.803521092555982899e-13
1.312813103533401637e+00 2.340782591606919154e-13
1.325423274035544274e+00 1.129925923911195279e-13
1.338033444537688688e+00 5.402862357791889309e-14
1.350643615039831325e+00 2.559060030360786214e-14
1.363253785541973961e+00 1.200652593573895817e-14
1.375863956044118375e+00 5.579975969417394213e-15
1.388474126546261012e+00 2.568758035539785877e-15
1.401084297048403648e+00 1.171353200409027346e-15
1.413694467550548062e+00 5.290836062799281523e-16
1.426304638052690699e+00 2.367175928637705042e-16
1.438914808554833336e+00 1.049070442287447099e-16
1.451524979056977749e+00 4.605160797768860536e-17
1.464135149559120386e+00 2.002392389983535804e-17
1.476745320061263023e+00 8.624145453558059399e-18
1.489355490563407436e+00 3.679118462926473492e-18
1.501965661065550073e+00 1.554642897774115677e-18
1.514575831567692710e+00 6.506914664314384288e-19
1.527186002069837123e+00 2.697588012521657694e-19
1.539796172571979760e+00 1.107721760387910885e-19
1.552406343074122397e+00 4.505457024605655907e-20
1.565016513576266810e+00 1.815092264014909249e-20
1.577626684078409447e+00 7.242839814038201975e-21
1.590236854580552084e+00 2.862648625151596853e-21
1.602847025082696497e+00 1.120662664996971860e-21
1.615457195584839134e+00 4.345384411553618611e-22
1.628067366086981771e+00 1.668886175551060468e-22
1.640677536589126184e+00 6.348472758774316422e-23
1.653287707091268821e+00 2.391964202656245968e-23
1.665897877593411458e+00 8.926512944207328937e-24
1.678508048095555871e+00 3.299511572455953043e-24
1.691118218597698508e+00 1.207972538958925405e-24
1.703728389099841145e+00 4.380291564926300476e-25
1.716338559601985558e+00 1.573209355388274145e-25
1.728948730104128195e+00 5.596372087261180942e-26
1.741558900606270832e+00 1.971797204911560981e-26
1.754169071108415245e+00 6.881016235178250008e-27
1.766779241610557882e+00 2.378355010403641750e-27
1.779389412112700519e+00 8.142047973693952473e-28
1.791999582614844932e+00 2.760721817540237658e-28
1.804609753116987569e+00 9.271346477707303340e-29
1.817219923619130206e+00 3.083850588654885003e-29
1.829830094121274620e+00 1.015952490189000285e-29
1.842440264623417256e+00 3.314990156962853889e-30
1.855050435125559893e+00 1.071319721270415274e-30
1.867660605627704307e+00 3.429124284952676825e-31
1.880270776129846944e+00 1.087111018256949288e-31
1.892880946631989580e+00 3.413425331205028542e-32
1.905491117134133994e+00 1.061529491644899193e-32
1.918101287636276631e+00 3.269626880689783260e-33
1.930711458138419268e+00 9.974431255232041926e-34
1.943321628640563681e+00 3.013708620234578737e-34
1.955931799142706318e+00 9.018554287557404438e-35
1.968541969644848955e+00 2.672972672100794283e-35
1.981152140146993368e+00 7.846454220895182346e-36
1.993762310649136005e+00 2.281251240493484419e-36
2.006372481151278642e+00 6.568904744968511484e-37
2.018982651653423055e+00 1.873408233069290710e-37
2.031592822155565692e+00 5.291648052316791545e-38
2.044202992657708329e+00 1.480362279130327515e-38
2.056813163159852742e+00 4.101692303566290532e-39
2.069423333661995379e+00 1.125578119439373668e-39
2.082033504164138016e+00 3.059181206586181372e-40
2.094643674666282429e+00 8.234766130772547554e-41
2.107253845168425066e+00 2.195398503754938684e-41
2.119864015670569479e+00 5.796836035076457943e-42
2.132474186172712116e+00 1.515946128398633767e-42
2.145084356674854753e+00 3.926369522402139056e-43
2.157694527176999166e+00 1.007193192405773397e-43
2.170304697679141803e+00 2.558869706339709529e-44
2.182914868181284440e+00 6.438681189043954320e-45
2.195525038683428853e+00 1.604569802909360969e-45
2.208135209185571490e+00 3.960343425579592268e-46
2.220745379687714127e+00 9.680977807558721841e-47
2.233355550189858540e+00 2.343782765598385890e-47
2.245965720692001177e+00 5.619877681357173739e-48
2.258575891194143814e+00 1.334588479494451875e-48
2.271186061696288228e+00 3.138907491056791828e-49
2.283796232198430864e+00 7.311726527451610400e-50
2.296406402700573501e+00 1.686829896856355064e-50
2.309016573202717915e+00 3.854182033520574798e-51
2.321626743704860552e+00 8.721725232575759275e-52
2.334236914207003188e+00 1.954706210408106200e-52
2.346847084709147602e+00 4.338795433388696353e-53
2.359457255211290239e+00 9.538171500419289824e-54
2.372067425713432876e+00 2.076677407339043643e-54
2.384677596215577289e+00 4.477964037144527912e-55
2.397287766717719926e+00 9.563118032297685037e-56
2.409897937219862563e+00 2.022672114120326672e-56
2.422508107722006976e+00 4.236997665676864386e-57
2.435118278224149613e+00 8.790173453228809978e-58
2.447728448726292250e+00 1.806104474857810022e-58
2.460338619228436663e+00 3.675312079898590891e-59
2.472948789730579300e+00 7.407151648133428458e-60
2.485558960232721937e+00 1.478473848433212974e-60
2.498169130734866350e+00 2.922679513832085863e-61
2.510779301237008987e+00 5.722076066118756853e-62
2.523389471739151624e+00 1.109508646270113533e-62
2.535999642241296037e+00 2.130650137651686285e-63
2.548609812743438674e+00 4.052264079881946961e-64
2.561219983245581311e+00 7.632859114285261446e-65
2.573830153747725724e+00 1.423903078000125300e-65
2.586440324249868361e+00 2.630734731792054135e-66
2.599050494752010998e+00 4.813676612313155077e-67
2.611660665254155411e+00 8.723279020961779796e-68
2.624270835756298048e+00 1.565616542294188356e-68
2.636881006258440685e+00 2.782874424345893804e-69
2.649491176760585098e+00 4.898963212023784538e-70
2.662101347262727735e+00 8.541160860046145061e-71
2.674711517764870372e+00 1.474794725345314293e-71
2.687321688267014785e+00 2.522016955433012163e-72
2.699931858769157422e+00 4.271358108824978073e-73
2.712542029271300059e+00 7.164490790933872007e-74
2.725152199773444472e+00 1.190161360662662732e-74
2.737762370275587109e+00 1.958066109041385006e-75
2.750372540777729746e+00 3.190433209382539880e-76
2.762982711279874160e+00 5.148403607824122292e-77
2.775592881782016796e+00 8.228031752435976677e-78
2.788203052284159433e+00 1.302325671346773278e-78
2.800813222786303847e+00 2.041471593352790658e-79
2.813423393288446483e+00 3.169326696825317336e-80
2.826033563790589120e+00 4.872932976221912738e-81
2.838643734292733534e+00 7.420163320554756684e-82
2.851253904794876171e+00 1.119015047469960391e-82
2.863864075297018807e+00 1.671312516471170486e-83
2.876474245799163221e+00 2.472171099708997765e-84
2.889084416301305858e+00 3.621582233439630662e-85
2.901694586803448495e+00 5.254325719060416914e-86
2.914304757305592908e+00 7.549780014414441396e-87
2.926914927807735545e+00 1.074360719631739464e-87
2.939525098309878182e+00 1.514134025365942781e-88
2.952135268812022595e+00 2.113375883514541710e-89
2.964745439314165232e+00 2.921374712948872708e-90
2.977355609816307869e+00 3.999408231422276702e-91
2.989965780318452282e+00 5.422530731482668915e-92
3.002575950820594919e+00 7.281250777534483813e-93
3.015186121322737556e+00 9.682945892026832207e-94
3.027796291824881969e+00 1.275282615521203082e-94
3.040406462327024606e+00 1.663422853739219733e-95
3.053016632829167243e+00 2.148800279668130668e-96
3.065626803331311656e+00 2.749074303871429330e-97
3.078236973833454293e+00 3.483163178650211807e-98
3.090847144335596930e+00 4.370770040119067598e-99
3.103457314837741343e+00 5.431737447425440035e-100
3.116067485339883980e+00 6.685226693787220759e-101
3.128677655842026617e+00 8.148730394107703248e-102
3.141287826344171030e+00 9.836941450770733138e-103
3.153897996846313667e+00 1.176051764561533374e-103
3.166508167348456304e+00 1.392479762326964528e-104
3.179118337850600717e+00 1.632853943170826230e-105
3.191728508352743354e+00 1.896276537660621503e-106
3.204338678854885991e+00 2.180980498013564287e-107
3.216948849357030404e+00 2.484262970126223365e-108
3.229559019859173041e+00 2.802456750723796569e-109
3.242169190361315678e+00 3.130947166882984138e-110
3.254779360863460091e+00 3.464239629150459322e-111
3.267389531365602728e+00 3.796080192872592542e-112
3.279999701867745365e+00 4.119627984946130884e-113
3.292609872369889779e+00 4.427674562927609624e-114
3.305220042872032415e+00 4.712901478634902073e-115
3.317830213374175052e+00 4.968163860267714909e-116
3.330440383876319466e+00 5.186785046169286897e-117
3.343050554378462103e+00 5.362845501177006850e-118
3.355660724880604739e+00 5.491448651057731398e-119
3.368270895382749153e+00 5.568947005294605619e-120
3.380881065884891790e+00 5.593114003991430960e-121
3.393491236387034427e+00 5.563250291527133069e-122
3.406101406889178840e+00 5.480217338396587397e-123
3.418711577391321477e+00 5.346396155554380708e-124
3.431321747893464114e+00 5.165573862464603476e-125
3.443931918395608527e+00 4.942765650339928896e-126
3.456542088897751164e+00 4.683983819594497930e-127
3.469152259399893801e+00 4.395968726379469875e-128
3.481762429902038214e+00 4.085898408475011174e-129
3.494372600404180851e+00 3.761094259277430731e-130
3.506982770906323488e+00 3.428739393410258107e-131
3.519592941408467901e+00 3.095624433788685038e-132
3.532203111910610538e+00 2.767932584330001103e-133
3.544813282412753175e+00 2.451072342650308903e-134
3.557423452914897588e+00 2.149562395161090268e-135
3.570033623417040225e+00 1.866969462724891587e-136
3.582643793919182862e+00 1.605896432060393866e-137
3.595253964421327275e+00 1.368015257401867633e-138
3.607864134923469912e+00 1.154137009801396619e-139
3.620474305425612549e+00 9.643101632731793765e-141
3.633084475927756962e+00 7.979377303615399759e-142
3.645694646429899599e+00 6.539041165451290803e-143
3.658304816932042236e+00 5.307034219792213633e-144
3.670914987434186649e+00 4.265622167878036711e-145
3.683525157936329286e+00 3.395513772135839952e-146
3.696135328438471923e+00 2.676832263742342758e-147
3.708745498940616336e+00 2.089918289296326286e-148
3.721355669442758973e+00 1.615957291368063993e-149
3.733965839944901610e+00 1.237436185345354138e-150
3.746576010447046023e+00 9.384433136588256638e-152
3.759186180949188660e+00 7.048318420789657272e-153
3.771796351451333074e+00 5.242701920550020578e-154
3.784406521953475711e+00 3.862041494512120527e-155
3.797016692455618347e+00 2.817544380656020311e-156
3.809626862957762761e+00 2.035713224635664434e-157
3.822237033459905398e+00 1.456647189901570410e-158
3.834847203962048034e+00 1.032247978411605656e-159
3.847457374464192448e+00 7.244451992988424785e-161
3.860067544966335085e+00 5.035224205238363887e-162
3.872677715468477722e+00 3.465962101643983815e-163
3.885287885970622135e+00 2.362764698703764289e-164
3.897898056472764772e+00 1.595176531222031966e-165
3.910508226974907409e+00 1.066568100571452751e-166
3.923118397477051822e+00 7.062524020821742961e-168
3.935728567979194459e+00 4.631511450914158843e-169
3.948338738481337096e+00 3.007993903976634833e-170
3.960948908983481509e+00 1.934739579173119986e-171
3.973559079485624146e+00 1.232421837715543236e-172
3.986169249987766783e+00 7.774769263982091917e-174
3.998779420489911196e+00 4.857433224206931339e-175
4.011389590992053833e+00 3.005504110942637286e-176
4.023999761494196470e+00 1.841700148360256669e-177
4.036609931996340883e+00 1.117664821635914246e-178
4.049220102498483520e+00 6.717307900393118561e-180
4.061830273000626157e+00 3.998249555651763191e-181
4.074440443502770570e+00 2.356869099067226443e-182
4.087050614004913207e+00 1.375915947105751748e-183
4.099660784507055844e+00 7.954981576176518200e-185
4.112270955009200257e+00 4.554883144725477859e-186
4.124881125511342894e+00 2.582890795921936599e-187
4.137491296013485531e+00 1.450526106652997264e-188
4.150101466515629944e+00 8.067439393896741288e-190
4.162711637017772581e+00 4.443615648018588334e-191
4.175321807519915218e+00 2.423973319944087144e-192
4.187931978022059631e+00 1.309512696109936101e-193
4.200542148524202268e+00 7.006192734466938161e-195
4.213152319026344905e+00 3.712315638783943075e-196
4.225762489528489319e+00 1.948041106733628440e-197
4.238372660030631955e+00 1.012375685917431099e-198
4.250982830532774592e+00 5.210454683372661886e-200
4.263593001034919006e+00 2.655827284147495458e-201
4.276203171537061642e+00 1.340646512599401126e-202
4.288813342039204279e+00 6.702224149294818602e-204
4.301423512541348693e+00 3.318285785126904885e-205
4.314033683043491330e+00 1.627041985853476389e-206
4.326643853545633966e+00 7.900850265929811984e-208
4.339254024047778380e+00 3.799609486614169517e-209
4.351864194549921017e+00 1.809648051703446839e-210
4.364474365052063654e+00 8.535702379882005044e-212
4.377084535554208067e+00 3.987258203216823694e-213
4.389694706056350704e+00 1.844587975356567397e-214
4.402304876558493341e+00 8.451119984185152226e-216
4.414915047060635978e+00 3.834590647033784666e-217
4.427525217562778614e+00 1.723112217709851802e-218
4.440135388064924804e+00 7.668278774610074832e-220
4.452745558567067441e+00 3.379651880401411996e-221
4.465355729069210078e+00 1.475148541663195003e-222
4.477965899571352715e+00 6.376600630740888577e-224
4.490576070073495352e+00 2.729809406792912821e-225
4.503186240575637989e+00 1.157350880389100233e-226
4.515796411077784178e+00 4.859452559085027509e-228
4.528406581579926815e+00 2.020687686278607592e-229
4.541016752082069452e+00 8.321479731228145487e-231
4.553626922584212089e+00 3.393840356197182640e-232
4.566237093086354726e+00 1.370792480816531910e-233
4.578847263588500915e+00 5.483292846687564652e-235
4.591457434090643552e+00 2.172203760678003193e-236
4.604067604592786189e+00 8.522147456364057005e-238
4.616677775094928826e+00 3.311211033524239224e-239
4.629287945597071463e+00 1.274130699872370201e-240
4.641898116099214100e+00 4.855459921353984015e-242
4.654508286601360290e+00 1.832466366723278303e-243
4.667118457103502926e+00 6.849058366759756694e-245
4.679728627605645563e+00 2.535215666454701955e-246
4.692338798107788200e+00 9.293688504155093397e-248
4.704948968609930837e+00 3.374041701669786060e-249
4.717559139112073474e+00 1.213114751004079754e-250
4.730169309614219664e+00 4.319588712130921252e-252
4.742779480116362301e+00 1.523252714585874570e-253
4.755389650618504938e+00 5.319741705069444361e-255
4.767999821120647574e+00 1.839916553818153639e-256
4.780609991622790211e+00 6.302236207367059456e-258
4.793220162124932848e+00 2.137864466071338183e-259
4.805830332627079038e+00 7.182151764368007747e-261
4.818440503129221675e+00 2.389559658769215272e-262
4.831050673631364312e+00 7.873540087610467748e-264
4.843660844133506949e+00 2.569277704645855908e-265
4.856271014635649586e+00 8.303111469270445748e-267
4.868881185137792222e+00 2.657415589910388188e-268
4.881491355639938412e+00 8.423001033197651959e-270
4.894101526142081049e+00 2.644009250868923400e-271
4.906711696644223686e+00 8.219545490015968390e-273
4.919321867146366323e+00 2.530587328269798365e-274
4.931932037648508960e+00 7.715845511242702405e-276
4.944542208150651597e+00 2.329884344631280659e-277
4.957152378652797786e+00 6.967449421127285537e-279
4.969762549154940423e+00 2.063487701749027774e-280
4.982372719657083060e+00 6.052273154468188433e-282
4.994982890159225697e+00 1.758019585830336829e-283
5.007593060661368334e+00 5.057284991188222414e-285
5.020203231163510971e+00 1.440786579531924417e-286
5.032813401665657160e+00 4.065091885651309075e-288
5.045423572167799797e+00 1.135872387869428592e-289
5.058033742669942434e+00 3.143237229040061637e-291
5.070643913172085071e+00 8.614165215896547059e-293
5.083254083674227708e+00 2.337962995549967188e-294
5.095864254176370345e+00 6.284206480022796010e-296
5.108474424678516534e+00 1.672829257129352813e-297
5.121084595180659171e+00 4.410025696211267132e-299
5.133694765682801808e+00 1.151380683005204951e-300
5.146304936184944445e+00 2.977042616504469973e-302
5.158915106687087082e+00 7.623237279442818757e-304
5.171525277189229719e+00 1.933223550163326801e-305
5.184135447691375909e+00 4.855265118814277399e-307
5.196745618193518546e+00 1.207624831956318521e-308
5.209355788695661182e+00 2.974673561001473776e-310
5.221965959197803819e+00 7.256626425413167936e-312
5.234576129699946456e+00 1.753147161218799584e-313
5.247186300202089093e+00 4.194595772167398648e-315
5.259796470704235283e+00 9.939166521756003330e-317
5.272406641206377920e+00 2.332370278917981448e-318
5.285016811708520557e+00 5.420394200524315836e-320
5.297626982210663193e+00 1.249986083978353757e-321
5.310237152712805830e+00 2.964393875047479265e-323
5.322847323214948467e+00 0.000000000000000000e+00
5.335457493717094657e+00 0.000000000000000000e+00
5.348067664219237294e+00 0.000000000000000000e+00
5.360677834721379931e+00 0.000000000000000000e+00
5.373288005223522568e+00 0.000000000000000000e+00
5.385898175725665205e+00 0.000000000000000000e+00
5.398508346227807841e+00 0.000000000000000000e+00
5.411118516729954031e+00 0.000000000000000000e+00
5.423728687232096668e+00 0.000000000000000000e+00
5.436338857734239305e+00 0.000000000000000000e+00
5.448949028236381942e+00 0.000000000000000000e+00
5.461559198738524579e+00 0.000000000000000000e+00
5.474169369240667216e+00 0.000000000000000000e+00
5.486779539742813405e+00 0.000000000000000000e+00
5.499389710244956042e+00 0.000000000000000000e+00
5.511999880747098679e+00 0.000000000000000000e+00
5.524610051249241316e+00 0.000000000000000000e+00
5.537220221751383953e+00 0.000000000000000000e+00
5.549830392253526590e+00 0.000000000000000000e+00
5.562440562755672779e+00 0.000000000000000000e+00
5.575050733257815416e+00 0.000000000000000000e+00
5.587660903759958053e+00 0.000000000000000000e+00
5.600271074262100690e+00 0.000000000000000000e+00
5.612881244764243327e+00 0.000000000000000000e+00
5.625491415266385964e+00 0.000000000000000000e+00
5.638101585768532154e+00 0.000000000000000000e+00
5.650711756270674790e+00 0.000000000000000000e+00
5.663321926772817427e+00 0.000000000000000000e+00
5.675932097274960064e+00 0.000000000000000000e+00
5.688542267777102701e+00 0.000000000000000000e+00
5.701152438279245338e+00 0.000000000000000000e+00
5.713762608781391528e+00 0.000000000000000000e+00
5.726372779283534165e+00 0.000000000000000000e+00
5.738982949785676801e+00 0.000000000000000000e+00
5.751593120287819438e+00 0.000000000000000000e+00
5.764203290789962075e+00 0.000000000000000000e+00
5.776813461292104712e+00 0.000000000000000000e+00
5.789423631794250902e+00 0.000000000000000000e+00
5.802033802296393539e+00 0.000000000000000000e+00
5.814643972798536176e+00 0.000000000000000000e+00
5.827254143300678813e+00 0.000000000000000000e+00
5.839864313802821449e+00 0.000000000000000000e+00
5.852474484304964086e+00 0.000000000000000000e+00
5.865084654807110276e+00 0.000000000000000000e+00
5.877694825309252913e+00 0.000000000000000000e+00
5.890304995811395550e+00 0.000000000000000000e+00
5.902915166313538187e+00 0.000000000000000000e+00
5.915525336815680824e+00 0.000000000000000000e+00
5.928135507317823460e+00 0.000000000000000000e+00
5.940745677819969650e+00 0.000000000000000000e+00
5.953355848322112287e+00 0.000000000000000000e+00
5.965966018824254924e+00 0.000000000000000000e+00
5.978576189326397561e+00 0.000000000000000000e+00
5.991186359828540198e+00 0.000000000000000000e+00
6.003796530330682835e+00 0.000000000000000000e+00
6.016406700832829024e+00 0.000000000000000000e+00
6.029016871334971661e+00 0.000000000000000000e+00
6.041627041837114298e+00 0.000000000000000000e+00
6.054237212339256935e+00 0.000000000000000000e+00
6.066847382841399572e+00 0.000000000000000000e+00
6.079457553343542209e+00 0.000000000000000000e+00
6.092067723845688398e+00 0.000000000000000000e+00
6.104677894347831035e+00 0.000000000000000000e+00
6.117288064849973672e+00 0.000000000000000000e+00
6.129898235352116309e+00 0.000000000000000000e+00
6.142508405854258946e+00 0.000000000000000000e+00
6.155118576356401583e+00 0.000000000000000000e+00
6.167728746858547773e+00 0.000000000000000000e+00
6.180338917360690409e+00 0.000000000000000000e+00
6.192949087862833046e+00 0.000000000000000000e+00
6.205559258364975683e+00 0.000000000000000000e+00
6.218169428867118320e+00 0.000000000000000000e+00
6.230779599369264510e+00 0.000000000000000000e+00
6.243389769871407147e+00 0.000000000000000000e+00
6.255999940373549784e+00 0.000000000000000000e+00
6.268610110875692421e+00 0.000000000000000000e+00
6.281220281377835057e+00 0.000000000000000000e+00
6.293830451879977694e+00 0.000000000000000000e+00
6.306440622382123884e+00 0.000000000000000000e+00
6.319050792884266521e+00 0.000000000000000000e+00
6.331660963386409158e+00 0.000000000000000000e+00
6.344271133888551795e+00 0.000000000000000000e+00
6.356881304390694432e+00 0.000000000000000000e+00
6.369491474892837068e+00 0.000000000000000000e+00
6.382101645394983258e+00 0.000000000000000000e+00
6.394711815897125895e+00 0.000000000000000000e+00
6.407321986399268532e+00 0.000000000000000000e+00
6.419932156901411169e+00 0.000000000000000000e+00
6.432542327403553806e+00 0.000000000000000000e+00
6.445152497905696443e+00 0.000000000000000000e+00
6.457762668407842632e+00 0.000000000000000000e+00
6.470372838909985269e+00 0.000000000000000000e+00
6.482983009412127906e+00 0.000000000000000000e+00
6.495593179914270543e+00 0.000000000000000000e+00
6.508203350416413180e+00 0.000000000000000000e+00
6.520813520918555817e+00 0.000000000000000000e+00
6.533423691420702006e+00 0.000000000000000000e+00
6.546033861922844643e+00 0.000000000000000000e+00
6.558644032424987280e+00 0.000000000000000000e+00
6.571254202927129917e+00 0.000000000000000000e+00
6.583864373429272554e+00 0.000000000000000000e+00
6.596474543931415191e+00 0.000000000000000000e+00
6.609084714433561381e+00 0.000000000000000000e+00
6.621694884935704017e+00 0.000000000000000000e+00
6.634305055437846654e+00 0.000000000000000000e+00
6.646915225939989291e+00 0.000000000000000000e+00
6.659525396442131928e+00 0.000000000000000000e+00
6.672135566944274565e+00 0.000000000000000000e+00
6.684745737446420755e+00 0.000000000000000000e+00
6.697355907948563392e+00 0.000000000000000000e+00
6.709966078450706028e+00 0.000000000000000000e+00
6.722576248952848665e+00 0.000000000000000000e+00
6.735186419454991302e+00 0.000000000000000000e+00
6.747796589957133939e+00 0.000000000000000000e+00
6.760406760459280129e+00 0.000000000000000000e+00
6.773016930961422766e+00 0.000000000000000000e+00
6.785627101463565403e+00 0.000000000000000000e+00
6.798237271965708040e+00 0.000000000000000000e+00
6.810847442467850676e+00 0.000000000000000000e+00
6.823457612969993313e+00 0.000000000000000000e+00
6.836067783472139503e+00 0.000000000000000000e+00
6.848677953974282140e+00 0.000000000000000000e+00
6.861288124476424777e+00 0.000000000000000000e+00
6.873898294978567414e+00 0.000000000000000000e+00
6.886508465480710051e+00 0.000000000000000000e+00
6.899118635982852688e+00 0.000000000000000000e+00
6.911728806484998877e+00 0.000000000000000000e+00
6.924338976987141514e+00 0.000000000000000000e+00
6.936949147489284151e+00 0.000000000000000000e+00
6.949559317991426788e+00 0.000000000000000000e+00
6.962169488493569425e+00 0.000000000000000000e+00
6.974779658995712062e+00 0.000000000000000000e+00
6.987389829497858251e+00 0.000000000000000000e+00
7.000000000000000888e+00 0.000000000000000000e+00
