0.000000000000000000e+00
9.485833182800969265e-02
9.423463853924120281e-02
9.363494493440310817e-02
9.178302824146866712e-02
8.860715970617581705e-02
8.857499463833388986e-02
8.900386097416734810e-02
8.812303603530162455e-02
9.198008576774142908e-02
9.137730345155971323e-02
8.884940576987214456e-02
8.824090586832102068e-02
8.853816270674531863e-02
9.001673921211168772e-02
9.041997414847956216e-02
9.112847100590686089e-02
8.900714562531697460e-02
8.985637832586935991e-02
9.206709539045326851e-02
9.867290987389322476e-02
9.994962707480058162e-02
9.924939089320754249e-02
9.639796340975602396e-02
9.308093547010835855e-02
9.264629007755297019e-02
9.336620318994641454e-02
9.288040120065242655e-02
9.087981763962139914e-02
8.935960166843352759e-02
8.960394803833347799e-02
9.374334758878284657e-02
9.681880544204413130e-02
9.366971584592363731e-02
9.104466612736245024e-02
8.771552718491891498e-02
8.551143543056770324e-02
8.656574051737168929e-02
8.630872978345816016e-02
8.729747975367592450e-02
8.973541412251850868e-02
8.995268859020309760e-02
8.910573721512475565e-02
8.910573721512475565e-02
9.087951254382252431e-02
9.319069627779651144e-02
9.349037313076651035e-02
9.462501675991563665e-02
9.462501675991563665e-02
9.462501675991563665e-02
9.226847086675560305e-02
9.226847086675560305e-02
-9.387491983020262998e-02
-9.387491983020262998e-02
-9.387491983020262998e-02
-9.387491983020262998e-02
-9.387491983020262998e-02
-9.576065702887952280e-02
-9.843881446042519745e-02
-9.843881446042519745e-02
-9.675396019436245665e-02
-9.675396019436245665e-02
-9.675396019436245665e-02
-9.675396019436245665e-02
-9.675396019436245665e-02
-9.675396019436245665e-02
-9.675396019436245665e-02
-9.675396019436245665e-02
-9.675396019436245665e-02
-9.675396019436245665e-02
-9.675396019436245665e-02
-9.675396019436245665e-02
-9.675396019436245665e-02
-9.675396019436245665e-02
-9.675396019436245665e-02
-9.675396019436245665e-02
-9.675396019436245665e-02
-9.675396019436245665e-02
-9.675396019436245665e-02
-9.675396019436245665e-02
-9.675396019436245665e-02
-9.675396019436245665e-02
-9.675396019436245665e-02
-9.675396019436245665e-02
-9.675396019436245665e-02
-9.675396019436245665e-02
-9.675396019436245665e-02
-9.675396019436245665e-02
-9.675396019436245665e-02
-9.675396019436245665e-02
-9.675396019436245665e-02
-9.675396019436245665e-02
-9.675396019436245665e-02
-9.675396019436245665e-02
-9.675396019436245665e-02
-9.675396019436245665e-02
-9.675396019436245665e-02
-9.675396019436245665e-02
-9.675396019436245665e-02
-9.675396019436245665e-02
-9.675396019436245665e-02
-9.675396019436245665e-02
-9.675396019436245665e-02
-9.675396019436245665e-02
-9.675396019436245665e-02
-9.675396019436245665e-02
-9.675396019436245665e-02
-9.675396019436245665e-02
-9.675396019436245665e-02
-9.675396019436245665e-02
-9.675396019436245665e-02
-9.675396019436245665e-02
-9.675396019436245665e-02
-9.675396019436245665e-02
-9.675396019436245665e-02
-9.675396019436245665e-02
-9.675396019436245665e-02
-9.675396019436245665e-02
-9.675396019436245665e-02
-9.675396019436245665e-02
-9.675396019436245665e-02
-9.675396019436245665e-02
-9.675396019436245665e-02
-9.675396019436245665e-02
-9.675396019436245665e-02
-9.675396019436245665e-02
-9.675396019436245665e-02
-9.675396019436245665e-02
-9.675396019436245665e-02
-9.675396019436245665e-02
-9.675396019436245665e-02
-9.675396019436245665e-02
-9.675396019436245665e-02
-9.675396019436245665e-02
-9.675396019436245665e-02
-9.675396019436245665e-02
-9.675396019436245665e-02
-9.675396019436245665e-02
-9.675396019436245665e-02
-9.675396019436245665e-02
-9.675396019436245665e-02
-9.675396019436245665e-02
-9.675396019436245665e-02
-9.675396019436245665e-02
-9.675396019436245665e-02
-9.675396019436245665e-02
-9.675396019436245665e-02
-9.675396019436245665e-02
-9.675396019436245665e-02
-9.675396019436245665e-02
-9.675396019436245665e-02
-9.675396019436245665e-02
-9.675396019436245665e-02
-9.675396019436245665e-02
-9.675396019436245665e-02
-9.675396019436245665e-02
-9.675396019436245665e-02
-9.675396019436245665e-02
-9.675396019436245665e-02
-9.675396019436245665e-02
-9.675396019436245665e-02
-9.675396019436245665e-02
-9.675396019436245665e-02
-9.675396019436245665e-02
-9.675396019436245665e-02
-9.675396019436245665e-02
-9.675396019436245665e-02
-9.675396019436245665e-02
-9.675396019436245665e-02
-9.675396019436245665e-02
-9.675396019436245665e-02
-9.675396019436245665e-02
-9.675396019436245665e-02
-9.675396019436245665e-02
-9.675396019436245665e-02
-9.675396019436245665e-02
-9.675396019436245665e-02
-9.675396019436245665e-02
-9.675396019436245665e-02
-9.675396019436245665e-02
-9.675396019436245665e-02
-9.675396019436245665e-02
-9.675396019436245665e-02
-9.675396019436245665e-02
-9.675396019436245665e-02
-9.675396019436245665e-02
-9.675396019436245665e-02
-9.675396019436245665e-02
-9.675396019436245665e-02
-9.675396019436245665e-02
-9.675396019436245665e-02
-9.675396019436245665e-02
-9.675396019436245665e-02
-9.675396019436245665e-02
-9.675396019436245665e-02
-9.675396019436245665e-02
-9.675396019436245665e-02
-9.675396019436245665e-02
-9.675396019436245665e-02
-9.675396019436245665e-02
-9.675396019436245665e-02
-9.675396019436245665e-02
-9.675396019436245665e-02
-9.675396019436245665e-02
-9.675396019436245665e-02
-9.675396019436245665e-02
-9.675396019436245665e-02
-9.675396019436245665e-02
-9.675396019436245665e-02
-9.675396019436245665e-02
-9.675396019436245665e-02
-9.675396019436245665e-02
-9.675396019436245665e-02
-9.675396019436245665e-02
-9.675396019436245665e-02
-9.675396019436245665e-02
-9.675396019436245665e-02
-9.675396019436245665e-02
-9.675396019436245665e-02
-9.675396019436245665e-02
-9.675396019436245665e-02
-9.675396019436245665e-02
-9.675396019436245665e-02
-9.675396019436245665e-02
-9.675396019436245665e-02
-9.675396019436245665e-02
-9.675396019436245665e-02
-9.675396019436245665e-02
-9.675396019436245665e-02
-9.675396019436245665e-02
-9.675396019436245665e-02
-9.675396019436245665e-02
-9.675396019436245665e-02
-9.675396019436245665e-02
-9.675396019436245665e-02
-9.675396019436245665e-02
-9.675396019436245665e-02
-9.675396019436245665e-02
-9.675396019436245665e-02
-9.675396019436245665e-02
-9.675396019436245665e-02
-9.675396019436245665e-02
-9.675396019436245665e-02
-9.675396019436245665e-02
-9.675396019436245665e-02
-9.675396019436245665e-02
-9.675396019436245665e-02
-9.675396019436245665e-02
-9.675396019436245665e-02
-9.675396019436245665e-02
