0.000000000000000000e+00
8.312743547206789818e-02
8.324903983049915246e-02
8.311495891064772656e-02
8.224004880737514900e-02
8.072111087579537936e-02
8.053022673446964819e-02
8.138520948088077966e-02
8.341780639741223913e-02
8.430729677885667739e-02
8.536378443898451351e-02
8.056922462966278897e-02
8.095129633738511188e-02
7.909280680916060124e-02
8.200237700432248811e-02
8.093767626924038006e-02
7.894294160556945827e-02
8.488861724406911169e-02
8.456718715043333445e-02
8.627205050447085688e-02
8.779190929504994412e-02
8.598767479601727992e-02
8.122349704980195984e-02
8.281118078258327408e-02
8.141074154919052119e-02
8.076322501083850469e-02
7.739877189397560697e-02
7.806824949257328006e-02
7.635168228117197864e-02
7.768846685234222227e-02
7.265552174813703912e-02
7.354678056088363725e-02
7.208766953379312781e-02
7.514186899387023666e-02
7.316080456933224396e-02
7.116733437262796891e-02
6.646456496525547653e-02
6.503984645496967143e-02
6.213831464932707133e-02
6.147691901886004340e-02
6.155981172866262924e-02
6.179013891522360663e-02
6.392566300192911721e-02
6.103822904156829682e-02
6.288967807605840010e-02
5.927012533636291658e-02
5.176958756302215553e-02
5.127029831468019744e-02
4.940458600889499619e-02
4.736867009858842376e-02
4.963652616172285065e-02
4.938639388394291951e-02
4.588251656275722096e-02
4.557317384241321018e-02
4.557317384241321018e-02
4.557317384241321018e-02
4.827032056640900154e-02
4.827032056640900154e-02
4.827032056640900154e-02
4.827032056640900154e-02
4.827032056640900154e-02
4.828580548679543144e-02
4.828580548679543144e-02
4.828580548679543144e-02
4.837408967486040573e-02
4.837408967486040573e-02
4.837408967486040573e-02
4.837408967486040573e-02
4.837408967486040573e-02
4.837408967486040573e-02
4.837408967486040573e-02
4.837408967486040573e-02
4.837408967486040573e-02
4.837408967486040573e-02
4.837408967486040573e-02
4.837408967486040573e-02
4.837408967486040573e-02
4.837408967486040573e-02
4.837408967486040573e-02
4.837408967486040573e-02
4.837408967486040573e-02
4.837408967486040573e-02
4.837408967486040573e-02
4.837408967486040573e-02
4.837408967486040573e-02
4.837408967486040573e-02
4.837408967486040573e-02
4.837408967486040573e-02
4.837408967486040573e-02
4.837408967486040573e-02
4.837408967486040573e-02
4.837408967486040573e-02
4.837408967486040573e-02
4.837408967486040573e-02
4.837408967486040573e-02
4.837408967486040573e-02
4.837408967486040573e-02
4.837408967486040573e-02
4.837408967486040573e-02
4.837408967486040573e-02
4.837408967486040573e-02
4.837408967486040573e-02
4.837408967486040573e-02
4.837408967486040573e-02
4.837408967486040573e-02
4.837408967486040573e-02
4.837408967486040573e-02
4.837408967486040573e-02
4.837408967486040573e-02
4.837408967486040573e-02
4.837408967486040573e-02
4.837408967486040573e-02
4.837408967486040573e-02
4.837408967486040573e-02
4.837408967486040573e-02
4.837408967486040573e-02
4.837408967486040573e-02
4.837408967486040573e-02
4.837408967486040573e-02
4.837408967486040573e-02
4.837408967486040573e-02
4.837408967486040573e-02
4.837408967486040573e-02
4.837408967486040573e-02
4.837408967486040573e-02
4.837408967486040573e-02
4.837408967486040573e-02
4.837408967486040573e-02
4.837408967486040573e-02
4.837408967486040573e-02
4.837408967486040573e-02
4.837408967486040573e-02
4.837408967486040573e-02
4.837408967486040573e-02
4.837408967486040573e-02
4.837408967486040573e-02
4.837408967486040573e-02
4.837408967486040573e-02
4.837408967486040573e-02
4.837408967486040573e-02
4.837408967486040573e-02
4.837408967486040573e-02
4.837408967486040573e-02
4.837408967486040573e-02
4.837408967486040573e-02
4.837408967486040573e-02
4.837408967486040573e-02
4.837408967486040573e-02
4.837408967486040573e-02
4.837408967486040573e-02
4.837408967486040573e-02
4.837408967486040573e-02
4.837408967486040573e-02
4.837408967486040573e-02
4.837408967486040573e-02
4.837408967486040573e-02
4.837408967486040573e-02
4.837408967486040573e-02
4.837408967486040573e-02
4.837408967486040573e-02
4.837408967486040573e-02
4.837408967486040573e-02
4.837408967486040573e-02
4.837408967486040573e-02
4.837408967486040573e-02
4.837408967486040573e-02
4.837408967486040573e-02
4.837408967486040573e-02
4.837408967486040573e-02
4.837408967486040573e-02
4.837408967486040573e-02
4.837408967486040573e-02
4.837408967486040573e-02
4.837408967486040573e-02
4.837408967486040573e-02
4.837408967486040573e-02
4.837408967486040573e-02
4.837408967486040573e-02
4.837408967486040573e-02
4.837408967486040573e-02
4.837408967486040573e-02
4.837408967486040573e-02
4.837408967486040573e-02
4.837408967486040573e-02
4.837408967486040573e-02
4.837408967486040573e-02
4.837408967486040573e-02
4.837408967486040573e-02
4.837408967486040573e-02
4.837408967486040573e-02
4.837408967486040573e-02
4.837408967486040573e-02
4.837408967486040573e-02
4.837408967486040573e-02
4.837408967486040573e-02
4.837408967486040573e-02
4.837408967486040573e-02
4.837408967486040573e-02
4.837408967486040573e-02
4.837408967486040573e-02
4.837408967486040573e-02
4.837408967486040573e-02
4.837408967486040573e-02
4.837408967486040573e-02
4.837408967486040573e-02
4.837408967486040573e-02
4.837408967486040573e-02
4.837408967486040573e-02
4.837408967486040573e-02
4.837408967486040573e-02
4.837408967486040573e-02
4.837408967486040573e-02
4.837408967486040573e-02
4.837408967486040573e-02
4.837408967486040573e-02
4.837408967486040573e-02
4.837408967486040573e-02
4.837408967486040573e-02
4.837408967486040573e-02
4.837408967486040573e-02
4.837408967486040573e-02
4.837408967486040573e-02
4.837408967486040573e-02
4.837408967486040573e-02
4.837408967486040573e-02
4.837408967486040573e-02
4.837408967486040573e-02
4.837408967486040573e-02
4.837408967486040573e-02
4.837408967486040573e-02
4.837408967486040573e-02
4.837408967486040573e-02
4.837408967486040573e-02
4.837408967486040573e-02
4.837408967486040573e-02
4.837408967486040573e-02
4.837408967486040573e-02
4.837408967486040573e-02
4.837408967486040573e-02
4.837408967486040573e-02
4.837408967486040573e-02
4.837408967486040573e-02
4.837408967486040573e-02
4.837408967486040573e-02
4.837408967486040573e-02
4.837408967486040573e-02
4.837408967486040573e-02
4.837408967486040573e-02
4.837408967486040573e-02
4.837408967486040573e-02
