1.000000000000000000e+00
9.979373753059724850e-01
9.903486682618761749e-01
9.840571207101288520e-01
9.732678223036685949e-01
9.628926696032525934e-01
9.424443089419705100e-01
9.235149030109388590e-01
9.021765491133604264e-01
8.855606478042433727e-01
8.434819448408872322e-01
8.245766673587957563e-01
7.880989451264169832e-01
7.630344607390030509e-01
7.429303805109904735e-01
7.127882278390694770e-01
6.864674285409197996e-01
6.504933284884030220e-01
6.301393949955825802e-01
6.021063425797743562e-01
5.809751709828396837e-01
5.589778660810942323e-01
5.367217394557827204e-01
5.152652877833411305e-01
4.996019153779819311e-01
4.826715661406517643e-01
4.661369236524623982e-01
4.518516268982275541e-01
4.349402218421163924e-01
4.001146934496473406e-01
3.682119336406379784e-01
3.598970618013561107e-01
3.345346931134635104e-01
3.125002441322413116e-01
2.874798423919119328e-01
2.668419009773894679e-01
2.580419146941320685e-01
2.650300289407634957e-01
2.577511776027723300e-01
2.500762488735577826e-01
2.459400393049114009e-01
2.429772455255370667e-01
2.286991753409085282e-01
2.210673153932345147e-01
1.997708532331666231e-01
1.939666887157183439e-01
1.709768961220655414e-01
1.665569750503141100e-01
1.622064333948408377e-01
1.555971379133325450e-01
1.506074868032965253e-01
1.541730831218384723e-01
1.465270962092950213e-01
1.505912989366635646e-01
1.505912989366635646e-01
1.505912989366635646e-01
1.458878015909521320e-01
1.458878015909521320e-01
1.458878015909521320e-01
1.458878015909521320e-01
1.458878015909521320e-01
1.412129894698450350e-01
1.412129894698450350e-01
1.412129894698450350e-01
1.510521235386321215e-01
1.510521235386321215e-01
1.510521235386321215e-01
1.510521235386321215e-01
1.510521235386321215e-01
1.510521235386321215e-01
1.510521235386321215e-01
1.510521235386321215e-01
1.510521235386321215e-01
1.510521235386321215e-01
1.510521235386321215e-01
1.510521235386321215e-01
1.510521235386321215e-01
1.510521235386321215e-01
1.510521235386321215e-01
1.510521235386321215e-01
1.510521235386321215e-01
1.510521235386321215e-01
1.510521235386321215e-01
1.510521235386321215e-01
1.510521235386321215e-01
1.510521235386321215e-01
1.510521235386321215e-01
1.510521235386321215e-01
1.510521235386321215e-01
1.510521235386321215e-01
1.510521235386321215e-01
1.510521235386321215e-01
1.510521235386321215e-01
1.510521235386321215e-01
1.510521235386321215e-01
1.510521235386321215e-01
1.510521235386321215e-01
1.510521235386321215e-01
1.510521235386321215e-01
1.510521235386321215e-01
1.510521235386321215e-01
1.510521235386321215e-01
1.510521235386321215e-01
1.510521235386321215e-01
1.510521235386321215e-01
1.510521235386321215e-01
1.510521235386321215e-01
1.510521235386321215e-01
1.510521235386321215e-01
1.510521235386321215e-01
1.510521235386321215e-01
1.510521235386321215e-01
1.510521235386321215e-01
1.510521235386321215e-01
1.510521235386321215e-01
1.510521235386321215e-01
1.510521235386321215e-01
1.510521235386321215e-01
1.510521235386321215e-01
1.510521235386321215e-01
1.510521235386321215e-01
1.510521235386321215e-01
1.510521235386321215e-01
1.510521235386321215e-01
1.510521235386321215e-01
1.510521235386321215e-01
1.510521235386321215e-01
1.510521235386321215e-01
1.510521235386321215e-01
1.510521235386321215e-01
1.510521235386321215e-01
1.510521235386321215e-01
1.510521235386321215e-01
1.510521235386321215e-01
1.510521235386321215e-01
1.510521235386321215e-01
1.510521235386321215e-01
1.510521235386321215e-01
1.510521235386321215e-01
1.510521235386321215e-01
1.510521235386321215e-01
1.510521235386321215e-01
1.510521235386321215e-01
1.510521235386321215e-01
1.510521235386321215e-01
1.510521235386321215e-01
1.510521235386321215e-01
1.510521235386321215e-01
1.510521235386321215e-01
1.510521235386321215e-01
1.510521235386321215e-01
1.510521235386321215e-01
1.510521235386321215e-01
1.510521235386321215e-01
1.510521235386321215e-01
1.510521235386321215e-01
1.510521235386321215e-01
1.510521235386321215e-01
1.510521235386321215e-01
1.510521235386321215e-01
1.510521235386321215e-01
1.510521235386321215e-01
1.510521235386321215e-01
1.510521235386321215e-01
1.510521235386321215e-01
1.510521235386321215e-01
1.510521235386321215e-01
1.510521235386321215e-01
1.510521235386321215e-01
1.510521235386321215e-01
1.510521235386321215e-01
1.510521235386321215e-01
1.510521235386321215e-01
1.510521235386321215e-01
1.510521235386321215e-01
1.510521235386321215e-01
1.510521235386321215e-01
1.510521235386321215e-01
1.510521235386321215e-01
1.510521235386321215e-01
1.510521235386321215e-01
1.510521235386321215e-01
1.510521235386321215e-01
1.510521235386321215e-01
1.510521235386321215e-01
1.510521235386321215e-01
1.510521235386321215e-01
1.510521235386321215e-01
1.510521235386321215e-01
1.510521235386321215e-01
1.510521235386321215e-01
1.510521235386321215e-01
1.510521235386321215e-01
1.510521235386321215e-01
1.510521235386321215e-01
1.510521235386321215e-01
1.510521235386321215e-01
1.510521235386321215e-01
1.510521235386321215e-01
1.510521235386321215e-01
1.510521235386321215e-01
1.510521235386321215e-01
1.510521235386321215e-01
1.510521235386321215e-01
1.510521235386321215e-01
1.510521235386321215e-01
1.510521235386321215e-01
1.510521235386321215e-01
1.510521235386321215e-01
1.510521235386321215e-01
1.510521235386321215e-01
1.510521235386321215e-01
1.510521235386321215e-01
1.510521235386321215e-01
1.510521235386321215e-01
1.510521235386321215e-01
1.510521235386321215e-01
1.510521235386321215e-01
1.510521235386321215e-01
1.510521235386321215e-01
1.510521235386321215e-01
1.510521235386321215e-01
1.510521235386321215e-01
1.510521235386321215e-01
1.510521235386321215e-01
1.510521235386321215e-01
1.510521235386321215e-01
1.510521235386321215e-01
1.510521235386321215e-01
1.510521235386321215e-01
1.510521235386321215e-01
1.510521235386321215e-01
1.510521235386321215e-01
1.510521235386321215e-01
1.510521235386321215e-01
1.510521235386321215e-01
1.510521235386321215e-01
1.510521235386321215e-01
1.510521235386321215e-01
1.510521235386321215e-01
1.510521235386321215e-01
1.510521235386321215e-01
1.510521235386321215e-01
1.510521235386321215e-01
1.510521235386321215e-01
1.510521235386321215e-01
1.510521235386321215e-01
1.510521235386321215e-01
1.510521235386321215e-01
1.510521235386321215e-01
