-7.000000000000000888e+00 1.284015897350425834e-47
-6.987389829497858251e+00 2.302212100620630954e-47
-6.974779658995713838e+00 4.121241546150929021e-47
-6.962169488493571201e+00 7.365777873991028055e-47
-6.949559317991428564e+00 1.314368021909539136e-46
-6.936949147489284151e+00 2.341656426783218132e-46
-6.924338976987141514e+00 4.165212809594909240e-46
-6.911728806484998877e+00 7.397058484545978417e-46
-6.899118635982854464e+00 1.311561779629420643e-45
-6.886508465480711827e+00 2.321807990117005288e-45
-6.873898294978569190e+00 4.103663164963935689e-45
-6.861288124476424777e+00 7.241440598915803193e-45
-6.848677953974282140e+00 1.275810310184884475e-44
-6.836067783472139503e+00 2.244166718181333096e-44
-6.823457612969995090e+00 3.941232075519321776e-44
-6.810847442467852453e+00 6.910616422772445326e-44
-6.798237271965709816e+00 1.209788527670778312e-43
-6.785627101463565403e+00 2.114511429567696676e-43
-6.773016930961422766e+00 3.689933336293324989e-43
-6.760406760459280129e+00 6.428874056764914464e-43
-6.747796589957135716e+00 1.118302349058741198e-42
-6.735186419454993079e+00 1.942188975819501655e-42
-6.722576248952850442e+00 3.367686587682906238e-42
-6.709966078450706028e+00 5.830150849857215006e-42
-6.697355907948563392e+00 1.007710689382142388e-41
-6.684745737446420755e+00 1.739001252585656375e-41
-6.672135566944276341e+00 2.996207502426779163e-41
-6.659525396442133705e+00 5.154088238336038188e-41
-6.646915225939991068e+00 8.851967052138994752e-41
-6.634305055437846654e+00 1.517873966487684791e-40
-6.621694884935704017e+00 2.598601155585551223e-40
-6.609084714433561381e+00 4.441723712945024085e-40
-6.596474543931416967e+00 7.580039350327576406e-40
-6.583864373429274330e+00 1.291514816385478329e-39
-6.571254202927131693e+00 2.197026756320827537e-39
-6.558644032424987280e+00 3.731464610570994790e-39
-6.546033861922844643e+00 6.327488195826657003e-39
-6.533423691420702006e+00 1.071251401418791696e-38
-6.520813520918557593e+00 1.810754249016458782e-38
-6.508203350416414956e+00 3.055875670949982735e-38
-6.495593179914272319e+00 5.148964700587749073e-38
-6.482983009412127906e+00 8.661881168905920342e-38
-6.470372838909985269e+00 1.454831210579826799e-37
-6.457762668407842632e+00 2.439613827876272741e-37
-6.445152497905698219e+00 4.084488332820732816e-37
-6.432542327403555582e+00 6.827509890785825723e-37
-6.419932156901412945e+00 1.139449621689905637e-36
-6.407321986399268532e+00 1.898611204867722376e-36
-6.394711815897125895e+00 3.158530530005063520e-36
-6.382101645394983258e+00 5.246168738045743452e-36
-6.369491474892838845e+00 8.699766088914379014e-36
-6.356881304390696208e+00 1.440393156947315940e-35
-6.344271133888551795e+00 2.381018030145639386e-35
-6.331660963386409158e+00 3.929637486673126619e-35
-6.319050792884266521e+00 6.475159486203706621e-35
-6.306440622382123884e+00 1.065262496327589193e-34
-6.293830451879979471e+00 1.749729845548403994e-34
-6.281220281377836834e+00 2.869416326133827580e-34
-6.268610110875692421e+00 4.698122557055060135e-34
-6.255999940373549784e+00 7.680037466031981729e-34
-6.243389769871407147e+00 1.253460245171375642e-33
-6.230779599369264510e+00 2.042518635461206208e-33
-6.218169428867120097e+00 3.322995377307602792e-33
-6.205559258364977460e+00 5.397612485290443282e-33
-6.192949087862833046e+00 8.753503914623928683e-33
-6.180338917360690409e+00 1.417328211778888592e-32
-6.167728746858547773e+00 2.291222234938232010e-32
-6.155118576356405136e+00 3.698045834456503343e-32
-6.142508405854260722e+00 5.959168479131795430e-32
-6.129898235352118085e+00 9.587543509004505531e-32
-6.117288064849973672e+00 1.540058968043863610e-31
-6.104677894347831035e+00 2.469879014265689739e-31
-6.092067723845688398e+00 3.954780164690528268e-31
-6.079457553343545761e+00 6.322332919067103739e-31
-6.066847382841401348e+00 1.009115160390589324e-30
-6.054237212339258711e+00 1.608097831211777112e-30
-6.041627041837114298e+00 2.558542154598497249e-30
-6.029016871334971661e+00 4.064256156594943863e-30
-6.016406700832829024e+00 6.445816864112738669e-30
-6.003796530330684611e+00 1.020665080769303217e-29
-5.991186359828541974e+00 1.613604014172365186e-29
-5.978576189326399337e+00 2.546942254688615989e-29
-5.965966018824254924e+00 4.013743966640043715e-29
-5.953355848322112287e+00 6.315222803106807939e-29
-5.940745677819969650e+00 9.920558971962679739e-29
-5.928135507317827013e+00 1.555937233494783536e-28
-5.915525336815682600e+00 2.436444252880129082e-28
-5.902915166313539963e+00 3.809161354259101779e-28
-5.890304995811395550e+00 5.945806286085450192e-28
-5.877694825309252913e+00 9.266178205309777174e-28
-5.865084654807110276e+00 1.441780200820448747e-27
-5.852474484304965863e+00 2.239783256264883457e-27
-5.839864313802823226e+00 3.473933239722213638e-27
-5.827254143300680589e+00 5.379544338909419492e-27
-5.814643972798536176e+00 8.317217798468126140e-27
-5.802033802296393539e+00 1.283864610392936903e-26
-5.789423631794250902e+00 1.978649924348935784e-26
-5.776813461292106489e+00 3.044579301467230932e-26
-5.764203290789963852e+00 4.677289184719856971e-26
-5.751593120287821215e+00 7.174138697666628278e-26
-5.738982949785676801e+00 1.098636292845548441e-25
-5.726372779283534165e+00 1.679758132252826434e-25
-5.713762608781391528e+00 2.564178251282816426e-25
-5.701152438279247114e+00 3.908033996450316044e-25
-5.688542267777104477e+00 5.946715014480250534e-25
-5.675932097274961841e+00 9.034510012878755758e-25
-5.663321926772818315e+00 1.370379258898525779e-24
-5.650711756270674790e+00 2.075322802773131452e-24
-5.638101585768532154e+00 3.137901153777671094e-24
-5.625491415266388628e+00 4.736980442374442671e-24
-5.612881244764245103e+00 7.139580068424775799e-24
-5.600271074262102466e+00 1.074366607433026863e-23
-5.587660903759958941e+00 1.614139640201670103e-23
-5.575050733257815416e+00 2.421243599379834275e-23
-5.562440562755672779e+00 3.626140785977382902e-23
-5.549830392253529254e+00 5.422001629839354503e-23
-5.537220221751385729e+00 8.094377309365781823e-23
-5.524610051249243092e+00 1.206468749153725715e-22
-5.511999880747099567e+00 1.795384839855220015e-22
-5.499389710244956042e+00 2.667521249904779488e-22
-5.486779539742813405e+00 3.957009493767786947e-22
-5.474169369240669880e+00 5.860506881817105142e-22
-5.461559198738526355e+00 8.665869907265597545e-22
-5.448949028236382830e+00 1.279375589329485415e-21
-5.436338857734240193e+00 1.885788046932913513e-21
-5.423728687232096668e+00 2.775215001027767396e-21
-5.411118516729953143e+00 4.077644319193693517e-21
-5.398508346227810506e+00 5.981787927903186170e-21
-5.385898175725666981e+00 8.761161003329850620e-21
-5.373288005223523456e+00 1.281153900785712362e-20
-5.360677834721380819e+00 1.870466573604579173e-20
-5.348067664219237294e+00 2.726513298814763252e-20
-5.335457493717093769e+00 3.968024308822921184e-20
-5.322847323214951132e+00 5.765673919744370583e-20
-5.310237152712807607e+00 8.364401933718577267e-20
-5.297626982210664082e+00 1.211514981157088210e-19
-5.285016811708520557e+00 1.751990621319660689e-19
-5.272406641206377920e+00 2.529553522671937893e-19
-5.259796470704234395e+00 3.646406583645994421e-19
-5.247186300202090870e+00 5.248019605225489424e-19
-5.234576129699948233e+00 7.541104494216877838e-19
-5.221965959197804708e+00 1.081891321232839001e-18
-5.209355788695661182e+00 1.549678112084750400e-18
-5.196745618193518546e+00 2.216198009241956958e-18
-5.184135447691375020e+00 3.164352354876018326e-18
-5.171525277189231495e+00 4.510974207284500058e-18
-5.158915106687088858e+00 6.420444522266744573e-18
-5.146304936184945333e+00 9.123660452150065861e-18
-5.133694765682801808e+00 1.294441444412376499e-17
-5.121084595180659171e+00 1.833601686613389230e-17
-5.108474424678515646e+00 2.593205306643240573e-17
-5.095864254176372121e+00 3.661660976055306610e-17
-5.083254083674229484e+00 5.162127253108672186e-17
-5.070643913172085959e+00 7.265887051389981304e-17
-5.058033742669942434e+00 1.021075738348153561e-16
-5.045423572167799797e+00 1.432638662619433332e-16
-5.032813401665656272e+00 2.006895643553090878e-16
-5.020203231163512747e+00 2.806870287454534238e-16
-5.007593060661370110e+00 3.919488042797043771e-16
-4.994982890159226585e+00 5.464441862093175520e-16
-4.982372719657083060e+00 7.606270368832112899e-16
-4.969762549154940423e+00 1.057078423500932453e-15
-4.957152378652796898e+00 1.466736761670540405e-15
-4.944542208150653373e+00 2.031920364866797311e-15
-4.931932037648510736e+00 2.810416875598780720e-15
-4.919321867146367211e+00 3.881006590206353540e-15
-4.906711696644223686e+00 5.350909534146767350e-15
-4.894101526142081049e+00 7.365808922047844917e-15
-4.881491355639937524e+00 1.012331892496536584e-14
-4.868881185137793999e+00 1.389104887347660643e-14
-4.856271014635651362e+00 1.903079050864122186e-14
-4.843660844133507837e+00 2.603084740326452674e-14
-4.831050673631364312e+00 3.554917219321509074e-14
-4.818440503129221675e+00 4.847082433970598899e-14
-4.805830332627078150e+00 6.598436890898769344e-14
-4.793220162124934625e+00 8.968328278454437685e-14
-4.780609991622791988e+00 1.217003184617911538e-13
-4.767999821120648463e+00 1.648852250031660584e-13
-4.755389650618504938e+00 2.230394046485249565e-13
-4.742779480116362301e+00 3.012252013382040261e-13
-4.730169309614218776e+00 4.061728410438394488e-13
-4.717559139112075250e+00 5.468149131986873920e-13
-4.704948968609932614e+00 7.349871293778381830e-13
-4.692338798107789088e+00 9.863454668728876209e-13
-4.679728627605645563e+00 1.321564392991759305e-12
-4.667118457103502926e+00 1.767899544235914194e-12
-4.654508286601359401e+00 2.361222102967445734e-12
-4.641898116099215876e+00 3.148662555123160787e-12
-4.629287945597073239e+00 4.192040259374585426e-12
-4.616677775094929714e+00 5.572304479736290536e-12
-4.604067604592786189e+00 7.395274937798802713e-12
-4.591457434090643552e+00 9.799048900656991135e-12
-4.578847263588500027e+00 1.296354152897169598e-11
-4.566237093086356502e+00 1.712275186609322066e-11
-4.553626922584213865e+00 2.258050488794222553e-11
-4.541016752082070340e+00 2.973061839770072737e-11
-4.528406581579926815e+00 3.908269202368066763e-11
-4.515796411077784178e+00 5.129502618729360552e-11
-4.503186240575640653e+00 6.721656639329331992e-11
-4.490576070073497128e+00 8.794025058971437559e-11
-4.477965899571354491e+00 1.148707366560138973e-10
-4.465355729069210966e+00 1.498102300954047770e-10
-4.452745558567067441e+00 1.950670512671284552e-10
-4.440135388064924804e+00 2.535927164152672510e-10
-4.427525217562781279e+00 3.291547049711411328e-10
-4.414915047060637754e+00 4.265538045589707516e-10
-4.402304876558495117e+00 5.518970338814385571e-10
-4.389694706056351592e+00 7.129397250430467233e-10
-4.377084535554208067e+00 9.195134999945354806e-10
-4.364474365052065430e+00 1.184060718913355210e-09
-4.351864194549921905e+00 1.522300652227123422e-09
-4.339254024047778380e+00 1.954058299699744654e-09
-4.326643853545635743e+00 2.504293647294841639e-09
-4.314033683043492218e+00 3.204377448850166077e-09
-4.301423512541348693e+00 4.093669619745147672e-09
-4.288813342039206056e+00 5.221468356282084015e-09
-4.276203171537062531e+00 6.649412524950816744e-09
-4.263593001034919006e+00 8.454437140650697177e-09
-4.250982830532776369e+00 1.073240238481822215e-08
-4.238372660030632844e+00 1.360254119771239440e-08
-4.225762489528489319e+00 1.721289970103432265e-08
-4.213152319026346682e+00 2.174697935968543991e-08
-4.200542148524203157e+00 2.743183078436438331e-08
-4.187931978022059631e+00 3.454789745124792500e-08
-4.175321807519916995e+00 4.344096455875718856e-08
-4.162711637017773469e+00 5.453663510448684774e-08
-4.150101466515629944e+00 6.835783357572665190e-08
-4.137491296013487307e+00 8.554592912892264747e-08
-4.124881125511343782e+00 1.068861767227094994e-07
-4.112270955009200257e+00 1.333382985319947076e-07
-4.099660784507057620e+00 1.660731715187963966e-07
-4.087050614004914095e+00 2.065167529428844886e-07
-4.074440443502770570e+00 2.564025668106120496e-07
-4.061830273000627933e+00 3.178342940203957528e-07
-4.049220102498484408e+00 3.933602607994339970e-07
-4.036609931996340883e+00 4.860619077697412787e-07
-4.023999761494198246e+00 5.996586497632300291e-07
-4.011389590992054721e+00 7.386319087449838240e-07
-3.998779420489911196e+00 9.083715235974283184e-07
-3.986169249987768559e+00 1.115348216013344718e-06
-3.973559079485625034e+00 1.367316326498673023e-06
-3.960948908983481509e+00 1.673551633824702136e-06
-3.948338738481338872e+00 2.045129740614687581e-06
-3.935728567979194459e+00 2.495251252544242222e-06
-3.923118397477051822e+00 3.039620804237636954e-06
-3.910508226974909185e+00 3.696887896516613285e-06
-3.897898056472764772e+00 4.489158511999377855e-06
-3.885287885970622135e+00 5.442587573465250545e-06
-3.872677715468479498e+00 6.588063505462636414e-06
-3.860067544966335085e+00 7.961997456986903758e-06
-3.847457374464192448e+00 9.607231143147914080e-06
-3.834847203962049811e+00 1.157407876657029555e-05
-3.822237033459905398e+00 1.392152008299012332e-05
-3.809626862957762761e+00 1.671856337623325300e-05
-3.797016692455620124e+00 2.004579889903486634e-05
-3.784406521953475711e+00 2.399716520866839156e-05
-3.771796351451333074e+00 2.868195276747454372e-05
-3.759186180949190437e+00 3.422707117181763518e-05
-3.746576010447046023e+00 4.077960839809427750e-05
-3.733965839944903387e+00 4.850971248621587873e-05
-3.721355669442760750e+00 5.761382808913744153e-05
-3.708745498940616336e+00 6.831832226598198569e-05
-3.696135328438473699e+00 8.088353574445830913e-05
-3.683525157936331063e+00 9.560829757827764915e-05
-3.670914987434186649e+00 1.128349426224642936e-04
-3.658304816932044012e+00 1.329548724836545118e-04
-3.645694646429901375e+00 1.564147015058910389e-04
-3.633084475927756962e+00 1.837230298508429102e-04
-3.620474305425614325e+00 2.154578857443486422e-04
-3.607864134923471688e+00 2.522748784017527879e-04
-3.595253964421327275e+00 2.949161019199925127e-04
-3.582643793919184638e+00 3.442198284378590492e-04
-3.570033623417041113e+00 4.011310260153921436e-04
-3.557423452914897588e+00 4.667127328657466449e-04
-3.544813282412754951e+00 5.421583146816480849e-04
-3.532203111910611426e+00 6.288046257309000972e-04
-3.519592941408467901e+00 7.281460870466596388e-04
-3.506982770906325264e+00 8.418496863140864910e-04
-3.494372600404181739e+00 9.717708938632110436e-04
-3.481762429902038214e+00 1.119970477441093902e-03
-3.469152259399895577e+00 1.288732185087552171e-03
-3.456542088897752052e+00 1.480581250431290199e-03
-3.443931918395608527e+00 1.698303658024999906e-03
-3.431321747893465890e+00 1.944966087951294047e-03
-3.418711577391322365e+00 2.223936438870951875e-03
-3.406101406889178840e+00 2.538904807017949242e-03
-3.393491236387036203e+00 2.893904775450567134e-03
-3.380881065884892678e+00 3.293334843286475997e-03
-3.368270895382749153e+00 3.741979798843396692e-03
-3.355660724880606516e+00 4.245031813800510291e-03
-3.343050554378462991e+00 4.808111007952005703e-03
-3.330440383876319466e+00 5.437285206149545386e-03
-3.317830213374176829e+00 6.139088581002148312e-03
-3.305220042872033304e+00 6.920538847220394051e-03
-3.292609872369889779e+00 7.789152646628199478e-03
-3.279999701867747142e+00 8.752958737325551228e-03
-3.267389531365603617e+00 9.820508576837241529e-03
-3.254779360863460091e+00 1.100088386788648440e-02
-3.242169190361317455e+00 1.230370061737402071e-02
-3.229559019859173929e+00 1.373910924481010730e-02
-3.216948849357030404e+00 1.531779026657604202e-02
-3.204338678854887767e+00 1.705094507760004582e-02
-3.191728508352744242e+00 1.895028135308410300e-02
-3.179118337850600717e+00 2.102799260034284370e-02
-3.166508167348458080e+00 2.329673140540991505e-02
-3.153897996846314555e+00 2.576957594125110426e-02
-3.141287826344171030e+00 2.845998933484234286e-02
-3.128677655842028393e+00 3.138177152941249576e-02
-3.116067485339884868e+00 3.454900332615900432e-02
-3.103457314837741343e+00 3.797598234701277803e-02
-3.090847144335598706e+00 4.167715072662286219e-02
-3.078236973833455181e+00 4.566701441761022995e-02
-3.065626803331311656e+00 4.996005407820616057e-02
-3.053016632829169019e+00 5.457062760517869537e-02
-3.040406462327025494e+00 5.951286447699219440e-02
-3.027796291824881969e+00 6.480055218175535814e-02
-3.015186121322739332e+00 7.044701512063754334e-02
-3.002575950820595807e+00 7.646498649922325863e-02
-2.989965780318452282e+00 8.286647384506898306e-02
-2.977355609816309645e+00 8.966261891850205168e-02
-2.964745439314166120e+00 9.686355291333555162e-02
-2.952135268812022595e+00 1.044782479732057345e-01
-2.939525098309879958e+00 1.125143661755702851e-01
-2.926914927807736433e+00 1.209781072569270921e-01
-2.914304757305592908e+00 1.298740564674375764e-01
-2.901694586803450271e+00 1.392050340485948279e-01
-2.889084416301306746e+00 1.489719479217333498e-01
-2.876474245799163221e+00 1.591736512554715877e-01
-2.863864075297020584e+00 1.698068066449884284e-01
-2.851253904794877059e+00 1.808657586826722952e-01
-2.838643734292733534e+00 1.923424167266817308e-01
-2.826033563790590897e+00 2.042261496793059961e-01
-2.813423393288447372e+00 2.165036945692956905e-01
-2.800813222786303847e+00 2.291590806903414934e-01
-2.788203052284161210e+00 2.421735709805073189e-01
-2.775592881782017685e+00 2.555256222343935679e-01
-2.762982711279874160e+00 2.691908656204795580e-01
-2.750372540777731523e+00 2.831421088313540446e-01
-2.737762370275587998e+00 2.973493610239813512e-01
-2.725152199773444472e+00 3.117798815132224455e-01
-2.712542029271301836e+00 3.263982529646928810e-01
-2.699931858769158310e+00 3.411664795955225982e-01
-2.687321688267014785e+00 3.560441106360119345e-01
-2.674711517764872148e+00 3.709883890337581924e-01
-2.662101347262728623e+00 3.859544250985468272e-01
-2.649491176760585098e+00 4.008953944941209269e-01
-2.636881006258442461e+00 4.157627596860297148e-01
-2.624270835756298936e+00 4.305065136567173822e-01
-2.611660665254155411e+00 4.450754444047914093e-01
-2.599050494752012774e+00 4.594174184586206633e-01
-2.586440324249869249e+00 4.734796813601407361e-01
-2.573830153747725724e+00 4.872091728164444913e-01
-2.561219983245583087e+00 5.005528539799922738e-01
-2.548609812743439562e+00 5.134580441056855182e-01
-2.535999642241296037e+00 5.258727636492538382e-01
-2.523389471739152512e+00 5.377460807200624693e-01
-2.510779301237009875e+00 5.490284576845775311e-01
-2.498169130734866350e+00 5.596720946378899164e-01
-2.485558960232722825e+00 5.696312664216609534e-01
-2.472948789730580188e+00 5.788626498683597799e-01
-2.460338619228436663e+00 5.873256379958109452e-01
-2.447728448726293138e+00 5.949826379618055050e-01
-2.435118278224150501e+00 6.017993497162279493e-01
-2.422508107722006976e+00 6.077450224559873826e-01
-2.409897937219863451e+00 6.127926861951863424e-01
-2.397287766717720814e+00 6.169193560054858638e-01
-2.384677596215577289e+00 6.201062067582188142e-01
-2.372067425713433764e+00 6.223387165055821457e-01
-2.359457255211291127e+00 6.236067769695350371e-01
-2.346847084709147602e+00 6.239047699598054830e-01
-2.334236914207004077e+00 6.232316089107162727e-01
-2.321626743704861440e+00 6.215907451066765566e-01
-2.309016573202717915e+00 6.189901385514273713e-01
-2.296406402700574390e+00 6.154421938218339605e-01
-2.283796232198431753e+00 6.109636616281038934e-01
-2.271186061696288228e+00 6.055755071721969918e-01
-2.258575891194144702e+00 5.993027467511432560e-01
-2.245965720692002066e+00 5.921742543864116914e-01
-2.233355550189858540e+00 5.842225405695056217e-01
-2.220745379687715015e+00 5.754835054947785578e-01
-2.208135209185572378e+00 5.659961693978715624e-01
-2.195525038683428853e+00 5.558023828304299307e-01
-2.182914868181285328e+00 5.449465198755364392e-01
-2.170304697679142691e+00 5.334751574425335985e-01
-2.157694527176999166e+00 5.214367438724950565e-01
-2.145084356674855641e+00 5.088812601369163691e-01
-2.132474186172713004e+00 4.958598769218055535e-01
-2.119864015670569479e+00 4.824246108582430637e-01
-2.107253845168425954e+00 4.686279830898426035e-01
-2.094643674666283317e+00 4.545226832597121236e-01
-2.082033504164139792e+00 4.401612418564367357e-01
-2.069423333661996267e+00 4.255957136836161503e-01
-2.056813163159853630e+00 4.108773750139525505e-01
-2.044202992657710105e+00 3.960564367600736269e-01
-2.031592822155566580e+00 3.811817757447726884e-01
-2.018982651653423943e+00 3.663006858866834081e-01
-2.006372481151280418e+00 3.514586508382988028e-01
-1.993762310649136893e+00 3.366991393258363385e-01
-1.981152140146994256e+00 3.220634241487950744e-01
-1.968541969644850731e+00 3.075904255058340420e-01
-1.955931799142707206e+00 2.933165790261258454e-01
-1.943321628640564569e+00 2.792757286061108846e-01
-1.930711458138421044e+00 2.654990438832370847e-01
-1.918101287636277519e+00 2.520149619249275053e-01
-1.905491117134134882e+00 2.388491524744086603e-01
-1.892880946631991357e+00 2.260245058785545214e-01
-1.880270776129847832e+00 2.135611426276294300e-01
-1.867660605627705195e+00 2.014764432649814863e-01
-1.855050435125561670e+00 1.897850972769512812e-01
-1.842440264623418145e+00 1.784991694506500026e-01
-1.829830094121275508e+00 1.676281820895421659e-01
-1.817219923619131983e+00 1.571792114044847644e-01
-1.804609753116988458e+00 1.471569963498067790e-01
-1.791999582614845821e+00 1.375640581500550963e-01
-1.779389412112702296e+00 1.284008287612914967e-01
-1.766779241610558771e+00 1.196657865306256646e-01
-1.754169071108415245e+00 1.113555973566868890e-01
-1.741558900606272609e+00 1.034652597107455912e-01
-1.728948730104129083e+00 9.598825195075151584e-02
-1.716338559601985558e+00 8.891668044691242168e-02
-1.703728389099842921e+00 8.224142713526748361e-02
-1.691118218597699396e+00 7.595229522303088843e-02
-1.678508048095555871e+00 7.003815188395040581e-02
-1.665897877593413234e+00 6.448706690172030520e-02
-1.653287707091269709e+00 5.928644634234410404e-02
-1.640677536589126184e+00 5.442316046061253243e-02
-1.628067366086983547e+00 4.988366516952510293e-02
-1.615457195584840022e+00 4.565411652320087998e-02
-1.602847025082696497e+00 4.172047778188562456e-02
-1.590236854580553860e+00 3.806861874098568799e-02
-1.577626684078410335e+00 3.468440711339806221e-02
-1.565016513576266810e+00 3.155379185496950956e-02
-1.552406343074124173e+00 2.866287841585021118e-02
-1.539796172571980648e+00 2.599799598533517053e-02
-1.527186002069837123e+00 2.354575687409913784e-02
-1.514575831567694486e+00 2.129310824525824236e-02
-1.501965661065550961e+00 1.922737646441791126e-02
-1.489355490563407436e+00 1.733630438882021937e-02
-1.476745320061264799e+00 1.560808195705257195e-02
-1.464135149559121274e+00 1.403137047385544060e-02
-1.451524979056977749e+00 1.259532100972310560e-02
-1.438914808554835112e+00 1.128958735268680708e-02
-1.426304638052691587e+00 1.010433396046602102e-02
-1.413694467550548062e+00 9.030239365592416384e-03
-1.401084297048405425e+00 8.058495484800420883e-03
-1.388474126546261900e+00 7.180803277535550457e-03
-1.375863956044118375e+00 6.389365187507935542e-03
-1.363253785541975738e+00 5.676874786432110562e-03
-1.350643615039832213e+00 5.036504021071435203e-03
-1.338033444537688688e+00 4.461888444037480188e-03
-1.325423274035546051e+00 3.947110786051331865e-03
-1.312813103533402526e+00 3.486683203087904970e-03
-1.300202933031259001e+00 3.075528506492613157e-03
-1.287592762529116364e+00 2.708960658228651546e-03
-1.274982592026972839e+00 2.382664787299485203e-03
-1.262372421524829313e+00 2.092676957446892080e-03
-1.249762251022686677e+00 1.835363890773896930e-03
-1.237152080520543151e+00 1.607402827249572843e-03
-1.224541910018399626e+00 1.405761676347972800e-03
-1.211931739516256989e+00 1.227679594537714382e-03
-1.199321569014113464e+00 1.070648101118660102e-03
-1.186711398511969939e+00 9.323928251022725166e-04
-1.174101228009827302e+00 8.108559575256888124e-04
-1.161491057507683777e+00 7.041794668191083068e-04
-1.148880887005540252e+00 6.106891196249952195e-04
-1.136270716503397615e+00 5.288793357862150253e-04
-1.123660546001254090e+00 4.573988940488397633e-04
-1.111050375499110565e+00 3.950374943153005442e-04
-1.098440204996967928e+00 3.407131729726515308e-04
-1.085830034494824403e+00 2.934605598358872827e-04
-1.073219863992680878e+00 2.524199585046377312e-04
-1.060609693490538241e+00 2.168272263448156687e-04
-1.047999522988394716e+00 1.860044257829193963e-04
-1.035389352486251191e+00 1.593512150450298920e-04
-1.022779181984108554e+00 1.363369437908302140e-04
-1.010169011481965029e+00 1.164934171922701753e-04
-9.975588409798215039e-01 9.940829079607124480e-05
-9.849486704776788670e-01 8.471905790242460830e-05
-9.723384999755353419e-01 7.210759110652545465e-05
-9.597283294733918169e-01 6.129520000753466526e-05
-9.471181589712491800e-01 5.203816781931912256e-05
-9.345079884691056549e-01 4.412373065279406344e-05
-9.218978179669621298e-01 3.736646452052491782e-05
-9.092876474648186047e-01 3.160504658618897391e-05
-8.966774769626759678e-01 2.669935879604463922e-05
-8.840673064605324427e-01 2.252790374383231961e-05
-8.714571359583889176e-01 1.898550439716989736e-05
-8.588469654562462807e-01 1.598126112015246274e-05
-8.462367949541027556e-01 1.343674123611115752e-05
-8.336266244519592306e-01 1.128437816320447671e-05
-8.210164539498165936e-01 9.466058904762783546e-06
-8.084062834476730686e-01 7.931880370783608785e-06
-7.957961129455295435e-01 6.639056634670455078e-06
-7.831859424433869066e-01 5.550960781187013669e-06
-7.705757719412433815e-01 4.636286471173143411e-06
-7.579656014390998564e-01 3.868315731614378704e-06
-7.453554309369572195e-01 3.224280773842777681e-06
-7.327452604348136944e-01 2.684808847302818214e-06
-7.201350899326701693e-01 2.233440252089492400e-06
-7.075249194305275324e-01 1.856210662134481981e-06
-6.949147489283840073e-01 1.541289855136970425e-06
-6.823045784262404823e-01 1.278669808447282199e-06
-6.696944079240978454e-01 1.059895905976550085e-06
-6.570842374219543203e-01 8.778357140460782164e-07
-6.444740669198107952e-01 7.264804283629005676e-07
-6.318638964176681583e-01 6.007746745958103469e-07
-6.192537259155246332e-01 4.964708659459277620e-07
-6.066435554133811081e-01 4.100047872292622712e-07
-5.940333849112384712e-01 3.383894907870448605e-07
-5.814232144090949461e-01 2.791249593325138113e-07
-5.688130439069514210e-01 2.301213187625202236e-07
-5.562028734048087841e-01 1.896336739278037005e-07
-5.435927029026652590e-01 1.562068960552613927e-07
-5.309825324005217340e-01 1.286289153941960469e-07
-5.183723618983790971e-01 1.058912699152989073e-07
-5.057621913962355720e-01 8.715583347864661165e-08
-4.931520208940920469e-01 7.172679751482707115e-08
-4.805418503919494100e-01 5.902711140642462135e-08
-4.679316798898058849e-01 4.857870066498217233e-08
-4.553215093876623598e-01 3.998588070637257119e-08
-4.427113388855197229e-01 3.292146936916433617e-08
-4.301011683833761978e-01 2.711517494179256536e-08
-4.174909978812326727e-01 2.234389983621062798e-08
-4.048808273790900358e-01 1.842365447854462644e-08
-3.922706568769465107e-01 1.520282264416035411e-08
-3.796604863748029857e-01 1.255655937415387459e-08
-3.670503158726603488e-01 1.038213667968745393e-08
-3.544401453705168237e-01 8.595081267080970743e-09
-3.418299748683732986e-01 7.125973198727793880e-09
-3.292198043662306617e-01 5.917795353179103809e-09
-3.166096338640871366e-01 4.923741293957981844e-09
-3.039994633619436115e-01 4.105404162910935255e-09
-2.913892928598009746e-01 3.431281880609294895e-09
-2.787791223576574495e-01 2.875544609575936594e-09
-2.661689518555139244e-01 2.417019414301877733e-09
-2.535587813533712875e-01 2.038354591744419762e-09
-2.409486108512277625e-01 1.725332467436467729e-09
-2.283384403490842374e-01 1.466304743926917757e-09
-2.157282698469416005e-01 1.251728910978898857e-09
-2.031180993447980754e-01 1.073787917927743727e-09
-1.907296212577645478e-01 9.284455342548888333e-10
-1.790751809198734557e-01 8.138781363426563584e-10
-1.681328766829025823e-01 7.227297111805965235e-10
-1.578591939883211837e-01 6.494521146771301877e-10
-1.482132772030496648e-01 5.899780197143493398e-10
-1.391567671477560997e-01 5.412875929148843032e-10
-1.306536485528615454e-01 5.011115229394792487e-10
-1.226701068356443602e-01 4.677248514997830984e-10
-1.151743936288669723e-01 4.398020679903095282e-10
-1.081367005261812397e-01 4.163140573512090402e-10
-1.015290405422311915e-01 3.964539842160416212e-10
-9.532513681604738720e-02 3.795834126950033299e-10
-8.950031811513789459e-02 3.651927326303808593e-10
-8.403142072473115953e-02 3.528718065460343438e-10
-7.889669633199995757e-02 3.422879915736600930e-10
-7.407572553895482026e-02 3.331695339762556261e-10
-6.954933666007066806e-02 3.252929134563599804e-10
-6.529952948172380867e-02 3.184731167531955127e-10
-6.130940368025181858e-02 3.125561020113830810e-10
-5.756309161397969026e-02 3.074129148725166663e-10
-5.404569522193657799e-02 3.029350595969620960e-10
-5.074322677833183887e-02 2.990308309832959876e-10
-4.764255326718694339e-02 2.956223871983801647e-10
-4.473134415591366320e-02 2.926433979963864555e-10
-4.199802236014917034e-02 2.900371428560613447e-10
-3.943171820485173729e-02 2.877549632817217583e-10
-3.702222619856760516e-02 2.857549957119742992e-10
-3.475996444897584692e-02 2.840011281723187628e-10
-3.263593655831751456e-02 2.824621364381565542e-10
-3.064169584717604811e-02 2.811109650903863168e-10
-2.876931176433708895e-02 2.799241262093221043e-10
-2.701133834915109624e-02 2.788811941240782052e-10
-2.536078462097863737e-02 2.779643790271008830e-10
-2.381108677796769241e-02 2.771581656843115246e-10
-2.235608209460499679e-02 2.764490061497466976e-10
-2.098998441423788677e-02 2.758250575018862034e-10
-1.970736113910750986e-02 2.752759572871816675e-10
-1.850311162639044910e-02 2.747926306834323076e-10
-1.737244690433337180e-02 2.743671244568212198e-10
-1.631087062781888183e-02 2.739924636392517258e-10
-1.531416119762810286e-02 2.736625275416749136e-10
-1.437835497229224616e-02 2.733719422785731870e-10
-1.349973050577157364e-02 2.731159874352217252e-10
-1.267479374828037013e-02 2.728905148838136367e-10
-1.190026415140387275e-02 2.726918780629902971e-10
-1.117306162225225469e-02 2.725168702908221976e-10
-1.049029427477177374e-02 2.723626708936631155e-10
-9.849246929502866038e-03 2.722267981108950637e-10
-9.247370316051994887e-03 2.721070678844122548e-10
-8.682270935339195597e-03 2.720015577672236455e-10
-8.151701541304996398e-03 2.719085752916501896e-10
-7.653552204225974771e-03 2.718266302275897626e-10
-7.185841920100037063e-03 2.717544102380975463e-10
-6.746710732733945948e-03 2.716907595050370872e-10
-6.334412337204842376e-03 2.716346599536987187e-10
-5.947307135282262590e-03 2.715852147536086154e-10
-5.583855715193143839e-03 2.715416338142401273e-10
-5.242612729801200168e-03 2.715032210303525243e-10
-4.922221148855803613e-03 2.714693630626620540e-10
-4.621406862452884928e-03 2.714395194665666059e-10
-4.338973614247355545e-03 2.714132140049750296e-10
-4.073798244268176869e-03 2.713900270017186507e-10
-3.824826222417472815e-03 2.713695886097239385e-10
-3.591067454892035368e-03 2.713515728835832165e-10
-3.371592346850472034e-03 2.713356925597054394e-10
-3.165528105668122608e-03 2.713216944590415629e-10
-2.972055270078842893e-03 2.713093554376699868e-10
-2.790404451401243442e-03 2.712984788196432360e-10
-2.619853273889739126e-03 2.712888912544056664e-10
-2.459723502043294555e-03 2.712804399480139874e-10
-2.309378343447928035e-03 2.712729902235907627e-10
-2.168219916426995363e-03 2.712664233716863128e-10
-2.035686872428882702e-03 2.712606347560531027e-10
-1.911252163696946192e-03 2.712555321443784126e-10
-1.794420947344431763e-03 2.712510342372001244e-10
-1.684728617499294890e-03 2.712470693714699608e-10
-1.581738957693386684e-03 2.712435743779500860e-10
-1.485042406148618429e-03 2.712404935741810427e-10
-1.394254427061488973e-03 2.712377778769324129e-10
-1.309013981409089993e-03 2.712353840199064727e-10
-1.228982091195453740e-03 2.712332738642381222e-10
-1.153840491428526288e-03 2.712314137907424905e-10
-1.083290364467113165e-03 2.712297741642331325e-10
-1.017051151704679570e-03 2.712283288613517742e-10
-9.548594378642998991e-04 2.712270548543586355e-10
-8.964679034679587247e-04 2.712259318442862038e-10
-8.416443413144891576e-04 2.712249419375473900e-10
-7.901707330548732918e-04 2.712240693609035652e-10
-7.418423821927417998e-04 2.712233002101847713e-10
-6.964671000622763746e-04 2.712226222288203326e-10
-6.538644415463101345e-04 2.712220246125959515e-10
-6.138649874953195544e-04 2.712214978375537156e-10
-5.763096709937077546e-04 2.712210335082925506e-10
-5.410491447940707658e-04 2.712206242242405666e-10
-5.079431874039339089e-04 2.712202634617723602e-10
-4.768601454631505969e-04 2.712199454702961049e-10
-4.476764101943878299e-04 2.712196651806575661e-10
-4.202759258447686459e-04 2.712194181244002432e-10
-3.945497281637799845e-04 2.712192003625766030e-10
-3.703955110821903832e-04 2.712190084230143402e-10
-3.477172198687347553e-04 2.712188392450051881e-10
-3.264246691466341703e-04 2.712186901305425179e-10
-3.064331842509692436e-04 2.712185587013606280e-10
-2.876632645006474724e-04 2.712184428610285722e-10
-2.700402670458676067e-04 2.712183407615635472e-10
-2.534941100338807115e-04 2.712182507739974804e-10
-2.379589939125882462e-04 2.712181714624099687e-10
-2.233731397636618432e-04 2.712181015610645417e-10
-2.096785436246481258e-04 2.712180399542371900e-10
-1.968207458230403738e-04 2.712179856584437695e-10
-1.847486144050079770e-04 2.712179378067632227e-10
-1.734141417975726429e-04 2.712178956350326063e-10
-1.627722538955931274e-04 2.712178584696644269e-10
-1.527806308143372189e-04 2.712178257169133523e-10
-1.433995385948514170e-04 2.712177968534166771e-10
-1.345916711928507147e-04 2.712177714178539126e-10
-1.263220021227506255e-04 2.712177490035925304e-10
-1.185576451668948804e-04 2.712177292522022465e-10
-1.112677235960431003e-04 2.712177118477537819e-10
-1.044232473810362147e-04 2.712176965117723890e-10
-9.799699790736354202e-05 2.712176829987987868e-10
-9.196341973416139544e-05 2.712176710924819732e-10
-8.629851896719176359e-05 2.712176606021228508e-10
-8.097976784167412539e-05 2.712176513596429723e-10
-7.598601513551331310e-05 2.712176432168873620e-10
-7.129740205665540287e-05 2.712176360432801321e-10
-6.689528327009240302e-05 2.712176297237300605e-10
-6.276215275045356852e-05 2.712176241567983341e-10
-5.888157416531500463e-05 2.712176192530802223e-10
-5.523811551239205268e-05 2.712176149337778277e-10
-5.181728775067791524e-05 2.712176111294386881e-10
-4.860548718147756638e-05 2.712176077788576419e-10
-4.558994135021126844e-05 2.712176048280907775e-10
-4.275865825384858419e-05 2.712176022295932526e-10
-4.010037865198160146e-05 2.712175999414675421e-10
-3.760453129189908716e-05 2.712175979267901128e-10
-3.526119086959958525e-05 2.712175961530167325e-10
-3.306103855956327154e-05 2.712175945914739093e-10
-3.099532495632644548e-05 2.712175932168883801e-10
-2.905583528048395544e-05 2.712175920069923395e-10
-2.723485671075096226e-05 2.712175909421610309e-10
-2.552514771217800657e-05 2.712175900051043115e-10
-2.391990923854284747e-05 2.712175891805825160e-10
-2.241275769439721272e-05 2.712175884551733463e-10
-2.099769954925015053e-05 2.712175878170442423e-10
-1.966910750293300909e-05 2.712175872557753134e-10
-1.842169810736080741e-05 2.712175867621838205e-10
-1.725051075570132930e-05 2.712175863281768873e-10
-1.615088795539561633e-05 2.712175859466308342e-10
-1.511845680657980123e-05 2.712175856112643618e-10
-1.414911161225593266e-05 2.712175853165484398e-10
-1.323899755105558475e-05 2.712175850576084930e-10
-1.238449534766613459e-05 2.712175848301566754e-10
-1.158220687996078599e-05 2.712175846304110139e-10
-1.082894166559426607e-05 2.712175844550414345e-10
-1.012170417432434343e-05 2.712175843011207001e-10
-9.457681915605696142e-06 2.712175841660625788e-10
-8.834234254082606896e-06 2.712175840475950122e-10
-8.248881908502043135e-06 2.712175839437157064e-10
-7.699297092288845179e-06 2.712175838526661786e-10
-7.183294256573823982e-06 2.712175837728893131e-10
-6.698821398861734940e-06 2.712175837030245529e-10
-6.243951902777456888e-06 2.712175836418656101e-10
-5.816876876438485798e-06 2.712175835883572608e-10
-5.415897958985060038e-06 2.712175835415668589e-10
-5.039420566662596439e-06 2.712175835006773050e-10
-4.685947551597296836e-06 2.712175834649668840e-10
-4.354073248047161842e-06 2.712175834337995974e-10
-4.042477882453245495e-06 2.712175834066224232e-10
-3.749922325059951160e-06 2.712175833829400872e-10
-3.475243162234227762e-06 2.712175833623228689e-10
-3.217348069887064443e-06 2.712175833443939360e-10
-2.975211469598384632e-06 2.712175833288179699e-10
-2.747870450171603521e-06 2.712175833153021489e-10
-2.534420938398601179e-06 2.712175833035891163e-10
-2.334014103807039897e-06 2.712175832934544478e-10
-2.145852983093271333e-06 2.712175832846976036e-10
-1.969189310816785935e-06 2.712175832771462201e-10
-1.803320543752548581e-06 2.712175832706460281e-10
-1.647587067068355029e-06 2.712175832650621970e-10
-1.501369571216668681e-06 2.712175832602791285e-10
-1.364086589109387048e-06 2.712175832561926495e-10
-1.235192183781944781e-06 2.712175832527122871e-10
-1.114173777351006344e-06 2.712175832497589938e-10
-1.000550112631961414e-06 2.712175832472633899e-10
-8.938693393104654022e-07 2.712175832451618342e-10
-7.937072170570570337e-07 2.712175832434072290e-10
-6.996654284390261791e-07 2.712175832419483926e-10
-6.113699949207071113e-07 2.712175832407458788e-10
-5.284697896529079203e-07 2.712175832397649459e-10
-4.506351411371571005e-07 2.712175832389719382e-10
-3.775565222121384326e-07 2.712175832383436946e-10
-3.089433191486484405e-07 2.712175832378542104e-10
-2.445226759580218821e-07 2.712175832374842022e-10
-1.840384093183425875e-07 2.712175832372144379e-10
-1.272499898032904365e-07 2.712175832370303902e-10
-7.393158536218592144e-08 2.712175832369195480e-10
-2.387116324756687046e-08 2.712175832368685213e-10
2.387116324756687046e-08 2.712175832368685213e-10
7.393158536217865548e-08 2.712175832369195480e-10
1.272499898032904365e-07 2.712175832370303902e-10
1.840384093183425875e-07 2.712175832372144379e-10
2.445226759580130942e-07 2.712175832374842022e-10
3.089433191486484405e-07 2.712175832378542104e-10
3.775565222121384326e-07 2.712175832383436946e-10
4.506351411371465126e-07 2.712175832389719382e-10
5.284697896529079203e-07 2.712175832397649459e-10
6.113699949207071113e-07 2.712175832407458788e-10
6.996654284390133677e-07 2.712175832419483926e-10
7.937072170570570337e-07 2.712175832434072290e-10
8.938693393104654022e-07 2.712175832451618342e-10
1.000550112631946167e-06 2.712175832472633899e-10
1.114173777351006344e-06 2.712175832497589938e-10
1.235192183781944781e-06 2.712175832527122871e-10
1.364086589109368413e-06 2.712175832561926495e-10
1.501369571216668681e-06 2.712175832602791285e-10
1.647587067068355029e-06 2.712175832650621970e-10
1.803320543752526134e-06 2.712175832706460281e-10
1.969189310816785935e-06 2.712175832771462201e-10
2.145852983093271333e-06 2.712175832846976036e-10
2.334014103807012369e-06 2.712175832934544478e-10
2.534420938398601179e-06 2.712175833035891163e-10
2.747870450171603521e-06 2.712175833153021489e-10
2.975211469598351597e-06 2.712175833288179699e-10
3.217348069887064443e-06 2.712175833443939360e-10
3.475243162234227762e-06 2.712175833623228689e-10
3.749922325059911349e-06 2.712175833829400872e-10
4.042477882453245495e-06 2.712175834066224232e-10
4.354073248047161842e-06 2.712175834337995974e-10
4.685947551597248555e-06 2.712175834649668840e-10
5.039420566662596439e-06 2.712175835006773050e-10
5.415897958985004981e-06 2.712175835415668589e-10
5.816876876438427352e-06 2.712175835883572608e-10
6.243951902777456888e-06 2.712175836418656101e-10
6.698821398861668871e-06 2.712175837030245529e-10
7.183294256573753678e-06 2.712175837728893131e-10
7.699297092288845179e-06 2.712175838526661786e-10
8.248881908501963514e-06 2.712175839437157064e-10
8.834234254082522193e-06 2.712175840475950122e-10
9.457681915605696142e-06 2.712175841660625788e-10
1.012170417432424687e-05 2.712175843011207001e-10
1.082894166559416273e-05 2.712175844550414345e-10
1.158220687996078599e-05 2.712175846304110139e-10
1.238449534766601939e-05 2.712175848301566754e-10
1.323899755105545939e-05 2.712175850576084930e-10
1.414911161225593266e-05 2.712175853165484398e-10
1.511845680657965724e-05 2.712175856112643618e-10
1.615088795539546725e-05 2.712175859466308342e-10
1.725051075570132930e-05 2.712175863281768873e-10
1.842169810736063801e-05 2.712175867621838205e-10
1.966910750293282952e-05 2.712175872557753134e-10
2.099769954925015053e-05 2.712175878170442423e-10
2.241275769439700604e-05 2.712175884551733463e-10
2.391990923854262385e-05 2.712175891805825160e-10
2.552514771217800657e-05 2.712175900051043115e-10
2.723485671075071492e-05 2.712175909421610309e-10
2.905583528048369117e-05 2.712175920069923395e-10
3.099532495632644548e-05 2.712175932168883801e-10
3.306103855956297338e-05 2.712175945914739093e-10
3.526119086959926676e-05 2.712175961530167325e-10
3.760453129189908716e-05 2.712175979267901128e-10
4.010037865198123555e-05 2.712175999414675421e-10
4.275865825384819795e-05 2.712176022295932526e-10
4.558994135021126844e-05 2.712176048280907775e-10
4.860548718147712592e-05 2.712176077788576419e-10
5.181728775067744768e-05 2.712176111294386881e-10
5.523811551239205268e-05 2.712176149337778277e-10
5.888157416531447608e-05 2.712176192530802223e-10
6.276215275045299931e-05 2.712176241567983341e-10
6.689528327009240302e-05 2.712176297237300605e-10
7.129740205665476590e-05 2.712176360432801321e-10
7.598601513551263547e-05 2.712176432168873620e-10
8.097976784167412539e-05 2.712176513596429723e-10
8.629851896719099109e-05 2.712176606021228508e-10
9.196341973416056873e-05 2.712176710924819732e-10
9.799699790736354202e-05 2.712176829987987868e-10
1.044232473810352796e-04 2.712176965117723890e-10
1.112677235960420974e-04 2.712177118477537819e-10
1.185576451668948804e-04 2.712177292522022465e-10
1.263220021227494871e-04 2.712177490035925304e-10
1.345916711928494950e-04 2.712177714178539126e-10
1.433995385948514170e-04 2.712177968534166771e-10
1.527806308143358637e-04 2.712178257169133523e-10
1.627722538955916909e-04 2.712178584696644269e-10
1.734141417975726429e-04 2.712178956350326063e-10
1.847486144050063236e-04 2.712179378067632227e-10
1.968207458230386390e-04 2.712179856584437695e-10
2.096785436246481258e-04 2.712180399542371900e-10
2.233731397636598375e-04 2.712181015610645417e-10
2.379589939125861320e-04 2.712181714624099687e-10
2.534941100338807115e-04 2.712182507739974804e-10
2.700402670458652214e-04 2.712183407615635472e-10
2.876632645006474724e-04 2.712184428610285722e-10
3.064331842509692436e-04 2.712185587013606280e-10
3.264246691466312429e-04 2.712186901305425179e-10
3.477172198687347553e-04 2.712188392450051881e-10
3.703955110821903832e-04 2.712190084230143402e-10
3.945497281637764609e-04 2.712192003625766030e-10
4.202759258447686459e-04 2.712194181244002432e-10
4.476764101943878299e-04 2.712196651806575661e-10
4.768601454631463685e-04 2.712199454702961049e-10
5.079431874039339089e-04 2.712202634617723602e-10
5.410491447940683806e-04 2.712206242242405666e-10
5.763096709937052609e-04 2.712210335082925506e-10
6.138649874953195544e-04 2.712214978375537156e-10
6.538644415463072072e-04 2.712220246125959515e-10
6.964671000622733388e-04 2.712226222288203326e-10
7.418423821927417998e-04 2.712233002101847713e-10
7.901707330548697139e-04 2.712240693609035652e-10
8.416443413144852545e-04 2.712249419375473900e-10
8.964679034679587247e-04 2.712259318442862038e-10
9.548594378642956708e-04 2.712270548543586355e-10
1.017051151704675017e-03 2.712283288613517742e-10
1.083290364467113165e-03 2.712297741642331325e-10
1.153840491428521084e-03 2.712314137907424905e-10
1.228982091195448319e-03 2.712332738642381222e-10
1.309013981409089993e-03 2.712353840199064727e-10
1.394254427061482901e-03 2.712377778769324129e-10
1.485042406148611707e-03 2.712404935741810427e-10
1.581738957693386684e-03 2.712435743779500860e-10
1.684728617499287517e-03 2.712470693714699608e-10
1.794420947344423523e-03 2.712510342372001244e-10
1.911252163696946192e-03 2.712555321443784126e-10
2.035686872428873594e-03 2.712606347560531027e-10
2.168219916426985822e-03 2.712664233716863128e-10
2.309378343447928035e-03 2.712729902235907627e-10
2.459723502043281544e-03 2.712804399480139874e-10
2.619853273889716141e-03 2.712888912544056664e-10
2.790404451401243442e-03 2.712984788196432360e-10
2.972055270078832485e-03 2.713093554376699868e-10
3.165528105668094852e-03 2.713216944590415629e-10
3.371592346850472034e-03 2.713356925597054394e-10
3.591067454892016286e-03 2.713515728835832165e-10
3.824826222417438987e-03 2.713695886097239385e-10
4.073798244268176869e-03 2.713900270017186507e-10
4.338973614247340800e-03 2.714132140049750296e-10
4.621406862452843295e-03 2.714395194665666059e-10
4.922221148855803613e-03 2.714693630626620540e-10
5.242612729801172412e-03 2.715032210303525243e-10
5.583855715193094399e-03 2.715416338142401273e-10
5.947307135282262590e-03 2.715852147536086154e-10
6.334412337204820692e-03 2.716346599536987187e-10
6.746710732733886100e-03 2.716907595050370872e-10
7.185841920100037063e-03 2.717544102380975463e-10
7.653552204225934005e-03 2.718266302275897626e-10
8.151701541304925275e-03 2.719085752916501896e-10
8.682270935339195597e-03 2.720015577672236455e-10
9.247370316051963662e-03 2.721070678844122548e-10
9.849246929502777567e-03 2.722267981108950637e-10
1.049029427477177374e-02 2.723626708936631155e-10
1.117306162225219397e-02 2.725168702908221976e-10
1.190026415140376694e-02 2.726918780629902971e-10
1.267479374828037013e-02 2.728905148838136367e-10
1.349973050577152334e-02 2.731159874352217252e-10
1.437835497229211779e-02 2.733719422785731870e-10
1.531416119762810286e-02 2.736625275416749136e-10
1.631087062781879510e-02 2.739924636392517258e-10
1.737244690433321567e-02 2.743671244568212198e-10
1.850311162639044910e-02 2.747926306834323076e-10
1.970736113910743700e-02 2.752759572871816675e-10
2.098998441423769942e-02 2.758250575018862034e-10
2.235608209460499679e-02 2.764490061497466976e-10
2.381108677796757098e-02 2.771581656843115246e-10
2.536078462097841185e-02 2.779643790271008830e-10
2.701133834915109624e-02 2.788811941240782052e-10
2.876931176433698834e-02 2.799241262093221043e-10
3.064169584717577749e-02 2.811109650903853345e-10
3.263593655831751456e-02 2.824621364381565542e-10
3.475996444897566651e-02 2.840011281723187628e-10
3.702222619856727903e-02 2.857549957119742992e-10
3.943171820485173729e-02 2.877549632817217583e-10
4.199802236014902462e-02 2.900371428560613447e-10
4.473134415591326768e-02 2.926433979963864555e-10
4.764255326718694339e-02 2.956223871983801647e-10
5.074322677833156825e-02 2.990308309832959876e-10
5.404569522193609227e-02 3.029350595969610103e-10
5.756309161397969026e-02 3.074129148725166663e-10
6.130940368025160347e-02 3.125561020113830810e-10
6.529952948172323968e-02 3.184731167531943753e-10
6.954933666007066806e-02 3.252929134563599804e-10
7.407572553895443168e-02 3.331695339762544370e-10
7.889669633199926368e-02 3.422879915736589039e-10
8.403142072473115953e-02 3.528718065460343438e-10
8.950031811513757540e-02 3.651927326303795668e-10
9.532513681604654066e-02 3.795834126950006416e-10
1.015290405422311915e-01 3.964539842160416212e-10
1.081367005261806707e-01 4.163140573512075409e-10
1.151743936288659592e-01 4.398020679903064263e-10
1.226701068356443602e-01 4.677248514997830984e-10
1.306536485528610736e-01 5.011115229394757332e-10
1.391567671477548507e-01 5.412875929148765483e-10
1.482132772030496648e-01 5.899780197143493398e-10
1.578591939883203232e-01 6.494521146771256382e-10
1.681328766829011112e-01 7.227297111805861837e-10
1.790751809198728173e-01 8.138781363426505682e-10
1.907296212577638539e-01 9.284455342548789071e-10
2.031180993447962990e-01 1.073787917927720773e-09
2.157282698469407123e-01 1.251728910978881073e-09
2.283384403490833492e-01 1.466304743926896871e-09
2.409486108512259861e-01 1.725332467436430919e-09
2.535587813533703994e-01 2.038354591744405286e-09
2.661689518555130363e-01 2.417019414301842992e-09
2.787791223576556732e-01 2.875544609575874969e-09
2.913892928598000864e-01 3.431281880609233683e-09
3.039994633619427233e-01 4.105404162910876525e-09
3.166096338640853602e-01 4.923741293957859421e-09
3.292198043662297735e-01 5.917795353178998757e-09
3.418299748683724104e-01 7.125973198727692964e-09
3.544401453705150473e-01 8.595081267080757330e-09
3.670503158726594606e-01 1.038213667968730669e-08
3.796604863748020975e-01 1.255655937415369592e-08
3.922706568769447344e-01 1.520282264415997692e-08
4.048808273790891477e-01 1.842365447854430219e-08
4.174909978812317846e-01 2.234389983621038975e-08
4.301011683833744215e-01 2.711517494179198633e-08
4.427113388855188347e-01 3.292146936916387295e-08
4.553215093876614716e-01 3.998588070637200209e-08
4.679316798898041085e-01 4.857870066498061723e-08
4.805418503919485218e-01 5.902711140642378094e-08
4.931520208940911587e-01 7.172679751482630353e-08
5.057621913962337956e-01 8.715583347864444113e-08
5.183723618983782089e-01 1.058912699152977824e-07
5.309825324005208458e-01 1.286289153941946970e-07
5.435927029026652590e-01 1.562068960552613927e-07
5.562028734048078960e-01 1.896336739278020329e-07
5.688130439069505329e-01 2.301213187625177619e-07
5.814232144090949461e-01 2.791249593325138113e-07
5.940333849112375830e-01 3.383894907870400430e-07
6.066435554133802199e-01 4.100047872292557067e-07
6.192537259155246332e-01 4.964708659459277620e-07
6.318638964176672701e-01 6.007746745958050529e-07
6.444740669198099070e-01 7.264804283628941090e-07
6.570842374219543203e-01 8.778357140460782164e-07
6.696944079240969572e-01 1.059895905976538862e-06
6.823045784262395941e-01 1.278669808447268647e-06
6.949147489283840073e-01 1.541289855136970425e-06
7.075249194305266442e-01 1.856210662134462287e-06
7.201350899326692812e-01 2.233440252089460636e-06
7.327452604348136944e-01 2.684808847302818214e-06
7.453554309369563313e-01 3.224280773842726435e-06
7.579656014390989682e-01 3.868315731614310094e-06
7.705757719412433815e-01 4.636286471173143411e-06
7.831859424433860184e-01 5.550960781186934895e-06
7.957961129455286553e-01 6.639056634670431361e-06
8.084062834476730686e-01 7.931880370783608785e-06
8.210164539498157055e-01 9.466058904762717478e-06
8.336266244519583424e-01 1.128437816320431578e-05
8.462367949541027556e-01 1.343674123611115752e-05
8.588469654562453925e-01 1.598126112015220863e-05
8.714571359583880295e-01 1.898550439716962970e-05
8.840673064605324427e-01 2.252790374383231961e-05
8.966774769626750796e-01 2.669935879604425975e-05
9.092876474648177165e-01 3.160504658618885871e-05
9.218978179669621298e-01 3.736646452052491782e-05
9.345079884691047667e-01 4.412373065279374495e-05
9.471181589712474036e-01 5.203816781931801803e-05
9.597283294733918169e-01 6.129520000753466526e-05
9.723384999755344538e-01 7.210759110652495321e-05
9.849486704776770907e-01 8.471905790242220951e-05
9.975588409798215039e-01 9.940829079607124480e-05
1.010169011481964141e+00 1.164934171922691453e-04
1.022779181984106778e+00 1.363369437908263379e-04
1.035389352486251191e+00 1.593512150450298920e-04
1.047999522988393828e+00 1.860044257829180682e-04
1.060609693490536465e+00 2.168272263448106814e-04
1.073219863992680878e+00 2.524199585046377312e-04
1.085830034494823515e+00 2.934605598358831086e-04
1.098440204996966152e+00 3.407131729726451883e-04
1.111050375499110565e+00 3.950374943153005442e-04
1.123660546001253202e+00 4.573988940488348844e-04
1.136270716503395839e+00 5.288793357862014727e-04
1.148880887005540252e+00 6.106891196249952195e-04
1.161491057507682889e+00 7.041794668191033195e-04
1.174101228009825526e+00 8.108559575256715736e-04
1.186711398511969939e+00 9.323928251022725166e-04
1.199321569014112576e+00 1.070648101118644056e-03
1.211931739516255213e+00 1.227679594537682724e-03
1.224541910018399626e+00 1.405761676347972800e-03
1.237152080520542263e+00 1.607402827249548556e-03
1.249762251022684900e+00 1.835363890773862670e-03
1.262372421524829313e+00 2.092676957446892080e-03
1.274982592026971950e+00 2.382664787299457448e-03
1.287592762529114587e+00 2.708960658228600805e-03
1.300202933031259001e+00 3.075528506492613157e-03
1.312813103533401637e+00 3.486683203087892393e-03
1.325423274035544274e+00 3.947110786051258140e-03
1.338033444537688688e+00 4.461888444037480188e-03
1.350643615039831325e+00 5.036504021071394437e-03
1.363253785541973961e+00 5.676874786432004744e-03
1.375863956044118375e+00 6.389365187507935542e-03
1.388474126546261012e+00 7.180803277535499282e-03
1.401084297048403648e+00 8.058495484800299452e-03
1.413694467550548062e+00 9.030239365592416384e-03
1.426304638052690699e+00 1.010433396046587703e-02
1.438914808554833336e+00 1.128958735268656595e-02
1.451524979056977749e+00 1.259532100972310560e-02
1.464135149559120386e+00 1.403137047385533999e-02
1.476745320061263023e+00 1.560808195705234991e-02
1.489355490563407436e+00 1.733630438882021937e-02
1.501965661065550073e+00 1.922737646441763024e-02
1.514575831567692710e+00 2.129310824525778092e-02
1.527186002069837123e+00 2.354575687409913784e-02
1.539796172571979760e+00 2.599799598533479236e-02
1.552406343074122397e+00 2.866287841584999260e-02
1.565016513576266810e+00 3.155379185496950956e-02
1.577626684078409447e+00 3.468440711339754873e-02
1.590236854580552084e+00 3.806861874098513288e-02
1.602847025082696497e+00 4.172047778188562456e-02
1.615457195584839134e+00 4.565411652320020691e-02
1.628067366086981771e+00 4.988366516952474905e-02
1.640677536589126184e+00 5.442316046061253243e-02
1.653287707091268821e+00 5.928644634234410404e-02
1.665897877593411458e+00 6.448706690171890354e-02
1.678508048095555871e+00 7.003815188395040581e-02
1.691118218597698508e+00 7.595229522302980596e-02
1.703728389099841145e+00 8.224142713526690074e-02
1.716338559601985558e+00 8.891668044691242168e-02
1.728948730104128195e+00 9.598825195075151584e-02
1.741558900606270832e+00 1.034652597107448557e-01
1.754169071108415245e+00 1.113555973566868890e-01
1.766779241610557882e+00 1.196657865306248181e-01
1.779389412112700519e+00 1.284008287612905808e-01
1.791999582614844932e+00 1.375640581500530979e-01
1.804609753116987569e+00 1.471569963498056965e-01
1.817219923619130206e+00 1.571792114044825162e-01
1.829830094121274620e+00 1.676281820895397234e-01
1.842440264623417256e+00 1.784991694506473936e-01
1.855050435125559893e+00 1.897850972769498934e-01
1.867660605627704307e+00 2.014764432649799875e-01
1.880270776129846944e+00 2.135611426276294300e-01
1.892880946631989580e+00 2.260245058785496086e-01
1.905491117134133994e+00 2.388491524744086603e-01
1.918101287636276631e+00 2.520149619249237860e-01
1.930711458138419268e+00 2.654990438832351418e-01
1.943321628640563681e+00 2.792757286061088307e-01
1.955931799142706318e+00 2.933165790261258454e-01
1.968541969644848955e+00 3.075904255058318215e-01
1.981152140146993368e+00 3.220634241487950744e-01
1.993762310649136005e+00 3.366991393258338960e-01
2.006372481151278642e+00 3.514586508382961938e-01
2.018982651653423055e+00 3.663006858866807436e-01
2.031592822155565692e+00 3.811817757447726884e-01
2.044202992657708329e+00 3.960564367600707403e-01
2.056813163159852742e+00 4.108773750139555481e-01
2.069423333661995379e+00 4.255957136836161503e-01
2.082033504164138016e+00 4.401612418564367357e-01
2.094643674666282429e+00 4.545226832597087929e-01
2.107253845168425066e+00 4.686279830898426035e-01
2.119864015670569479e+00 4.824246108582430637e-01
2.132474186172712116e+00 4.958598769218092173e-01
2.145084356674854753e+00 5.088812601369125943e-01
2.157694527176999166e+00 5.214367438724950565e-01
2.170304697679141803e+00 5.334751574425297127e-01
2.182914868181284440e+00 5.449465198755323314e-01
2.195525038683428853e+00 5.558023828304299307e-01
2.208135209185571490e+00 5.659961693978673436e-01
2.220745379687714127e+00 5.754835054947744499e-01
2.233355550189858540e+00 5.842225405695056217e-01
2.245965720692001177e+00 5.921742543864116914e-01
2.258575891194143814e+00 5.993027467511520268e-01
2.271186061696288228e+00 6.055755071721969918e-01
2.283796232198430864e+00 6.109636616281038934e-01
2.296406402700573501e+00 6.154421938218385124e-01
2.309016573202717915e+00 6.189901385514273713e-01
2.321626743704860552e+00 6.215907451066812195e-01
2.334236914207003188e+00 6.232316089107162727e-01
2.346847084709147602e+00 6.239047699598054830e-01
2.359457255211290239e+00 6.236067769695395890e-01
2.372067425713432876e+00 6.223387165055775938e-01
2.384677596215577289e+00 6.201062067582188142e-01
2.397287766717719926e+00 6.169193560054907488e-01
2.409897937219862563e+00 6.127926861951908943e-01
2.422508107722006976e+00 6.077450224559873826e-01
2.435118278224149613e+00 6.017993497162236194e-01
2.447728448726292250e+00 5.949826379618050609e-01
2.460338619228436663e+00 5.873256379958109452e-01
2.472948789730579300e+00 5.788626498683641097e-01
2.485558960232721937e+00 5.696312664216616195e-01
2.498169130734866350e+00 5.596720946378899164e-01
2.510779301237008987e+00 5.490284576845778641e-01
2.523389471739151624e+00 5.377460807200626913e-01
2.535999642241296037e+00 5.258727636492538382e-01
2.548609812743438674e+00 5.134580441056859623e-01
2.561219983245581311e+00 5.005528539799959376e-01
2.573830153747725724e+00 4.872091728164444913e-01
2.586440324249868361e+00 4.734796813601446219e-01
2.599050494752010998e+00 4.594174184586272691e-01
2.611660665254155411e+00 4.450754444047914093e-01
2.624270835756298048e+00 4.305065136567236550e-01
2.636881006258440685e+00 4.157627596860329344e-01
2.649491176760585098e+00 4.008953944941209269e-01
2.662101347262727735e+00 3.859544250985468272e-01
2.674711517764870372e+00 3.709883890337663526e-01
2.687321688267014785e+00 3.560441106360119345e-01
2.699931858769157422e+00 3.411664795955248741e-01
2.712542029271300059e+00 3.263982529646951569e-01
2.725152199773444472e+00 3.117798815132224455e-01
2.737762370275587109e+00 2.973493610239856810e-01
2.750372540777729746e+00 2.831421088313555434e-01
2.762982711279874160e+00 2.691908656204795580e-01
2.775592881782016796e+00 2.555256222343892936e-01
2.788203052284159433e+00 2.421735709805108716e-01
2.800813222786303847e+00 2.291590806903414934e-01
2.813423393288446483e+00 2.165036945692988546e-01
2.826033563790589120e+00 2.042261496793059961e-01
2.838643734292733534e+00 1.923424167266817308e-01
2.851253904794876171e+00 1.808657586826722952e-01
2.863864075297018807e+00 1.698068066449880953e-01
2.876474245799163221e+00 1.591736512554715877e-01
2.889084416301305858e+00 1.489719479217331000e-01
2.901694586803448495e+00 1.392050340485948279e-01
2.914304757305592908e+00 1.298740564674375764e-01
2.926914927807735545e+00 1.209781072569270921e-01
2.939525098309878182e+00 1.125143661755716729e-01
2.952135268812022595e+00 1.044782479732057345e-01
2.964745439314165232e+00 9.686355291333696715e-02
2.977355609816307869e+00 8.966261891850331456e-02
2.989965780318452282e+00 8.286647384506898306e-02
3.002575950820594919e+00 7.646498649922325863e-02
3.015186121322737556e+00 7.044701512063754334e-02
3.027796291824881969e+00 6.480055218175535814e-02
3.040406462327024606e+00 5.951286447699306870e-02
3.053016632829167243e+00 5.457062760517949335e-02
3.065626803331311656e+00 4.996005407820616057e-02
3.078236973833454293e+00 4.566701441760956381e-02
3.090847144335596930e+00 4.167715072662286219e-02
3.103457314837741343e+00 3.797598234701277803e-02
3.116067485339883980e+00 3.454900332615958719e-02
3.128677655842026617e+00 3.138177152941296066e-02
3.141287826344171030e+00 2.845998933484234286e-02
3.153897996846313667e+00 2.576957594125110426e-02
3.166508167348456304e+00 2.329673140540995668e-02
3.179118337850600717e+00 2.102799260034284370e-02
3.191728508352743354e+00 1.895028135308410300e-02
3.204338678854885991e+00 1.705094507760007705e-02
3.216948849357030404e+00 1.531779026657604202e-02
3.229559019859173041e+00 1.373910924481053404e-02
3.242169190361315678e+00 1.230370061737400857e-02
3.254779360863460091e+00 1.100088386788648440e-02
3.267389531365602728e+00 9.820508576837258877e-03
3.279999701867745365e+00 8.752958737325676128e-03
3.292609872369889779e+00 7.789152646628199478e-03
3.305220042872032415e+00 6.920538847220394051e-03
3.317830213374175052e+00 6.139088581002252396e-03
3.330440383876319466e+00 5.437285206149545386e-03
3.343050554378462103e+00 4.808111007951997029e-03
3.355660724880604739e+00 4.245031813800566670e-03
3.368270895382749153e+00 3.741979798843396692e-03
3.380881065884891790e+00 3.293334843286475997e-03
3.393491236387034427e+00 2.893904775450613538e-03
3.406101406889178840e+00 2.538904807017949242e-03
3.418711577391321477e+00 2.223936438870953609e-03
3.431321747893464114e+00 1.944966087951351076e-03
3.443931918395608527e+00 1.698303658024999906e-03
3.456542088897751164e+00 1.480581250431290199e-03
3.469152259399893801e+00 1.288732185087589901e-03
3.481762429902038214e+00 1.119970477441093902e-03
3.494372600404180851e+00 9.717708938632126699e-04
3.506982770906323488e+00 8.418496863140858405e-04
3.519592941408467901e+00 7.281460870466596388e-04
3.532203111910610538e+00 6.288046257309263349e-04
3.544813282412753175e+00 5.421583146816634806e-04
3.557423452914897588e+00 4.667127328657466449e-04
3.570033623417040225e+00 4.011310260153978357e-04
3.582643793919182862e+00 3.442198284378596455e-04
3.595253964421327275e+00 2.949161019199925127e-04
3.607864134923469912e+00 2.522748784017532215e-04
3.620474305425612549e+00 2.154578857443547680e-04
3.633084475927756962e+00 1.837230298508429102e-04
3.645694646429899599e+00 1.564147015058932615e-04
3.658304816932042236e+00 1.329548724836582794e-04
3.670914987434186649e+00 1.128349426224642936e-04
3.683525157936329286e+00 9.560829757828037320e-05
3.696135328438471923e+00 8.088353574446074858e-05
3.708745498940616336e+00 6.831832226598198569e-05
3.721355669442758973e+00 5.761382808914010460e-05
3.733965839944901610e+00 4.850971248621656991e-05
3.746576010447046023e+00 4.077960839809427750e-05
3.759186180949188660e+00 3.422707117181861096e-05
3.771796351451333074e+00 2.868195276747454372e-05
3.784406521953475711e+00 2.399716520866839156e-05
3.797016692455618347e+00 2.004579889903546942e-05
3.809626862957762761e+00 1.671856337623325300e-05
3.822237033459905398e+00 1.392152008299012332e-05
3.834847203962048034e+00 1.157407876657078852e-05
3.847457374464192448e+00 9.607231143147914080e-06
3.860067544966335085e+00 7.961997456986903758e-06
3.872677715468477722e+00 6.588063505462823608e-06
3.885287885970622135e+00 5.442587573465250545e-06
3.897898056472764772e+00 4.489158511999377855e-06
3.910508226974907409e+00 3.696887896516718318e-06
3.923118397477051822e+00 3.039620804237636954e-06
3.935728567979194459e+00 2.495251252544242222e-06
3.948338738481337096e+00 2.045129740614749414e-06
3.960948908983481509e+00 1.673551633824702136e-06
3.973559079485624146e+00 1.367316326498697375e-06
3.986169249987766783e+00 1.115348216013374364e-06
3.998779420489911196e+00 9.083715235974283184e-07
4.011389590992053833e+00 7.386319087449943060e-07
4.023999761494196470e+00 5.996586497632374406e-07
4.036609931996340883e+00 4.860619077697412787e-07
4.049220102498483520e+00 3.933602607994276972e-07
4.061830273000626157e+00 3.178342940204053349e-07
4.074440443502770570e+00 2.564025668106120496e-07
4.087050614004913207e+00 2.065167529428874267e-07
4.099660784507055844e+00 1.660731715188011347e-07
4.112270955009200257e+00 1.333382985319947076e-07
4.124881125511342894e+00 1.068861767227113919e-07
4.137491296013485531e+00 8.554592912892385184e-08
4.150101466515629944e+00 6.835783357572665190e-08
4.162711637017772581e+00 5.453663510448782050e-08
4.175321807519915218e+00 4.344096455875857823e-08
4.187931978022059631e+00 3.454789745124792500e-08
4.200542148524202268e+00 2.743183078436604098e-08
4.213152319026344905e+00 2.174697935968567152e-08
4.225762489528489319e+00 1.721289970103432265e-08
4.238372660030631955e+00 1.360254119771253833e-08
4.250982830532774592e+00 1.073240238481856626e-08
4.263593001034919006e+00 8.454437140650697177e-09
4.276203171537061642e+00 6.649412524951217927e-09
4.288813342039204279e+00 5.221468356282232908e-09
4.301423512541348693e+00 4.093669619745147672e-09
4.314033683043491330e+00 3.204377448850268648e-09
4.326643853545633966e+00 2.504293647294903677e-09
4.339254024047778380e+00 1.954058299699744654e-09
4.351864194549921017e+00 1.522300652227123422e-09
4.364474365052063654e+00 1.184060718913393054e-09
4.377084535554208067e+00 9.195134999945354806e-10
4.389694706056350704e+00 7.129397250430771222e-10
4.402304876558493341e+00 5.518970338814562381e-10
4.414915047060635978e+00 4.265538045590025980e-10
4.427525217562778614e+00 3.291547049711493012e-10
4.440135388064924804e+00 2.535927164152672510e-10
4.452745558567067441e+00 1.950670512671284552e-10
4.465355729069210078e+00 1.498102300954090421e-10
4.477965899571352715e+00 1.148707366560204243e-10
4.490576070073495352e+00 8.794025058971905433e-11
4.503186240575637989e+00 6.721656639329642185e-11
4.515796411077784178e+00 5.129502618729360552e-11
4.528406581579926815e+00 3.908269202368066763e-11
4.541016752082069452e+00 2.973061839770157394e-11
4.553626922584212089e+00 2.258050488794254542e-11
4.566237093086354726e+00 1.712275186609346300e-11
4.578847263588500915e+00 1.296354152897169598e-11
4.591457434090643552e+00 9.799048900656991135e-12
4.604067604592786189e+00 7.395274937798802713e-12
4.616677775094928826e+00 5.572304479736785713e-12
4.629287945597071463e+00 4.192040259374779297e-12
4.641898116099214100e+00 3.148662555123395451e-12
4.654508286601360290e+00 2.361222102967412210e-12
4.667118457103502926e+00 1.767899544235914194e-12
4.679728627605645563e+00 1.321564392991759305e-12
4.692338798107788200e+00 9.863454668728981223e-13
4.704948968609930837e+00 7.349871293778485833e-13
4.717559139112073474e+00 5.468149131987029420e-13
4.730169309614219664e+00 4.061728410438264736e-13
4.742779480116362301e+00 3.012252013382040261e-13
4.755389650618504938e+00 2.230394046485249565e-13
4.767999821120647574e+00 1.648852250031707537e-13
4.780609991622790211e+00 1.217003184617998123e-13
4.793220162124932848e+00 8.968328278454692645e-14
4.805830332627079038e+00 6.598436890898674680e-14
4.818440503129221675e+00 4.847082433970598899e-14
4.831050673631364312e+00 3.554917219321509074e-14
4.843660844133506949e+00 2.603084740326452674e-14
4.856271014635649586e+00 1.903079050864210223e-14
4.868881185137792222e+00 1.389104887347769190e-14
4.881491355639938412e+00 1.012331892496522226e-14
4.894101526142081049e+00 7.365808922047844917e-15
4.906711696644223686e+00 5.350909534146767350e-15
4.919321867146366323e+00 3.881006590206436370e-15
4.931932037648508960e+00 2.810416875598820557e-15
4.944542208150651597e+00 2.031920364866941672e-15
4.957152378652797786e+00 1.466736761670498595e-15
4.969762549154940423e+00 1.057078423500932453e-15
4.982372719657083060e+00 7.606270368832112899e-16
4.994982890159225697e+00 5.464441862093408234e-16
5.007593060661368334e+00 3.919488042797210911e-16
5.020203231163510971e+00 2.806870287454614110e-16
5.032813401665657160e+00 2.006895643552934092e-16
5.045423572167799797e+00 1.432638662619433332e-16
5.058033742669942434e+00 1.021075738348153561e-16
5.070643913172085071e+00 7.265887051390290686e-17
5.083254083674227708e+00 5.162127253109149200e-17
5.095864254176370345e+00 3.661660976055410764e-17
5.108474424678516534e+00 2.593205306643129948e-17
5.121084595180659171e+00 1.833601686613389230e-17
5.133694765682801808e+00 1.294441444412376499e-17
5.146304936184944445e+00 9.123660452150455670e-18
5.158915106687087082e+00 6.420444522267200633e-18
5.171525277189229719e+00 4.510974207284692651e-18
5.184135447691375909e+00 3.164352354875973259e-18
5.196745618193518546e+00 2.216198009241956958e-18
5.209355788695661182e+00 1.549678112084750400e-18
5.221965959197803819e+00 1.081891321232854408e-18
5.234576129699946456e+00 7.541104494217468135e-19
5.247186300202089093e+00 5.248019605225787944e-19
5.259796470704235283e+00 3.646406583645838902e-19
5.272406641206377920e+00 2.529553522671937893e-19
5.285016811708520557e+00 1.751990621319660689e-19
5.297626982210663193e+00 1.211514981157105543e-19
5.310237152712805830e+00 8.364401933719171898e-20
5.322847323214948467e+00 5.765673919744862899e-20
5.335457493717094657e+00 3.968024308822864610e-20
5.348067664219237294e+00 2.726513298814763252e-20
5.360677834721379931e+00 1.870466573604605654e-20
5.373288005223522568e+00 1.281153900785766980e-20
5.385898175725665205e+00 8.761161003330285459e-21
5.398508346227807841e+00 5.981787927903696241e-21
5.411118516729954031e+00 4.077644319193693517e-21
5.423728687232096668e+00 2.775215001027767396e-21
5.436338857734239305e+00 1.885788046933007177e-21
5.448949028236381942e+00 1.279375589329521714e-21
5.461559198738524579e+00 8.665869907266336696e-22
5.474169369240667216e+00 5.860506881817605433e-22
5.486779539742813405e+00 3.957009493767786947e-22
5.499389710244956042e+00 2.667521249904779488e-22
5.511999880747098679e+00 1.795384839855271032e-22
5.524610051249241316e+00 1.206468749153760039e-22
5.537220221751383953e+00 8.094377309366012219e-23
5.549830392253526590e+00 5.422001629839662482e-23
5.562440562755672779e+00 3.626140785977382902e-23
5.575050733257815416e+00 2.421243599379834275e-23
5.587660903759958053e+00 1.614139640201670103e-23
5.600271074262100690e+00 1.074366607433087988e-23
5.612881244764243327e+00 7.139580068425181345e-24
5.625491415266385964e+00 4.736980442374745361e-24
5.638101585768532154e+00 3.137901153777671094e-24
5.650711756270674790e+00 2.075322802773131452e-24
5.663321926772817427e+00 1.370379258898564717e-24
5.675932097274960064e+00 9.034510012879334322e-25
5.688542267777102701e+00 5.946715014480250534e-25
5.701152438279245338e+00 3.908033996450316044e-25
5.713762608781391528e+00 2.564178251282816426e-25
5.726372779283534165e+00 1.679758132252826434e-25
5.738982949785676801e+00 1.098636292845548441e-25
5.751593120287819438e+00 7.174138697667035799e-26
5.764203290789962075e+00 4.677289184720122720e-26
5.776813461292104712e+00 3.044579301467512178e-26
5.789423631794250902e+00 1.978649924348935784e-26
5.802033802296393539e+00 1.283864610392936903e-26
5.814643972798536176e+00 8.317217798468126140e-27
5.827254143300678813e+00 5.379544338909916695e-27
5.839864313802821449e+00 3.473933239722410940e-27
5.852474484304964086e+00 2.239783256265010807e-27
5.865084654807110276e+00 1.441780200820448747e-27
5.877694825309252913e+00 9.266178205309777174e-28
5.890304995811395550e+00 5.945806286085450192e-28
5.902915166313538187e+00 3.809161354259209847e-28
5.915525336815680824e+00 2.436444252880285131e-28
5.928135507317823460e+00 1.555937233494960436e-28
5.940745677819969650e+00 9.920558971962679739e-29
5.953355848322112287e+00 6.315222803106807939e-29
5.965966018824254924e+00 4.013743966640043715e-29
5.978576189326397561e+00 2.546942254688833470e-29
5.991186359828540198e+00 1.613604014172456831e-29
6.003796530330682835e+00 1.020665080769361231e-29
6.016406700832829024e+00 6.445816864112738669e-30
6.029016871334971661e+00 4.064256156594943863e-30
6.041627041837114298e+00 2.558542154598497249e-30
6.054237212339256935e+00 1.608097831211914439e-30
6.066847382841399572e+00 1.009115160390646602e-30
6.079457553343542209e+00 6.322332919067821904e-31
6.092067723845688398e+00 3.954780164690528268e-31
6.104677894347831035e+00 2.469879014265689739e-31
6.117288064849973672e+00 1.540058968043863610e-31
6.129898235352116309e+00 9.587543509005459071e-32
6.142508405854258946e+00 5.959168479131965119e-32
6.155118576356401583e+00 3.698045834456923733e-32
6.167728746858547773e+00 2.291222234938232010e-32
6.180338917360690409e+00 1.417328211778888592e-32
6.192949087862833046e+00 8.753503914623928683e-33
6.205559258364975683e+00 5.397612485290749816e-33
6.218169428867118320e+00 3.322995377307886062e-33
6.230779599369264510e+00 2.042518635461206208e-33
6.243389769871407147e+00 1.253460245171375642e-33
6.255999940373549784e+00 7.680037466031981729e-34
6.268610110875692421e+00 4.698122557055060135e-34
6.281220281377835057e+00 2.869416326134072191e-34
6.293830451879977694e+00 1.749729845548553242e-34
6.306440622382123884e+00 1.065262496327589193e-34
6.319050792884266521e+00 6.475159486203706621e-35
6.331660963386409158e+00 3.929637486673126619e-35
6.344271133888551795e+00 2.381018030145639386e-35
6.356881304390694432e+00 1.440393156947397994e-35
6.369491474892837068e+00 8.699766088915122043e-36
6.382101645394983258e+00 5.246168738045743452e-36
6.394711815897125895e+00 3.158530530005063520e-36
6.407321986399268532e+00 1.898611204867722376e-36
6.419932156901411169e+00 1.139449621690002859e-36
6.432542327403553806e+00 6.827509890786699383e-37
6.445152497905696443e+00 4.084488332820965013e-37
6.457762668407842632e+00 2.439613827876272741e-37
6.470372838909985269e+00 1.454831210579826799e-37
6.482983009412127906e+00 8.661881168905920342e-38
6.495593179914270543e+00 5.148964700588042451e-38
6.508203350416413180e+00 3.055875670950156569e-38
6.520813520918555817e+00 1.810754249016561621e-38
6.533423691420702006e+00 1.071251401418791696e-38
6.546033861922844643e+00 6.327488195826657003e-39
6.558644032424987280e+00 3.731464610570994790e-39
6.571254202927129917e+00 2.197026756320983818e-39
6.583864373429272554e+00 1.291514816385588444e-39
6.596474543931415191e+00 7.580039350328007076e-40
6.609084714433561381e+00 4.441723712945024085e-40
6.621694884935704017e+00 2.598601155585551223e-40
6.634305055437846654e+00 1.517873966487684791e-40
6.646915225939989291e+00 8.851967052139246588e-41
6.659525396442131928e+00 5.154088238336477627e-41
6.672135566944274565e+00 2.996207502427034567e-41
6.684745737446420755e+00 1.739001252585656375e-41
6.697355907948563392e+00 1.007710689382142388e-41
6.709966078450706028e+00 5.830150849857215006e-42
6.722576248952848665e+00 3.367686587683289218e-42
6.735186419454991302e+00 1.942188975819612215e-42
6.747796589957133939e+00 1.118302349058804763e-42
6.760406760459280129e+00 6.428874056764914464e-43
6.773016930961422766e+00 3.689933336293324989e-43
6.785627101463565403e+00 2.114511429567696676e-43
6.798237271965708040e+00 1.209788527670881464e-43
6.810847442467850676e+00 6.910616422772641475e-44
6.823457612969993313e+00 3.941232075519545804e-44
6.836067783472139503e+00 2.244166718181333096e-44
6.848677953974282140e+00 1.275810310184884475e-44
6.861288124476424777e+00 7.241440598915803193e-45
6.873898294978567414e+00 4.103663164964169052e-45
6.886508465480710051e+00 2.321807990117335419e-45
6.899118635982852688e+00 1.311561779629495319e-45
6.911728806484998877e+00 7.397058484545978417e-46
6.924338976987141514e+00 4.165212809594909240e-46
6.936949147489284151e+00 2.341656426783218132e-46
6.949559317991426788e+00 1.314368021909613812e-46
6.962169488493569425e+00 7.365777873991865245e-47
6.974779658995712062e+00 4.121241546151632027e-47
6.987389829497858251e+00 2.302212100620630954e-47
7.000000000000000888e+00 1.284015897350425834e-47
