1.000000000000000000e+00
9.994430751463014850e-01
9.980142453720787232e-01
9.942913844985036276e-01
9.925780590089936517e-01
9.893895836599811977e-01
9.882615950081912182e-01
9.862909085985031021e-01
9.818984912670953857e-01
9.806571391250292757e-01
9.787346661518010471e-01
9.762180347517916967e-01
9.741604980702408545e-01
9.734442329956335405e-01
9.706176219230869817e-01
9.660176098276345158e-01
9.660115049457221881e-01
9.625471014842472695e-01
9.620971732808338839e-01
9.620971732808338839e-01
9.620971732808338839e-01
9.625655929107719277e-01
9.604764781930631434e-01
9.604764781930631434e-01
9.596719951040002528e-01
9.585494392705947719e-01
9.598399469979207455e-01
9.590495469237904080e-01
9.590495469237904080e-01
9.590495469237904080e-01
9.590495469237904080e-01
9.590495469237904080e-01
9.590495469237904080e-01
9.583866685718377409e-01
9.583866685718377409e-01
9.583866685718377409e-01
9.583866685718377409e-01
9.583866685718377409e-01
9.583866685718377409e-01
9.570961608445117674e-01
9.570961608445117674e-01
9.570961608445117674e-01
9.570961608445117674e-01
9.562051253889165547e-01
9.562051253889165547e-01
9.562051253889165547e-01
9.562051253889165547e-01
9.562051253889165547e-01
9.562051253889165547e-01
9.562051253889165547e-01
9.562051253889165547e-01
9.562051253889165547e-01
9.562051253889165547e-01
9.562051253889165547e-01
9.562051253889165547e-01
9.562051253889165547e-01
9.562051253889165547e-01
9.562051253889165547e-01
9.562051253889165547e-01
9.562051253889165547e-01
9.562051253889165547e-01
9.562051253889165547e-01
9.562051253889165547e-01
9.562051253889165547e-01
9.562051253889165547e-01
9.562051253889165547e-01
9.562051253889165547e-01
9.562051253889165547e-01
9.562051253889165547e-01
9.562051253889165547e-01
9.562051253889165547e-01
9.562051253889165547e-01
9.562051253889165547e-01
9.562051253889165547e-01
9.562051253889165547e-01
9.562051253889165547e-01
9.562051253889165547e-01
9.562051253889165547e-01
9.562051253889165547e-01
9.562051253889165547e-01
9.562051253889165547e-01
9.562051253889165547e-01
9.562051253889165547e-01
9.562051253889165547e-01
9.562051253889165547e-01
9.562051253889165547e-01
9.562051253889165547e-01
9.562051253889165547e-01
9.562051253889165547e-01
9.562051253889165547e-01
9.562051253889165547e-01
9.562051253889165547e-01
9.562051253889165547e-01
9.562051253889165547e-01
9.562051253889165547e-01
9.562051253889165547e-01
9.562051253889165547e-01
9.562051253889165547e-01
9.562051253889165547e-01
9.562051253889165547e-01
9.562051253889165547e-01
9.562051253889165547e-01
9.562051253889165547e-01
9.562051253889165547e-01
9.562051253889165547e-01
9.562051253889165547e-01
9.562051253889165547e-01
9.562051253889165547e-01
9.562051253889165547e-01
9.562051253889165547e-01
9.562051253889165547e-01
9.562051253889165547e-01
9.562051253889165547e-01
9.562051253889165547e-01
9.562051253889165547e-01
9.562051253889165547e-01
9.562051253889165547e-01
9.562051253889165547e-01
9.562051253889165547e-01
9.562051253889165547e-01
9.562051253889165547e-01
9.562051253889165547e-01
9.562051253889165547e-01
9.562051253889165547e-01
9.562051253889165547e-01
9.562051253889165547e-01
9.562051253889165547e-01
9.562051253889165547e-01
9.562051253889165547e-01
9.562051253889165547e-01
9.562051253889165547e-01
9.562051253889165547e-01
9.562051253889165547e-01
9.562051253889165547e-01
9.562051253889165547e-01
9.562051253889165547e-01
9.562051253889165547e-01
9.562051253889165547e-01
9.562051253889165547e-01
9.562051253889165547e-01
9.562051253889165547e-01
9.562051253889165547e-01
9.562051253889165547e-01
9.562051253889165547e-01
9.562051253889165547e-01
9.562051253889165547e-01
9.562051253889165547e-01
9.562051253889165547e-01
9.562051253889165547e-01
9.562051253889165547e-01
9.562051253889165547e-01
9.562051253889165547e-01
9.562051253889165547e-01
9.562051253889165547e-01
9.562051253889165547e-01
9.562051253889165547e-01
9.562051253889165547e-01
9.562051253889165547e-01
9.562051253889165547e-01
9.562051253889165547e-01
9.562051253889165547e-01
9.562051253889165547e-01
9.562051253889165547e-01
9.562051253889165547e-01
9.562051253889165547e-01
9.562051253889165547e-01
9.562051253889165547e-01
9.562051253889165547e-01
9.562051253889165547e-01
9.562051253889165547e-01
9.562051253889165547e-01
9.562051253889165547e-01
9.562051253889165547e-01
9.562051253889165547e-01
9.562051253889165547e-01
9.562051253889165547e-01
9.562051253889165547e-01
9.562051253889165547e-01
9.562051253889165547e-01
9.562051253889165547e-01
9.562051253889165547e-01
9.562051253889165547e-01
9.562051253889165547e-01
9.562051253889165547e-01
9.562051253889165547e-01
9.562051253889165547e-01
9.562051253889165547e-01
9.562051253889165547e-01
9.562051253889165547e-01
9.562051253889165547e-01
9.562051253889165547e-01
9.562051253889165547e-01
9.562051253889165547e-01
9.562051253889165547e-01
9.562051253889165547e-01
9.562051253889165547e-01
9.562051253889165547e-01
9.562051253889165547e-01
9.562051253889165547e-01
9.562051253889165547e-01
9.562051253889165547e-01
9.562051253889165547e-01
9.562051253889165547e-01
9.562051253889165547e-01
9.562051253889165547e-01
9.562051253889165547e-01
9.562051253889165547e-01
9.562051253889165547e-01
9.562051253889165547e-01
9.562051253889165547e-01
9.562051253889165547e-01
9.562051253889165547e-01
9.562051253889165547e-01
9.562051253889165547e-01
9.562051253889165547e-01
9.562051253889165547e-01
9.562051253889165547e-01
9.562051253889165547e-01
9.562051253889165547e-01
9.562051253889165547e-01
9.562051253889165547e-01
9.562051253889165547e-01
9.562051253889165547e-01
9.562051253889165547e-01
9.562051253889165547e-01
9.562051253889165547e-01
9.562051253889165547e-01
9.562051253889165547e-01
9.562051253889165547e-01
9.562051253889165547e-01
9.562051253889165547e-01
9.562051253889165547e-01
9.562051253889165547e-01
9.562051253889165547e-01
9.562051253889165547e-01
9.562051253889165547e-01
9.562051253889165547e-01
9.562051253889165547e-01
9.562051253889165547e-01
9.562051253889165547e-01
9.562051253889165547e-01
9.562051253889165547e-01
9.562051253889165547e-01
9.562051253889165547e-01
9.562051253889165547e-01
9.562051253889165547e-01
9.562051253889165547e-01
9.562051253889165547e-01
9.562051253889165547e-01
9.562051253889165547e-01
