0.000000000000000000e+00
2.253702044395896817e-02
2.288450233388117025e-02
2.304094286743966699e-02
2.289162958473341461e-02
2.263827623337379483e-02
2.249115078867327047e-02
2.282828130088426777e-02
2.315899405386900867e-02
2.357068916027744987e-02
2.316087965521516912e-02
2.393202391595133927e-02
2.374261061155025568e-02
2.348534935878808863e-02
2.415156947296025550e-02
2.406327419950729865e-02
2.406331495049193400e-02
2.393093235193927137e-02
2.376201443713474304e-02
2.376201443713474304e-02
2.376201443713474304e-02
2.360339172376583680e-02
2.373235403957446588e-02
2.373235403957446588e-02
2.382244139749872813e-02
2.489898637298347192e-02
2.503452807922476597e-02
2.507120673369735153e-02
2.507120673369735153e-02
2.507120673369735153e-02
2.507120673369735153e-02
2.507120673369735153e-02
2.507120673369735153e-02
2.483920638983147869e-02
2.483920638983147869e-02
2.483920638983147869e-02
2.483920638983147869e-02
2.483920638983147869e-02
2.483920638983147869e-02
2.469417517469644704e-02
2.469417517469644704e-02
2.469417517469644704e-02
2.469417517469644704e-02
2.445191391543834539e-02
2.445191391543834539e-02
2.445191391543834539e-02
2.445191391543834539e-02
2.445191391543834539e-02
2.445191391543834539e-02
2.445191391543834539e-02
2.445191391543834539e-02
2.445191391543834539e-02
2.445191391543834539e-02
2.445191391543834539e-02
2.445191391543834539e-02
2.445191391543834539e-02
2.445191391543834539e-02
2.445191391543834539e-02
2.445191391543834539e-02
2.445191391543834539e-02
2.445191391543834539e-02
2.445191391543834539e-02
2.445191391543834539e-02
2.445191391543834539e-02
2.445191391543834539e-02
2.445191391543834539e-02
2.445191391543834539e-02
2.445191391543834539e-02
2.445191391543834539e-02
2.445191391543834539e-02
2.445191391543834539e-02
2.445191391543834539e-02
2.445191391543834539e-02
2.445191391543834539e-02
2.445191391543834539e-02
2.445191391543834539e-02
2.445191391543834539e-02
2.445191391543834539e-02
2.445191391543834539e-02
2.445191391543834539e-02
2.445191391543834539e-02
2.445191391543834539e-02
2.445191391543834539e-02
2.445191391543834539e-02
2.445191391543834539e-02
2.445191391543834539e-02
2.445191391543834539e-02
2.445191391543834539e-02
2.445191391543834539e-02
2.445191391543834539e-02
2.445191391543834539e-02
2.445191391543834539e-02
2.445191391543834539e-02
2.445191391543834539e-02
2.445191391543834539e-02
2.445191391543834539e-02
2.445191391543834539e-02
2.445191391543834539e-02
2.445191391543834539e-02
2.445191391543834539e-02
2.445191391543834539e-02
2.445191391543834539e-02
2.445191391543834539e-02
2.445191391543834539e-02
2.445191391543834539e-02
2.445191391543834539e-02
2.445191391543834539e-02
2.445191391543834539e-02
2.445191391543834539e-02
2.445191391543834539e-02
2.445191391543834539e-02
2.445191391543834539e-02
2.445191391543834539e-02
2.445191391543834539e-02
2.445191391543834539e-02
2.445191391543834539e-02
2.445191391543834539e-02
2.445191391543834539e-02
2.445191391543834539e-02
2.445191391543834539e-02
2.445191391543834539e-02
2.445191391543834539e-02
2.445191391543834539e-02
2.445191391543834539e-02
2.445191391543834539e-02
2.445191391543834539e-02
2.445191391543834539e-02
2.445191391543834539e-02
2.445191391543834539e-02
2.445191391543834539e-02
2.445191391543834539e-02
2.445191391543834539e-02
2.445191391543834539e-02
2.445191391543834539e-02
2.445191391543834539e-02
2.445191391543834539e-02
2.445191391543834539e-02
2.445191391543834539e-02
2.445191391543834539e-02
2.445191391543834539e-02
2.445191391543834539e-02
2.445191391543834539e-02
2.445191391543834539e-02
2.445191391543834539e-02
2.445191391543834539e-02
2.445191391543834539e-02
2.445191391543834539e-02
2.445191391543834539e-02
2.445191391543834539e-02
2.445191391543834539e-02
2.445191391543834539e-02
2.445191391543834539e-02
2.445191391543834539e-02
2.445191391543834539e-02
2.445191391543834539e-02
2.445191391543834539e-02
2.445191391543834539e-02
2.445191391543834539e-02
2.445191391543834539e-02
2.445191391543834539e-02
2.445191391543834539e-02
2.445191391543834539e-02
2.445191391543834539e-02
2.445191391543834539e-02
2.445191391543834539e-02
2.445191391543834539e-02
2.445191391543834539e-02
2.445191391543834539e-02
2.445191391543834539e-02
2.445191391543834539e-02
2.445191391543834539e-02
2.445191391543834539e-02
2.445191391543834539e-02
2.445191391543834539e-02
2.445191391543834539e-02
2.445191391543834539e-02
2.445191391543834539e-02
2.445191391543834539e-02
2.445191391543834539e-02
2.445191391543834539e-02
2.445191391543834539e-02
2.445191391543834539e-02
2.445191391543834539e-02
2.445191391543834539e-02
2.445191391543834539e-02
2.445191391543834539e-02
2.445191391543834539e-02
2.445191391543834539e-02
2.445191391543834539e-02
2.445191391543834539e-02
2.445191391543834539e-02
2.445191391543834539e-02
2.445191391543834539e-02
2.445191391543834539e-02
2.445191391543834539e-02
2.445191391543834539e-02
2.445191391543834539e-02
2.445191391543834539e-02
2.445191391543834539e-02
2.445191391543834539e-02
2.445191391543834539e-02
2.445191391543834539e-02
2.445191391543834539e-02
2.445191391543834539e-02
2.445191391543834539e-02
2.445191391543834539e-02
2.445191391543834539e-02
2.445191391543834539e-02
2.445191391543834539e-02
2.445191391543834539e-02
2.445191391543834539e-02
2.445191391543834539e-02
2.445191391543834539e-02
2.445191391543834539e-02
2.445191391543834539e-02
2.445191391543834539e-02
2.445191391543834539e-02
2.445191391543834539e-02
2.445191391543834539e-02
2.445191391543834539e-02
2.445191391543834539e-02
2.445191391543834539e-02
2.445191391543834539e-02
2.445191391543834539e-02
2.445191391543834539e-02
2.445191391543834539e-02
2.445191391543834539e-02
2.445191391543834539e-02
2.445191391543834539e-02
2.445191391543834539e-02
2.445191391543834539e-02
2.445191391543834539e-02
2.445191391543834539e-02
2.445191391543834539e-02
2.445191391543834539e-02
2.445191391543834539e-02
2.445191391543834539e-02
2.445191391543834539e-02
2.445191391543834539e-02
2.445191391543834539e-02
2.445191391543834539e-02
2.445191391543834539e-02
2.445191391543834539e-02
2.445191391543834539e-02
2.445191391543834539e-02
2.445191391543834539e-02
2.445191391543834539e-02
2.445191391543834539e-02
2.445191391543834539e-02
2.445191391543834539e-02
