1.000000000000000000e+00
9.433550171002206275e-01
7.649082094225034822e-01
5.387103258963293895e-01
3.794647420178845487e-01
2.220750055747364449e-01
1.347360254395368606e-01
9.948171341435756154e-02
5.846259566197318375e-02
5.169959896721244147e-02
5.607130411606880277e-02
5.428738895149760879e-02
5.358234062998931679e-02
5.605363248309223889e-02
5.625411346655896649e-02
5.625411346655896649e-02
5.358234062998931679e-02
5.376514998047949440e-02
5.623644183358241649e-02
5.605363248309223889e-02
5.573187449554086598e-02
5.326058264243794388e-02
5.376514998047949440e-02
5.358234062998931679e-02
5.623644183358241649e-02
5.623644183358241649e-02
5.605363248309223889e-02
5.358234062998931679e-02
5.376514998047949440e-02
5.376514998047949440e-02
5.358234062998931679e-02
5.605363248309223889e-02
5.623644183358241649e-02
5.623644183358241649e-02
5.358234062998931679e-02
5.358234062998931679e-02
5.376514998047949440e-02
5.376514998047949440e-02
5.623644183358241649e-02
5.605363248309223889e-02
5.605363248309223889e-02
5.358234062998931679e-02
5.376514998047949440e-02
5.358234062998931679e-02
5.358234062998931679e-02
5.605363248309223889e-02
5.605363248309223889e-02
5.605363248309223889e-02
5.358234062998931679e-02
5.358234062998931679e-02
5.358234062998931679e-02
5.605363248309223889e-02
5.605363248309223889e-02
5.605363248309223889e-02
5.376514998047949440e-02
5.376514998047949440e-02
5.605363248309223889e-02
5.605363248309223889e-02
5.358234062998931679e-02
5.358234062998931679e-02
5.358234062998931679e-02
5.605363248309223889e-02
5.605363248309223889e-02
5.358234062998931679e-02
5.358234062998931679e-02
5.605363248309223889e-02
5.605363248309223889e-02
5.358234062998931679e-02
5.358234062998931679e-02
5.605363248309223889e-02
5.605363248309223889e-02
5.358234062998931679e-02
5.358234062998931679e-02
5.605363248309223889e-02
5.358234062998931679e-02
5.358234062998931679e-02
5.605363248309223889e-02
5.605363248309223889e-02
5.358234062998931679e-02
5.358234062998931679e-02
5.605363248309223889e-02
5.358234062998931679e-02
5.358234062998931679e-02
5.605363248309223889e-02
5.605363248309223889e-02
5.358234062998931679e-02
5.358234062998931679e-02
5.605363248309223889e-02
5.358234062998931679e-02
5.358234062998931679e-02
5.605363248309223889e-02
5.605363248309223889e-02
5.358234062998931679e-02
5.358234062998931679e-02
5.605363248309223889e-02
5.358234062998931679e-02
5.358234062998931679e-02
5.605363248309223889e-02
5.605363248309223889e-02
5.358234062998931679e-02
5.358234062998931679e-02
5.605363248309223889e-02
5.605363248309223889e-02
5.358234062998931679e-02
5.358234062998931679e-02
5.605363248309223889e-02
5.605363248309223889e-02
5.358234062998931679e-02
5.358234062998931679e-02
5.358234062998931679e-02
5.605363248309223889e-02
5.605363248309223889e-02
5.358234062998931679e-02
5.358234062998931679e-02
5.605363248309223889e-02
5.605363248309223889e-02
5.605363248309223889e-02
5.358234062998931679e-02
5.358234062998931679e-02
5.358234062998931679e-02
5.605363248309223889e-02
5.605363248309223889e-02
5.605363248309223889e-02
5.358234062998931679e-02
5.358234062998931679e-02
5.358234062998931679e-02
5.605363248309223889e-02
5.605363248309223889e-02
5.605363248309223889e-02
5.358234062998931679e-02
5.358234062998931679e-02
5.358234062998931679e-02
5.358234062998931679e-02
5.605363248309223889e-02
5.605363248309223889e-02
5.605363248309223889e-02
5.605363248309223889e-02
5.358234062998931679e-02
5.358234062998931679e-02
5.358234062998931679e-02
5.605363248309223889e-02
5.605363248309223889e-02
5.605363248309223889e-02
5.605363248309223889e-02
5.358234062998931679e-02
5.358234062998931679e-02
5.358234062998931679e-02
5.605363248309223889e-02
5.605363248309223889e-02
5.605363248309223889e-02
5.358234062998931679e-02
5.358234062998931679e-02
5.358234062998931679e-02
5.605363248309223889e-02
5.605363248309223889e-02
5.605363248309223889e-02
5.605363248309223889e-02
5.605363248309223889e-02
5.605363248309223889e-02
5.605363248309223889e-02
5.605363248309223889e-02
5.605363248309223889e-02
5.605363248309223889e-02
5.605363248309223889e-02
5.605363248309223889e-02
5.605363248309223889e-02
5.605363248309223889e-02
5.605363248309223889e-02
5.605363248309223889e-02
5.605363248309223889e-02
5.605363248309223889e-02
5.605363248309223889e-02
5.605363248309223889e-02
5.605363248309223889e-02
5.605363248309223889e-02
5.605363248309223889e-02
5.605363248309223889e-02
5.605363248309223889e-02
5.605363248309223889e-02
5.605363248309223889e-02
5.605363248309223889e-02
5.605363248309223889e-02
5.605363248309223889e-02
5.605363248309223889e-02
5.605363248309223889e-02
5.605363248309223889e-02
5.605363248309223889e-02
5.605363248309223889e-02
5.605363248309223889e-02
5.605363248309223889e-02
5.605363248309223889e-02
5.605363248309223889e-02
5.605363248309223889e-02
5.605363248309223889e-02
5.605363248309223889e-02
5.605363248309223889e-02
5.605363248309223889e-02
5.605363248309223889e-02
5.605363248309223889e-02
5.605363248309223889e-02
5.605363248309223889e-02
5.605363248309223889e-02
5.605363248309223889e-02
5.605363248309223889e-02
5.605363248309223889e-02
5.605363248309223889e-02
5.605363248309223889e-02
5.605363248309223889e-02
5.605363248309223889e-02
5.605363248309223889e-02
5.605363248309223889e-02
5.605363248309223889e-02
5.605363248309223889e-02
5.605363248309223889e-02
5.605363248309223889e-02
5.605363248309223889e-02
5.605363248309223889e-02
5.605363248309223889e-02
5.605363248309223889e-02
5.605363248309223889e-02
5.605363248309223889e-02
5.605363248309223889e-02
5.605363248309223889e-02
5.605363248309223889e-02
5.605363248309223889e-02
5.605363248309223889e-02
5.605363248309223889e-02
5.605363248309223889e-02
5.605363248309223889e-02
5.605363248309223889e-02
5.605363248309223889e-02
5.605363248309223889e-02
5.605363248309223889e-02
5.605363248309223889e-02
5.605363248309223889e-02
5.605363248309223889e-02
5.605363248309223889e-02
5.605363248309223889e-02
5.605363248309223889e-02
5.605363248309223889e-02
5.605363248309223889e-02
5.605363248309223889e-02
5.605363248309223889e-02
5.605363248309223889e-02
5.605363248309223889e-02
5.605363248309223889e-02
5.605363248309223889e-02
5.605363248309223889e-02
5.605363248309223889e-02
5.605363248309223889e-02
