0.000000000000000000e+00
5.921495702985601906e-02
5.915133824721280353e-02
5.829533071678032891e-02
5.863127965526161028e-02
5.733155998359510536e-02
5.754215133214361094e-02
5.510545136668815874e-02
5.771261897986612599e-02
5.714323688513819194e-02
5.783429563788069355e-02
5.670875367741719936e-02
5.554063436294499195e-02
5.235670043839377175e-02
5.222217633884438520e-02
5.383768789539108285e-02
5.400154696294722639e-02
5.135022612158437333e-02
5.071450438743776296e-02
4.852687692804209113e-02
4.936774090089290218e-02
4.488082166941050749e-02
4.517143784824589892e-02
4.446998158042603233e-02
4.504099589685401500e-02
4.512054204596081114e-02
5.174729794214568551e-02
5.012269112211150540e-02
5.256099186318938243e-02
5.222480755912578543e-02
4.774814195794849225e-02
4.611871175044144483e-02
4.645086714705101011e-02
4.330062050894305931e-02
4.196592207863006352e-02
4.223949085594285585e-02
4.537021560251103952e-02
4.660482686374448763e-02
4.525578571237704600e-02
4.523348696398579727e-02
4.085798195520024684e-02
4.071946727148265804e-02
4.210641574924749858e-02
4.421848983887278345e-02
4.591611580486423122e-02
4.611147864707720867e-02
4.677838067324285865e-02
4.596061408663926900e-02
4.607320556938935413e-02
4.610131874715146100e-02
4.571379640911519410e-02
4.828362496411247456e-02
4.848223423359715456e-02
4.971699523375609081e-02
5.040343955717997010e-02
5.040343955717997010e-02
5.265091932310760753e-02
5.042342909121329958e-02
5.017877221854602499e-02
5.028630708640791785e-02
4.997784430222126928e-02
4.973354991854609525e-02
4.973354991854609525e-02
4.906575809539694827e-02
4.902456174381147197e-02
4.885283129117754669e-02
4.893669327642653083e-02
4.745037900423088040e-02
4.637742915998452342e-02
4.637742915998452342e-02
4.648951847337685211e-02
4.562935339669147577e-02
4.578303530798628201e-02
4.332346538834468824e-02
4.268529183114724845e-02
4.313439579133816065e-02
4.320432057830484590e-02
4.109489098113569550e-02
4.190566428022959866e-02
4.190566428022959866e-02
4.102101982207129877e-02
4.102101982207129877e-02
4.064535675225435657e-02
4.064535675225435657e-02
4.175808886201815701e-02
4.209923899827872074e-02
4.209923899827872074e-02
4.288493011585381431e-02
4.324850544245612688e-02
4.324850544245612688e-02
4.330250471948798169e-02
4.267006294491903357e-02
4.299548707807231834e-02
4.256399821929478938e-02
4.256399821929478938e-02
4.203988399267225701e-02
4.253871354544672134e-02
4.202653645172724911e-02
4.202653645172724911e-02
4.202653645172724911e-02
4.202653645172724911e-02
4.146373363164652243e-02
4.118268063819483654e-02
4.166248712786879693e-02
4.197003511844642903e-02
4.197003511844642903e-02
4.197003511844642903e-02
4.197003511844642903e-02
4.197003511844642903e-02
4.197003511844642903e-02
4.197003511844642903e-02
4.192393723487261581e-02
4.192393723487261581e-02
4.192393723487261581e-02
4.192393723487261581e-02
4.279478433893315475e-02
4.279478433893315475e-02
4.279478433893315475e-02
4.279478433893315475e-02
4.252836665414546496e-02
4.252836665414546496e-02
4.262471405994184420e-02
4.262471405994184420e-02
4.517722051313924347e-02
4.517024701492483585e-02
4.517024701492483585e-02
4.517024701492483585e-02
4.519890106246850919e-02
4.506236059938037442e-02
4.499127566666503292e-02
4.739433005612487398e-02
4.754437206970372337e-02
4.754437206970372337e-02
4.754437206970372337e-02
4.754437206970372337e-02
4.754437206970372337e-02
4.754437206970372337e-02
4.738125099498657899e-02
4.738125099498657899e-02
4.738125099498657899e-02
4.966407066758651845e-02
4.966407066758651845e-02
4.966407066758651845e-02
4.966407066758651845e-02
4.966407066758651845e-02
5.047364320556424477e-02
4.968678365782358552e-02
4.968678365782358552e-02
4.896387229283372805e-02
4.896387229283372805e-02
4.896387229283372805e-02
4.896387229283372805e-02
4.896387229283372805e-02
4.896387229283372805e-02
4.888794777627421956e-02
4.680288149537329551e-02
4.685222701488983565e-02
4.693550457487991046e-02
4.693550457487991046e-02
4.693550457487991046e-02
4.693550457487991046e-02
4.693550457487991046e-02
4.693550457487991046e-02
4.693550457487991046e-02
4.693550457487991046e-02
4.693550457487991046e-02
4.693550457487991046e-02
4.693550457487991046e-02
4.693550457487991046e-02
4.693550457487991046e-02
4.680502398414704279e-02
4.680502398414704279e-02
4.680502398414704279e-02
4.680502398414704279e-02
4.680502398414704279e-02
4.680502398414704279e-02
4.367450908444536067e-02
4.366871723377926257e-02
4.366871723377926257e-02
4.366871723377926257e-02
4.366871723377926257e-02
4.366871723377926257e-02
4.407196045758637881e-02
4.390127378639504391e-02
4.390127378639504391e-02
4.390127378639504391e-02
4.390127378639504391e-02
4.356368374808413518e-02
4.356368374808413518e-02
4.356368374808413518e-02
4.356368374808413518e-02
4.356368374808413518e-02
4.356368374808413518e-02
4.356368374808413518e-02
4.356368374808413518e-02
4.356368374808413518e-02
4.356368374808413518e-02
4.356368374808413518e-02
4.356368374808413518e-02
4.356368374808413518e-02
4.340705986715991810e-02
4.340705986715991810e-02
4.340705986715991810e-02
4.340705986715991810e-02
4.340705986715991810e-02
4.340705986715991810e-02
4.340705986715991810e-02
4.290798574062359982e-02
4.290798574062359982e-02
4.290798574062359982e-02
4.214709759948062628e-02
4.214709759948062628e-02
4.231158562019862734e-02
4.224887178385150488e-02
4.224887178385150488e-02
4.224887178385150488e-02
4.224887178385150488e-02
4.218908100672308370e-02
4.218908100672308370e-02
4.218908100672308370e-02
4.218908100672308370e-02
4.218908100672308370e-02
4.218908100672308370e-02
4.218908100672308370e-02
4.218908100672308370e-02
4.218908100672308370e-02
4.218908100672308370e-02
4.231662970183797112e-02
4.231662970183797112e-02
4.248305392832788657e-02
4.248305392832788657e-02
4.248305392832788657e-02
4.248305392832788657e-02
4.248305392832788657e-02
4.468823868428830476e-02
4.325825168562005829e-02
4.325825168562005829e-02
4.325825168562005829e-02
4.325825168562005829e-02
4.548493010409077053e-02
4.548493010409077053e-02
4.548493010409077053e-02
4.548493010409077053e-02
4.548493010409077053e-02
4.548493010409077053e-02
4.548493010409077053e-02
4.548493010409077053e-02
4.548493010409077053e-02
4.548493010409077053e-02
4.551495450163039330e-02
