1.000000000000000000e+00
9.974304442493145961e-01
9.883215438427866983e-01
9.820520554895030285e-01
9.720706322697968416e-01
9.631925644394118136e-01
9.476764333202746249e-01
9.308448736115346733e-01
9.076250231755449427e-01
8.836091383077403494e-01
8.637438963732692043e-01
8.444886306167983525e-01
8.203539980065912562e-01
7.920671783346193706e-01
7.784532916463055008e-01
7.529514589535638569e-01
7.276199138612250428e-01
7.094702023765188104e-01
6.912474896467858398e-01
6.845821661032740479e-01
6.626339211382834549e-01
6.432498476856621794e-01
6.210563784337111981e-01
6.145983334684759214e-01
6.106312853908869576e-01
6.053351106788907865e-01
5.979192857812026807e-01
5.936593920423811621e-01
5.855491994536046185e-01
5.758832205131667603e-01
5.651468683209629473e-01
5.682041048379694592e-01
5.629033169724169117e-01
5.571303411704849884e-01
5.519103484685905503e-01
5.489540120997742356e-01
5.538935534617066558e-01
5.614050194117035097e-01
5.578213330022889771e-01
5.587706393435090124e-01
5.401065684674315470e-01
5.435858614427609981e-01
5.518111014417012017e-01
5.488997978672233158e-01
5.481258678583309507e-01
5.506007652627531446e-01
5.574886723703093017e-01
5.537011208863487077e-01
5.532852624864285085e-01
5.535969787906600548e-01
5.439986873607164375e-01
5.455251516971824088e-01
5.386753493427418604e-01
5.323394852909137942e-01
5.360509703226160605e-01
5.360509703226160605e-01
5.316667302109168158e-01
5.243264791456576646e-01
5.064230268473475238e-01
5.047974866728012211e-01
5.000389380973868647e-01
4.993189329634488138e-01
4.993189329634488138e-01
4.988005793698436219e-01
4.995434455140630448e-01
4.997651181247384500e-01
5.031522207002359082e-01
5.058172579921841328e-01
5.030326089760807085e-01
5.030326089760807085e-01
5.106367381502026070e-01
5.029276699911595649e-01
5.034657268499667104e-01
4.872112573569736260e-01
4.855474003197662869e-01
4.829444540383746598e-01
4.796260426732179560e-01
4.681242888365444998e-01
4.680598883345280514e-01
4.680598883345280514e-01
4.727355896442032579e-01
4.727355896442032579e-01
4.696823386050507088e-01
4.696823386050507088e-01
4.747794418267373140e-01
4.702304044898024671e-01
4.702304044898024671e-01
4.725312596028392598e-01
4.689938712902401163e-01
4.689938712902401163e-01
4.685319400151130020e-01
4.701584027387010201e-01
4.682372532032466061e-01
4.731767134637271943e-01
4.731767134637271943e-01
4.715679980313234876e-01
4.679672751358509020e-01
4.712856865010076057e-01
4.712856865010076057e-01
4.712856865010076057e-01
4.712856865010076057e-01
4.751410725060319917e-01
4.790693724285393085e-01
4.804926382416387920e-01
4.793429633265220979e-01
4.793429633265220979e-01
4.793429633265220979e-01
4.793429633265220979e-01
4.793429633265220979e-01
4.793429633265220979e-01
4.793429633265220979e-01
4.792143631420493488e-01
4.792143631420493488e-01
4.792143631420493488e-01
4.792143631420493488e-01
4.733771121910286261e-01
4.733771121910286261e-01
4.733771121910286261e-01
4.733771121910286261e-01
4.755451017331376318e-01
4.755451017331376318e-01
4.743962876666474870e-01
4.743962876666474870e-01
4.817365387319066383e-01
4.820209572099083961e-01
4.820209572099083961e-01
4.820209572099083961e-01
4.848587046696870573e-01
4.841876654560191562e-01
4.839788450659981978e-01
4.891885682490373921e-01
4.900063257976989273e-01
4.900063257976989273e-01
4.900063257976989273e-01
4.900063257976989273e-01
4.900063257976989273e-01
4.900063257976989273e-01
4.891135560664170434e-01
4.891135560664170434e-01
4.891135560664170434e-01
4.838154328780648328e-01
4.838154328780648328e-01
4.838154328780648328e-01
4.838154328780648328e-01
4.838154328780648328e-01
4.860407245068412152e-01
4.914391556801730454e-01
4.914391556801730454e-01
4.949765439927721333e-01
4.949765439927721333e-01
4.949765439927721333e-01
4.949765439927721333e-01
4.949765439927721333e-01
4.949765439927721333e-01
4.954384752678993031e-01
4.990820023239050385e-01
4.992106025083778431e-01
4.987486712332506178e-01
4.987486712332506178e-01
4.987486712332506178e-01
4.987486712332506178e-01
4.987486712332506178e-01
4.987486712332506178e-01
4.987486712332506178e-01
4.987486712332506178e-01
4.987486712332506178e-01
4.987486712332506178e-01
4.987486712332506178e-01
4.987486712332506178e-01
4.987486712332506178e-01
4.978379526689378776e-01
4.978379526689378776e-01
4.978379526689378776e-01
4.978379526689378776e-01
4.978379526689378776e-01
4.978379526689378776e-01
4.904977016036786708e-01
4.909398675879259599e-01
4.909398675879259599e-01
4.909398675879259599e-01
4.909398675879259599e-01
4.909398675879259599e-01
4.931221501875965862e-01
4.925840933287895518e-01
4.925840933287895518e-01
4.925840933287895518e-01
4.925840933287895518e-01
4.973396149432390834e-01
4.973396149432390834e-01
4.973396149432390834e-01
4.973396149432390834e-01
4.973396149432390834e-01
4.973396149432390834e-01
4.973396149432390834e-01
4.973396149432390834e-01
4.973396149432390834e-01
4.973396149432390834e-01
4.973396149432390834e-01
4.973396149432390834e-01
4.973396149432390834e-01
4.965218573945775482e-01
4.965218573945775482e-01
4.965218573945775482e-01
4.965218573945775482e-01
4.965218573945775482e-01
4.965218573945775482e-01
4.965218573945775482e-01
5.005880091636133455e-01
5.005880091636133455e-01
5.005880091636133455e-01
5.018785588902056061e-01
5.018785588902056061e-01
5.027713286214874344e-01
5.025625082314664205e-01
5.025625082314664205e-01
5.025625082314664205e-01
5.025625082314664205e-01
5.004803814756054736e-01
5.004803814756054736e-01
5.004803814756054736e-01
5.004803814756054736e-01
5.004803814756054736e-01
5.004803814756054736e-01
5.004803814756054736e-01
5.004803814756054736e-01
5.004803814756054736e-01
5.004803814756054736e-01
5.002593726286808096e-01
5.002593726286808096e-01
5.007974294874878440e-01
5.007974294874878440e-01
5.007974294874878440e-01
5.007974294874878440e-01
5.007974294874878440e-01
4.971539024314821087e-01
4.920567992097954479e-01
4.920567992097954479e-01
4.920567992097954479e-01
4.920567992097954479e-01
4.993970502750545992e-01
4.993970502750545992e-01
4.993970502750545992e-01
4.993970502750545992e-01
4.993970502750545992e-01
4.993970502750545992e-01
4.993970502750545992e-01
4.993970502750545992e-01
4.993970502750545992e-01
4.993970502750545992e-01
4.992393027688090679e-01
