-7.000000000000000888e+00 7.805590190060156283e-48
-6.987389829497858251e+00 1.401177679081554354e-47
-6.974779658995713838e+00 2.511243588234902583e-47
-6.962169488493571201e+00 4.493581724595083451e-47
-6.949559317991428564e+00 8.027949431331698546e-47
-6.936949147489284151e+00 1.431939925936692987e-46
-6.924338976987141514e+00 2.550076224878902787e-46
-6.911728806484998877e+00 4.534085718959090523e-46
-6.899118635982854464e+00 8.048862306624791337e-46
-6.886508465480711827e+00 1.426551594907558869e-45
-6.873898294978569190e+00 2.524344891791023974e-45
-6.861288124476424777e+00 4.459828165469548043e-45
-6.848677953974282140e+00 7.866758110070695513e-45
-6.836067783472139503e+00 1.385420818961294739e-44
-6.823457612969995090e+00 2.435992081210812966e-44
-6.810847442467852453e+00 4.276399711246407494e-44
-6.798237271965709816e+00 7.495299217926667987e-44
-6.785627101463565403e+00 1.311619695426028991e-43
-6.773016930961422766e+00 2.291580735106399755e-43
-6.760406760459280129e+00 3.997336245605694643e-43
-6.747796589957135716e+00 6.961687006310435329e-43
-6.735186419454993079e+00 1.210505052916637647e-42
-6.722576248952850442e+00 2.101488547804612379e-42
-6.709966078450706028e+00 3.642468161038404395e-42
-6.697355907948563392e+00 6.303370343513428485e-42
-6.684745737446420755e+00 1.089076067906306641e-41
-6.672135566944276341e+00 1.878676243637494085e-41
-6.659525396442133705e+00 3.235593979644836400e-41
-6.646915225939991068e+00 5.563709519778931121e-41
-6.634305055437846654e+00 9.551756395220712149e-41
-6.621694884935704017e+00 1.637232652527767748e-40
-6.609084714433561381e+00 2.801856794883060259e-40
-6.596474543931416967e+00 4.787291320161438469e-40
-6.583864373429274330e+00 8.166616677847605748e-40
-6.571254202927131693e+00 1.390922355137145671e-39
-6.558644032424987280e+00 2.365222557052260420e-39
-6.546033861922844643e+00 4.015591758761062258e-39
-6.533423691420702006e+00 6.806682942780508893e-39
-6.520813520918557593e+00 1.151940167514532045e-38
-6.508203350416414956e+00 1.946402995791117625e-38
-6.495593179914272319e+00 3.283553194844614212e-38
-6.482983009412127906e+00 5.530492486209549801e-38
-6.470372838909985269e+00 9.300194329655388458e-38
-6.457762668407842632e+00 1.561452275578264216e-37
-6.445152497905698219e+00 2.617422852620425998e-37
-6.432542327403555582e+00 4.380539055508056903e-37
-6.419932156901412945e+00 7.319640036329474659e-37
-6.407321986399268532e+00 1.221125780428169645e-36
-6.394711815897125895e+00 2.033946822212865844e-36
-6.382101645394983258e+00 3.382418292051284345e-36
-6.369491474892838845e+00 5.615954359240022769e-36
-6.356881304390696208e+00 9.309543142370198807e-36
-6.344271133888551795e+00 1.540783861468644795e-35
-6.331660963386409158e+00 2.546030691354186443e-35
-6.319050792884266521e+00 4.200433552535178775e-35
-6.306440622382123884e+00 6.918838332502608595e-35
-6.293830451879979471e+00 1.137839052940463872e-34
-6.281220281377836834e+00 1.868259012882128243e-34
-6.268610110875692421e+00 3.062682264266159612e-34
-6.255999940373549784e+00 5.012742747680791716e-34
-6.243389769871407147e+00 8.191388359173648115e-34
-6.230779599369264510e+00 1.336436261260405171e-33
-6.218169428867120097e+00 2.176945863780802088e-33
-6.205559258364977460e+00 3.540427139944201327e-33
-6.192949087862833046e+00 5.748735889827562005e-33
-6.180338917360690409e+00 9.319609700576588512e-33
-6.167728746858547773e+00 1.508452973014045354e-32
-6.155118576356405136e+00 2.437667785193568426e-32
-6.142508405854260722e+00 3.933018257890604320e-32
-6.129898235352118085e+00 6.335576199869634869e-32
-6.117288064849973672e+00 1.018954980380162204e-31
-6.104677894347831035e+00 1.636185748321556318e-31
-6.092067723845688398e+00 2.623124815865992125e-31
-6.079457553343545761e+00 4.198692391435629569e-31
-6.066847382841401348e+00 6.709928953020061604e-31
-6.054237212339258711e+00 1.070608179570416903e-30
-6.041627041837114298e+00 1.705500984711089466e-30
-6.029016871334971661e+00 2.712577681524896789e-30
-6.016406700832829024e+00 4.307459437460605435e-30
-6.003796530330684611e+00 6.829187266138663877e-30
-5.991186359828541974e+00 1.080999942426442690e-29
-5.978576189326399337e+00 1.708406259208545366e-29
-5.965966018824254924e+00 2.695662280582734463e-29
-5.953355848322112287e+00 4.246671475269320184e-29
-5.940745677819969650e+00 6.679450173875356843e-29
-5.928135507317827013e+00 1.048918248387854600e-28
-5.915525336815682600e+00 1.644566560965902971e-28
-5.902915166313539963e+00 2.574365275687730954e-28
-5.890304995811395550e+00 4.023442434855847024e-28
-5.877694825309252913e+00 6.278188287125373038e-28
-5.865084654807110276e+00 9.780922389131544403e-28
-5.852474484304965863e+00 1.521367844333089941e-27
-5.839864313802823226e+00 2.362640299589083193e-27
-5.827254143300680589e+00 3.663278594897154952e-27
-5.814643972798536176e+00 5.670890569117182836e-27
-5.802033802296393539e+00 8.764791198591330901e-27
-5.789423631794250902e+00 1.352511239751624224e-26
-5.776813461292106489e+00 2.083767229628294760e-26
-5.764203290789963852e+00 3.205284245836129893e-26
-5.751593120287821215e+00 4.922581669927003856e-26
-5.738982949785676801e+00 7.547938613255780813e-26
-5.726372779283534165e+00 1.155507712800299390e-25
-5.713762608781391528e+00 1.766145218841030462e-25
-5.701152438279247114e+00 2.695187945285722391e-25
-5.688542267777104477e+00 4.106395709947467920e-25
-5.675932097274961841e+00 6.246570535560918154e-25
-5.663321926772818315e+00 9.487059412321518395e-25
-5.650711756270674790e+00 1.438569094868808749e-24
-5.638101585768532154e+00 2.177905230516809394e-24
-5.625491415266388628e+00 3.291973940985249150e-24
-5.612881244764245103e+00 4.968015831452972305e-24
-5.600271074262102466e+00 7.485464205784429617e-24
-5.587660903759958941e+00 1.126065627737875347e-23
-5.575050733257815416e+00 1.691289204270106430e-23
-5.562440562755672779e+00 2.536187014957319967e-23
-5.549830392253529254e+00 3.797116388105751175e-23
-5.537220221751385729e+00 5.675913831160573973e-23
-5.524610051249243092e+00 8.470849020081800299e-23
-5.511999880747099567e+00 1.262197644565655925e-22
-5.499389710244956042e+00 1.877747012806696634e-22
-5.486779539742813405e+00 2.789048701974825736e-22
-5.474169369240669880e+00 4.136037175127469870e-22
-5.461559198738526355e+00 6.123815540743536047e-22
-5.448949028236382830e+00 9.052512074729292083e-22
-5.436338857734240193e+00 1.336058530294322986e-21
-5.423728687232096668e+00 1.968752982106253739e-21
-5.411118516729953143e+00 2.896452169983322324e-21
-5.398508346227810506e+00 4.254523191654805777e-21
-5.385898175725666981e+00 6.239428979298934459e-21
-5.373288005223523456e+00 9.135834567771675946e-21
-5.360677834721380819e+00 1.335552772115189185e-20
-5.348067664219237294e+00 1.949320901417373385e-20
-5.335457493717093769e+00 2.840632821556818783e-20
-5.322847323214951132e+00 4.132913841421526730e-20
-5.310237152712807607e+00 6.003535836421663560e-20
-5.297626982210664082e+00 8.706976713640178014e-20
-5.285016811708520557e+00 1.260773853544501453e-19
-5.272406641206377920e+00 1.822705712962941857e-19
-5.259796470704234395e+00 2.630906911401044126e-19
-5.247186300202090870e+00 3.791438277827499950e-19
-5.234576129699948233e+00 5.455217818414090913e-19
-5.221965959197804708e+00 7.836638519338710584e-19
-5.209355788695661182e+00 1.123976320785104928e-18
-5.196745618193518546e+00 1.609511759453095323e-18
-5.184135447691375020e+00 2.301128160640854307e-18
-5.171525277189231495e+00 3.284710793771307888e-18
-5.158915106687088858e+00 4.681264298459408023e-18
-5.146304936184945333e+00 6.660991747011616950e-18
-5.133694765682801808e+00 9.462902300418973927e-18
-5.121084595180659171e+00 1.342207188139967500e-17
-5.108474424678515646e+00 1.900747923368857639e-17
-5.095864254176372121e+00 2.687443027931986014e-17
-5.083254083674229484e+00 3.793707142086859435e-17
-5.070643913172085959e+00 5.346851835042423130e-17
-5.058033742669942434e+00 7.523888069927388729e-17
-5.045423572167799797e+00 1.057051991897595812e-16
-5.032813401665656272e+00 1.482723721849773788e-16
-5.020203231163512747e+00 2.076509892837874660e-16
-5.007593060661370110e+00 2.903472204912981169e-16
-4.994982890159226585e+00 4.053323428244221472e-16
-4.982372719657083060e+00 5.649562023189726010e-16
-4.969762549154940423e+00 7.861913422757405672e-16
-4.957152378652796898e+00 1.092324577940814421e-15
-4.944542208150653373e+00 1.515252975477472831e-15
-4.931932037648510736e+00 2.098594813696514214e-15
-4.919321867146367211e+00 2.901897536071043679e-15
-4.906711696644223686e+00 4.006319676282661057e-15
-4.894101526142081049e+00 5.522289790640056579e-15
-4.881491355639937524e+00 7.599812410913429428e-15
-4.868881185137793999e+00 1.044231181956872613e-14
-4.856271014635651362e+00 1.432519583996010662e-14
-4.843660844133507837e+00 1.962070568330308216e-14
-4.831050673631364312e+00 2.683112259053787925e-14
-4.818440503129221675e+00 3.663306434861203051e-14
-4.805830332627078150e+00 4.993647234981408032e-14
-4.793220162124934625e+00 6.796302415465441950e-14
-4.780609991622791988e+00 9.235018668998606096e-14
-4.767999821120648463e+00 1.252890530653722362e-13
-4.755389650618504938e+00 1.697066121424003440e-13
-4.742779480116362301e+00 2.295063516982382107e-13
-4.730169309614218776e+00 3.098853070046033109e-13
-4.717559139112075250e+00 4.177511094208791368e-13
-4.704948968609932614e+00 5.622696109601232826e-13
-4.692338798107789088e+00 7.555827010835941231e-13
-4.679728627605645563e+00 1.013747549204922514e-12
-4.667118457103502926e+00 1.357963406099512450e-12
-4.654508286601359401e+00 1.816171169867682559e-12
-4.641898116099215876e+00 2.425135288170863278e-12
-4.629287945597073239e+00 3.233148636377694262e-12
-4.616677775094929714e+00 4.303540546407052124e-12
-4.604067604592786189e+00 5.719218371777044436e-12
-4.591457434090643552e+00 7.588536616999009056e-12
-4.578847263588500027e+00 1.005286816678989064e-11
-4.566237093086356502e+00 1.329635378827761697e-11
-4.553626922584213865e+00 1.755843413637011965e-11
-4.541016752082070340e+00 2.314992951144509411e-11
-4.528406581579926815e+00 3.047363467496661990e-11
-4.515796411077784178e+00 4.005064906709603143e-11
-4.503186240575640653e+00 5.255397900870050381e-11
-4.490576070073497128e+00 6.885134288471951495e-11
-4.477965899571354491e+00 9.005960121085472884e-11
-4.465355729069210966e+00 1.176138432244840455e-10
-4.452745558567067441e+00 1.533549174077892181e-10
-4.440135388064924804e+00 1.996401281644718798e-10
-4.427525217562781279e+00 2.594829747231156980e-10
-4.414915047060637754e+00 3.367292295509632126e-10
-4.402304876558495117e+00 4.362784003688445642e-10
-4.389694706056351592e+00 5.643617622759215765e-10
-4.377084535554208067e+00 7.288907684817975325e-10
-4.364474365052065430e+00 9.398928501242429691e-10
-4.351864194549921905e+00 1.210055517426681187e-09
-4.339254024047778380e+00 1.555404418560782112e-09
-4.326643853545635743e+00 1.996146768174412246e-09
-4.314033683043492218e+00 2.557718524792761146e-09
-4.301423512541348693e+00 3.272082111432838769e-09
-4.288813342039206056e+00 4.179331614797386388e-09
-4.276203171537062531e+00 5.329674591569278499e-09
-4.263593001034919006e+00 6.785874237333284812e-09
-4.250982830532776369e+00 8.626253179825372831e-09
-4.238372660030632844e+00 1.094838106151163737e-08
-4.225762489528489319e+00 1.387359297743546579e-08
-4.213152319026346682e+00 1.755251542703021047e-08
-4.200542148524203157e+00 2.217181152281526199e-08
-4.187931978022059631e+00 2.796239869284945594e-08
-4.175321807519916995e+00 3.520944106826687130e-08
-4.162711637017773469e+00 4.426447636043422233e-08
-4.150101466515629944e+00 5.556010466543906506e-08
-4.137491296013487307e+00 6.962774582791407158e-08
-4.124881125511343782e+00 8.711906448869884323e-08
-4.112270955009200257e+00 1.088317696826982460e-07
-4.099660784507057620e+00 1.357406210258061550e-07
-4.087050614004914095e+00 1.690346185617326053e-07
-4.074440443502770570e+00 2.101615209213538468e-07
-4.061830273000627933e+00 2.608810295468912341e-07
-4.049220102498484408e+00 3.233281986045024257e-07
-4.036609931996340883e+00 4.000888844028416761e-07
-4.023999761494198246e+00 4.942893385014451410e-07
-4.011389590992054721e+00 6.097023793792526634e-07
-3.998779420489911196e+00 7.508729529772065730e-07
-3.986169249987768559e+00 9.232663173428682586e-07
-3.973559079485625034e+00 1.133442565944969600e-06
-3.960948908983481509e+00 1.389261743164264898e-06
-3.948338738481338872e+00 1.700124409332143601e-06
-3.935728567979194459e+00 2.077253186903821225e-06
-3.923118397477051822e+00 2.534021569354995323e-06
-3.910508226974909185e+00 3.086337105532537470e-06
-3.897898056472764772e+00 3.753086989592869100e-06
-3.885287885970622135e+00 4.556655095121684100e-06
-3.872677715468479498e+00 5.523520595780006375e-06
-3.860067544966335085e+00 6.684949517392549045e-06
-3.847457374464192448e+00 8.077791870352546468e-06
-3.834847203962049811e+00 9.745398417939713157e-06
-3.822237033459905398e+00 1.173867264547816251e-05
-3.809626862957762761e+00 1.411727510529916455e-05
-3.797016692455620124e+00 1.695099901912306111e-05
-3.784406521953475711e+00 2.032133781613085018e-05
-3.771796351451333074e+00 2.432326716214899882e-05
-3.759186180949190437e+00 2.906726598022472057e-05
-3.746576010447046023e+00 3.468160295872269364e-05
-3.733965839944903387e+00 4.131491706926202601e-05
-3.721355669442760750e+00 4.913912264780448126e-05
-3.708745498940616336e+00 5.835267159754233544e-05
-3.696135328438473699e+00 6.918420721585088985e-05
-3.683525157936331063e+00 8.189664598786167604e-05
-3.670914987434186649e+00 9.679172537766329236e-05
-3.658304816932044012e+00 1.142150571308377024e-04
-3.645694646429901375e+00 1.345617268173585513e-04
-3.633084475927756962e+00 1.582824812241711481e-04
-3.620474305425614325e+00 1.858905456774797617e-04
-3.607864134923471688e+00 2.179691133548730003e-04
-3.595253964421327275e+00 2.551795480493246359e-04
-3.582643793919184638e+00 2.982703405791231740e-04
-3.570033623417041113e+00 3.480868570008856223e-04
-3.557423452914897588e+00 4.055819138762461811e-04
-3.544813282412754951e+00 4.718272119623816412e-04
-3.532203111910611426e+00 5.480256547374936582e-04
-3.519592941408467901e+00 6.355245720286712254e-04
-3.506982770906325264e+00 7.358298615811099692e-04
-3.494372600404181739e+00 8.506210525964450755e-04
-3.481762429902038214e+00 9.817672849847776731e-04
-3.469152259399895577e+00 1.131344186242567215e-03
-3.456542088897752052e+00 1.301651614420635053e-03
-3.443931918395608527e+00 1.495232220535734624e-03
-3.431321747893465890e+00 1.714890766981026597e-03
-3.418711577391322365e+00 1.963714119996119029e-03
-3.406101406889178840e+00 2.245091814102105447e-03
-3.393491236387036203e+00 2.562737064637102789e-03
-3.380881065884892678e+00 2.920708081245776324e-03
-3.368270895382749153e+00 3.323429510507537859e-03
-3.355660724880606516e+00 3.775713810011568656e-03
-3.343050554378462991e+00 4.282782329321272244e-03
-3.330440383876319466e+00 4.850285845675911429e-03
-3.317830213374176829e+00 5.484324274287050160e-03
-3.305220042872033304e+00 6.191465245043706843e-03
-3.292609872369889779e+00 6.978761209785058241e-03
-3.279999701867747142e+00 7.853764717474908535e-03
-3.267389531365603617e+00 8.824541469156361312e-03
-3.254779360863460091e+00 9.899680741004900780e-03
-3.242169190361317455e+00 1.108830274276815554e-02
-3.229559019859173929e+00 1.240006246096788355e-02
-3.216948849357030404e+00 1.384514952214601670e-02
-3.204338678854887767e+00 1.543428360178515646e-02
-3.191728508352744242e+00 1.717870490007531933e-02
-3.179118337850600717e+00 1.909015920701136182e-02
-3.166508167348458080e+00 2.118087708716774251e-02
-3.153897996846314555e+00 2.346354672942722874e-02
-3.141287826344171030e+00 2.595128002959767866e-02
-3.128677655842028393e+00 2.865757150471285111e-02
-3.116067485339884868e+00 3.159624967734758760e-02
-3.103457314837741343e+00 3.478142061679611458e-02
-3.090847144335598706e+00 3.822740338171588814e-02
-3.078236973833455181e+00 4.194865717610090500e-02
-3.065626803331311656e+00 4.595970010677843942e-02
-3.053016632829169019e+00 5.027501951616075021e-02
-3.040406462327025494e+00 5.490897395835245276e-02
-3.027796291824881969e+00 5.987568698930573891e-02
-3.015186121322739332e+00 6.518893305167287877e-02
-3.002575950820595807e+00 7.086201585168279415e-02
-2.989965780318452282e+00 7.690763974737437059e-02
-2.977355609816309645e+00 8.333777479379619879e-02
-2.964745439314166120e+00 9.016351621961847529e-02
-2.952135268812022595e+00 9.739493923950610921e-02
-2.939525098309879958e+00 1.050409502356758201e-01
-2.926914927807736433e+00 1.131091354683156497e-01
-2.914304757305592908e+00 1.216056085959491689e-01
-2.901694586803450271e+00 1.305348584012110402e-01
-2.889084416301306746e+00 1.398995982226335644e-01
-2.876474245799163221e+00 1.497006186865244837e-01
-2.863864075297020584e+00 1.599366454130329573e-01
-2.851253904794877059e+00 1.706042034342569458e-01
-2.838643734292733534e+00 1.816974901082659966e-01
-2.826033563790590897e+00 1.932082583388703700e-01
-2.813423393288447372e+00 2.051257119152754549e-01
-2.800813222786303847e+00 2.174364147669607117e-01
-2.788203052284161210e+00 2.301242158857388087e-01
-2.775592881782017685e+00 2.431701915985479689e-01
-2.762982711279874160e+00 2.565526067797507248e-01
-2.750372540777731523e+00 2.702468964714930810e-01
-2.737762370275587998e+00 2.842256692338854807e-01
-2.725152199773444472e+00 2.984587333755173710e-01
-2.712542029271301836e+00 3.129131470187836994e-01
-2.699931858769158310e+00 3.275532927364366298e-01
-2.687321688267014785e+00 3.423409772569110388e-01
-2.674711517764872148e+00 3.572355564789126969e-01
-2.662101347262728623e+00 3.721940857635280264e-01
-2.649491176760585098e+00 3.871714951876432664e-01
-2.636881006258442461e+00 4.021207891495897080e-01
-2.624270835756298936e+00 4.169932694200582102e-01
-2.611660665254155411e+00 4.317387804325811262e-01
-2.599050494752012774e+00 4.463059753134269725e-01
-2.586440324249869249e+00 4.606426008671843375e-01
-2.573830153747725724e+00 4.746957994537114311e-01
-2.561219983245583087e+00 4.884124254384892838e-01
-2.548609812743439562e+00 5.017393736609547794e-01
-2.535999642241296037e+00 5.146239171541080459e-01
-2.523389471739152512e+00 5.270140511655831972e-01
-2.510779301237009875e+00 5.388588403798724169e-01
-2.498169130734866350e+00 5.501087661265259277e-01
-2.485558960232722825e+00 5.607160702813216435e-01
-2.472948789730580188e+00 5.706350925303990129e-01
-2.460338619228436663e+00 5.798225976705813078e-01
-2.447728448726293138e+00 5.882380896653384150e-01
-2.435118278224150501e+00 5.958441092636624914e-01
-2.422508107722006976e+00 6.026065121187602625e-01
-2.409897937219863451e+00 6.084947245140946981e-01
-2.397287766717720814e+00 6.134819740128157894e-01
-2.384677596215577289e+00 6.175454925920830229e-01
-2.372067425713433764e+00 6.206666901023097926e-01
-2.359457255211291127e+00 6.228312961988006213e-01
-2.346847084709147602e+00 6.240294692273132826e-01
-2.334236914207004077e+00 6.242558708987133720e-01
-2.321626743704861440e+00 6.235097059588511348e-01
-2.309016573202717915e+00 6.217947264405326857e-01
-2.296406402700574390e+00 6.191192004715165842e-01
-2.283796232198431753e+00 6.154958459990699238e-01
-2.271186061696288228e+00 6.109417301733222061e-01
-2.258575891194144702e+00 6.054781355023932665e-01
-2.245965720692002066e+00 5.991303942473361621e-01
-2.233355550189858540e+00 5.919276928592205334e-01
-2.220745379687715015e+00 5.839028485699562232e-01
-2.208135209185572378e+00 5.750920605282627829e-01
-2.195525038683428853e+00 5.655346381191344030e-01
-2.182914868181285328e+00 5.552727093163288830e-01
-2.170304697679142691e+00 5.443509120900650311e-01
-2.157694527176999166e+00 5.328160720247515636e-01
-2.145084356674855641e+00 5.207168693927082259e-01
-2.132474186172713004e+00 5.081034989789307010e-01
-2.119864015670569479e+00 4.950273259591854158e-01
-2.107253845168425954e+00 4.815405411060445506e-01
-2.094643674666283317e+00 4.676958185161620429e-01
-2.082033504164139792e+00 4.535459789460442037e-01
-2.069423333661996267e+00 4.391436616991583053e-01
-2.056813163159853630e+00 4.245410078295793199e-01
-2.044202992657710105e+00 4.097893572212865654e-01
-2.031592822155566580e+00 3.949389618717938921e-01
-2.018982651653423943e+00 3.800387174569688220e-01
-2.006372481151280418e+00 3.651359149856292508e-01
-1.993762310649136893e+00 3.502760140718486626e-01
-1.981152140146994256e+00 3.355024390633304932e-01
-1.968541969644850731e+00 3.208563989720887299e-01
-1.955931799142707206e+00 3.063767318604707635e-01
-1.943321628640564569e+00 2.920997740476572457e-01
-1.930711458138421044e+00 2.780592542213238261e-01
-1.918101287636277519e+00 2.642862122707849148e-01
-1.905491117134134882e+00 2.508089424035487291e-01
-1.892880946631991357e+00 2.376529598711682734e-01
-1.880270776129847832e+00 2.248409904132676884e-01
-1.867660605627705195e+00 2.123929813339269224e-01
-1.855050435125561670e+00 2.003261328695791210e-01
-1.842440264623418145e+00 1.886549489898644572e-01
-1.829830094121275508e+00 1.773913046185454923e-01
-1.817219923619131983e+00 1.665445298036316857e-01
-1.804609753116988458e+00 1.561215073986583490e-01
-1.791999582614845821e+00 1.461267832601639005e-01
-1.779389412112702296e+00 1.365626870656961867e-01
-1.766779241610558771e+00 1.274294619877420764e-01
-1.754169071108415245e+00 1.187254014797883145e-01
-1.741558900606272609e+00 1.104469914712652018e-01
-1.728948730104129083e+00 1.025890563263098243e-01
-1.716338559601985558e+00 9.514490699521073458e-02
-1.703728389099842921e+00 8.810648987495388329e-02
-1.691118218597699396e+00 8.146453499445105439e-02
-1.678508048095555871e+00 7.520870224545767035e-02
-1.665897877593413234e+00 6.932772450073908244e-02
-1.653287707091269709e+00 6.380954659328232081e-02
-1.640677536589126184e+00 5.864145922085139268e-02
-1.628067366086983547e+00 5.381022699078756577e-02
-1.615457195584840022e+00 4.930220994043236354e-02
-1.602847025082696497e+00 4.510347798907627520e-02
-1.590236854580553860e+00 4.119991789599809773e-02
-1.577626684078410335e+00 3.757733241279695435e-02
-1.565016513576266810e+00 3.422153142596329883e-02
-1.552406343074124173e+00 3.111841498629213526e-02
-1.539796172571980648e+00 2.825404821485345830e-02
-1.527186002069837123e+00 2.561472816003567202e-02
-1.514575831567694486e+00 2.318704275643650864e-02
-1.501965661065550961e+00 2.095792210373269640e-02
-1.489355490563407436e+00 1.891468234219536096e-02
-1.476745320061264799e+00 1.704506245118335775e-02
-1.464135149559121274e+00 1.533725438325765460e-02
-1.451524979056977749e+00 1.377992665879732535e-02
-1.438914808554835112e+00 1.236224253702870868e-02
-1.426304638052691587e+00 1.107387226362667454e-02
-1.413694467550548062e+00 9.905000679374069764e-03
-1.401084297048405425e+00 8.846329973581134112e-03
-1.388474126546261900e+00 7.889078659089224926e-03
-1.375863956044118375e+00 7.024976754038464097e-03
-1.363253785541975738e+00 6.246257802056252861e-03
-1.350643615039832213e+00 5.545648117986272906e-03
-1.338033444537688688e+00 4.916353661764983132e-03
-1.325423274035546051e+00 4.352044921962622791e-03
-1.312813103533402526e+00 3.846840167393704608e-03
-1.300202933031259001e+00 3.395287400566456178e-03
-1.287592762529116364e+00 2.992345321084317975e-03
-1.274982592026972839e+00 2.633363574645618960e-03
-1.262372421524829313e+00 2.314062583586181526e-03
-1.249762251022686677e+00 2.030513079684030490e-03
-1.237152080520543151e+00 1.779116031330765747e-03
-1.224541910018399626e+00 1.556580688726034870e-03
-1.211931739516256989e+00 1.359907946399288624e-03
-1.199321569014113464e+00 1.186367494474774732e-03
-1.186711398511969939e+00 1.033480521292757474e-03
-1.174101228009827302e+00 8.990010677232835451e-04
-1.161491057507683777e+00 7.808984363653997908e-04
-1.148880887005540252e+00 6.773403788748044848e-04
-1.136270716503397615e+00 5.866771024918617525e-04
-1.123660546001254090e+00 5.074261228190737622e-04
-1.111050375499110565e+00 4.382579780565628788e-04
-1.098440204996967928e+00 3.779828092039741873e-04
-1.085830034494824403e+00 3.255378014639280309e-04
-1.073219863992680878e+00 2.799754735892419485e-04
-1.060609693490538241e+00 2.404527998412287252e-04
-1.047999522988394716e+00 2.062211281879757808e-04
-1.035389352486251191e+00 1.766168829737671997e-04
-1.022779181984108554e+00 1.510530043942563672e-04
-1.010169011481965029e+00 1.290110961305709263e-04
-9.975588409798215039e-01 1.100342427121928703e-04
-9.849486704776788670e-01 9.372045829921508324e-05
-9.723384999755353419e-01 7.971672804569775129e-05
-9.597283294733918169e-01 6.771360234168413315e-05
-9.471181589712491800e-01 5.744031073250281737e-05
-9.345079884691056549e-01 4.866034458744321323e-05
-9.218978179669621298e-01 4.116749004316661617e-05
-9.092876474648186047e-01 3.478226226925059479e-05
-8.966774769626759678e-01 2.934871297199430703e-05
-8.840673064605324427e-01 2.473157818312108150e-05
-8.714571359583889176e-01 2.081373608356376989e-05
-8.588469654562462807e-01 1.749394642576520160e-05
-8.462367949541027556e-01 1.468484495603986605e-05
-8.336266244519592306e-01 1.231116807607853668e-05
-8.210164539498165936e-01 1.030818479566351802e-05
-8.084062834476730686e-01 8.620314798445164912e-06
-7.957961129455295435e-01 7.199913154138416567e-06
-7.831859424433869066e-01 6.006203852071104372e-06
-7.705757719412433815e-01 5.004345893876474144e-06
-7.579656014390998564e-01 4.164617161099942903e-06
-7.453554309369572195e-01 3.461702662611775426e-06
-7.327452604348136944e-01 2.874075064967897249e-06
-7.201350899326701693e-01 2.383456615790979681e-06
-7.075249194305275324e-01 1.974352686771006019e-06
-6.949147489283840073e-01 1.633648191007713422e-06
-6.823045784262404823e-01 1.350259071999784633e-06
-6.696944079240978454e-01 1.114831922166409226e-06
-6.570842374219543203e-01 9.194855714001765977e-07
-6.444740669198107952e-01 7.575891951741979780e-07
-6.318638964176681583e-01 6.235721317585549220e-07
-6.192537259155246332e-01 5.127611738480602530e-07
-6.066435554133811081e-01 4.212416160862292951e-07
-5.940333849112384712e-01 3.457388012544936059e-07
-5.814232144090949461e-01 2.835173188308746811e-07
-5.688130439069514210e-01 2.322953745921983569e-07
-5.562028734048087841e-01 1.901721731253182427e-07
-5.435927029026652590e-01 1.555664404885026275e-07
-5.309825324005217340e-01 1.271644655454016616e-07
-5.183723618983790971e-01 1.038762591524396424e-07
-5.057621913962355720e-01 8.479862363398489047e-08
-4.931520208940920469e-01 6.918409379229221138e-08
-4.805418503919494100e-01 5.641485778853864855e-08
-4.679316798898058849e-01 4.598089407440003812e-08
-4.553215093876623598e-01 3.746167139720983313e-08
-4.427113388855197229e-01 3.051085522785837220e-08
-4.301011683833761978e-01 2.484354338430246185e-08
-4.174909978812326727e-01 2.022563540053870783e-08
-4.048808273790900358e-01 1.646498284984993705e-08
-3.922706568769465107e-01 1.340403985866746225e-08
-3.796604863748029857e-01 1.091376500823646122e-08
-3.670503158726603488e-01 8.888570138497766232e-09
-3.544401453705168237e-01 7.242141084120703855e-09
-3.418299748683732986e-01 5.903984983625373777e-09
-3.292198043662306617e-01 4.816581553306489896e-09
-3.166096338640871366e-01 3.933035759255357154e-09
-3.039994633619436115e-01 3.215146080571104850e-09
-2.913892928598009746e-01 2.631816621740788731e-09
-2.787791223576574495e-01 2.157753854030034186e-09
-2.661689518555139244e-01 1.772397668860948062e-09
-2.535587813533712875e-01 1.459046114173508847e-09
-2.409486108512277625e-01 1.204139299646632707e-09
-2.283384403490842374e-01 9.966741622608872267e-10
-2.157282698469416005e-01 8.277268248999660663e-10
-2.031180993447980754e-01 6.900630057709114857e-10
-1.907296212577645478e-01 5.796029458152179598e-10
-1.790751809198734557e-01 4.940360013424375671e-10
-1.681328766829025823e-01 4.270772668227231418e-10
-1.578591939883211837e-01 3.740801283477892116e-10
-1.482132772030496648e-01 3.316909451145804800e-10
-1.391567671477560997e-01 2.974579386532830640e-10
-1.306536485528615454e-01 2.695665540854010157e-10
-1.226701068356443602e-01 2.466580554414825001e-10
-1.151743936288669723e-01 2.277036251670543640e-10
-1.081367005261812397e-01 2.119161732052016004e-10
-1.015290405422311915e-01 1.986863710922049115e-10
-9.532513681604738720e-02 1.875398599557461500e-10
-8.950031811513789459e-02 1.781022128364766183e-10
-8.403142072473115953e-02 1.700761060288136574e-10
-7.889669633199995757e-02 1.632233430367387653e-10
-7.407572553895482026e-02 1.573516053826806547e-10
-6.954933666007066806e-02 1.523044862168956730e-10
-6.529952948172380867e-02 1.479538375145067565e-10
-6.130940368025181858e-02 1.441941049012580089e-10
-5.756309161397969026e-02 1.409377031258533900e-10
-5.404569522193657799e-02 1.381115998796294217e-10
-5.074322677833183887e-02 1.356545690479000250e-10
-4.764255326718694339e-02 1.335150338835583643e-10
-4.473134415591366320e-02 1.316493527227029899e-10
-4.199802236014917034e-02 1.300204472556292729e-10
-3.943171820485173729e-02 1.285966977159682732e-10
-3.702222619856760516e-02 1.273510474229957587e-10
-3.475996444897584692e-02 1.262602725836590674e-10
-3.263593655831751456e-02 1.253043833697211183e-10
-3.064169584717604811e-02 1.244661299174682738e-10
-2.876931176433708895e-02 1.237305926933379311e-10
-2.701133834915109624e-02 1.230848410958885338e-10
-2.536078462097863737e-02 1.225176475648668280e-10
-2.381108677796769241e-02 1.220192470942533217e-10
-2.235608209460499679e-02 1.215811340853080191e-10
-2.098998441423788677e-02 1.211958900672618277e-10
-1.970736113910750986e-02 1.208570370623429989e-10
-1.850311162639044910e-02 1.205589123569169706e-10
-1.737244690433337180e-02 1.202965612217825926e-10
-1.631087062781888183e-02 1.200656447470807052e-10
-1.531416119762810286e-02 1.198623604561134440e-10
-1.437835497229224616e-02 1.196833737639035148e-10
-1.349973050577157364e-02 1.195257586713162818e-10
-1.267479374828037013e-02 1.193869463500144407e-10
-1.190026415140387275e-02 1.192646804893736963e-10
-1.117306162225225469e-02 1.191569784542998247e-10
-1.049029427477177374e-02 1.190620974490778950e-10
-9.849246929502866038e-03 1.189785050040357064e-10
-9.247370316051994887e-03 1.189048532028728964e-10
-8.682270935339195597e-03 1.188399561531658810e-10
-8.151701541304996398e-03 1.187827702736031308e-10
-7.653552204225974771e-03 1.187323770314511732e-10
-7.185841920100037063e-03 1.186879678144740346e-10
-6.746710732733945948e-03 1.186488306646002877e-10
-6.334412337204842376e-03 1.186143386373566478e-10
-5.947307135282262590e-03 1.185839395824658699e-10
-5.583855715193143839e-03 1.185571471678981899e-10
-5.242612729801200168e-03 1.185335329928134231e-10
-4.922221148855803613e-03 1.185127196547260295e-10
-4.621406862452884928e-03 1.184943746534521344e-10
-4.338973614247355545e-03 1.184782050292851456e-10
-4.073798244268176869e-03 1.184639526457339996e-10
-3.824826222417472815e-03 1.184513900384131075e-10
-3.591067454892035368e-03 1.184403167613691747e-10
-3.371592346850472034e-03 1.184305561706801983e-10
-3.165528105668122608e-03 1.184219525925338025e-10
-2.972055270078842893e-03 1.184143688294729070e-10
-2.790404451401243442e-03 1.184076839641625442e-10
-2.619853273889739126e-03 1.184017914249586431e-10
-2.459723502043294555e-03 1.183965972819141578e-10
-2.309378343447928035e-03 1.183920187456360163e-10
-2.168219916426995363e-03 1.183879828447476824e-10
-2.035686872428882702e-03 1.183844252606322528e-10
-1.911252163696946192e-03 1.183812893006777715e-10
-1.794420947344431763e-03 1.183785249935326407e-10
-1.684728617499294890e-03 1.183760882918242273e-10
-1.581738957693386684e-03 1.183739403695517795e-10
-1.485042406148618429e-03 1.183720470028835514e-10
-1.394254427061488973e-03 1.183703780244545600e-10
-1.309013981409089993e-03 1.183689068424080020e-10
-1.228982091195453740e-03 1.183676100165018436e-10
-1.153840491428526288e-03 1.183664668844994108e-10
-1.083290364467113165e-03 1.183654592328673915e-10
-1.017051151704679570e-03 1.183645710065275934e-10
-9.548594378642998991e-04 1.183637880530253611e-10
-8.964679034679587247e-04 1.183630978970299050e-10
-8.416443413144891576e-04 1.183624895415671939e-10
-7.901707330548732918e-04 1.183619532928185524e-10
-7.418423821927417998e-04 1.183614806056818008e-10
-6.964671000622763746e-04 1.183610639476479063e-10
-6.538644415463101345e-04 1.183606966788006506e-10
-6.138649874953195544e-04 1.183603729460428998e-10
-5.763096709937077546e-04 1.183600875898622855e-10
-5.410491447940707658e-04 1.183598360621423841e-10
-5.079431874039339089e-04 1.183596143537126815e-10
-4.768601454631505969e-04 1.183594189304854987e-10
-4.476764101943878299e-04 1.183592466771633013e-10
-4.202759258447686459e-04 1.183590948476140410e-10
-3.945497281637799845e-04 1.183589610211250362e-10
-3.703955110821903832e-04 1.183588430638463264e-10
-3.477172198687347553e-04 1.183587390947966507e-10
-3.264246691466341703e-04 1.183586474558991146e-10
-3.064331842509692436e-04 1.183585666855733194e-10
-2.876632645006474724e-04 1.183584954954476176e-10
-2.700402670458676067e-04 1.183584327498317210e-10
-2.534941100338807115e-04 1.183583774476347135e-10
-2.379589939125882462e-04 1.183583287064052733e-10
-2.233731397636618432e-04 1.183582857482781845e-10
-2.096785436246481258e-04 1.183582478875803796e-10
-1.968207458230403738e-04 1.183582145199064946e-10
-1.847486144050079770e-04 1.183581851124867645e-10
-1.734141417975726429e-04 1.183581591957019333e-10
-1.627722538955931274e-04 1.183581363555945560e-10
-1.527806308143372189e-04 1.183581162272779710e-10
-1.433995385948514170e-04 1.183580984891173435e-10
-1.345916711928507147e-04 1.183580828576051782e-10
-1.263220021227506255e-04 1.183580690828441116e-10
-1.185576451668948804e-04 1.183580569445607286e-10
-1.112677235960431003e-04 1.183580462485981360e-10
-1.044232473810362147e-04 1.183580368238185072e-10
-9.799699790736354202e-05 1.183580285193754794e-10
-9.196341973416139544e-05 1.183580212023079119e-10
-8.629851896719176359e-05 1.183580147554235954e-10
-8.097976784167412539e-05 1.183580090754256110e-10
-7.598601513551331310e-05 1.183580040712680239e-10
-7.129740205665540287e-05 1.183579996627044660e-10
-6.689528327009240302e-05 1.183579957790038865e-10
-6.276215275045356852e-05 1.183579923578274728e-10
-5.888157416531500463e-05 1.183579893442311486e-10
-5.523811551239205268e-05 1.183579866897889173e-10
-5.181728775067791524e-05 1.183579843518199914e-10
-4.860548718147756638e-05 1.183579822927100643e-10
-4.558994135021126844e-05 1.183579804793058664e-10
-4.275865825384858419e-05 1.183579788823907322e-10
-4.010037865198160146e-05 1.183579774762149945e-10
-3.760453129189908716e-05 1.183579762380884945e-10
-3.526119086959958525e-05 1.183579751480104963e-10
-3.306103855956327154e-05 1.183579741883586147e-10
-3.099532495632644548e-05 1.183579733436032317e-10
-2.905583528048395544e-05 1.183579726000577652e-10
-2.723485671075096226e-05 1.183579719456620511e-10
-2.552514771217800657e-05 1.183579713697898688e-10
-2.391990923854284747e-05 1.183579708630781282e-10
-2.241275769439721272e-05 1.183579704172750308e-10
-2.099769954925015053e-05 1.183579700251115975e-10
-1.966910750293300909e-05 1.183579696801816248e-10
-1.842169810736080741e-05 1.183579693768429136e-10
-1.725051075570132930e-05 1.183579691101227385e-10
-1.615088795539561633e-05 1.183579688756425482e-10
-1.511845680657980123e-05 1.183579686695417615e-10
-1.414911161225593266e-05 1.183579684884232510e-10
-1.323899755105558475e-05 1.183579683292905808e-10
-1.238449534766613459e-05 1.183579681895093875e-10
-1.158220687996078599e-05 1.183579680667551642e-10
-1.082894166559426607e-05 1.183579679589818280e-10
-1.012170417432434343e-05 1.183579678643879347e-10
-9.457681915605696142e-06 1.183579677813878824e-10
-8.834234254082606896e-06 1.183579677085834774e-10
-8.248881908502043135e-06 1.183579676447443919e-10
-7.699297092288845179e-06 1.183579675887890873e-10
-7.183294256573823982e-06 1.183579675397631005e-10
-6.698821398861734940e-06 1.183579674968262487e-10
-6.243951902777456888e-06 1.183579674592414106e-10
-5.816876876438485798e-06 1.183579674263576725e-10
-5.415897958985060038e-06 1.183579673976031683e-10
-5.039420566662596439e-06 1.183579673724737315e-10
-4.685947551597296836e-06 1.183579673505274150e-10
-4.354073248047161842e-06 1.183579673313744098e-10
-4.042477882453245495e-06 1.183579673146720564e-10
-3.749922325059951160e-06 1.183579673001179945e-10
-3.475243162234227762e-06 1.183579672874481466e-10
-3.217348069887064443e-06 1.183579672764287308e-10
-2.975211469598384632e-06 1.183579672668566484e-10
-2.747870450171603521e-06 1.183579672585506694e-10
-2.534420938398601179e-06 1.183579672513522852e-10
-2.334014103807039897e-06 1.183579672451239513e-10
-2.145852983093271333e-06 1.183579672397420815e-10
-1.969189310816785935e-06 1.183579672351011072e-10
-1.803320543752548581e-06 1.183579672311064193e-10
-1.647587067068355029e-06 1.183579672276756361e-10
-1.501369571216668681e-06 1.183579672247359654e-10
-1.364086589109387048e-06 1.183579672222248002e-10
-1.235192183781944781e-06 1.183579672200857628e-10
-1.114173777351006344e-06 1.183579672182704891e-10
-1.000550112631961414e-06 1.183579672167365343e-10
-8.938693393104654022e-07 1.183579672154460550e-10
-7.937072170570570337e-07 1.183579672143670755e-10
-6.996654284390261791e-07 1.183579672134705668e-10
-6.113699949207071113e-07 1.183579672127317653e-10
-5.284697896529079203e-07 1.183579672121287764e-10
-4.506351411371571005e-07 1.183579672116418514e-10
-3.775565222121384326e-07 1.183579672112554288e-10
-3.089433191486484405e-07 1.183579672109551881e-10
-2.445226759580218821e-07 1.183579672107272740e-10
-1.840384093183425875e-07 1.183579672105620447e-10
-1.272499898032904365e-07 1.183579672104484883e-10
-7.393158536218592144e-08 1.183579672103803751e-10
-2.387116324756687046e-08 1.183579672103488389e-10
2.387116324756687046e-08 1.183579672103488389e-10
7.393158536217865548e-08 1.183579672103803751e-10
1.272499898032904365e-07 1.183579672104484883e-10
1.840384093183425875e-07 1.183579672105620447e-10
2.445226759580130942e-07 1.183579672107272740e-10
3.089433191486484405e-07 1.183579672109551881e-10
3.775565222121384326e-07 1.183579672112554288e-10
4.506351411371465126e-07 1.183579672116418514e-10
5.284697896529079203e-07 1.183579672121287764e-10
6.113699949207071113e-07 1.183579672127317653e-10
6.996654284390133677e-07 1.183579672134705668e-10
7.937072170570570337e-07 1.183579672143670755e-10
8.938693393104654022e-07 1.183579672154460550e-10
1.000550112631946167e-06 1.183579672167365343e-10
1.114173777351006344e-06 1.183579672182704891e-10
1.235192183781944781e-06 1.183579672200857628e-10
1.364086589109368413e-06 1.183579672222248002e-10
1.501369571216668681e-06 1.183579672247359654e-10
1.647587067068355029e-06 1.183579672276756361e-10
1.803320543752526134e-06 1.183579672311064193e-10
1.969189310816785935e-06 1.183579672351011072e-10
2.145852983093271333e-06 1.183579672397420815e-10
2.334014103807012369e-06 1.183579672451239513e-10
2.534420938398601179e-06 1.183579672513522852e-10
2.747870450171603521e-06 1.183579672585506694e-10
2.975211469598351597e-06 1.183579672668566484e-10
3.217348069887064443e-06 1.183579672764287308e-10
3.475243162234227762e-06 1.183579672874481466e-10
3.749922325059911349e-06 1.183579673001179945e-10
4.042477882453245495e-06 1.183579673146720564e-10
4.354073248047161842e-06 1.183579673313744098e-10
4.685947551597248555e-06 1.183579673505274150e-10
5.039420566662596439e-06 1.183579673724737315e-10
5.415897958985004981e-06 1.183579673976031683e-10
5.816876876438427352e-06 1.183579674263576725e-10
6.243951902777456888e-06 1.183579674592414106e-10
6.698821398861668871e-06 1.183579674968262487e-10
7.183294256573753678e-06 1.183579675397631005e-10
7.699297092288845179e-06 1.183579675887890873e-10
8.248881908501963514e-06 1.183579676447443919e-10
8.834234254082522193e-06 1.183579677085834774e-10
9.457681915605696142e-06 1.183579677813878824e-10
1.012170417432424687e-05 1.183579678643879347e-10
1.082894166559416273e-05 1.183579679589818280e-10
1.158220687996078599e-05 1.183579680667551642e-10
1.238449534766601939e-05 1.183579681895093875e-10
1.323899755105545939e-05 1.183579683292905808e-10
1.414911161225593266e-05 1.183579684884232510e-10
1.511845680657965724e-05 1.183579686695417615e-10
1.615088795539546725e-05 1.183579688756425482e-10
1.725051075570132930e-05 1.183579691101227385e-10
1.842169810736063801e-05 1.183579693768429136e-10
1.966910750293282952e-05 1.183579696801816248e-10
2.099769954925015053e-05 1.183579700251115975e-10
2.241275769439700604e-05 1.183579704172750308e-10
2.391990923854262385e-05 1.183579708630781282e-10
2.552514771217800657e-05 1.183579713697898688e-10
2.723485671075071492e-05 1.183579719456620511e-10
2.905583528048369117e-05 1.183579726000577652e-10
3.099532495632644548e-05 1.183579733436032317e-10
3.306103855956297338e-05 1.183579741883586147e-10
3.526119086959926676e-05 1.183579751480104963e-10
3.760453129189908716e-05 1.183579762380884945e-10
4.010037865198123555e-05 1.183579774762149945e-10
4.275865825384819795e-05 1.183579788823907322e-10
4.558994135021126844e-05 1.183579804793058664e-10
4.860548718147712592e-05 1.183579822927100643e-10
5.181728775067744768e-05 1.183579843518199914e-10
5.523811551239205268e-05 1.183579866897889173e-10
5.888157416531447608e-05 1.183579893442311486e-10
6.276215275045299931e-05 1.183579923578274728e-10
6.689528327009240302e-05 1.183579957790038865e-10
7.129740205665476590e-05 1.183579996627044660e-10
7.598601513551263547e-05 1.183580040712680239e-10
8.097976784167412539e-05 1.183580090754256110e-10
8.629851896719099109e-05 1.183580147554235954e-10
9.196341973416056873e-05 1.183580212023079119e-10
9.799699790736354202e-05 1.183580285193754794e-10
1.044232473810352796e-04 1.183580368238185072e-10
1.112677235960420974e-04 1.183580462485981360e-10
1.185576451668948804e-04 1.183580569445607286e-10
1.263220021227494871e-04 1.183580690828441116e-10
1.345916711928494950e-04 1.183580828576051782e-10
1.433995385948514170e-04 1.183580984891173435e-10
1.527806308143358637e-04 1.183581162272779710e-10
1.627722538955916909e-04 1.183581363555945560e-10
1.734141417975726429e-04 1.183581591957019333e-10
1.847486144050063236e-04 1.183581851124867645e-10
1.968207458230386390e-04 1.183582145199064946e-10
2.096785436246481258e-04 1.183582478875803796e-10
2.233731397636598375e-04 1.183582857482781845e-10
2.379589939125861320e-04 1.183583287064052733e-10
2.534941100338807115e-04 1.183583774476347135e-10
2.700402670458652214e-04 1.183584327498317210e-10
2.876632645006474724e-04 1.183584954954476176e-10
3.064331842509692436e-04 1.183585666855733194e-10
3.264246691466312429e-04 1.183586474558991146e-10
3.477172198687347553e-04 1.183587390947966507e-10
3.703955110821903832e-04 1.183588430638463264e-10
3.945497281637764609e-04 1.183589610211250362e-10
4.202759258447686459e-04 1.183590948476140410e-10
4.476764101943878299e-04 1.183592466771633013e-10
4.768601454631463685e-04 1.183594189304859122e-10
5.079431874039339089e-04 1.183596143537126815e-10
5.410491447940683806e-04 1.183598360621423841e-10
5.763096709937052609e-04 1.183600875898622855e-10
6.138649874953195544e-04 1.183603729460428998e-10
6.538644415463072072e-04 1.183606966788006506e-10
6.964671000622733388e-04 1.183610639476479063e-10
7.418423821927417998e-04 1.183614806056818008e-10
7.901707330548697139e-04 1.183619532928185524e-10
8.416443413144852545e-04 1.183624895415671939e-10
8.964679034679587247e-04 1.183630978970299050e-10
9.548594378642956708e-04 1.183637880530253611e-10
1.017051151704675017e-03 1.183645710065275934e-10
1.083290364467113165e-03 1.183654592328673915e-10
1.153840491428521084e-03 1.183664668844994108e-10
1.228982091195448319e-03 1.183676100165018436e-10
1.309013981409089993e-03 1.183689068424080020e-10
1.394254427061482901e-03 1.183703780244549995e-10
1.485042406148611707e-03 1.183720470028835514e-10
1.581738957693386684e-03 1.183739403695517795e-10
1.684728617499287517e-03 1.183760882918242273e-10
1.794420947344423523e-03 1.183785249935326407e-10
1.911252163696946192e-03 1.183812893006777715e-10
2.035686872428873594e-03 1.183844252606322528e-10
2.168219916426985822e-03 1.183879828447476824e-10
2.309378343447928035e-03 1.183920187456360163e-10
2.459723502043281544e-03 1.183965972819141578e-10
2.619853273889716141e-03 1.184017914249586431e-10
2.790404451401243442e-03 1.184076839641625442e-10
2.972055270078832485e-03 1.184143688294729070e-10
3.165528105668094852e-03 1.184219525925338025e-10
3.371592346850472034e-03 1.184305561706801983e-10
3.591067454892016286e-03 1.184403167613691747e-10
3.824826222417438987e-03 1.184513900384131075e-10
4.073798244268176869e-03 1.184639526457339996e-10
4.338973614247340800e-03 1.184782050292851456e-10
4.621406862452843295e-03 1.184943746534521344e-10
4.922221148855803613e-03 1.185127196547260295e-10
5.242612729801172412e-03 1.185335329928134231e-10
5.583855715193094399e-03 1.185571471678981899e-10
5.947307135282262590e-03 1.185839395824658699e-10
6.334412337204820692e-03 1.186143386373566478e-10
6.746710732733886100e-03 1.186488306646002877e-10
7.185841920100037063e-03 1.186879678144740346e-10
7.653552204225934005e-03 1.187323770314511732e-10
8.151701541304925275e-03 1.187827702736031308e-10
8.682270935339195597e-03 1.188399561531658810e-10
9.247370316051963662e-03 1.189048532028728964e-10
9.849246929502777567e-03 1.189785050040352670e-10
1.049029427477177374e-02 1.190620974490778950e-10
1.117306162225219397e-02 1.191569784542998247e-10
1.190026415140376694e-02 1.192646804893736963e-10
1.267479374828037013e-02 1.193869463500144407e-10
1.349973050577152334e-02 1.195257586713162818e-10
1.437835497229211779e-02 1.196833737639035148e-10
1.531416119762810286e-02 1.198623604561134440e-10
1.631087062781879510e-02 1.200656447470807052e-10
1.737244690433321567e-02 1.202965612217825926e-10
1.850311162639044910e-02 1.205589123569169706e-10
1.970736113910743700e-02 1.208570370623429989e-10
2.098998441423769942e-02 1.211958900672618277e-10
2.235608209460499679e-02 1.215811340853080191e-10
2.381108677796757098e-02 1.220192470942533217e-10
2.536078462097841185e-02 1.225176475648668280e-10
2.701133834915109624e-02 1.230848410958885338e-10
2.876931176433698834e-02 1.237305926933379311e-10
3.064169584717577749e-02 1.244661299174678343e-10
3.263593655831751456e-02 1.253043833697211183e-10
3.475996444897566651e-02 1.262602725836590674e-10
3.702222619856727903e-02 1.273510474229957587e-10
3.943171820485173729e-02 1.285966977159682732e-10
4.199802236014902462e-02 1.300204472556292729e-10
4.473134415591326768e-02 1.316493527227024988e-10
4.764255326718694339e-02 1.335150338835583643e-10
5.074322677833156825e-02 1.356545690478995338e-10
5.404569522193609227e-02 1.381115998796289306e-10
5.756309161397969026e-02 1.409377031258533900e-10
6.130940368025160347e-02 1.441941049012574919e-10
6.529952948172323968e-02 1.479538375145062395e-10
6.954933666007066806e-02 1.523044862168956730e-10
7.407572553895443168e-02 1.573516053826801119e-10
7.889669633199926368e-02 1.632233430367381707e-10
8.403142072473115953e-02 1.700761060288136574e-10
8.950031811513757540e-02 1.781022128364759980e-10
9.532513681604654066e-02 1.875398599557448317e-10
1.015290405422311915e-01 1.986863710922049115e-10
1.081367005261806707e-01 2.119161732052001012e-10
1.151743936288659592e-01 2.277036251670527355e-10
1.226701068356443602e-01 2.466580554414825001e-10
1.306536485528610736e-01 2.695665540853991028e-10
1.391567671477548507e-01 2.974579386532788247e-10
1.482132772030496648e-01 3.316909451145804800e-10
1.578591939883203232e-01 3.740801283477852308e-10
1.681328766829011112e-01 4.270772668227155420e-10
1.790751809198728173e-01 4.940360013424305360e-10
1.907296212577638539e-01 5.796029458152117560e-10
2.031180993447962990e-01 6.900630057708943217e-10
2.157282698469407123e-01 8.277268248999542789e-10
2.283384403490833492e-01 9.966741622608731646e-10
2.409486108512259861e-01 1.204139299646602722e-09
2.535587813533703994e-01 1.459046114173493337e-09
2.661689518555130363e-01 1.772397668860916630e-09
2.787791223576556732e-01 2.157753854029972975e-09
2.913892928598000864e-01 2.631816621740741995e-09
3.039994633619427233e-01 3.215146080571047774e-09
3.166096338640853602e-01 3.933035759255231422e-09
3.292198043662297735e-01 4.816581553306404696e-09
3.418299748683724104e-01 5.903984983625290231e-09
3.544401453705150473e-01 7.242141084120523529e-09
3.670503158726594606e-01 8.888570138497640500e-09
3.796604863748020975e-01 1.091376500823626600e-08
3.922706568769447344e-01 1.340403985866712806e-08
4.048808273790891477e-01 1.646498284984964589e-08
4.174909978812317846e-01 2.022563540053849276e-08
4.301011683833744215e-01 2.484354338430184312e-08
4.427113388855188347e-01 3.051085522785782957e-08
4.553215093876614716e-01 3.746167139720916476e-08
4.679316798898041085e-01 4.598089407439873449e-08
4.805418503919485218e-01 5.641485778853764932e-08
4.931520208940911587e-01 6.918409379229121876e-08
5.057621913962337956e-01 8.479862363398217731e-08
5.183723618983782089e-01 1.038762591524385307e-07
5.309825324005208458e-01 1.271644655453998617e-07
5.435927029026652590e-01 1.555664404885026275e-07
5.562028734048078960e-01 1.901721731253151987e-07
5.688130439069505329e-01 2.322953745921958687e-07
5.814232144090949461e-01 2.835173188308746811e-07
5.940333849112375830e-01 3.457388012544886825e-07
6.066435554133802199e-01 4.212416160862217776e-07
6.192537259155246332e-01 5.127611738480602530e-07
6.318638964176672701e-01 6.235721317585471928e-07
6.444740669198099070e-01 7.575891951741899312e-07
6.570842374219543203e-01 9.194855714001765977e-07
6.696944079240969572e-01 1.114831922166397367e-06
6.823045784262395941e-01 1.350259071999767692e-06
6.949147489283840073e-01 1.633648191007713422e-06
7.075249194305266442e-01 1.974352686770984844e-06
7.201350899326692812e-01 2.383456615790954270e-06
7.327452604348136944e-01 2.874075064967897249e-06
7.453554309369563313e-01 3.461702662611719945e-06
7.579656014390989682e-01 4.164617161099883611e-06
7.705757719412433815e-01 5.004345893876474144e-06
7.831859424433860184e-01 6.006203852071040845e-06
7.957961129455286553e-01 7.199913154138326782e-06
8.084062834476730686e-01 8.620314798445164912e-06
8.210164539498157055e-01 1.030818479566339096e-05
8.336266244519583424e-01 1.231116807607836050e-05
8.462367949541027556e-01 1.468484495603986605e-05
8.588469654562453925e-01 1.749394642576492038e-05
8.714571359583880295e-01 2.081373608356347173e-05
8.840673064605324427e-01 2.473157818312108150e-05
8.966774769626750796e-01 2.934871297199389029e-05
9.092876474648177165e-01 3.478226226925040505e-05
9.218978179669621298e-01 4.116749004316661617e-05
9.345079884691047667e-01 4.866034458744295573e-05
9.471181589712474036e-01 5.744031073250169928e-05
9.597283294733918169e-01 6.771360234168413315e-05
9.723384999755344538e-01 7.971672804569718209e-05
9.849486704776770907e-01 9.372045829921275221e-05
9.975588409798215039e-01 1.100342427121928703e-04
1.010169011481964141e+00 1.290110961305700047e-04
1.022779181984106778e+00 1.510530043942523285e-04
1.035389352486251191e+00 1.766168829737671997e-04
1.047999522988393828e+00 2.062211281879746695e-04
1.060609693490536465e+00 2.404527998412236023e-04
1.073219863992680878e+00 2.799754735892419485e-04
1.085830034494823515e+00 3.255378014639239651e-04
1.098440204996966152e+00 3.779828092039657847e-04
1.111050375499110565e+00 4.382579780565628788e-04
1.123660546001253202e+00 5.074261228190674738e-04
1.136270716503395839e+00 5.866771024918455979e-04
1.148880887005540252e+00 6.773403788748044848e-04
1.161491057507682889e+00 7.808984363653955624e-04
1.174101228009825526e+00 8.990010677232674989e-04
1.186711398511969939e+00 1.033480521292757474e-03
1.199321569014112576e+00 1.186367494474754782e-03
1.211931739516255213e+00 1.359907946399248942e-03
1.224541910018399626e+00 1.556580688726034870e-03
1.237152080520542263e+00 1.779116031330738859e-03
1.249762251022684900e+00 2.030513079683987122e-03
1.262372421524829313e+00 2.314062583586181526e-03
1.274982592026971950e+00 2.633363574645586434e-03
1.287592762529114587e+00 2.992345321084264632e-03
1.300202933031259001e+00 3.395287400566456178e-03
1.312813103533401637e+00 3.846840167393698103e-03
1.325423274035544274e+00 4.352044921962495289e-03
1.338033444537688688e+00 4.916353661764983132e-03
1.350643615039831325e+00 5.545648117986252956e-03
1.363253785541973961e+00 6.246257802056159186e-03
1.375863956044118375e+00 7.024976754038464097e-03
1.388474126546261012e+00 7.889078659089176354e-03
1.401084297048403648e+00 8.846329973580969314e-03
1.413694467550548062e+00 9.905000679374069764e-03
1.426304638052690699e+00 1.107387226362654790e-02
1.438914808554833336e+00 1.236224253702847796e-02
1.451524979056977749e+00 1.377992665879732535e-02
1.464135149559120386e+00 1.533725438325757306e-02
1.476745320061263023e+00 1.704506245118316346e-02
1.489355490563407436e+00 1.891468234219536096e-02
1.501965661065550073e+00 2.095792210373258538e-02
1.514575831567692710e+00 2.318704275643610618e-02
1.527186002069837123e+00 2.561472816003567202e-02
1.539796172571979760e+00 2.825404821485304543e-02
1.552406343074122397e+00 3.111841498629191322e-02
1.565016513576266810e+00 3.422153142596329883e-02
1.577626684078409447e+00 3.757733241279645475e-02
1.590236854580552084e+00 4.119991789599754956e-02
1.602847025082696497e+00 4.510347798907627520e-02
1.615457195584839134e+00 4.930220994043168353e-02
1.628067366086981771e+00 5.381022699078716331e-02
1.640677536589126184e+00 5.864145922085139268e-02
1.653287707091268821e+00 6.380954659328248735e-02
1.665897877593411458e+00 6.932772450073794446e-02
1.678508048095555871e+00 7.520870224545767035e-02
1.691118218597698508e+00 8.146453499444986091e-02
1.703728389099841145e+00 8.810648987495349471e-02
1.716338559601985558e+00 9.514490699521073458e-02
1.728948730104128195e+00 1.025890563263101019e-01
1.741558900606270832e+00 1.104469914712642720e-01
1.754169071108415245e+00 1.187254014797883145e-01
1.766779241610557882e+00 1.274294619877411605e-01
1.779389412112700519e+00 1.365626870656945491e-01
1.791999582614844932e+00 1.461267832601622629e-01
1.804609753116987569e+00 1.561215073986575164e-01
1.817219923619130206e+00 1.665445298036298538e-01
1.829830094121274620e+00 1.773913046185429110e-01
1.842440264623417256e+00 1.886549489898616816e-01
1.855050435125559893e+00 2.003261328695781773e-01
1.867660605627704307e+00 2.123929813339252015e-01
1.880270776129846944e+00 2.248409904132680770e-01
1.892880946631989580e+00 2.376529598711633051e-01
1.905491117134133994e+00 2.508089424035473414e-01
1.918101287636276631e+00 2.642862122707815287e-01
1.930711458138419268e+00 2.780592542213217722e-01
1.943321628640563681e+00 2.920997740476548588e-01
1.955931799142706318e+00 3.063767318604697087e-01
1.968541969644848955e+00 3.208563989720855658e-01
1.981152140146993368e+00 3.355024390633296050e-01
1.993762310649136005e+00 3.502760140718477744e-01
2.006372481151278642e+00 3.651359149856265862e-01
2.018982651653423055e+00 3.800387174569667681e-01
2.031592822155565692e+00 3.949389618717942252e-01
2.044202992657708329e+00 4.097893572212839564e-01
2.056813163159852742e+00 4.245410078295804857e-01
2.069423333661995379e+00 4.391436616991559183e-01
2.082033504164138016e+00 4.535459789460462576e-01
2.094643674666282429e+00 4.676958185161599335e-01
2.107253845168425066e+00 4.815405411060445506e-01
2.119864015670569479e+00 4.950273259591854158e-01
2.132474186172712116e+00 5.081034989789328105e-01
2.145084356674854753e+00 5.207168693927048952e-01
2.157694527176999166e+00 5.328160720247515636e-01
2.170304697679141803e+00 5.443509120900612563e-01
2.182914868181284440e+00 5.552727093163286609e-01
2.195525038683428853e+00 5.655346381191344030e-01
2.208135209185571490e+00 5.750920605282591191e-01
2.220745379687714127e+00 5.839028485699523374e-01
2.233355550189858540e+00 5.919276928592205334e-01
2.245965720692001177e+00 5.991303942473359401e-01
2.258575891194143814e+00 6.054781355023982625e-01
2.271186061696288228e+00 6.109417301733222061e-01
2.283796232198430864e+00 6.154958459990710340e-01
2.296406402700573501e+00 6.191192004715213582e-01
2.309016573202717915e+00 6.217947264405326857e-01
2.321626743704860552e+00 6.235097059588571300e-01
2.334236914207003188e+00 6.242558708987133720e-01
2.346847084709147602e+00 6.240294692273132826e-01
2.359457255211290239e+00 6.228312961988057284e-01
2.372067425713432876e+00 6.206666901023052407e-01
2.384677596215577289e+00 6.175454925920830229e-01
2.397287766717719926e+00 6.134819740128165666e-01
2.409897937219862563e+00 6.084947245141003602e-01
2.422508107722006976e+00 6.026065121187602625e-01
2.435118278224149613e+00 5.958441092636572733e-01
2.447728448726292250e+00 5.882380896653398583e-01
2.460338619228436663e+00 5.798225976705813078e-01
2.472948789730579300e+00 5.706350925304038979e-01
2.485558960232721937e+00 5.607160702813208664e-01
2.498169130734866350e+00 5.501087661265259277e-01
2.510779301237008987e+00 5.388588403798736381e-01
2.523389471739151624e+00 5.270140511655850846e-01
2.535999642241296037e+00 5.146239171541080459e-01
2.548609812743438674e+00 5.017393736609535582e-01
2.561219983245581311e+00 4.884124254384940023e-01
2.573830153747725724e+00 4.746957994537114311e-01
2.586440324249868361e+00 4.606426008671881678e-01
2.599050494752010998e+00 4.463059753134334673e-01
2.611660665254155411e+00 4.317387804325811262e-01
2.624270835756298048e+00 4.169932694200646495e-01
2.636881006258440685e+00 4.021207891495908182e-01
2.649491176760585098e+00 3.871714951876432664e-01
2.662101347262727735e+00 3.721940857635303579e-01
2.674711517764870372e+00 3.572355564789191917e-01
2.687321688267014785e+00 3.423409772569110388e-01
2.699931858769157422e+00 3.275532927364386282e-01
2.712542029271300059e+00 3.129131470187862529e-01
2.725152199773444472e+00 2.984587333755173710e-01
2.737762370275587109e+00 2.842256692338890889e-01
2.750372540777729746e+00 2.702468964714938027e-01
2.762982711279874160e+00 2.565526067797507248e-01
2.775592881782016796e+00 2.431701915985446105e-01
2.788203052284159433e+00 2.301242158857434161e-01
2.800813222786303847e+00 2.174364147669607117e-01
2.813423393288446483e+00 2.051257119152788133e-01
2.826033563790589120e+00 1.932082583388721186e-01
2.838643734292733534e+00 1.816974901082659966e-01
2.851253904794876171e+00 1.706042034342569458e-01
2.863864075297018807e+00 1.599366454130332904e-01
2.876474245799163221e+00 1.497006186865244837e-01
2.889084416301305858e+00 1.398995982226335644e-01
2.901694586803448495e+00 1.305348584012129554e-01
2.914304757305592908e+00 1.216056085959491689e-01
2.926914927807735545e+00 1.131091354683156497e-01
2.939525098309878182e+00 1.050409502356769026e-01
2.952135268812022595e+00 9.739493923950610921e-02
2.964745439314165232e+00 9.016351621961996021e-02
2.977355609816307869e+00 8.333777479379715636e-02
2.989965780318452282e+00 7.690763974737437059e-02
3.002575950820594919e+00 7.086201585168305783e-02
3.015186121322737556e+00 6.518893305167362817e-02
3.027796291824881969e+00 5.987568698930573891e-02
3.040406462327024606e+00 5.490897395835316053e-02
3.053016632829167243e+00 5.027501951616144410e-02
3.065626803331311656e+00 4.595970010677843942e-02
3.078236973833454293e+00 4.194865717610082867e-02
3.090847144335596930e+00 3.822740338171654734e-02
3.103457314837741343e+00 3.478142061679611458e-02
3.116067485339883980e+00 3.159624967734813578e-02
3.128677655842026617e+00 2.865757150471337500e-02
3.141287826344171030e+00 2.595128002959767866e-02
3.153897996846313667e+00 2.346354672942711425e-02
3.166508167348456304e+00 2.118087708716774251e-02
3.179118337850600717e+00 1.909015920701136182e-02
3.191728508352743354e+00 1.717870490007547199e-02
3.204338678854885991e+00 1.543428360178519636e-02
3.216948849357030404e+00 1.384514952214601670e-02
3.229559019859173041e+00 1.240006246096811426e-02
3.242169190361315678e+00 1.108830274276818503e-02
3.254779360863460091e+00 9.899680741004900780e-03
3.267389531365602728e+00 8.824541469156369985e-03
3.279999701867745365e+00 7.853764717475012619e-03
3.292609872369889779e+00 6.978761209785058241e-03
3.305220042872032415e+00 6.191465245043695567e-03
3.317830213374175052e+00 5.484324274287075314e-03
3.330440383876319466e+00 4.850285845675911429e-03
3.343050554378462103e+00 4.282782329321264438e-03
3.355660724880604739e+00 3.775713810011615493e-03
3.368270895382749153e+00 3.323429510507537859e-03
3.380881065884891790e+00 2.920708081245776324e-03
3.393491236387034427e+00 2.562737064637173479e-03
3.406101406889178840e+00 2.245091814102105447e-03
3.418711577391321477e+00 1.963714119996115559e-03
3.431321747893464114e+00 1.714890766981079940e-03
3.443931918395608527e+00 1.495232220535734624e-03
3.456542088897751164e+00 1.301651614420632668e-03
3.469152259399893801e+00 1.131344186242600391e-03
3.481762429902038214e+00 9.817672849847776731e-04
3.494372600404180851e+00 8.506210525964481113e-04
3.506982770906323488e+00 7.358298615811112702e-04
3.519592941408467901e+00 6.355245720286712254e-04
3.532203111910610538e+00 5.480256547375126318e-04
3.544813282412753175e+00 4.718272119623958985e-04
3.557423452914897588e+00 4.055819138762461811e-04
3.570033623417040225e+00 3.480868570008887122e-04
3.582643793919182862e+00 2.982703405791242040e-04
3.595253964421327275e+00 2.551795480493246359e-04
3.607864134923469912e+00 2.179691133548730003e-04
3.620474305425612549e+00 1.858905456774856977e-04
3.633084475927756962e+00 1.582824812241711481e-04
3.645694646429899599e+00 1.345617268173606926e-04
3.658304816932042236e+00 1.142150571308409414e-04
3.670914987434186649e+00 9.679172537766329236e-05
3.683525157936329286e+00 8.189664598786372247e-05
3.696135328438471923e+00 6.918420721585297694e-05
3.708745498940616336e+00 5.835267159754233544e-05
3.721355669442758973e+00 4.913912264780596526e-05
3.733965839944901610e+00 4.131491706926275785e-05
3.746576010447046023e+00 3.468160295872269364e-05
3.759186180949188660e+00 2.906726598022554728e-05
3.771796351451333074e+00 2.432326716214899882e-05
3.784406521953475711e+00 2.032133781613085018e-05
3.797016692455618347e+00 1.695099901912357272e-05
3.809626862957762761e+00 1.411727510529916455e-05
3.822237033459905398e+00 1.173867264547816251e-05
3.834847203962048034e+00 9.745398417940058747e-06
3.847457374464192448e+00 8.077791870352546468e-06
3.860067544966335085e+00 6.684949517392549045e-06
3.872677715468477722e+00 5.523520595780173241e-06
3.885287885970622135e+00 4.556655095121684100e-06
3.897898056472764772e+00 3.753086989592869100e-06
3.910508226974907409e+00 3.086337105532646737e-06
3.923118397477051822e+00 2.534021569354995323e-06
3.935728567979194459e+00 2.077253186903821225e-06
3.948338738481337096e+00 1.700124409332194846e-06
3.960948908983481509e+00 1.389261743164264898e-06
3.973559079485624146e+00 1.133442565944981671e-06
3.986169249987766783e+00 9.232663173428961048e-07
3.998779420489911196e+00 7.508729529772065730e-07
4.011389590992053833e+00 6.097023793792655807e-07
4.023999761494196470e+00 4.942893385014600700e-07
4.036609931996340883e+00 4.000888844028416761e-07
4.049220102498483520e+00 3.233281986045024257e-07
4.061830273000626157e+00 2.608810295468967928e-07
4.074440443502770570e+00 2.101615209213538468e-07
4.087050614004913207e+00 1.690346185617356228e-07
4.099660784507055844e+00 1.357406210258107343e-07
4.112270955009200257e+00 1.088317696826982460e-07
4.124881125511342894e+00 8.711906448870039171e-08
4.137491296013485531e+00 6.962774582791481273e-08
4.150101466515629944e+00 5.556010466543906506e-08
4.162711637017772581e+00 4.426447636043453997e-08
4.175321807519915218e+00 3.520944106826787053e-08
4.187931978022059631e+00 2.796239869284945594e-08
4.200542148524202268e+00 2.217181152281628769e-08
4.213152319026344905e+00 1.755251542703064722e-08
4.225762489528489319e+00 1.387359297743546579e-08
4.238372660030631955e+00 1.094838106151190868e-08
4.250982830532774592e+00 8.626253179825678888e-09
4.263593001034919006e+00 6.785874237333284812e-09
4.276203171537061642e+00 5.329674591569543197e-09
4.288813342039204279e+00 4.179331614797489786e-09
4.301423512541348693e+00 3.272082111432838769e-09
4.314033683043491330e+00 2.557718524792824839e-09
4.326643853545633966e+00 1.996146768174461877e-09
4.339254024047778380e+00 1.555404418560782112e-09
4.351864194549921017e+00 1.210055517426681187e-09
4.364474365052063654e+00 9.398928501242663370e-10
4.377084535554208067e+00 7.288907684817975325e-10
4.389694706056350704e+00 5.643617622759416356e-10
4.402304876558493341e+00 4.362784003688554209e-10
4.414915047060635978e+00 3.367292295509823412e-10
4.427525217562778614e+00 2.594829747231230909e-10
4.440135388064924804e+00 1.996401281644718798e-10
4.452745558567067441e+00 1.533549174077892181e-10
4.465355729069210078e+00 1.176138432244865529e-10
4.477965899571352715e+00 9.005960121085984702e-11
4.490576070073495352e+00 6.885134288472317264e-11
4.503186240575637989e+00 5.255397900870237143e-11
4.515796411077784178e+00 4.005064906709603143e-11
4.528406581579926815e+00 3.047363467496661990e-11
4.541016752082069452e+00 2.314992951144558525e-11
4.553626922584212089e+00 1.755843413637037168e-11
4.566237093086354726e+00 1.329635378827785285e-11
4.578847263588500915e+00 1.005286816678974846e-11
4.591457434090643552e+00 7.588536616999009056e-12
4.604067604592786189e+00 5.719218371777044436e-12
4.616677775094928826e+00 4.303540546407418862e-12
4.629287945597071463e+00 3.233148636377797660e-12
4.641898116099214100e+00 2.425135288171044224e-12
4.654508286601360290e+00 1.816171169867650248e-12
4.667118457103502926e+00 1.357963406099512450e-12
4.679728627605645563e+00 1.013747549204922514e-12
4.692338798107788200e+00 7.555827010836022011e-13
4.704948968609930837e+00 5.622696109601332790e-13
4.717559139112073474e+00 4.177511094208954442e-13
4.730169309614219664e+00 3.098853070045966971e-13
4.742779480116362301e+00 2.295063516982382107e-13
4.755389650618504938e+00 1.697066121424003440e-13
4.767999821120647574e+00 1.252890530653775626e-13
4.780609991622790211e+00 9.235018668999295245e-14
4.793220162124932848e+00 6.796302415465539138e-14
4.805830332627079038e+00 4.993647234981372691e-14
4.818440503129221675e+00 3.663306434861203051e-14
4.831050673631364312e+00 2.683112259053787925e-14
4.843660844133506949e+00 1.962070568330322100e-14
4.856271014635649586e+00 1.432519583996051367e-14
4.868881185137792222e+00 1.044231181956961597e-14
4.881491355639938412e+00 7.599812410913322143e-15
4.894101526142081049e+00 5.522289790640056579e-15
4.906711696644223686e+00 4.006319676282661057e-15
4.919321867146366323e+00 2.901897536071105210e-15
4.931932037648508960e+00 2.098594813696544191e-15
4.944542208150651597e+00 1.515252975477591160e-15
4.957152378652797786e+00 1.092324577940798841e-15
4.969762549154940423e+00 7.861913422757405672e-16
4.982372719657083060e+00 5.649562023189726010e-16
4.994982890159225697e+00 4.053323428244394035e-16
5.007593060661368334e+00 2.903472204913125629e-16
5.020203231163510971e+00 2.076509892837963160e-16
5.032813401665657160e+00 1.482723721849657924e-16
5.045423572167799797e+00 1.057051991897595812e-16
5.058033742669942434e+00 7.523888069927388729e-17
5.070643913172085071e+00 5.346851835042688754e-17
5.083254083674227708e+00 3.793707142087182991e-17
5.095864254176370345e+00 2.687443027932043330e-17
5.108474424678516534e+00 1.900747923368776596e-17
5.121084595180659171e+00 1.342207188139967500e-17
5.133694765682801808e+00 9.462902300418973927e-18
5.146304936184944445e+00 6.660991747011901218e-18
5.158915106687087082e+00 4.681264298459706927e-18
5.171525277189229719e+00 3.284710793771471207e-18
5.184135447691375909e+00 2.301128160640838129e-18
5.196745618193518546e+00 1.609511759453095323e-18
5.209355788695661182e+00 1.123976320785104928e-18
5.221965959197803819e+00 7.836638519338822288e-19
5.234576129699946456e+00 5.455217818414478025e-19
5.247186300202089093e+00 3.791438277827742617e-19
5.259796470704235283e+00 2.630906911400950719e-19
5.272406641206377920e+00 1.822705712962941857e-19
5.285016811708520557e+00 1.260773853544501453e-19
5.297626982210663193e+00 8.706976713640301995e-20
5.310237152712805830e+00 6.003535836422133005e-20
5.322847323214948467e+00 4.132913841421879415e-20
5.335457493717094657e+00 2.840632821556778459e-20
5.348067664219237294e+00 1.949320901417373385e-20
5.360677834721379931e+00 1.335552772115198665e-20
5.373288005223522568e+00 9.135834567771999442e-21
5.385898175725665205e+00 6.239428979299245165e-21
5.398508346227807841e+00 4.254523191655168394e-21
5.411118516729954031e+00 2.896452169983322324e-21
5.423728687232096668e+00 1.968752982106253739e-21
5.436338857734239305e+00 1.336058530294389566e-21
5.448949028236381942e+00 9.052512074729549751e-22
5.461559198738524579e+00 6.123815540744014709e-22
5.474169369240667216e+00 4.136037175127881293e-22
5.486779539742813405e+00 2.789048701974825736e-22
5.499389710244956042e+00 1.877747012806696634e-22
5.511999880747098679e+00 1.262197644565691660e-22
5.524610051249241316e+00 8.470849020081981325e-23
5.537220221751383953e+00 5.675913831160653907e-23
5.549830392253526590e+00 3.797116388106020951e-23
5.562440562755672779e+00 2.536187014957319967e-23
5.575050733257815416e+00 1.691289204270106430e-23
5.587660903759958053e+00 1.126065627737883282e-23
5.600271074262100690e+00 7.485464205784854264e-24
5.612881244764243327e+00 4.968015831453183894e-24
5.625491415266385964e+00 3.291973940985459637e-24
5.638101585768532154e+00 2.177905230516809394e-24
5.650711756270674790e+00 1.438569094868808749e-24
5.663321926772817427e+00 9.487059412321854513e-25
5.675932097274960064e+00 6.246570535561361719e-25
5.688542267777102701e+00 4.106395709947496848e-25
5.701152438279245338e+00 2.695187945285722391e-25
5.713762608781391528e+00 1.766145218841030462e-25
5.726372779283534165e+00 1.155507712800299390e-25
5.738982949785676801e+00 7.547938613255780813e-26
5.751593120287819438e+00 4.922581669927283954e-26
5.764203290789962075e+00 3.205284245836334801e-26
5.776813461292104712e+00 2.083767229628472691e-26
5.789423631794250902e+00 1.352511239751624224e-26
5.802033802296393539e+00 8.764791198591330901e-27
5.814643972798536176e+00 5.670890569117182836e-27
5.827254143300678813e+00 3.663278594897441221e-27
5.839864313802821449e+00 2.362640299589183638e-27
5.852474484304964086e+00 1.521367844333187337e-27
5.865084654807110276e+00 9.780922389131544403e-28
5.877694825309252913e+00 6.278188287125373038e-28
5.890304995811395550e+00 4.023442434855847024e-28
5.902915166313538187e+00 2.574365275687840815e-28
5.915525336815680824e+00 1.644566560966020008e-28
5.928135507317823460e+00 1.048918248387973878e-28
5.940745677819969650e+00 6.679450173875356843e-29
5.953355848322112287e+00 4.246671475269320184e-29
5.965966018824254924e+00 2.695662280582734463e-29
5.978576189326397561e+00 1.708406259208691101e-29
5.991186359828540198e+00 1.080999942426534896e-29
6.003796530330682835e+00 6.829187266139052036e-30
6.016406700832829024e+00 4.307459437460605435e-30
6.029016871334971661e+00 2.712577681524896789e-30
6.041627041837114298e+00 1.705500984711089466e-30
6.054237212339256935e+00 1.070608179570477685e-30
6.066847382841399572e+00 6.709928953020443458e-31
6.079457553343542209e+00 4.198692391436106886e-31
6.092067723845688398e+00 2.623124815865992125e-31
6.104677894347831035e+00 1.636185748321556318e-31
6.117288064849973672e+00 1.018954980380162204e-31
6.129898235352116309e+00 6.335576199870444994e-32
6.142508405854258946e+00 3.933018257890827652e-32
6.155118576356401583e+00 2.437667785193914919e-32
6.167728746858547773e+00 1.508452973014045354e-32
6.180338917360690409e+00 9.319609700576588512e-33
6.192949087862833046e+00 5.748735889827562005e-33
6.205559258364975683e+00 3.540427139944301908e-33
6.218169428867118320e+00 2.176945863781049779e-33
6.230779599369264510e+00 1.336436261260405171e-33
6.243389769871407147e+00 8.191388359173648115e-34
6.255999940373549784e+00 5.012742747680791716e-34
6.268610110875692421e+00 3.062682264266159612e-34
6.281220281377835057e+00 1.868259012882234299e-34
6.293830451879977694e+00 1.137839052940560733e-34
6.306440622382123884e+00 6.918838332502608595e-35
6.319050792884266521e+00 4.200433552535178775e-35
6.331660963386409158e+00 2.546030691354186443e-35
6.344271133888551795e+00 1.540783861468644795e-35
6.356881304390694432e+00 9.309543142370860316e-36
6.369491474892837068e+00 5.615954359240501862e-36
6.382101645394983258e+00 3.382418292051284345e-36
6.394711815897125895e+00 2.033946822212865844e-36
6.407321986399268532e+00 1.221125780428169645e-36
6.419932156901411169e+00 7.319640036330306557e-37
6.432542327403553806e+00 4.380539055508554706e-37
6.445152497905696443e+00 2.617422852620611838e-37
6.457762668407842632e+00 1.561452275578264216e-37
6.470372838909985269e+00 9.300194329655388458e-38
6.482983009412127906e+00 5.530492486209549801e-38
6.495593179914270543e+00 3.283553194844801097e-38
6.508203350416413180e+00 1.946402995791228294e-38
6.520813520918555817e+00 1.151940167514597428e-38
6.533423691420702006e+00 6.806682942780508893e-39
6.546033861922844643e+00 4.015591758761062258e-39
6.558644032424987280e+00 2.365222557052260420e-39
6.571254202927129917e+00 1.390922355137224791e-39
6.583864373429272554e+00 8.166616677848416517e-40
6.596474543931415191e+00 4.787291320161573869e-40
6.609084714433561381e+00 2.801856794883060259e-40
6.621694884935704017e+00 1.637232652527767748e-40
6.634305055437846654e+00 9.551756395220712149e-41
6.646915225939989291e+00 5.563709519779089155e-41
6.659525396442131928e+00 3.235593979645112196e-41
6.672135566944274565e+00 1.878676243637680923e-41
6.684745737446420755e+00 1.089076067906306641e-41
6.697355907948563392e+00 6.303370343513428485e-42
6.709966078450706028e+00 3.642468161038404395e-42
6.722576248952848665e+00 2.101488547804851342e-42
6.735186419454991302e+00 1.210505052916672057e-42
6.747796589957133939e+00 6.961687006311028756e-43
6.760406760459280129e+00 3.997336245605694643e-43
6.773016930961422766e+00 2.291580735106399755e-43
6.785627101463565403e+00 1.311619695426028991e-43
6.798237271965708040e+00 7.495299217927093143e-44
6.810847442467850676e+00 4.276399711246528967e-44
6.823457612969993313e+00 2.435992081211020566e-44
6.836067783472139503e+00 1.385420818961294739e-44
6.848677953974282140e+00 7.866758110070695513e-45
6.861288124476424777e+00 4.459828165469548043e-45
6.873898294978567414e+00 2.524344891791239290e-45
6.886508465480710051e+00 1.426551594907802189e-45
6.899118635982852688e+00 8.048862306625248729e-46
6.911728806484998877e+00 4.534085718959090523e-46
6.924338976987141514e+00 2.550076224878902787e-46
6.936949147489284151e+00 1.431939925936692987e-46
6.949559317991426788e+00 8.027949431332154577e-47
6.962169488493569425e+00 4.493581724595722283e-47
6.974779658995712062e+00 2.511243588235259434e-47
6.987389829497858251e+00 1.401177679081554354e-47
7.000000000000000888e+00 7.805590190060156283e-48
