0.000000000000000000e+00
9.648409633540271091e-02
9.648409633540271091e-02
9.648409633540271091e-02
9.562987142857094780e-02
9.605645499795974207e-02
9.605645499795974207e-02
9.605645499795974207e-02
9.605645499795974207e-02
9.613877891242848805e-02
9.613877891242848805e-02
9.613877891242848805e-02
9.603098735886839155e-02
9.603098735886839155e-02
9.603098735886839155e-02
9.603098735886839155e-02
9.603098735886839155e-02
9.603098735886839155e-02
9.603098735886839155e-02
9.603098735886839155e-02
9.603098735886839155e-02
9.603098735886839155e-02
9.603098735886839155e-02
9.603098735886839155e-02
9.603098735886839155e-02
9.603098735886839155e-02
9.603098735886839155e-02
9.603098735886839155e-02
9.603098735886839155e-02
9.603098735886839155e-02
9.603098735886839155e-02
9.603098735886839155e-02
9.603098735886839155e-02
9.603098735886839155e-02
9.603098735886839155e-02
9.603098735886839155e-02
9.603098735886839155e-02
9.603098735886839155e-02
9.603098735886839155e-02
9.603098735886839155e-02
9.603098735886839155e-02
9.603098735886839155e-02
9.603098735886839155e-02
9.603098735886839155e-02
9.603098735886839155e-02
9.603098735886839155e-02
9.603098735886839155e-02
9.603098735886839155e-02
9.603098735886839155e-02
9.603098735886839155e-02
9.603098735886839155e-02
9.603098735886839155e-02
9.603098735886839155e-02
9.603098735886839155e-02
9.603098735886839155e-02
9.603098735886839155e-02
9.603098735886839155e-02
9.603098735886839155e-02
9.603098735886839155e-02
9.603098735886839155e-02
9.603098735886839155e-02
9.603098735886839155e-02
9.603098735886839155e-02
9.603098735886839155e-02
9.603098735886839155e-02
9.603098735886839155e-02
9.603098735886839155e-02
9.603098735886839155e-02
9.603098735886839155e-02
9.603098735886839155e-02
9.603098735886839155e-02
9.603098735886839155e-02
9.603098735886839155e-02
9.603098735886839155e-02
9.603098735886839155e-02
9.603098735886839155e-02
9.603098735886839155e-02
9.603098735886839155e-02
9.603098735886839155e-02
9.603098735886839155e-02
9.603098735886839155e-02
9.603098735886839155e-02
9.603098735886839155e-02
9.603098735886839155e-02
9.603098735886839155e-02
9.603098735886839155e-02
9.603098735886839155e-02
9.603098735886839155e-02
9.603098735886839155e-02
9.603098735886839155e-02
9.603098735886839155e-02
9.603098735886839155e-02
9.603098735886839155e-02
9.603098735886839155e-02
9.603098735886839155e-02
9.603098735886839155e-02
9.603098735886839155e-02
9.603098735886839155e-02
9.603098735886839155e-02
9.603098735886839155e-02
9.603098735886839155e-02
9.603098735886839155e-02
9.603098735886839155e-02
9.603098735886839155e-02
9.603098735886839155e-02
9.603098735886839155e-02
9.603098735886839155e-02
9.603098735886839155e-02
9.603098735886839155e-02
9.603098735886839155e-02
9.603098735886839155e-02
9.603098735886839155e-02
9.603098735886839155e-02
9.603098735886839155e-02
9.603098735886839155e-02
9.603098735886839155e-02
9.603098735886839155e-02
9.603098735886839155e-02
9.603098735886839155e-02
9.603098735886839155e-02
9.603098735886839155e-02
9.603098735886839155e-02
9.603098735886839155e-02
9.603098735886839155e-02
9.603098735886839155e-02
9.603098735886839155e-02
9.603098735886839155e-02
9.603098735886839155e-02
9.603098735886839155e-02
9.603098735886839155e-02
9.603098735886839155e-02
9.603098735886839155e-02
9.603098735886839155e-02
9.603098735886839155e-02
9.603098735886839155e-02
9.603098735886839155e-02
9.603098735886839155e-02
9.603098735886839155e-02
9.603098735886839155e-02
9.603098735886839155e-02
9.603098735886839155e-02
9.603098735886839155e-02
9.603098735886839155e-02
9.603098735886839155e-02
9.603098735886839155e-02
9.603098735886839155e-02
9.603098735886839155e-02
9.603098735886839155e-02
9.603098735886839155e-02
9.603098735886839155e-02
9.603098735886839155e-02
9.603098735886839155e-02
9.603098735886839155e-02
9.603098735886839155e-02
9.603098735886839155e-02
9.603098735886839155e-02
9.603098735886839155e-02
9.603098735886839155e-02
9.603098735886839155e-02
9.603098735886839155e-02
9.603098735886839155e-02
9.603098735886839155e-02
9.603098735886839155e-02
9.603098735886839155e-02
9.603098735886839155e-02
9.603098735886839155e-02
9.603098735886839155e-02
9.603098735886839155e-02
9.603098735886839155e-02
9.603098735886839155e-02
9.603098735886839155e-02
9.603098735886839155e-02
9.603098735886839155e-02
9.603098735886839155e-02
9.603098735886839155e-02
9.603098735886839155e-02
9.603098735886839155e-02
9.603098735886839155e-02
9.603098735886839155e-02
9.603098735886839155e-02
9.603098735886839155e-02
9.603098735886839155e-02
9.603098735886839155e-02
9.603098735886839155e-02
9.603098735886839155e-02
9.603098735886839155e-02
9.603098735886839155e-02
9.603098735886839155e-02
9.603098735886839155e-02
9.603098735886839155e-02
9.603098735886839155e-02
9.603098735886839155e-02
9.603098735886839155e-02
9.603098735886839155e-02
9.603098735886839155e-02
9.603098735886839155e-02
9.603098735886839155e-02
9.603098735886839155e-02
9.603098735886839155e-02
9.603098735886839155e-02
9.603098735886839155e-02
9.603098735886839155e-02
9.603098735886839155e-02
9.603098735886839155e-02
9.603098735886839155e-02
9.603098735886839155e-02
9.603098735886839155e-02
9.603098735886839155e-02
9.603098735886839155e-02
9.603098735886839155e-02
9.603098735886839155e-02
9.603098735886839155e-02
9.603098735886839155e-02
9.603098735886839155e-02
9.603098735886839155e-02
9.603098735886839155e-02
9.603098735886839155e-02
9.603098735886839155e-02
9.603098735886839155e-02
9.603098735886839155e-02
9.603098735886839155e-02
9.603098735886839155e-02
9.603098735886839155e-02
9.603098735886839155e-02
9.603098735886839155e-02
9.603098735886839155e-02
9.603098735886839155e-02
9.603098735886839155e-02
9.603098735886839155e-02
9.603098735886839155e-02
9.603098735886839155e-02
9.603098735886839155e-02
9.603098735886839155e-02
9.603098735886839155e-02
9.603098735886839155e-02
9.603098735886839155e-02
9.603098735886839155e-02
9.603098735886839155e-02
9.603098735886839155e-02
9.603098735886839155e-02
9.603098735886839155e-02
9.603098735886839155e-02
9.603098735886839155e-02
9.603098735886839155e-02
9.603098735886839155e-02
9.603098735886839155e-02
9.603098735886839155e-02
9.603098735886839155e-02
9.603098735886839155e-02
9.603098735886839155e-02
