1.000000000000000000e+00
1.000000000000000000e+00
1.000000000000000000e+00
1.000000000000000000e+00
9.973028981117922909e-01
9.886451297398255456e-01
9.886451297398255456e-01
9.886451297398255456e-01
9.886451297398255456e-01
9.880745177943451862e-01
9.880745177943451862e-01
9.880745177943451862e-01
9.877278536523892427e-01
9.877278536523892427e-01
9.877278536523892427e-01
9.877278536523892427e-01
9.877278536523892427e-01
9.877278536523892427e-01
9.877278536523892427e-01
9.877278536523892427e-01
9.877278536523892427e-01
9.877278536523892427e-01
9.877278536523892427e-01
9.877278536523892427e-01
9.877278536523892427e-01
9.877278536523892427e-01
9.877278536523892427e-01
9.877278536523892427e-01
9.877278536523892427e-01
9.877278536523892427e-01
9.877278536523892427e-01
9.877278536523892427e-01
9.877278536523892427e-01
9.877278536523892427e-01
9.877278536523892427e-01
9.877278536523892427e-01
9.877278536523892427e-01
9.877278536523892427e-01
9.877278536523892427e-01
9.877278536523892427e-01
9.877278536523892427e-01
9.877278536523892427e-01
9.877278536523892427e-01
9.877278536523892427e-01
9.877278536523892427e-01
9.877278536523892427e-01
9.877278536523892427e-01
9.877278536523892427e-01
9.877278536523892427e-01
9.877278536523892427e-01
9.877278536523892427e-01
9.877278536523892427e-01
9.877278536523892427e-01
9.877278536523892427e-01
9.877278536523892427e-01
9.877278536523892427e-01
9.877278536523892427e-01
9.877278536523892427e-01
9.877278536523892427e-01
9.877278536523892427e-01
9.877278536523892427e-01
9.877278536523892427e-01
9.877278536523892427e-01
9.877278536523892427e-01
9.877278536523892427e-01
9.877278536523892427e-01
9.877278536523892427e-01
9.877278536523892427e-01
9.877278536523892427e-01
9.877278536523892427e-01
9.877278536523892427e-01
9.877278536523892427e-01
9.877278536523892427e-01
9.877278536523892427e-01
9.877278536523892427e-01
9.877278536523892427e-01
9.877278536523892427e-01
9.877278536523892427e-01
9.877278536523892427e-01
9.877278536523892427e-01
9.877278536523892427e-01
9.877278536523892427e-01
9.877278536523892427e-01
9.877278536523892427e-01
9.877278536523892427e-01
9.877278536523892427e-01
9.877278536523892427e-01
9.877278536523892427e-01
9.877278536523892427e-01
9.877278536523892427e-01
9.877278536523892427e-01
9.877278536523892427e-01
9.877278536523892427e-01
9.877278536523892427e-01
9.877278536523892427e-01
9.877278536523892427e-01
9.877278536523892427e-01
9.877278536523892427e-01
9.877278536523892427e-01
9.877278536523892427e-01
9.877278536523892427e-01
9.877278536523892427e-01
9.877278536523892427e-01
9.877278536523892427e-01
9.877278536523892427e-01
9.877278536523892427e-01
9.877278536523892427e-01
9.877278536523892427e-01
9.877278536523892427e-01
9.877278536523892427e-01
9.877278536523892427e-01
9.877278536523892427e-01
9.877278536523892427e-01
9.877278536523892427e-01
9.877278536523892427e-01
9.877278536523892427e-01
9.877278536523892427e-01
9.877278536523892427e-01
9.877278536523892427e-01
9.877278536523892427e-01
9.877278536523892427e-01
9.877278536523892427e-01
9.877278536523892427e-01
9.877278536523892427e-01
9.877278536523892427e-01
9.877278536523892427e-01
9.877278536523892427e-01
9.877278536523892427e-01
9.877278536523892427e-01
9.877278536523892427e-01
9.877278536523892427e-01
9.877278536523892427e-01
9.877278536523892427e-01
9.877278536523892427e-01
9.877278536523892427e-01
9.877278536523892427e-01
9.877278536523892427e-01
9.877278536523892427e-01
9.877278536523892427e-01
9.877278536523892427e-01
9.877278536523892427e-01
9.877278536523892427e-01
9.877278536523892427e-01
9.877278536523892427e-01
9.877278536523892427e-01
9.877278536523892427e-01
9.877278536523892427e-01
9.877278536523892427e-01
9.877278536523892427e-01
9.877278536523892427e-01
9.877278536523892427e-01
9.877278536523892427e-01
9.877278536523892427e-01
9.877278536523892427e-01
9.877278536523892427e-01
9.877278536523892427e-01
9.877278536523892427e-01
9.877278536523892427e-01
9.877278536523892427e-01
9.877278536523892427e-01
9.877278536523892427e-01
9.877278536523892427e-01
9.877278536523892427e-01
9.877278536523892427e-01
9.877278536523892427e-01
9.877278536523892427e-01
9.877278536523892427e-01
9.877278536523892427e-01
9.877278536523892427e-01
9.877278536523892427e-01
9.877278536523892427e-01
9.877278536523892427e-01
9.877278536523892427e-01
9.877278536523892427e-01
9.877278536523892427e-01
9.877278536523892427e-01
9.877278536523892427e-01
9.877278536523892427e-01
9.877278536523892427e-01
9.877278536523892427e-01
9.877278536523892427e-01
9.877278536523892427e-01
9.877278536523892427e-01
9.877278536523892427e-01
9.877278536523892427e-01
9.877278536523892427e-01
9.877278536523892427e-01
9.877278536523892427e-01
9.877278536523892427e-01
9.877278536523892427e-01
9.877278536523892427e-01
9.877278536523892427e-01
9.877278536523892427e-01
9.877278536523892427e-01
9.877278536523892427e-01
9.877278536523892427e-01
9.877278536523892427e-01
9.877278536523892427e-01
9.877278536523892427e-01
9.877278536523892427e-01
9.877278536523892427e-01
9.877278536523892427e-01
9.877278536523892427e-01
9.877278536523892427e-01
9.877278536523892427e-01
9.877278536523892427e-01
9.877278536523892427e-01
9.877278536523892427e-01
9.877278536523892427e-01
9.877278536523892427e-01
9.877278536523892427e-01
9.877278536523892427e-01
9.877278536523892427e-01
9.877278536523892427e-01
9.877278536523892427e-01
9.877278536523892427e-01
9.877278536523892427e-01
9.877278536523892427e-01
9.877278536523892427e-01
9.877278536523892427e-01
9.877278536523892427e-01
9.877278536523892427e-01
9.877278536523892427e-01
9.877278536523892427e-01
9.877278536523892427e-01
9.877278536523892427e-01
9.877278536523892427e-01
9.877278536523892427e-01
9.877278536523892427e-01
9.877278536523892427e-01
9.877278536523892427e-01
9.877278536523892427e-01
9.877278536523892427e-01
9.877278536523892427e-01
9.877278536523892427e-01
9.877278536523892427e-01
9.877278536523892427e-01
9.877278536523892427e-01
9.877278536523892427e-01
9.877278536523892427e-01
9.877278536523892427e-01
9.877278536523892427e-01
9.877278536523892427e-01
9.877278536523892427e-01
9.877278536523892427e-01
9.877278536523892427e-01
9.877278536523892427e-01
9.877278536523892427e-01
9.877278536523892427e-01
9.877278536523892427e-01
