-1.899999999999999911e+00 0.000000000000000000e+00
-1.896386430678465906e+00 0.000000000000000000e+00
-1.892772861356932124e+00 0.000000000000000000e+00
-1.889159292035398119e+00 0.000000000000000000e+00
-1.885545722713864114e+00 0.000000000000000000e+00
-1.881932153392330331e+00 0.000000000000000000e+00
-1.878318584070796327e+00 0.000000000000000000e+00
-1.874705014749262544e+00 0.000000000000000000e+00
-1.871091445427728539e+00 0.000000000000000000e+00
-1.867477876106194534e+00 0.000000000000000000e+00
-1.863864306784660752e+00 0.000000000000000000e+00
-1.860250737463126747e+00 0.000000000000000000e+00
-1.856637168141592742e+00 0.000000000000000000e+00
-1.853023598820058959e+00 0.000000000000000000e+00
-1.849410029498524954e+00 0.000000000000000000e+00
-1.845796460176990950e+00 0.000000000000000000e+00
-1.842182890855457167e+00 0.000000000000000000e+00
-1.838569321533923162e+00 0.000000000000000000e+00
-1.834955752212389379e+00 0.000000000000000000e+00
-1.831342182890855375e+00 0.000000000000000000e+00
-1.827728613569321370e+00 0.000000000000000000e+00
-1.824115044247787587e+00 0.000000000000000000e+00
-1.820501474926253582e+00 0.000000000000000000e+00
-1.816887905604719577e+00 0.000000000000000000e+00
-1.813274336283185795e+00 0.000000000000000000e+00
-1.809660766961651790e+00 0.000000000000000000e+00
-1.806047197640118007e+00 0.000000000000000000e+00
-1.802433628318584002e+00 0.000000000000000000e+00
-1.798820058997049998e+00 0.000000000000000000e+00
-1.795206489675516215e+00 0.000000000000000000e+00
-1.791592920353982210e+00 0.000000000000000000e+00
-1.787979351032448205e+00 0.000000000000000000e+00
-1.784365781710914423e+00 0.000000000000000000e+00
-1.780752212389380418e+00 0.000000000000000000e+00
-1.777138643067846413e+00 0.000000000000000000e+00
-1.773525073746312630e+00 0.000000000000000000e+00
-1.769911504424778625e+00 0.000000000000000000e+00
-1.766297935103244843e+00 0.000000000000000000e+00
-1.762684365781710838e+00 0.000000000000000000e+00
-1.759070796460176833e+00 0.000000000000000000e+00
-1.755457227138643050e+00 0.000000000000000000e+00
-1.751843657817109046e+00 0.000000000000000000e+00
-1.748230088495575041e+00 0.000000000000000000e+00
-1.744616519174041258e+00 0.000000000000000000e+00
-1.741002949852507253e+00 0.000000000000000000e+00
-1.737389380530973249e+00 0.000000000000000000e+00
-1.733775811209439466e+00 0.000000000000000000e+00
-1.730162241887905461e+00 0.000000000000000000e+00
-1.726548672566371678e+00 0.000000000000000000e+00
-1.722935103244837673e+00 0.000000000000000000e+00
-1.719321533923303669e+00 0.000000000000000000e+00
-1.715707964601769886e+00 0.000000000000000000e+00
-1.712094395280235881e+00 0.000000000000000000e+00
-1.708480825958701876e+00 0.000000000000000000e+00
-1.704867256637168094e+00 0.000000000000000000e+00
-1.701253687315634089e+00 0.000000000000000000e+00
-1.697640117994100084e+00 0.000000000000000000e+00
-1.694026548672566301e+00 0.000000000000000000e+00
-1.690412979351032297e+00 0.000000000000000000e+00
-1.686799410029498514e+00 0.000000000000000000e+00
-1.683185840707964509e+00 0.000000000000000000e+00
-1.679572271386430504e+00 0.000000000000000000e+00
-1.675958702064896721e+00 0.000000000000000000e+00
-1.672345132743362717e+00 0.000000000000000000e+00
-1.668731563421828712e+00 0.000000000000000000e+00
-1.665117994100294929e+00 0.000000000000000000e+00
-1.661504424778760924e+00 0.000000000000000000e+00
-1.657890855457226920e+00 0.000000000000000000e+00
-1.654277286135693137e+00 0.000000000000000000e+00
-1.650663716814159132e+00 0.000000000000000000e+00
-1.647050147492625349e+00 0.000000000000000000e+00
-1.643436578171091345e+00 0.000000000000000000e+00
-1.639823008849557340e+00 0.000000000000000000e+00
-1.636209439528023557e+00 0.000000000000000000e+00
-1.632595870206489552e+00 0.000000000000000000e+00
-1.628982300884955770e+00 0.000000000000000000e+00
-1.625368731563421765e+00 0.000000000000000000e+00
-1.621755162241887760e+00 0.000000000000000000e+00
-1.618141592920353755e+00 0.000000000000000000e+00
-1.614528023598819972e+00 0.000000000000000000e+00
-1.610914454277285968e+00 0.000000000000000000e+00
-1.607300884955752185e+00 0.000000000000000000e+00
-1.603687315634218180e+00 0.000000000000000000e+00
-1.600073746312684175e+00 0.000000000000000000e+00
-1.596460176991150393e+00 0.000000000000000000e+00
-1.592846607669616388e+00 0.000000000000000000e+00
-1.589233038348082605e+00 0.000000000000000000e+00
-1.585619469026548600e+00 0.000000000000000000e+00
-1.582005899705014595e+00 0.000000000000000000e+00
-1.578392330383480591e+00 0.000000000000000000e+00
-1.574778761061946808e+00 0.000000000000000000e+00
-1.571165191740412803e+00 0.000000000000000000e+00
-1.567551622418879020e+00 0.000000000000000000e+00
-1.563938053097345016e+00 0.000000000000000000e+00
-1.560324483775811011e+00 0.000000000000000000e+00
-1.556710914454277228e+00 0.000000000000000000e+00
-1.553097345132743223e+00 0.000000000000000000e+00
-1.549483775811209441e+00 0.000000000000000000e+00
-1.545870206489675436e+00 0.000000000000000000e+00
-1.542256637168141431e+00 0.000000000000000000e+00
-1.538643067846607426e+00 0.000000000000000000e+00
-1.535029498525073643e+00 0.000000000000000000e+00
-1.531415929203539639e+00 0.000000000000000000e+00
-1.527802359882005856e+00 0.000000000000000000e+00
-1.524188790560471851e+00 0.000000000000000000e+00
-1.520575221238937846e+00 0.000000000000000000e+00
-1.516961651917404064e+00 0.000000000000000000e+00
-1.513348082595870059e+00 0.000000000000000000e+00
-1.509734513274336276e+00 0.000000000000000000e+00
-1.506120943952802271e+00 0.000000000000000000e+00
-1.502507374631268267e+00 0.000000000000000000e+00
-1.498893805309734262e+00 0.000000000000000000e+00
-1.495280235988200479e+00 0.000000000000000000e+00
-1.491666666666666474e+00 0.000000000000000000e+00
-1.488053097345132691e+00 0.000000000000000000e+00
-1.484439528023598687e+00 0.000000000000000000e+00
-1.480825958702064682e+00 0.000000000000000000e+00
-1.477212389380530899e+00 0.000000000000000000e+00
-1.473598820058996894e+00 0.000000000000000000e+00
-1.469985250737463112e+00 0.000000000000000000e+00
-1.466371681415929107e+00 0.000000000000000000e+00
-1.462758112094395102e+00 0.000000000000000000e+00
-1.459144542772861097e+00 0.000000000000000000e+00
-1.455530973451327315e+00 0.000000000000000000e+00
-1.451917404129793310e+00 0.000000000000000000e+00
-1.448303834808259527e+00 0.000000000000000000e+00
-1.444690265486725522e+00 0.000000000000000000e+00
-1.441076696165191517e+00 0.000000000000000000e+00
-1.437463126843657735e+00 0.000000000000000000e+00
-1.433849557522123730e+00 0.000000000000000000e+00
-1.430235988200589947e+00 0.000000000000000000e+00
-1.426622418879055942e+00 0.000000000000000000e+00
-1.423008849557521938e+00 0.000000000000000000e+00
-1.419395280235987933e+00 0.000000000000000000e+00
-1.415781710914454150e+00 0.000000000000000000e+00
-1.412168141592920145e+00 0.000000000000000000e+00
-1.408554572271386363e+00 0.000000000000000000e+00
-1.404941002949852358e+00 0.000000000000000000e+00
-1.401327433628318353e+00 0.000000000000000000e+00
-1.397713864306784570e+00 0.000000000000000000e+00
-1.394100294985250565e+00 0.000000000000000000e+00
-1.390486725663716783e+00 0.000000000000000000e+00
-1.386873156342182778e+00 0.000000000000000000e+00
-1.383259587020648773e+00 0.000000000000000000e+00
-1.379646017699114768e+00 0.000000000000000000e+00
-1.376032448377580986e+00 0.000000000000000000e+00
-1.372418879056047203e+00 0.000000000000000000e+00
-1.368805309734513198e+00 0.000000000000000000e+00
-1.365191740412979193e+00 0.000000000000000000e+00
-1.361578171091445189e+00 0.000000000000000000e+00
-1.357964601769911406e+00 0.000000000000000000e+00
-1.354351032448377401e+00 0.000000000000000000e+00
-1.350737463126843618e+00 0.000000000000000000e+00
-1.347123893805309613e+00 0.000000000000000000e+00
-1.343510324483775609e+00 0.000000000000000000e+00
-1.339896755162241604e+00 0.000000000000000000e+00
-1.336283185840707821e+00 0.000000000000000000e+00
-1.332669616519174038e+00 0.000000000000000000e+00
-1.329056047197640034e+00 0.000000000000000000e+00
-1.325442477876106029e+00 0.000000000000000000e+00
-1.321828908554572024e+00 0.000000000000000000e+00
-1.318215339233038241e+00 0.000000000000000000e+00
-1.314601769911504237e+00 0.000000000000000000e+00
-1.310988200589970454e+00 0.000000000000000000e+00
-1.307374631268436449e+00 0.000000000000000000e+00
-1.303761061946902444e+00 0.000000000000000000e+00
-1.300147492625368439e+00 0.000000000000000000e+00
-1.296533923303834657e+00 0.000000000000000000e+00
-1.292920353982300874e+00 0.000000000000000000e+00
-1.289306784660766869e+00 0.000000000000000000e+00
-1.285693215339232864e+00 0.000000000000000000e+00
-1.282079646017698860e+00 0.000000000000000000e+00
-1.278466076696165077e+00 0.000000000000000000e+00
-1.274852507374631072e+00 0.000000000000000000e+00
-1.271238938053097289e+00 0.000000000000000000e+00
-1.267625368731563285e+00 0.000000000000000000e+00
-1.264011799410029280e+00 0.000000000000000000e+00
-1.260398230088495275e+00 0.000000000000000000e+00
-1.256784660766961492e+00 0.000000000000000000e+00
-1.253171091445427709e+00 0.000000000000000000e+00
-1.249557522123893705e+00 0.000000000000000000e+00
-1.245943952802359700e+00 0.000000000000000000e+00
-1.242330383480825695e+00 0.000000000000000000e+00
-1.238716814159291912e+00 0.000000000000000000e+00
-1.235103244837757908e+00 0.000000000000000000e+00
-1.231489675516224125e+00 0.000000000000000000e+00
-1.227876106194690120e+00 0.000000000000000000e+00
-1.224262536873156115e+00 0.000000000000000000e+00
-1.220648967551622111e+00 0.000000000000000000e+00
-1.217035398230088328e+00 0.000000000000000000e+00
-1.213421828908554545e+00 0.000000000000000000e+00
-1.209808259587020540e+00 0.000000000000000000e+00
-1.206194690265486535e+00 0.000000000000000000e+00
-1.202581120943952531e+00 0.000000000000000000e+00
-1.198967551622418748e+00 0.000000000000000000e+00
-1.195353982300884743e+00 0.000000000000000000e+00
-1.191740412979350960e+00 0.000000000000000000e+00
-1.188126843657816956e+00 0.000000000000000000e+00
-1.184513274336282951e+00 0.000000000000000000e+00
-1.180899705014748946e+00 0.000000000000000000e+00
-1.177286135693215163e+00 0.000000000000000000e+00
-1.173672566371681381e+00 0.000000000000000000e+00
-1.170058997050147376e+00 0.000000000000000000e+00
-1.166445427728613371e+00 0.000000000000000000e+00
-1.162831858407079366e+00 0.000000000000000000e+00
-1.159218289085545583e+00 0.000000000000000000e+00
-1.155604719764011579e+00 0.000000000000000000e+00
-1.151991150442477796e+00 0.000000000000000000e+00
-1.148377581120943791e+00 0.000000000000000000e+00
-1.144764011799409786e+00 0.000000000000000000e+00
-1.141150442477875782e+00 0.000000000000000000e+00
-1.137536873156341999e+00 0.000000000000000000e+00
-1.133923303834808216e+00 0.000000000000000000e+00
-1.130309734513274211e+00 0.000000000000000000e+00
-1.126696165191740207e+00 0.000000000000000000e+00
-1.123082595870206202e+00 0.000000000000000000e+00
-1.119469026548672419e+00 0.000000000000000000e+00
-1.115855457227138636e+00 0.000000000000000000e+00
-1.112241887905604631e+00 0.000000000000000000e+00
-1.108628318584070627e+00 0.000000000000000000e+00
-1.105014749262536622e+00 0.000000000000000000e+00
-1.101401179941002617e+00 0.000000000000000000e+00
-1.097787610619468834e+00 0.000000000000000000e+00
-1.094174041297935052e+00 0.000000000000000000e+00
-1.090560471976401047e+00 0.000000000000000000e+00
-1.086946902654867042e+00 0.000000000000000000e+00
-1.083333333333333037e+00 0.000000000000000000e+00
-1.079719764011799255e+00 0.000000000000000000e+00
-1.076106194690265472e+00 0.000000000000000000e+00
-1.072492625368731467e+00 0.000000000000000000e+00
-1.068879056047197462e+00 0.000000000000000000e+00
-1.065265486725663457e+00 0.000000000000000000e+00
-1.061651917404129453e+00 0.000000000000000000e+00
-1.058038348082595670e+00 0.000000000000000000e+00
-1.054424778761061887e+00 0.000000000000000000e+00
-1.050811209439527882e+00 0.000000000000000000e+00
-1.047197640117993878e+00 0.000000000000000000e+00
-1.043584070796459873e+00 0.000000000000000000e+00
-1.039970501474926090e+00 0.000000000000000000e+00
-1.036356932153392307e+00 0.000000000000000000e+00
-1.032743362831858303e+00 0.000000000000000000e+00
-1.029129793510324298e+00 0.000000000000000000e+00
-1.025516224188790293e+00 0.000000000000000000e+00
-1.021902654867256510e+00 0.000000000000000000e+00
-1.018289085545722505e+00 0.000000000000000000e+00
-1.014675516224188723e+00 0.000000000000000000e+00
-1.011061946902654718e+00 0.000000000000000000e+00
-1.007448377581120713e+00 0.000000000000000000e+00
-1.003834808259586708e+00 0.000000000000000000e+00
-1.000221238938052926e+00 0.000000000000000000e+00
-9.966076696165190318e-01 0.000000000000000000e+00
-9.929941002949850271e-01 0.000000000000000000e+00
-9.893805309734511333e-01 0.000000000000000000e+00
-9.857669616519172395e-01 0.000000000000000000e+00
-9.821533923303833458e-01 0.000000000000000000e+00
-9.785398230088493410e-01 0.000000000000000000e+00
-9.749262536873154472e-01 0.000000000000000000e+00
-9.713126843657815535e-01 0.000000000000000000e+00
-9.676991150442475487e-01 0.000000000000000000e+00
-9.640855457227136549e-01 0.000000000000000000e+00
-9.604719764011797611e-01 0.000000000000000000e+00
-9.568584070796458674e-01 0.000000000000000000e+00
-9.532448377581118626e-01 0.000000000000000000e+00
-9.496312684365779688e-01 0.000000000000000000e+00
-9.460176991150440751e-01 0.000000000000000000e+00
-9.424041297935101813e-01 0.000000000000000000e+00
-9.387905604719761765e-01 0.000000000000000000e+00
-9.351769911504422828e-01 0.000000000000000000e+00
-9.315634218289083890e-01 0.000000000000000000e+00
-9.279498525073743842e-01 0.000000000000000000e+00
-9.243362831858404904e-01 0.000000000000000000e+00
-9.207227138643065967e-01 0.000000000000000000e+00
-9.171091445427727029e-01 0.000000000000000000e+00
-9.134955752212386981e-01 0.000000000000000000e+00
-9.098820058997048044e-01 0.000000000000000000e+00
-9.062684365781709106e-01 0.000000000000000000e+00
-9.026548672566370168e-01 0.000000000000000000e+00
-8.990412979351030121e-01 0.000000000000000000e+00
-8.954277286135692293e-01 0.000000000000000000e+00
-8.918141592920352245e-01 0.000000000000000000e+00
-8.882005899705012197e-01 0.000000000000000000e+00
-8.845870206489674370e-01 0.000000000000000000e+00
-8.809734513274334322e-01 0.000000000000000000e+00
-8.773598820058994274e-01 0.000000000000000000e+00
-8.737463126843656447e-01 0.000000000000000000e+00
-8.701327433628316399e-01 0.000000000000000000e+00
-8.665191740412976351e-01 0.000000000000000000e+00
-8.629056047197638524e-01 0.000000000000000000e+00
-8.592920353982298476e-01 0.000000000000000000e+00
-8.556784660766960648e-01 0.000000000000000000e+00
-8.520648967551620601e-01 0.000000000000000000e+00
-8.484513274336280553e-01 0.000000000000000000e+00
-8.448377581120942725e-01 0.000000000000000000e+00
-8.412241887905602677e-01 0.000000000000000000e+00
-8.376106194690262630e-01 0.000000000000000000e+00
-8.339970501474924802e-01 0.000000000000000000e+00
-8.303834808259584754e-01 0.000000000000000000e+00
-8.267699115044244706e-01 0.000000000000000000e+00
-8.231563421828906879e-01 0.000000000000000000e+00
-8.195427728613566831e-01 0.000000000000000000e+00
-8.159292035398229004e-01 0.000000000000000000e+00
-8.123156342182888956e-01 0.000000000000000000e+00
-8.087020648967548908e-01 0.000000000000000000e+00
-8.050884955752211081e-01 0.000000000000000000e+00
-8.014749262536871033e-01 0.000000000000000000e+00
-7.978613569321530985e-01 0.000000000000000000e+00
-7.942477876106193158e-01 0.000000000000000000e+00
-7.906342182890853110e-01 0.000000000000000000e+00
-7.870206489675513062e-01 0.000000000000000000e+00
-7.834070796460175234e-01 0.000000000000000000e+00
-7.797935103244835187e-01 0.000000000000000000e+00
-7.761799410029497359e-01 0.000000000000000000e+00
-7.725663716814157311e-01 0.000000000000000000e+00
-7.689528023598817263e-01 0.000000000000000000e+00
-7.653392330383479436e-01 0.000000000000000000e+00
-7.617256637168139388e-01 0.000000000000000000e+00
-7.581120943952799340e-01 0.000000000000000000e+00
-7.544985250737461513e-01 0.000000000000000000e+00
-7.508849557522121465e-01 0.000000000000000000e+00
-7.472713864306783638e-01 0.000000000000000000e+00
-7.436578171091443590e-01 0.000000000000000000e+00
-7.400442477876103542e-01 0.000000000000000000e+00
-7.364306784660765715e-01 0.000000000000000000e+00
-7.328171091445425667e-01 0.000000000000000000e+00
-7.292035398230085619e-01 0.000000000000000000e+00
-7.255899705014747791e-01 0.000000000000000000e+00
-7.219764011799407744e-01 0.000000000000000000e+00
-7.183628318584067696e-01 0.000000000000000000e+00
-7.147492625368729868e-01 0.000000000000000000e+00
-7.111356932153389820e-01 0.000000000000000000e+00
-7.075221238938051993e-01 0.000000000000000000e+00
-7.039085545722711945e-01 0.000000000000000000e+00
-7.002949852507371897e-01 0.000000000000000000e+00
-6.966814159292034070e-01 0.000000000000000000e+00
-6.930678466076694022e-01 0.000000000000000000e+00
-6.894542772861353974e-01 0.000000000000000000e+00
-6.858407079646016147e-01 0.000000000000000000e+00
-6.822271386430676099e-01 0.000000000000000000e+00
-6.786135693215336051e-01 0.000000000000000000e+00
-6.749999999999998224e-01 0.000000000000000000e+00
-6.713864306784658176e-01 0.000000000000000000e+00
-6.677728613569320348e-01 0.000000000000000000e+00
-6.641592920353980301e-01 0.000000000000000000e+00
-6.605457227138640253e-01 0.000000000000000000e+00
-6.569321533923302425e-01 0.000000000000000000e+00
-6.533185840707962377e-01 0.000000000000000000e+00
-6.497050147492622330e-01 0.000000000000000000e+00
-6.460914454277284502e-01 0.000000000000000000e+00
-6.424778761061944454e-01 0.000000000000000000e+00
-6.388643067846604406e-01 0.000000000000000000e+00
-6.352507374631266579e-01 0.000000000000000000e+00
-6.316371681415926531e-01 0.000000000000000000e+00
-6.280235988200588704e-01 0.000000000000000000e+00
-6.244100294985248656e-01 0.000000000000000000e+00
-6.207964601769908608e-01 0.000000000000000000e+00
-6.171828908554570781e-01 0.000000000000000000e+00
-6.135693215339230733e-01 0.000000000000000000e+00
-6.099557522123890685e-01 0.000000000000000000e+00
-6.063421828908552857e-01 0.000000000000000000e+00
-6.027286135693212810e-01 0.000000000000000000e+00
-5.991150442477872762e-01 0.000000000000000000e+00
-5.955014749262534934e-01 0.000000000000000000e+00
-5.918879056047194887e-01 0.000000000000000000e+00
-5.882743362831857059e-01 0.000000000000000000e+00
-5.846607669616517011e-01 0.000000000000000000e+00
-5.810471976401176963e-01 0.000000000000000000e+00
-5.774336283185839136e-01 0.000000000000000000e+00
-5.738200589970499088e-01 0.000000000000000000e+00
-5.702064896755159040e-01 0.000000000000000000e+00
-5.665929203539821213e-01 0.000000000000000000e+00
-5.629793510324481165e-01 0.000000000000000000e+00
-5.593657817109143338e-01 0.000000000000000000e+00
-5.557522123893803290e-01 2.048545634445261737e-305
-5.521386430678463242e-01 1.731424541160661614e-287
-5.485250737463125414e-01 1.385008539737251976e-270
-5.449115044247785367e-01 1.196326888452031918e-254
-5.412979351032445319e-01 1.263696837502081889e-239
-5.376843657817107491e-01 1.835913848266166943e-225
-5.340707964601767443e-01 4.098702109190425918e-212
-5.304572271386427396e-01 1.561367392700773565e-199
-5.268436578171089568e-01 1.120405638044652252e-187
-5.232300884955749520e-01 1.662710065912732108e-176
-5.196165191740411693e-01 5.573643512620560269e-166
-5.160029498525071645e-01 4.587058170102572703e-156
-5.123893805309731597e-01 1.002756753310273622e-146
-5.087758112094393770e-01 6.272419670887716176e-138
-5.051622418879053722e-01 1.204455684720790808e-129
-5.015486725663713674e-01 7.588021681005318871e-122
-4.979351032448375847e-01 1.670079972588224035e-114
-4.943215339233035799e-01 1.362757046658505855e-107
-4.907079646017695751e-01 4.360837353325978989e-101
-4.870943952802357924e-01 5.771174593802525431e-95
-4.834808259587017876e-01 3.321407550974264968e-89
-4.798672566371680048e-01 8.717287344328859878e-84
-4.762536873156340000e-01 1.091341027865531397e-78
-4.726401179940999953e-01 6.800164308267549839e-74
-4.690265486725662125e-01 2.195409065093767071e-69
-4.654129793510322077e-01 3.814662222697914482e-65
-4.617994100294982029e-01 3.697842028290909913e-61
-4.581858407079644202e-01 2.068927597397940481e-57
-4.545722713864304154e-01 6.899055302419571232e-54
-4.509587020648964106e-01 1.413366951929655028e-50
-4.473451327433626279e-01 1.830562413831502681e-47
-4.437315634218286231e-01 1.540027098589026347e-44
-4.401179941002948404e-01 8.633319869951062579e-42
-4.365044247787608356e-01 3.303688823989255235e-39
-4.328908554572268308e-01 8.828051607185477037e-37
-4.292772861356930481e-01 1.683000468096790684e-34
-4.256637168141590433e-01 2.335780202268838591e-32
-4.220501474926250385e-01 2.405336955231656531e-30
-4.184365781710912557e-01 1.871128145169024325e-28
-4.148230088495572510e-01 1.118271285361400046e-26
-4.112094395280232462e-01 5.216851046356024553e-25
-4.075958702064894634e-01 1.928330013431941167e-23
-4.039823008849554586e-01 5.727626302375387603e-22
-4.003687315634216759e-01 1.385265607173367001e-20
-3.967551622418876711e-01 2.762214490768035142e-19
-3.931415929203536663e-01 4.594351288891684166e-18
-3.895280235988198836e-01 6.444717942942657765e-17
-3.859144542772858788e-01 7.703329769669756522e-16
-3.823008849557518740e-01 7.922421491881026589e-15
-3.786873156342180913e-01 7.074505871796877278e-14
-3.750737463126840865e-01 5.532297592471785010e-13
-3.714601769911500817e-01 3.819192544334243625e-12
-3.678466076696162990e-01 2.345123089280596189e-11
-3.642330383480822942e-01 1.289905808907958268e-10
-3.606194690265485114e-01 6.397782429280122162e-10
-3.570058997050145067e-01 2.879272816379920847e-09
-3.533923303834805019e-01 1.182642334468089574e-08
-3.497787610619467191e-01 4.457787595590213207e-08
-3.461651917404127143e-01 1.549926382325306088e-07
-3.425516224188787096e-01 4.994825585348027175e-07
-3.389380530973449268e-01 1.498680234192326056e-06
-3.353244837758109220e-01 4.204526225031954200e-06
-3.317109144542771393e-01 1.107313429214422367e-05
-3.280973451327431345e-01 2.747822814379737892e-05
-3.244837758112091297e-01 6.447494087232593827e-05
-3.208702064896753470e-01 1.435169989283151737e-04
-3.172566371681413422e-01 3.039938509807820041e-04
-3.136430678466073374e-01 6.145153866824988945e-04
-3.100294985250735547e-01 1.188744708402949190e-03
-3.064159292035395499e-01 2.206188455661783464e-03
-3.028023598820055451e-01 3.937664518543037943e-03
-2.991887905604717623e-01 6.774212144807482787e-03
-2.955752212389377576e-01 1.125710554983220917e-02
-2.919616519174039748e-01 1.810556950506023860e-02
-2.883480825958699700e-01 2.823800565383926403e-02
-2.847345132743359652e-01 4.278224335406277667e-02
-2.811209439528021825e-01 6.307068480117915266e-02
-2.775073746312681777e-01 9.061726653071802695e-02
-2.738938053097341729e-01 1.270748224076476973e-01
-2.702802359882003902e-01 1.741734998784715271e-01
-2.666666666666663854e-01 2.336430612307060783e-01
-2.630530973451323806e-01 3.071238770039473875e-01
-2.594395280235985979e-01 3.960729038961526838e-01
-2.558259587020645931e-01 5.016717309984994877e-01
-2.522123893805308104e-01 6.247437848196290000e-01
-2.485988200589968056e-01 7.656870327671843057e-01
-2.449852507374628008e-01 9.244271473978940001e-01
-2.413716814159290180e-01 1.100394292334425428e+00
-2.377581120943950133e-01 1.292524701257275144e+00
-2.341445427728610085e-01 1.499286275243610023e+00
-2.305309734513272257e-01 1.718725714250494807e+00
-2.269174041297932209e-01 1.948533377560269342e+00
-2.233038348082592162e-01 2.186121182203192070e+00
-2.196902654867254334e-01 2.428708466389423837e+00
-2.160766961651914286e-01 2.673410767517340414e+00
-2.124631268436576459e-01 2.917326871631003016e+00
-2.088495575221236411e-01 3.157620158954303147e+00
-2.052359882005896363e-01 3.391591108923998288e+00
-2.016224188790558536e-01 3.616738739843381012e+00
-1.980088495575218488e-01 3.830809661013395928e+00
-1.943952802359878440e-01 4.031834245129058303e+00
-1.907817109144540613e-01 4.218150141894154714e+00
-1.871681415929200565e-01 4.388413925283440875e+00
-1.835545722713860517e-01 4.541602088260133563e+00
-1.799410029498522690e-01 4.677002874722388626e+00
-1.763274336283182642e-01 4.794200583055970633e+00
-1.727138643067844814e-01 4.893054008795155063e+00
-1.691002949852504766e-01 4.973670638192846383e+00
-1.654867256637164719e-01 5.036378082945277335e+00
-1.618731563421826891e-01 5.081694080446522044e+00
-1.582595870206486843e-01 5.110296192698728035e+00
-1.546460176991146795e-01 5.122992136117026973e+00
-1.510324483775808968e-01 5.120691476279151111e+00
-1.474188790560468920e-01 5.104379235246397251e+00
-1.438053097345131093e-01 5.075091790524809632e+00
-1.401917404129791045e-01 5.033895297628769860e+00
-1.365781710914450997e-01 4.981866744087687593e+00
-1.329646017699113170e-01 4.920077641573882943e+00
-1.293510324483773122e-01 4.849580283457704866e+00
-1.257374631268433074e-01 4.771396435603429964e+00
-1.221238938053095247e-01 4.686508286244819743e+00
-1.185103244837755199e-01 4.595851453776397477e+00
-1.148967551622415151e-01 4.500309836706064104e+00
-1.112831858407077323e-01 4.400712085400289020e+00
-1.076696165191737276e-01 4.297829478390728042e+00
-1.040560471976399448e-01 4.192374994924948695e+00
-1.004424778761059400e-01 4.085003388444344630e+00
-9.682890855457193524e-02 3.976312081340063198e+00
-9.321533923303815250e-02 3.866842718418924463e+00
-8.960176991150414771e-02 3.757083235007802280e+00
-8.598820058997014293e-02 3.647470311163943713e+00
-8.237463126843636019e-02 3.538392104131130811e+00
-7.876106194690235540e-02 3.430191163656358011e+00
-7.514749262536835062e-02 3.323167451846846809e+00
-7.153392330383456788e-02 3.217581402046858940e+00
-6.792035398230056309e-02 3.113656963441366443e+00
-6.430678466076678035e-02 3.011584588812489915e+00
-6.069321533923277556e-02 2.911524132295939093e+00
-5.707964601769877078e-02 2.813607631595019587e+00
-5.346607669616498804e-02 2.717941957383819052e+00
-4.985250737463098325e-02 2.624611316083668378e+00
-4.623893805309697846e-02 2.533679599375120883e+00
-4.262536873156319572e-02 2.445192576333423684e+00
-3.901179941002919094e-02 2.359179927748487948e+00
-3.539823008849518615e-02 2.275657124655996899e+00
-3.178466076696140341e-02 2.194627155075352665e+00
-2.817109144542739863e-02 2.116082104438637757e+00
-2.455752212389361588e-02 2.040004596278982341e+00
-2.094395280235961110e-02 1.966369100493741584e+00
-1.733038348082560631e-02 1.895143116969011610e+00
-1.371681415929182357e-02 1.826288242597353007e+00
-1.010324483775781879e-02 1.759761129785574862e+00
-6.489675516223814000e-03 1.695514344473567414e+00
-2.876106194690031259e-03 1.633497131497734456e+00
7.374631268439735265e-04 1.573656061761866454e+00
4.351032448377978312e-03 1.515929359864570891e+00
7.964601769911761053e-03 1.460241882333774388e+00
1.157817109144576584e-02 1.406519703327506976e+00
1.519174041297954858e-02 1.354692007177502378e+00
1.880530973451355337e-02 1.304690920169935930e+00
2.241887905604755815e-02 1.256451353649505887e+00
2.603244837758134089e-02 1.209910857577193966e+00
2.964601769911534568e-02 1.165009483745695684e+00
3.325958702064935046e-02 1.121689657922790184e+00
3.687315634218313321e-02 1.079896060253386691e+00
4.048672566371713799e-02 1.039575513305949439e+00
4.410029498525114278e-02 1.000676877199174086e+00
4.771386430678492552e-02 9.631509512900724435e-01
5.132743362831893030e-02 9.269503819465571004e-01
5.494100294985271304e-02 8.920295759654386369e-01
5.855457227138671783e-02 8.583446192313244349e-01
6.216814159292072262e-02 8.258532002437759534e-01
6.578171091445450536e-02 7.945145381690498221e-01
6.939528023598851014e-02 7.642893150992614570e-01
7.300884955752251493e-02 7.351396122261411037e-01
7.662241887905629767e-02 7.070288496590890759e-01
8.023598820059030245e-02 6.799217296373369912e-01
8.384955752212408520e-02 6.537841829053244735e-01
8.746312684365808998e-02 6.285833180371926954e-01
9.107669616519209477e-02 6.042873735126603751e-01
9.469026548672587751e-02 5.808656723608143224e-01
9.830383480825988229e-02 5.582885792020793048e-01
1.019174041297938871e-01 5.365274595308969774e-01
1.055309734513278919e-01 5.155546410931328705e-01
1.091445427728614526e-01 4.953433772228362786e-01
1.127581120943954573e-01 4.758678120126531574e-01
1.163716814159294621e-01 4.571029472012028694e-01
1.199852507374634669e-01 4.390246106690939842e-01
1.235988200589974717e-01 4.216094264428689731e-01
1.272123893805314765e-01 4.048347861133102521e-01
1.308259587020650372e-01 3.886788215811262104e-01
1.344395280235990420e-01 3.731203790490876804e-01
1.380530973451330468e-01 3.581389941853632131e-01
1.416666666666670515e-01 3.437148683879416855e-01
1.452802359882010563e-01 3.298288460849922998e-01
1.488938053097346170e-01 3.164623930103824812e-01
1.525073746312686218e-01 3.035975753977917524e-01
1.561209439528026266e-01 2.912170400407085302e-01
1.597345132743366314e-01 2.793039951691729805e-01
1.633480825958706362e-01 2.678421920974567438e-01
1.669616519174046410e-01 2.568159075999503771e-01
1.705752212389382017e-01 2.462099269754095543e-01
1.741887905604722064e-01 2.360095277623437404e-01
1.778023598820062112e-01 2.262004640708639158e-01
1.814159292035402160e-01 2.167689514985322030e-01
1.850294985250742208e-01 2.077016525999279828e-01
1.886430678466077815e-01 1.989856628816802087e-01
1.922566371681417863e-01 1.906084972964553759e-01
1.958702064896757911e-01 1.825580772112191386e-01
1.994837758112097958e-01 1.748227178265966686e-01
2.030973451327438006e-01 1.673911160257378350e-01
2.067109144542778054e-01 1.602523386323738142e-01
2.103244837758113661e-01 1.533958110591170654e-01
2.139380530973453709e-01 1.468113063282256714e-01
2.175516224188793757e-01 1.404889344481609625e-01
2.211651917404133805e-01 1.344191321303096209e-01
2.247787610619473853e-01 1.285926528312174577e-01
2.283923303834809460e-01 1.230005571065547199e-01
2.320058997050149507e-01 1.176342032639041690e-01
2.356194690265489555e-01 1.124852383022000579e-01
2.392330383480829603e-01 1.075455891263979308e-01
2.428466076696169651e-01 1.028074540266321890e-01
2.464601769911509699e-01 9.826329441170696122e-02
2.500737463126845306e-01 9.390582678740233558e-02
2.536873156342185354e-01 8.972801497057941722e-02
2.573008849557525402e-01 8.572306253059240599e-02
2.609144542772865449e-01 8.188440544998050463e-02
2.645280235988205497e-01 7.820570499684927068e-02
2.681415929203541104e-01 7.468084080176277950e-02
2.717551622418881152e-01 7.130390413234150015e-02
2.753687315634221200e-01 6.806919135912113672e-02
2.789823008849561248e-01 6.497119760654064546e-02
2.825958702064901296e-01 6.200461058325426600e-02
2.862094395280241343e-01 5.916430458623291727e-02
2.898230088495576950e-01 5.644533467338431337e-02
2.934365781710916998e-01 5.384293099967556173e-02
2.970501474926257046e-01 5.135249331197322409e-02
3.006637168141597094e-01 4.896958559801350974e-02
3.042772861356937142e-01 4.668993088513531675e-02
3.078908554572272749e-01 4.450940618458295445e-02
3.115044247787612797e-01 4.242403757735835335e-02
3.151179941002952845e-01 4.042999543777363314e-02
3.187315634218292892e-01 3.852358979099045760e-02
3.223451327433632940e-01 3.670126580098933416e-02
3.259587020648972988e-01 3.495959938553357127e-02
3.295722713864308595e-01 3.329529295481926943e-02
3.331858407079648643e-01 3.170517127061458357e-02
3.367994100294988691e-01 3.018617742280802971e-02
3.404129793510328739e-01 2.873536892037117929e-02
3.440265486725668787e-01 2.734991389385404634e-02
3.476401179941004393e-01 2.602708740660506295e-02
3.512536873156344441e-01 2.476426787199949991e-02
3.548672566371684489e-01 2.355893357403821345e-02
3.584808259587024537e-01 2.240865928875007684e-02
3.620943952802364585e-01 2.131111300390087573e-02
3.657079646017700192e-01 2.026405273458484549e-02
3.693215339233040240e-01 1.926532343232709860e-02
3.729351032448380288e-01 1.831285398539471768e-02
3.765486725663720335e-01 1.740465430806243177e-02
3.801622418879060383e-01 1.653881251663820093e-02
3.837758112094400431e-01 1.571349219010536105e-02
3.873893805309736038e-01 1.492692971328011056e-02
3.910029498525076086e-01 1.417743170044099069e-02
3.946165191740416134e-01 1.346337249742140911e-02
3.982300884955756182e-01 1.278319176020753858e-02
4.018436578171096230e-01 1.213539210811943013e-02
4.054572271386431837e-01 1.151853684969898588e-02
4.090707964601771884e-01 1.093124777946183693e-02
4.126843657817111932e-01 1.037220304371314766e-02
4.162979351032451980e-01 9.840135073658591233e-03
4.199115044247792028e-01 9.333828584081917124e-03
4.235250737463132076e-01 8.852118635891916346e-03
4.271386430678467683e-01 8.393888760876509758e-03
4.307522123893807731e-01 7.958069147034839072e-03
4.343657817109147778e-01 7.543634882890239667e-03
4.379793510324487826e-01 7.149604259217554915e-03
4.415929203539827874e-01 6.775037126650747428e-03
4.452064896755163481e-01 6.419033307666118481e-03
4.488200589970503529e-01 6.080731061466395151e-03
4.524336283185843577e-01 5.759305600321297167e-03
4.560471976401183625e-01 5.453967655947123544e-03
4.596607669616523673e-01 5.163962094538205629e-03
4.632743362831863720e-01 4.888566579091056796e-03
4.668879056047199327e-01 4.627090277688077763e-03
4.705014749262539375e-01 4.378872616437460771e-03
4.741150442477879423e-01 4.143282075791215185e-03
4.777286135693219471e-01 3.919715028990365495e-03
4.813421828908559519e-01 3.707594621413357223e-03
4.849557522123895126e-01 3.506369689629136414e-03
4.885693215339235174e-01 3.315513718982488530e-03
4.921828908554575222e-01 3.134523838564744289e-03
4.957964601769915269e-01 2.962919852447960800e-03
4.994100294985255317e-01 2.800243306085970375e-03
5.030235988200595365e-01 2.646056586809907452e-03
5.066371681415930972e-01 2.499942057371073827e-03
5.102507374631271020e-01 2.361501221506652221e-03
5.138643067846611068e-01 2.230353920529356323e-03
5.174778761061951116e-01 2.106137559964149815e-03
5.210914454277291163e-01 1.988506365279343359e-03
5.247050147492626770e-01 1.877130665782056297e-03
5.283185840707966818e-01 1.771696205770518801e-03
5.319321533923306866e-01 1.671903482058739688e-03
5.355457227138646914e-01 1.577467107010127904e-03
5.391592920353986962e-01 1.488115196239603484e-03
5.427728613569327010e-01 1.403588780164304354e-03
5.463864306784662617e-01 1.323641238604938292e-03
5.500000000000002665e-01 1.248037757659889923e-03
5.536135693215342712e-01 1.176554808095802091e-03
5.572271386430682760e-01 1.108979644517578151e-03
5.608407079646022808e-01 1.045109824601371138e-03
5.644542772861358415e-01 9.847527476936567513e-04
5.680678466076698463e-01 9.277252120984333383e-04
5.716814159292038511e-01 8.738529903940179307e-04
5.752949852507378559e-01 8.229704221392430659e-04
5.789085545722718606e-01 7.749200233473020789e-04
5.825221238938058654e-01 7.295521121234257349e-04
5.861356932153394261e-01 6.867244498802984806e-04
5.897492625368734309e-01 6.463018975622720694e-04
5.933628318584074357e-01 6.081560863266463482e-04
5.969764011799414405e-01 5.721651021466233212e-04
6.005899705014754453e-01 5.382131838171741066e-04
6.042035398230090060e-01 5.061904338607520161e-04
6.078171091445430108e-01 4.759925418454988679e-04
6.114306784660770155e-01 4.475205196440324188e-04
6.150442477876110203e-01 4.206804481755478252e-04
6.186578171091450251e-01 3.953832351888600513e-04
6.222713864306790299e-01 3.715443836581970279e-04
6.258849557522125906e-01 3.490837703774570086e-04
6.294985250737465954e-01 3.279254343523656137e-04
6.331120943952806002e-01 3.079973746032090335e-04
6.367256637168146050e-01 2.892313570037673511e-04
6.403392330383486097e-01 2.715627297948108323e-04
6.439528023598821704e-01 2.549302474227451614e-04
6.475663716814161752e-01 2.392759023660845797e-04
6.511799410029501800e-01 2.245447646241030711e-04
6.547935103244841848e-01 2.106848285533793527e-04
6.584070796460181896e-01 1.976468667490962673e-04
6.620206489675521944e-01 1.853842906786730253e-04
6.656342182890857551e-01 1.738530177858410412e-04
6.692477876106197598e-01 1.630113447934344330e-04
6.728613569321537646e-01 1.528198269430965745e-04
6.764749262536877694e-01 1.432411629196817665e-04
6.800884955752217742e-01 1.342400852175000916e-04
6.837020648967553349e-01 1.257832557146134906e-04
6.873156342182893397e-01 1.178391662301260940e-04
6.909292035398233445e-01 1.103780438480376201e-04
6.945427728613573493e-01 1.033717607993643952e-04
6.981563421828913540e-01 9.679374870234189751e-05
7.017699115044253588e-01 9.061891696821696622e-05
7.053834808259589195e-01 8.482357518766463916e-05
7.089970501474929243e-01 7.938535932012824375e-05
7.126106194690269291e-01 7.428316151541617437e-05
7.162241887905609339e-01 6.949706340366411644e-05
7.198377581120949387e-01 6.500827269638956979e-05
7.234513274336284994e-01 6.079906294767138615e-05
7.270648967551625041e-01 5.685271633065378075e-05
7.306784660766965089e-01 5.315346929050085271e-05
7.342920353982305137e-01 4.968646094062968471e-05
7.379056047197645185e-01 4.643768407460052998e-05
7.415191740412985233e-01 4.339393867135440610e-05
7.451327433628320840e-01 4.054278777662954594e-05
7.487463126843660888e-01 3.787251564834752019e-05
7.523598820059000936e-01 3.537208805853253829e-05
7.559734513274340983e-01 3.303111464892619938e-05
7.595870206489681031e-01 3.083981324188930410e-05
7.632005899705016638e-01 2.878897601245761442e-05
7.668141592920356686e-01 2.686993743150821887e-05
7.704277286135696734e-01 2.507454389396141469e-05
7.740412979351036782e-01 2.339512494972475996e-05
7.776548672566376830e-01 2.182446605875221218e-05
7.812684365781712437e-01 2.035578279509658669e-05
7.848820058997052485e-01 1.898269642820722293e-05
7.884955752212392532e-01 1.769921081296982787e-05
7.921091445427732580e-01 1.649969052309119348e-05
7.957227138643072628e-01 1.537884016542422199e-05
7.993362831858412676e-01 1.433168481569323804e-05
8.029498525073748283e-01 1.335355151883034643e-05
8.065634218289088331e-01 1.244005179976954963e-05
8.101769911504428379e-01 1.158706513307799567e-05
8.137905604719768426e-01 1.079072332222232707e-05
8.174041297935108474e-01 1.004739574159447678e-05
8.210176991150444081e-01 9.353675396643014916e-06
8.246312684365784129e-01 8.706365759587086339e-06
8.282448377581124177e-01 8.102468340229502584e-06
8.318584070796464225e-01 7.539170953334098322e-06
8.354719764011804273e-01 7.013836645901809222e-06
8.390855457227144321e-01 6.523993249463611727e-06
8.426991150442479928e-01 6.067323524215931265e-06
8.463126843657819975e-01 5.641655863454362240e-06
8.499262536873160023e-01 5.244955528322058239e-06
8.535398230088500071e-01 4.875316384376693202e-06
8.571533923303840119e-01 4.530953112903052811e-06
8.607669616519175726e-01 4.210193871255068139e-06
8.643805309734515774e-01 3.911473377807381680e-06
8.679941002949855822e-01 3.633326398332664408e-06
8.716076696165195870e-01 3.374381611799899520e-06
8.752212389380535917e-01 3.133355834713666362e-06
8.788348082595875965e-01 2.909048584186276592e-06
8.824483775811211572e-01 2.700336960956565354e-06
8.860619469026551620e-01 2.506170834541812786e-06
8.896755162241891668e-01 2.325568313637574782e-06
8.932890855457231716e-01 2.157611485761998829e-06
8.969026548672571764e-01 2.001442410982365004e-06
9.005162241887907371e-01 1.856259355361207423e-06
9.041297935103247418e-01 1.721313250520229567e-06
9.077433628318587466e-01 1.595904366444776576e-06
9.113569321533927514e-01 1.479379185338993132e-06
9.149705014749267562e-01 1.371127464996888516e-06
9.185840707964607610e-01 1.270579480776105220e-06
9.221976401179943217e-01 1.177203435852303609e-06
9.258112094395283265e-01 1.090503029992882763e-06
9.294247787610623313e-01 1.010015177622273776e-06
9.330383480825963360e-01 9.353078664565875154e-07
9.366519174041303408e-01 8.659781484658743493e-07
9.402654867256639015e-01 8.016502553777561079e-07
9.438790560471979063e-01 7.419738313685334405e-07
9.474926253687319111e-01 6.866222759977199339e-07
9.511061946902659159e-01 6.352911908304921889e-07
9.547197640117999207e-01 5.876969235610425001e-07
9.583333333333339255e-01 5.435752037987103699e-07
9.619469026548674861e-01 5.026798650095546230e-07
9.655604719764014909e-01 4.647816474190119019e-07
9.691740412979354957e-01 4.296670769780007479e-07
9.727876106194695005e-01 3.971374157753305638e-07
9.764011799410035053e-01 3.670076795449316058e-07
9.800147492625370660e-01 3.391057181678097226e-07
9.836283185840710708e-01 3.132713553061498850e-07
9.872418879056050756e-01 2.893555835319410417e-07
9.908554572271390803e-01 2.672198115247675455e-07
9.944690265486730851e-01 2.467351601144507909e-07
9.980825958702070899e-01 2.277818041337912080e-07
1.001696165191740651e+00 2.102483572260584979e-07
1.005309734513274655e+00 1.940312969210217919e-07
1.008923303834808660e+00 1.790344274533132935e-07
1.012536873156342665e+00 1.651683779475957740e-07
1.016150442477876670e+00 1.523501337375505941e-07
1.019764011799410230e+00 1.405025987199230491e-07
1.023377581120944235e+00 1.295541867715951173e-07
1.026991150442478240e+00 1.194384403771507059e-07
1.030604719764012245e+00 1.100936747269609067e-07
1.034218289085546250e+00 1.014626456520734742e-07
1.037831858407080254e+00 9.349223986213715382e-08
1.041445427728613815e+00 8.613318604686950353e-08
1.045058997050147820e+00 7.933978549032026350e-08
1.048672566371681825e+00 7.306966093074961004e-08
1.052286135693215829e+00 6.728352247759350080e-08
1.055899705014749834e+00 6.194494947104618239e-08
1.059513274336283395e+00 5.702018723942623760e-08
1.063126843657817400e+00 5.247795777503179632e-08
1.066740412979351404e+00 4.828928341080936215e-08
1.070353982300885409e+00 4.442732263809470294e-08
1.073967551622419414e+00 4.086721726014833337e-08
1.077581120943953419e+00 3.758595012738992424e-08
1.081194690265486980e+00 3.456221274831465544e-08
1.084808259587020984e+00 3.177628211524497017e-08
1.088421828908554989e+00 2.920990612648557844e-08
1.092035398230088994e+00 2.684619702626725691e-08
1.095648967551622999e+00 2.466953232124528040e-08
1.099262536873156559e+00 2.266546266739276696e-08
1.102876106194690564e+00 2.082062625403197851e-08
1.106489675516224569e+00 1.912266924262290537e-08
1.110103244837758574e+00 1.756017184685452571e-08
1.113716814159292579e+00 1.612257966773515668e-08
1.117330383480826583e+00 1.480013992280504699e-08
1.120943952802360144e+00 1.358384223242593867e-08
1.124557522123894149e+00 1.246536364843564304e-08
1.128171091445428154e+00 1.143701763136493596e-08
1.131784660766962158e+00 1.049170670200099761e-08
1.135398230088496163e+00 9.622878511412695804e-09
1.139011799410029724e+00 8.824485090718956687e-09
1.142625368731563729e+00 8.090945057932525731e-09
1.146238938053097733e+00 7.417108574243311515e-09
1.149852507374631738e+00 6.798224856149991505e-09
1.153466076696165743e+00 6.229912062992105962e-09
1.157079646017699748e+00 5.708129391720322869e-09
1.160693215339233308e+00 5.229151222222978348e-09
1.164306784660767313e+00 4.789543167256961393e-09
1.167920353982301318e+00 4.386139891057238193e-09
1.171533923303835323e+00 4.016024570060726061e-09
1.175147492625369328e+00 3.676509877924305269e-09
1.178761061946902888e+00 3.365120385180918065e-09
1.182374631268436893e+00 3.079576271495911014e-09
1.185988200589970898e+00 2.817778255597671850e-09
1.189601769911504903e+00 2.577793654589006518e-09
1.193215339233038907e+00 2.357843490535168727e-09
1.196828908554572468e+00 2.156290567993903030e-09
1.200442477876106473e+00 1.971628451533670679e-09
1.204056047197640478e+00 1.802471277301216334e-09
1.207669616519174483e+00 1.647544337372652460e-09
1.211283185840708487e+00 1.505675379977978396e-09
1.214896755162242492e+00 1.375786572743813394e-09
1.218510324483776053e+00 1.256887079877876925e-09
1.222123893805310058e+00 1.148066207735221274e-09
1.225737463126844062e+00 1.048487076480926125e-09
1.229351032448378067e+00 9.573807786106509172e-10
1.232964601769912072e+00 8.740409879260799243e-10
1.236578171091445633e+00 7.978189851998905406e-10
1.240191740412979637e+00 7.281190692174931971e-10
1.243805309734513642e+00 6.643943241643050638e-10
1.247418879056047647e+00 6.061427164474769791e-10
1.251032448377581652e+00 5.529034960118268477e-10
1.254646017699115657e+00 5.042538790414481209e-10
1.258259587020649217e+00 4.598059906393361270e-10
1.261873156342183222e+00 4.192040476580923074e-10
1.265486725663717227e+00 3.821217633220864344e-10
1.269100294985251232e+00 3.482599566437847398e-10
1.272713864306785236e+00 3.173443509017243750e-10
1.276327433628318797e+00 2.891235466211234572e-10
1.279941002949852802e+00 2.633671555868653447e-10
1.283554572271386807e+00 2.398640834287823547e-10
1.287168141592920811e+00 2.184209492556336078e-10
1.290781710914454816e+00 1.988606316828168204e-10
1.294395280235988821e+00 1.810209314038105111e-10
1.298008849557522382e+00 1.647533412015760403e-10
1.301622418879056386e+00 1.499219149874263488e-10
1.305235988200590391e+00 1.364022280953959311e-10
1.308849557522124396e+00 1.240804216533131191e-10
1.312463126843658401e+00 1.128523244010894623e-10
1.316076696165191962e+00 1.026226458352467725e-10
1.319690265486725966e+00 9.330423502941017304e-11
1.323303834808259971e+00 8.481739991607140764e-11
1.326917404129793976e+00 7.708928221789201492e-11
1.330530973451327981e+00 7.005328358956434292e-11
1.334144542772861985e+00 6.364853887603965484e-11
1.337758112094395546e+00 5.781943271156633653e-11
1.341371681415929551e+00 5.251515597868907959e-11
1.344985250737463556e+00 4.768929891863226727e-11
1.348598820058997561e+00 4.329947793608187762e-11
1.352212389380531565e+00 3.930699337383863664e-11
1.355825958702065126e+00 3.567651574748302501e-11
1.359439528023599131e+00 3.237579812841368307e-11
1.363053097345133136e+00 2.937541254666455189e-11
1.366666666666667140e+00 2.664850845379333379e-11
1.370280235988201145e+00 2.417059144205359850e-11
1.373893805309735150e+00 2.191932055986740588e-11
1.377507374631268711e+00 1.987432269629350952e-11
1.381120943952802715e+00 1.801702262953472267e-11
1.384734513274336720e+00 1.633048744734334342e-11
1.388348082595870725e+00 1.479928415117726087e-11
1.391961651917404730e+00 1.340934935181019070e-11
1.395575221238938290e+00 1.214787005241661103e-11
1.399188790560472295e+00 1.100317459652288459e-11
1.402802359882006300e+00 9.964632933154246507e-12
1.406415929203540305e+00 9.022565420524310063e-12
1.410029498525074310e+00 8.168159453150021598e-12
1.413643067846608314e+00 7.393393255769008535e-12
1.417256637168141875e+00 6.690966241254374853e-12
1.420870206489675880e+00 6.054235379251954741e-12
1.424483775811209885e+00 5.477157067824199691e-12
1.428097345132743889e+00 4.954234042281231464e-12
1.431710914454277894e+00 4.480466893916258674e-12
1.435324483775811455e+00 4.051309806778186042e-12
1.438938053097345460e+00 3.662630153172552487e-12
1.442551622418879465e+00 3.310671618504389148e-12
1.446165191740413469e+00 2.992020553558675512e-12
1.449778761061947474e+00 2.703575277568613680e-12
1.453392330383481479e+00 2.442518078608119096e-12
1.457005899705015040e+00 2.206289679138242935e-12
1.460619469026549044e+00 1.992565954080628117e-12
1.464233038348083049e+00 1.799236706733569294e-12
1.467846607669617054e+00 1.624386324304507720e-12
1.471460176991151059e+00 1.466276149936907574e-12
1.475073746312684619e+00 1.323328421960901550e-12
1.478687315634218624e+00 1.194111643800776074e-12
1.482300884955752629e+00 1.077327259618742569e-12
1.485914454277286634e+00 9.717975214519102861e-13
1.489528023598820639e+00 8.764544433837013692e-13
1.493141592920354643e+00 7.903297472565974211e-13
1.496755162241888204e+00 7.125457126477041217e-13
1.500368731563422209e+00 6.423068513505949129e-13
1.503982300884956214e+00 5.788923334967475527e-13
1.507595870206490218e+00 5.216490987567612609e-13
1.511209439528024223e+00 4.699855918352431669e-13
1.514823008849557784e+00 4.233660667564531173e-13
1.518436578171091789e+00 3.813054092726923828e-13
1.522050147492625793e+00 3.433644311495453127e-13
1.525663716814159798e+00 3.091455941271726816e-13
1.529277286135693803e+00 2.782891250553271126e-13
1.532890855457227808e+00 2.504694870814705400e-13
1.536504424778761368e+00 2.253921748620372702e-13
1.540117994100295373e+00 2.027908045914252461e-13
1.543731563421829378e+00 1.824244722243981834e-13
1.547345132743363383e+00 1.640753556245960612e-13
1.550958702064897388e+00 1.475465385253044126e-13
1.554572271386430948e+00 1.326600361546391090e-13
1.558185840707964953e+00 1.192550041720729843e-13
1.561799410029498958e+00 1.071861142015783602e-13
1.565412979351032963e+00 9.632208074171362137e-14
1.569026548672566967e+00 8.654432559691318757e-14
1.572640117994100972e+00 7.774576721866332732e-14
1.576253687315634533e+00 6.982972347985261239e-14
1.579867256637168538e+00 6.270891744047965055e-14
1.583480825958702543e+00 5.630457660608718536e-14
1.587094395280236547e+00 5.054561704010552756e-14
1.590707964601770552e+00 4.536790447483104754e-14
1.594321533923304113e+00 4.071358527952737355e-14
1.597935103244838118e+00 3.653048079443004739e-14
1.601548672566372122e+00 3.277153913161649688e-14
1.605162241887906127e+00 2.939433908290078953e-14
1.608775811209440132e+00 2.636064126580978593e-14
1.612389380530973693e+00 2.363598208548234187e-14
1.616002949852507697e+00 2.118930649688667623e-14
1.619616519174041702e+00 1.899263592169408043e-14
1.623230088495575707e+00 1.702076801057427678e-14
1.626843657817109712e+00 1.525100524773064455e-14
1.630457227138643717e+00 1.366290967271223340e-14
1.634070796460177277e+00 1.223808124747883056e-14
1.637684365781711282e+00 1.095995762662059990e-14
1.641297935103245287e+00 9.813633297528306574e-15
1.644911504424779292e+00 8.785696247134494161e-15
1.648525073746313296e+00 7.864080484247435072e-15
1.652138643067846857e+00 7.037932903097485842e-15
1.655752212389380862e+00 6.297493115875603195e-15
1.659365781710914867e+00 5.633985011131399277e-15
1.662979351032448871e+00 5.039518912027954402e-15
1.666592920353982876e+00 4.507003314771004195e-15
1.670206489675516881e+00 4.030065283977949927e-15
1.673820058997050442e+00 3.602978669228272629e-15
1.677433628318584447e+00 3.220599386400864347e-15
1.681047197640118451e+00 2.878307079330443419e-15
1.684660766961652456e+00 2.571952542545645315e-15
1.688274336283186461e+00 2.297810344965679123e-15
1.691887905604720022e+00 2.052536147998780108e-15
1.695501474926254026e+00 1.833128260022126944e-15
1.699115044247788031e+00 1.636893013188902673e-15
1.702728613569322036e+00 1.461413588322252955e-15
1.706342182890856041e+00 1.304521949710535566e-15
1.709955752212390045e+00 1.164273584257207614e-15
1.713569321533923606e+00 1.038924768981056824e-15
1.717182890855457611e+00 9.269121175943831858e-16
1.720796460176991616e+00 8.268341810777780602e-16
1.724410029498525621e+00 7.374348990473436050e-16
1.728023598820059625e+00 6.575887184996372781e-16
1.731637168141593186e+00 5.862872144134392355e-16
1.735250737463127191e+00 5.226270628623140621e-16
1.738864306784661196e+00 4.657992319147355510e-16
1.742477876106195200e+00 4.150792688107158289e-16
1.746091445427729205e+00 3.698185738430753539e-16
1.749705014749263210e+00 3.294365621555786078e-16
1.753318584070796771e+00 2.934136244100630502e-16
1.756932153392330775e+00 2.612848060702429558e-16
1.760545722713864780e+00 2.326341329901962347e-16
1.764159292035398785e+00 2.070895181623636243e-16
1.767772861356932790e+00 1.843181909485103641e-16
1.771386430678466350e+00 1.640225959527020417e-16
1.775000000000000355e+00 1.459367139603412909e-16
1.778613569321534360e+00 1.298227621153281787e-16
1.782227138643068365e+00 1.154682347896051050e-16
1.785840707964602370e+00 1.026832504593840079e-16
1.789454277286136374e+00 9.129817338228657312e-17
1.793067846607669935e+00 8.116148200552581369e-17
1.796681415929203940e+00 7.213785886100409708e-17
1.800294985250737945e+00 6.410647924866833947e-17
1.803908554572271949e+00 5.695947830240024872e-17
1.807522123893805954e+00 5.060057809715947116e-17
1.811135693215339515e+00 4.494385831533408964e-17
1.814749262536873520e+00 3.991265566325616759e-17
1.818362831858407525e+00 3.543857873514216798e-17
1.821976401179941529e+00 3.146062637660117618e-17
1.825589970501475534e+00 2.792439881913198192e-17
1.829203539823009539e+00 2.478139195351182652e-17
1.832817109144543100e+00 2.198836609613753604e-17
1.836430678466077104e+00 1.950678148902547558e-17
1.840044247787611109e+00 1.730229357121368182e-17
1.843657817109145114e+00 1.534430177568941523e-17
1.847271386430679119e+00 1.360554624966335351e-17
1.850884955752212679e+00 1.206174747435086890e-17
1.854498525073746684e+00 1.069128427990827904e-17
1.858112094395280689e+00 9.474906217699349881e-18
1.861725663716814694e+00 8.395476670972615472e-18
1.865339233038348699e+00 7.437743461080414463e-18
1.868952802359882703e+00 6.588134043915854222e-18
1.872566371681416264e+00 5.834572694118968905e-18
1.876179941002950269e+00 5.166317346382265485e-18
1.879793510324484274e+00 4.573814006939023497e-18
1.883407079646018278e+00 4.048566866965007143e-18
1.887020648967552283e+00 3.583022445666610344e-18
1.890634218289085844e+00 3.170466266573889533e-18
1.894247787610619849e+00 2.804930728107512136e-18
1.897861356932153853e+00 2.481112970661634353e-18
1.901474926253687858e+00 2.194301668936706400e-18
1.905088495575221863e+00 1.940311791584918977e-18
1.908702064896755868e+00 1.715426471713451968e-18
1.912315634218289429e+00 1.516345222681791566e-18
1.915929203539823433e+00 1.340137814998133581e-18
1.919542772861357438e+00 1.184203202952556880e-18
1.923156342182891443e+00 1.046232954816152522e-18
1.926769911504425448e+00 9.241786987590963926e-19
1.930383480825959008e+00 8.162231488221080076e-19
1.933997050147493013e+00 7.207543219490570150e-19
1.937610619469027018e+00 6.363425988273118680e-19
1.941224188790561023e+00 5.617203185996149094e-19
1.944837758112095027e+00 4.957636308709711707e-19
1.948451327433629032e+00 4.374763582520161941e-19
1.952064896755162593e+00 3.859756493203400657e-19
1.955678466076696598e+00 3.404792256866510334e-19
1.959292035398230603e+00 3.002940481144042855e-19
1.962905604719764607e+00 2.648062456292665718e-19
1.966519174041298612e+00 2.334721685112307351e-19
1.970132743362832173e+00 2.058104411977686927e-19
1.973746312684366178e+00 1.813949046366192702e-19
1.977359882005900182e+00 1.598483496832345042e-19
1.980973451327434187e+00 1.408369538953147728e-19
1.984587020648968192e+00 1.240653436712800910e-19
1.988200589970502197e+00 1.092722122394901457e-19
1.991814159292035757e+00 9.622643163497671174e-20
1.995427728613569762e+00 8.472360360511424432e-20
1.999041297935103767e+00 7.458300044990842004e-20
2.002654867256637772e+00 6.564485220764000650e-20
2.006268436578171777e+00 5.776794141221349904e-20
2.009882005899705337e+00 5.082747093905752360e-20
2.013495575221239342e+00 4.471317427759562631e-20
2.017109144542773347e+00 3.932764097122656099e-20
2.020722713864307352e+00 3.458483299571921491e-20
2.024336283185841356e+00 3.040877054376708138e-20
2.027949852507374917e+00 2.673236808420405257e-20
2.031563421828908922e+00 2.349640370005685878e-20
2.035176991150442927e+00 2.064860661031729844e-20
2.038790560471976931e+00 1.814284947039279704e-20
2.042404129793510936e+00 1.593843354973558657e-20
2.046017699115044941e+00 1.399945622171848750e-20
2.049631268436578502e+00 1.229425138922151797e-20
2.053244837758112507e+00 1.079489452557662084e-20
2.056858407079646511e+00 9.476764949158828669e-21
2.060471976401180516e+00 8.318158783860339277e-21
2.064085545722714521e+00 7.299946798512876556e-21
2.067699115044248082e+00 6.405271976295292634e-21
2.071312684365782086e+00 5.619282249431224301e-21
2.074926253687316091e+00 4.928894353195406170e-21
2.078539823008850096e+00 4.322585213712733498e-21
2.082153392330384101e+00 3.790207692657147069e-21
2.085766961651918106e+00 3.322827874555519468e-21
2.089380530973451666e+00 2.912581404075180214e-21
2.092994100294985671e+00 2.552546665986442834e-21
2.096607669616519676e+00 2.236632853514636420e-21
2.100221238938053236e+00 1.959481195140199486e-21
2.103834808259587685e+00 1.716377808775235218e-21
2.107448377581121246e+00 1.503176828507746256e-21
2.111061946902655695e+00 1.316232605298949775e-21
2.114675516224189256e+00 1.152339921407203438e-21
2.118289085545722816e+00 1.008681280885035115e-21
2.121902654867257265e+00 8.827804470690747563e-22
2.125516224188790826e+00 7.724614941026766534e-22
2.129129793510325275e+00 6.758127246436061861e-22
2.132743362831858835e+00 5.911548812332853593e-22
2.136356932153393284e+00 5.170131454691368997e-22
2.139970501474926845e+00 4.520924781094956647e-22
2.143584070796460406e+00 3.952559054157615966e-22
2.147197640117994855e+00 3.455054031943635917e-22
2.150811209439528415e+00 3.019650708087637538e-22
2.154424778761062864e+00 2.638663235193075902e-22
2.158038348082596425e+00 2.305348634038787221e-22
2.161651917404129986e+00 2.013792173045219659e-22
2.165265486725664434e+00 1.758806551563275180e-22
2.168879056047197995e+00 1.535843240610442699e-22
2.172492625368732444e+00 1.340914529104948077e-22
2.176106194690266005e+00 1.170524995310352901e-22
2.179719764011799565e+00 1.021611274803600849e-22
2.183333333333334014e+00 8.914891301032766721e-23
2.186946902654867575e+00 7.778069452218992359e-23
2.190560471976402024e+00 6.785048726343320569e-23
2.194174041297935585e+00 5.917789521424350303e-23
2.197787610619469145e+00 5.160496022343895782e-23
2.201401179941003594e+00 4.499339561055868343e-23
2.205014749262537155e+00 3.922215776046337440e-23
2.208628318584071604e+00 3.418531480019355077e-23
2.212241887905605164e+00 2.979017635204635542e-23
2.215855457227138725e+00 2.595565267848298405e-23
2.219469026548673174e+00 2.261081534330284238e-23
2.223082595870206735e+00 1.969363486831713802e-23
2.226696165191741184e+00 1.714987382018703713e-23
2.230309734513274744e+00 1.493211636477678570e-23
2.233923303834809193e+00 1.299891761792099530e-23
2.237536873156342754e+00 1.131405813885035460e-23
2.241150442477876314e+00 9.845890688229677638e-24
2.244764011799410763e+00 8.566767935296539583e-24
2.248377581120944324e+00 7.452541173350770057e-24
2.251991150442478773e+00 6.482121312301301145e-24
2.255604719764012334e+00 5.637094480581907000e-24
2.259218289085545894e+00 4.901385504096689116e-24
2.262831858407080343e+00 4.260963352193818817e-24
2.266445427728613904e+00 3.703583363471253541e-24
2.270058997050148353e+00 3.218561699526066857e-24
2.273672566371681913e+00 2.796578032921267652e-24
2.277286135693215474e+00 2.429502966082017446e-24
2.280899705014749923e+00 2.110247108540189959e-24
2.284513274336283484e+00 1.832629118267977573e-24
2.288126843657817933e+00 1.591260344938898165e-24
2.291740412979351493e+00 1.381444004575945925e-24
2.295353982300885054e+00 1.199087070935455579e-24
2.298967551622419503e+00 1.040623293577723134e-24
2.302581120943953064e+00 9.029459496102959449e-25
2.306194690265487512e+00 7.833491089371569698e-25
2.309808259587021073e+00 6.794763444566739777e-25
2.313421828908555522e+00 5.892759515737757312e-25
2.317035398230089083e+00 5.109618579521794567e-25
2.320648967551622643e+00 4.429795065832926055e-25
2.324262536873157092e+00 3.839760847945202738e-25
2.327876106194690653e+00 3.327745502629711868e-25
2.331489675516225102e+00 2.883509738410711818e-25
2.335103244837758663e+00 2.498147791970568987e-25
2.338716814159292223e+00 2.163915119998377199e-25
2.342330383480826672e+00 1.874078175389645181e-25
2.345943952802360233e+00 1.622783460835611903e-25
2.349557522123894682e+00 1.404943406554643642e-25
2.353171091445428242e+00 1.216136928454757852e-25
2.356784660766961803e+00 1.052522793833047796e-25
2.360398230088496252e+00 9.107641586431276932e-26
2.364011799410029813e+00 7.879628475460639429e-26
2.367625368731564262e+00 6.816021291658430497e-26
2.371238938053097822e+00 5.894968973749160122e-26
2.374852507374631383e+00 5.097503079095946958e-26
2.378466076696165832e+00 4.407160406323893729e-26
2.382079646017699393e+00 3.809654635096675028e-26
2.385693215339233841e+00 3.292590667521200454e-26
2.389306784660767402e+00 2.845216162673046477e-26
2.392920353982301851e+00 2.458205460406527896e-26
2.396533923303835412e+00 2.123471706023652456e-26
2.400147492625368972e+00 1.834003524493642012e-26
2.403761061946903421e+00 1.583723061832007211e-26
2.407374631268436982e+00 1.367362620409981985e-26
2.410988200589971431e+00 1.180357471955003744e-26
2.414601769911504991e+00 1.018752743463413111e-26
2.418215339233038552e+00 8.791225428394057756e-27
2.421828908554573001e+00 7.584997279754561183e-27
2.425442477876106562e+00 6.543149294670516040e-27
2.429056047197641011e+00 5.643436172064539552e-27
2.432669616519174571e+00 4.866601579666772738e-27
2.436283185840708132e+00 4.195979478173080025e-27
2.439896755162242581e+00 3.617148223135230920e-27
2.443510324483776142e+00 3.117630511496965677e-27
2.447123893805310590e+00 2.686633143288252294e-27
2.450737463126844151e+00 2.314821355662695296e-27
2.454351032448377712e+00 1.994123171468366467e-27
2.457964601769912161e+00 1.717559800654620933e-27
2.461578171091445721e+00 1.479098651681345668e-27
2.465191740412980170e+00 1.273525961483796585e-27
2.468805309734513731e+00 1.096336445275945102e-27
2.472418879056048180e+00 9.436377090301522037e-28
2.476032448377581741e+00 8.120674645024174860e-28
2.479646017699115301e+00 6.987218449246174836e-28
2.483259587020649750e+00 6.010933439810987415e-28
2.486873156342183311e+00 5.170170958059190307e-28
2.490486725663717760e+00 4.446243832847037228e-28
2.494100294985251320e+00 3.823024092577167024e-28
2.497713864306784881e+00 3.286594931728735080e-28
2.501327433628319330e+00 2.824949668764050345e-28
2.504941002949852891e+00 2.427731397202411529e-28
2.508554572271387340e+00 2.086007869474993225e-28
2.512168141592920900e+00 1.792076880359734405e-28
2.515781710914454461e+00 1.539298047875567357e-28
2.519395280235988910e+00 1.321947437129821741e-28
2.523008849557522471e+00 1.135091947684030659e-28
2.526622418879056919e+00 9.744807970307227461e-29
2.530235988200590480e+00 8.364517901300635866e-29
2.533849557522124041e+00 7.178503747863697052e-29
2.537463126843658490e+00 6.159597512297318658e-29
2.541076696165192050e+00 5.284405370707720026e-29
2.544690265486726499e+00 4.532786905303349894e-29
2.548303834808260060e+00 3.887405696373131243e-29
2.551917404129794509e+00 3.333341564950300291e-29
2.555530973451328070e+00 2.857756068580770818e-29
2.559144542772861630e+00 2.449603988161352066e-29
2.562758112094396079e+00 2.099384526964211864e-29
2.566371681415929640e+00 1.798926794017620212e-29
2.569985250737464089e+00 1.541204880543519272e-29
2.573598820058997649e+00 1.320178475481749079e-29
2.577212389380531210e+00 1.130655517529775459e-29
2.580825958702065659e+00 9.681738580509300262e-30
2.584439528023599220e+00 8.288993216892890470e-30
2.588053097345133668e+00 7.095379081640131339e-30
2.591666666666667229e+00 6.072601870611490683e-30
2.595280235988200790e+00 5.196362039316188905e-30
2.598893805309735239e+00 4.445794463260846156e-30
2.602507374631268799e+00 3.802986173827555458e-30
2.606120943952803248e+00 3.252561365035334852e-30
2.609734513274336809e+00 2.781324351270643072e-30
2.613348082595870370e+00 2.377952438351975965e-30
2.616961651917404819e+00 2.032731777305093667e-30
2.620575221238938379e+00 1.737330225951003367e-30
2.624188790560472828e+00 1.484602068209141130e-30
2.627802359882006389e+00 1.268420152792831778e-30
2.631415929203539950e+00 1.083531627059637166e-30
2.635029498525074398e+00 9.254339715107426802e-31
2.638643067846607959e+00 7.902684972941123843e-31
2.642256637168142408e+00 6.747288629984783098e-31
2.645870206489675969e+00 5.759825066928683869e-31
2.649483775811210418e+00 4.916031819091138360e-31
2.653097345132743978e+00 4.195130385780948772e-31
2.656710914454277539e+00 3.579329073418018898e-31
2.660324483775811988e+00 3.053396329597607918e-31
2.663938053097345549e+00 2.604294638547075308e-31
2.667551622418879997e+00 2.220866437762420826e-31
2.671165191740413558e+00 1.893564712008139715e-31
2.674778761061947119e+00 1.614221950567981941e-31
2.678392330383481568e+00 1.375852040147434186e-31
2.682005899705015128e+00 1.172480428653440314e-31
2.685619469026549577e+00 9.989985513532710631e-32
2.689233038348083138e+00 8.510390755837058610e-32
2.692846607669616699e+00 7.248690057818310132e-32
2.696460176991151148e+00 6.172981081977564522e-32
2.700073746312684708e+00 5.256004737225081257e-32
2.703687315634219157e+00 4.474473458861096900e-32
2.707300884955752718e+00 3.808496063585801333e-32
2.710914454277286278e+00 3.241085382325174767e-32
2.714528023598820727e+00 2.757736832087152315e-32
2.718141592920354288e+00 2.346067770306080696e-32
2.721755162241888737e+00 1.995508919943208435e-32
2.725368731563422298e+00 1.697040394253246520e-32
2.728982300884956747e+00 1.442965915188215398e-32
2.732595870206490307e+00 1.226719733706053222e-32
2.736209439528023868e+00 1.042701544838721940e-32
2.739823008849558317e+00 8.861353636590598100e-33
2.743436578171091877e+00 7.529489058421985263e-33
2.747050147492626326e+00 6.396705119425310373e-33
2.750663716814159887e+00 5.433410793730073333e-33
2.754277286135693448e+00 4.614388303648085784e-33
2.757890855457227897e+00 3.918150564722983300e-33
2.761504424778761457e+00 3.326392478854297049e-33
2.765117994100295906e+00 2.823522451734192400e-33
2.768731563421829467e+00 2.396262476489786343e-33
2.772345132743363028e+00 2.033306808958866286e-33
2.775958702064897476e+00 1.725030702137168942e-33
2.779572271386431037e+00 1.463241902208778870e-33
2.783185840707965486e+00 1.240968665888020553e-33
2.786799410029499047e+00 1.052278963852571155e-33
2.790412979351032607e+00 8.921263096904461768e-34
2.794026548672567056e+00 7.562183166276890747e-34
2.797640117994100617e+00 6.409046514379369666e-34
2.801253687315635066e+00 5.430815400411225188e-34
2.804867256637168627e+00 4.601103941989364175e-34
2.808480825958703075e+00 3.897484834816470270e-34
2.812094395280236636e+00 3.300898799989161733e-34
2.815707964601770197e+00 2.795151626475723061e-34
2.819321533923304646e+00 2.366485892064306434e-34
2.822935103244838206e+00 2.003216339360636219e-34
2.826548672566372655e+00 1.695419500933050949e-34
2.830162241887906216e+00 1.434669549232478620e-34
2.833775811209439777e+00 1.213813526859668512e-34
2.837389380530974226e+00 1.026780120180352789e-34
2.841002949852507786e+00 8.684169993336092390e-35
2.844616519174042235e+00 7.343524818074654221e-35
2.848230088495575796e+00 6.208779031975538612e-35
2.851843657817109357e+00 5.248476132964816682e-35
2.855457227138643805e+00 4.435939716625677099e-35
2.859070796460177366e+00 3.748551057305241439e-35
2.862684365781711815e+00 3.167135261828580691e-35
2.866297935103245376e+00 2.675439771091177935e-35
2.869911504424778936e+00 2.259691395013408631e-35
2.873525073746313385e+00 1.908220121268891187e-35
2.877138643067846946e+00 1.611139688664205229e-35
2.880752212389381395e+00 1.360076407974155472e-35
2.884365781710914955e+00 1.147938983514807861e-35
2.887979351032449404e+00 9.687231710604626998e-36
2.891592920353982965e+00 8.173460291635181821e-36
2.895206489675516526e+00 6.895053055804886472e-36
2.898820058997050975e+00 5.815601682998650153e-36
2.902433628318584535e+00 4.904300590863727220e-36
2.906047197640118984e+00 4.135089310864000649e-36
2.909660766961652545e+00 3.485925435179929482e-36
2.913274336283186106e+00 2.938168364741005305e-36
2.916887905604720554e+00 2.476057064963539874e-36
2.920501474926254115e+00 2.086267567179597209e-36
2.924115044247788564e+00 1.757538105050367429e-36
2.927728613569322125e+00 1.480351604428264810e-36
2.931342182890855685e+00 1.246666799342111905e-36
2.934955752212390134e+00 1.049690567415485355e-36
2.938569321533923695e+00 8.836852000335924860e-37
2.942182890855458144e+00 7.438052754739322420e-37
2.945796460176991705e+00 6.259596124913335133e-37
2.949410029498525265e+00 5.266944689745525260e-37
2.953023598820059714e+00 4.430947336130106682e-37
2.956637168141593275e+00 3.727003535859370842e-37
2.960250737463127724e+00 3.134356614288328806e-37
2.963864306784661284e+00 2.635496207064000877e-37
2.967477876106195733e+00 2.215653125146849931e-37
2.971091445427729294e+00 1.862372413058319972e-37
2.974705014749262855e+00 1.565152560141075306e-37
2.978318584070797304e+00 1.315140668722796928e-37
2.981932153392330864e+00 1.104874946025453447e-37
2.985545722713865313e+00 9.280672115533987014e-38
2.989159292035398874e+00 7.794192342883651649e-38
2.992772861356932435e+00 6.544676650503860264e-38
2.996386430678466883e+00 5.494531351553747765e-38
3.000000000000000000e+00 4.612097747158453947e-38
