-7.000000000000000888e+00 6.416798851629448986e-179
-6.987389829497858251e+00 1.997059975120625791e-178
-6.974779658995713838e+00 6.206435798612227794e-178
-6.962169488493571201e+00 1.926069693090916924e-177
-6.949559317991428564e+00 5.968708814258089864e-177
-6.936949147489284151e+00 1.847002760728858318e-176
-6.924338976987141514e+00 5.707337415983378431e-176
-6.911728806484998877e+00 1.761077621693264740e-175
-6.899118635982854464e+00 5.426283602371251038e-175
-6.886508465480711827e+00 1.669573767482142294e-174
-6.873898294978569190e+00 5.129652738371586651e-174
-6.861288124476424777e+00 1.573800369524178806e-173
-6.848677953974282140e+00 4.821595123234637833e-173
-6.836067783472139503e+00 1.475065650253086579e-172
-6.823457612969995090e+00 4.506211484436423278e-172
-6.810847442467852453e+00 1.374647972535506100e-171
-6.798237271965709816e+00 4.187465317521169002e-171
-6.785627101463565403e+00 1.273769506010872227e-170
-6.773016930961422766e+00 3.869104557496727280e-170
-6.760406760459280129e+00 1.173573177254786108e-169
-6.747796589957135716e+00 3.554594550066027257e-169
-6.735186419454993079e+00 1.075103437591014972e-168
-6.722576248952850442e+00 3.247063721534531435e-168
-6.709966078450706028e+00 9.792911978065486786e-168
-6.697355907948563392e+00 2.949262756267604023e-167
-6.684745737446420755e+00 8.869430929045537818e-167
-6.672135566944276341e+00 2.663537510654962666e-166
-6.659525396442133705e+00 7.987350615673188469e-166
-6.646915225939991068e+00 2.391815350278371463e-165
-6.634305055437846654e+00 7.152100623429363577e-165
-6.621694884935704017e+00 2.135604115645014448e-164
-6.609084714433561381e+00 6.367796082390770028e-164
-6.596474543931416967e+00 1.896002519405648503e-163
-6.583864373429274330e+00 5.637286881668750407e-163
-6.571254202927131693e+00 1.673720466512810255e-162
-6.558644032424987280e+00 4.962235603809476262e-162
-6.546033861922844643e+00 1.469107574153607092e-161
-6.533423691420702006e+00 4.343218506498332294e-161
-6.520813520918557593e+00 1.282188050748531242e-160
-6.508203350416414956e+00 3.779843655521832529e-160
-6.495593179914272319e+00 1.112700067756110920e-159
-6.482983009412127906e+00 3.270880367148178816e-159
-6.470372838909985269e+00 9.601378150366563566e-159
-6.457762668407842632e+00 2.814394414519072574e-158
-6.445152497905698219e+00 8.237945574756163506e-158
-6.432542327403555582e+00 2.407883947237387559e-157
-6.419932156901412945e+00 7.028051925796993344e-157
-6.407321986399268532e+00 2.048411717350495449e-156
-6.394711815897125895e+00 5.961870300266522212e-156
-6.382101645394983258e+00 1.732729947740169982e-155
-6.369491474892838845e+00 5.028777588246910864e-155
-6.356881304390696208e+00 1.457394971903884877e-154
-6.344271133888551795e+00 4.217698210242075269e-154
-6.331660963386409158e+00 1.218869572481073077e-153
-6.319050792884266521e+00 3.517406595595104163e-153
-6.306440622382123884e+00 1.013611711406812477e-152
-6.293830451879979471e+00 2.916785408461470832e-152
-6.281220281377836834e+00 8.381490461878843071e-152
-6.268610110875692421e+00 2.405038616699079938e-151
-6.255999940373549784e+00 6.891392417811818169e-151
-6.243389769871407147e+00 1.971860287739964809e-150
-6.230779599369264510e+00 5.634166011793254002e-150
-6.218169428867120097e+00 1.607561449754614690e-149
-6.205559258364977460e+00 4.580259430468389283e-149
-6.192949087862833046e+00 1.303158465038725566e-148
-6.180338917360690409e+00 3.702449513917879445e-148
-6.167728746858547773e+00 1.050427134325490596e-147
-6.155118576356405136e+00 2.975964156529951068e-147
-6.142508405854260722e+00 8.419272098782100347e-147
-6.129898235352118085e+00 2.378518794662589882e-146
-6.117288064849973672e+00 6.710021778956903579e-146
-6.104677894347831035e+00 1.890282354739938958e-145
-6.092067723845688398e+00 5.317591203733562825e-145
-6.079457553343545761e+00 1.493787563084469060e-144
-6.066847382841401348e+00 4.190332301756620236e-144
-6.054237212339258711e+00 1.173799533710359489e-143
-6.041627041837114298e+00 3.283411780858642984e-143
-6.029016871334971661e+00 9.171551993786065751e-143
-6.016406700832829024e+00 2.558270619676962919e-142
-6.003796530330684611e+00 7.125845703404826257e-142
-5.991186359828541974e+00 1.982041464268193176e-141
-5.978576189326399337e+00 5.505231138253024537e-141
-5.965966018824254924e+00 1.526950613037573465e-140
-5.953355848322112287e+00 4.229228454660471854e-140
-5.940745677819969650e+00 1.169725972757040059e-139
-5.928135507317827013e+00 3.230680904794465940e-139
-5.915525336815682600e+00 8.910273846715060719e-139
-5.902915166313539963e+00 2.454003658510818400e-138
-5.890304995811395550e+00 6.749112057217858625e-138
-5.877694825309252913e+00 1.853554939385278816e-137
-5.865084654807110276e+00 5.083370808637071655e-137
-5.852474484304965863e+00 1.392149046621214559e-136
-5.839864313802823226e+00 3.807215034964693781e-136
-5.827254143300680589e+00 1.039721252622551364e-135
-5.814643972798536176e+00 2.835400365943642794e-135
-5.802033802296393539e+00 7.721468953644752843e-135
-5.789423631794250902e+00 2.099779302768522623e-134
-5.776813461292106489e+00 5.702111012736047108e-134
-5.764203290789963852e+00 1.546272729312020570e-133
-5.751593120287821215e+00 4.187212966285518355e-133
-5.738982949785676801e+00 1.132276890816037681e-132
-5.726372779283534165e+00 3.057517786120175394e-132
-5.713762608781391528e+00 8.244687716176301333e-132
-5.701152438279247114e+00 2.220078926537802366e-131
-5.688542267777104477e+00 5.969689177654120588e-131
-5.675932097274961841e+00 1.602965743809066045e-130
-5.663321926772818315e+00 4.298194819408415783e-130
-5.650711756270674790e+00 1.150899498450429712e-129
-5.638101585768532154e+00 3.077359764451257364e-129
-5.625491415266388628e+00 8.216915567601820625e-129
-5.612881244764245103e+00 2.190933407123367083e-128
-5.600271074262102466e+00 5.833637620053844193e-128
-5.587660903759958941e+00 1.551099838000943779e-127
-5.575050733257815416e+00 4.118415973743387086e-127
-5.562440562755672779e+00 1.091970578848248719e-126
-5.549830392253529254e+00 2.891226084402707659e-126
-5.537220221751385729e+00 7.644404801101137332e-126
-5.524610051249243092e+00 2.018347427562853106e-125
-5.511999880747099567e+00 5.321559459057992538e-125
-5.499389710244956042e+00 1.401111753611930803e-124
-5.486779539742813405e+00 3.683813344230180586e-124
-5.474169369240669880e+00 9.671939248581111340e-124
-5.461559198738526355e+00 2.535833447241622665e-123
-5.448949028236382830e+00 6.639253242744928799e-123
-5.436338857734240193e+00 1.735838057805619476e-122
-5.423728687232096668e+00 4.532008972901165186e-122
-5.411118516729953143e+00 1.181582419272776410e-121
-5.398508346227810506e+00 3.076302973632113238e-121
-5.385898175725666981e+00 7.998087234552532664e-121
-5.373288005223523456e+00 2.076515781251450806e-120
-5.360677834721380819e+00 5.383646370941689860e-120
-5.348067664219237294e+00 1.393831021198471184e-119
-5.335457493717093769e+00 3.603596534560355694e-119
-5.322847323214951132e+00 9.303679721738846934e-119
-5.310237152712807607e+00 2.398645243242598090e-118
-5.297626982210664082e+00 6.175471082261178417e-118
-5.285016811708520557e+00 1.587695041475300556e-117
-5.272406641206377920e+00 4.076215466561213495e-117
-5.259796470704234395e+00 1.045057889251780733e-116
-5.247186300202090870e+00 2.675573334841027852e-116
-5.234576129699948233e+00 6.840483335975735942e-116
-5.221965959197804708e+00 1.746426299952378407e-115
-5.209355788695661182e+00 4.452535640532549324e-115
-5.196745618193518546e+00 1.133596088190230981e-114
-5.184135447691375020e+00 2.882061142633679750e-114
-5.171525277189231495e+00 7.317152123392440158e-114
-5.158915106687088858e+00 1.855133405753607057e-113
-5.146304936184945333e+00 4.696804690529500410e-113
-5.133694765682801808e+00 1.187474453662534561e-112
-5.121084595180659171e+00 2.998061895437639408e-112
-5.108474424678515646e+00 7.558777911163338257e-112
-5.095864254176372121e+00 1.903081438913667377e-111
-5.083254083674229484e+00 4.784737164507710370e-111
-5.070643913172085959e+00 1.201306563070587106e-110
-5.058033742669942434e+00 3.011929426898380528e-110
-5.045423572167799797e+00 7.541036431576867625e-110
-5.032813401665656272e+00 1.885440011567715347e-109
-5.020203231163512747e+00 4.707496003770592997e-109
-5.007593060661370110e+00 1.173715633809747619e-108
-4.994982890159226585e+00 2.922346007769437325e-108
-4.982372719657083060e+00 7.266015607081426949e-108
-4.969762549154940423e+00 1.804085395536840299e-107
-4.957152378652796898e+00 4.473156135393494899e-107
-4.944542208150653373e+00 1.107560236283127535e-106
-4.931932037648510736e+00 2.738527543784022664e-106
-4.919321867146367211e+00 6.761817749361679883e-106
-4.906711696644223686e+00 1.667272273518560591e-105
-4.894101526142081049e+00 4.105314600363088834e-105
-4.881491355639937524e+00 1.009446574089124469e-104
-4.868881185137793999e+00 2.478662190452353335e-104
-4.856271014635651362e+00 6.077830511879944533e-104
-4.843660844133507837e+00 1.488254477611216827e-103
-4.831050673631364312e+00 3.639178107600304483e-103
-4.818440503129221675e+00 8.886424512639335185e-103
-4.805830332627078150e+00 2.166948367707079132e-102
-4.793220162124934625e+00 5.276767567060192487e-102
-4.780609991622791988e+00 1.283173526998154381e-101
-4.767999821120648463e+00 3.116025295875568107e-101
-4.755389650618504938e+00 7.556398390586451953e-101
-4.742779480116362301e+00 1.829899084514461327e-100
-4.730169309614218776e+00 4.425251784198263420e-100
-4.717559139112075250e+00 1.068679594912236182e-99
-4.704948968609932614e+00 2.577245953011721161e-99
-4.692338798107789088e+00 6.206734467351795253e-99
-4.679728627605645563e+00 1.492689745248624846e-98
-4.667118457103502926e+00 3.584884343227184057e-98
-4.654508286601359401e+00 8.597656664623053621e-98
-4.641898116099215876e+00 2.059133624941660506e-97
-4.629287945597073239e+00 4.924799787974833152e-97
-4.616677775094929714e+00 1.176230342963147079e-96
-4.604067604592786189e+00 2.805408198599778699e-96
-4.591457434090643552e+00 6.681896790018101987e-96
-4.578847263588500027e+00 1.589291704885375997e-95
-4.566237093086356502e+00 3.774920037865933031e-95
-4.553626922584213865e+00 8.953901603706108966e-95
-4.541016752082070340e+00 2.120886530123208941e-94
-4.528406581579926815e+00 5.016759022595620611e-94
-4.515796411077784178e+00 1.185031437902868008e-93
-4.503186240575640653e+00 2.795358179343573408e-93
-4.490576070073497128e+00 6.584853999133321729e-93
-4.477965899571354491e+00 1.549016582759252137e-92
-4.465355729069210966e+00 3.638876779367258258e-92
-4.452745558567067441e+00 8.536505674140093517e-92
-4.440135388064924804e+00 1.999836790526970382e-91
-4.427525217562781279e+00 4.678544304885940739e-91
-4.414915047060637754e+00 1.093021859330137287e-90
-4.402304876558495117e+00 2.550051741670186453e-90
-4.389694706056351592e+00 5.941160947884424077e-90
-4.377084535554208067e+00 1.382279792282388868e-89
-4.364474365052065430e+00 3.211611858348056684e-89
-4.351864194549921905e+00 7.451654926077145917e-89
-4.339254024047778380e+00 1.726573785224878055e-88
-4.326643853545635743e+00 3.995033373229179120e-88
-4.314033683043492218e+00 9.231211015296040960e-88
-4.301423512541348693e+00 2.130100430416042550e-87
-4.288813342039206056e+00 4.908454312226425200e-87
-4.276203171537062531e+00 1.129517161306798189e-86
-4.263593001034919006e+00 2.595640006683884282e-86
-4.250982830532776369e+00 5.956618232909124337e-86
-4.238372660030632844e+00 1.365082478102940048e-85
-4.225762489528489319e+00 3.124078753403447991e-85
-4.213152319026346682e+00 7.139850967847386368e-85
-4.200542148524203157e+00 1.629523205686393180e-84
-4.187931978022059631e+00 3.713952275655201969e-84
-4.175321807519916995e+00 8.453111380396946661e-84
-4.162711637017773469e+00 1.921327967431167023e-83
-4.150101466515629944e+00 4.361051298072536119e-83
-4.137491296013487307e+00 9.885207739660001624e-83
-4.124881125511343782e+00 2.237615478434793248e-82
-4.112270955009200257e+00 5.058133683828017684e-82
-4.099660784507057620e+00 1.141827438206355546e-81
-4.087050614004914095e+00 2.574044847628988135e-81
-4.074440443502770570e+00 5.794785218184331286e-81
-4.061830273000627933e+00 1.302759697546126098e-80
-4.049220102498484408e+00 2.924806636269529641e-80
-4.036609931996340883e+00 6.557465506908067492e-80
-4.023999761494198246e+00 1.468185794136389793e-79
-4.011389590992054721e+00 3.282708385708355514e-79
-3.998779420489911196e+00 7.329764349463003266e-79
-3.986169249987768559e+00 1.634384660792132540e-78
-3.973559079485625034e+00 3.639361838961763330e-78
-3.960948908983481509e+00 8.092878617283276545e-78
-3.948338738481338872e+00 1.797164300358866405e-77
-3.935728567979194459e+00 3.985470898990612838e-77
-3.923118397477051822e+00 8.826301138686153205e-77
-3.910508226974909185e+00 1.952024275127250215e-76
-3.897898056472764772e+00 4.311210203713971580e-76
-3.885287885970622135e+00 9.508693074329123664e-76
-3.872677715468479498e+00 2.094354731109635043e-75
-3.860067544966335085e+00 4.606674984228583557e-75
-3.847457374464192448e+00 1.011889187694054131e-74
-3.834847203962049811e+00 2.219660358504270272e-74
-3.822237033459905398e+00 4.862374654192814969e-74
-3.809626862957762761e+00 1.063699044091062292e-73
-3.797016692455620124e+00 2.323794451595144085e-73
-3.784406521953475711e+00 5.069736384152625588e-73
-3.771796351451333074e+00 1.104541159739172582e-72
-3.759186180949190437e+00 2.403186213643068934e-72
-3.746576010447046023e+00 5.221581612515067774e-72
-3.733965839944903387e+00 1.132989738713238284e-71
-3.721355669442760750e+00 2.455043973489311434e-71
-3.708745498940616336e+00 5.312538610277802185e-71
-3.696135328438473699e+00 1.148033552329876953e-70
-3.683525157936331063e+00 2.477518189966801350e-70
-3.670914987434186649e+00 5.339358032574710586e-70
-3.658304816932044012e+00 1.149135622388282642e-69
-3.645694646429901375e+00 2.469810967661197750e-69
-3.633084475927756962e+00 5.301105600566783749e-69
-3.620474305425614325e+00 1.136265028149095389e-68
-3.607864134923471688e+00 2.432223040319367276e-68
-3.595253964421327275e+00 5.199215981931573858e-68
-3.582643793919184638e+00 1.109898210752987807e-67
-3.570033623417041113e+00 2.366134367507920854e-67
-3.557423452914897588e+00 5.037403549810970822e-67
-3.544813282412754951e+00 1.070989713328005365e-66
-3.532203111910611426e+00 2.273920083990060719e-66
-3.519592941408467901e+00 4.821437753855215594e-66
-3.506982770906325264e+00 1.020914860979638361e-65
-3.494372600404181739e+00 2.158808936118107276e-65
-3.481762429902038214e+00 4.558802033277305694e-65
-3.469152259399895577e+00 9.613891765171294649e-65
-3.456542088897752052e+00 2.024695959336062257e-64
-3.443931918395608527e+00 4.258264356611070873e-64
-3.431321747893465890e+00 8.943711059890707048e-64
-3.418711577391322365e+00 1.875924522133811141e-63
-3.406101406889178840e+00 3.929393669976688187e-63
-3.393491236387036203e+00 8.219557205983979880e-63
-3.380881065884892678e+00 1.717054672221539615e-62
-3.368270895382749153e+00 3.582059237626795298e-62
-3.355660724880606516e+00 7.462673829922376122e-62
-3.343050554378462991e+00 1.552634853717870688e-61
-3.330440383876319466e+00 3.225948960475103840e-61
-3.317830213374176829e+00 6.693589249579951404e-61
-3.305220042872033304e+00 1.386992604352184095e-60
-3.292609872369889779e+00 2.870138578854451172e-60
-3.279999701867747142e+00 5.931237766272106579e-60
-3.267389531365603617e+00 1.224057052230853862e-59
-3.254779360863460091e+00 2.522736880094632136e-59
-3.242169190361317455e+00 5.192258804535920588e-59
-3.229559019859173929e+00 1.067222308331154853e-58
-3.216948849357030404e+00 2.190623559480664649e-58
-3.204338678854887767e+00 4.490503258615747617e-58
-3.191728508352744242e+00 9.192566616346071137e-58
-3.179118337850600717e+00 1.879287253628580188e-57
-3.166508167348458080e+00 3.836756752709974601e-57
-3.153897996846314555e+00 7.822583034819679191e-57
-3.141287826344171030e+00 1.592762476585504317e-56
-3.128677655842028393e+00 3.238671260555886710e-56
-3.116067485339884868e+00 6.576545589020596732e-56
-3.103457314837741343e+00 1.333656589777343383e-55
-3.090847144335598706e+00 2.700881333717374858e-55
-3.078236973833455181e+00 5.462386089477576892e-55
-3.065626803331311656e+00 1.103252138392155395e-54
-3.053016632829169019e+00 2.225270177398518665e-54
-3.040406462327025494e+00 4.482356472492200641e-54
-3.027796291824881969e+00 9.016662190129926486e-54
-3.015186121322739332e+00 1.811344492044108026e-53
-3.002575950820595807e+00 3.633893907145370577e-53
-2.989965780318452282e+00 7.280470538117258191e-53
-2.977355609816309645e+00 1.456675281846947458e-52
-2.964745439314166120e+00 2.910598017100785020e-52
-2.952135268812022595e+00 5.807884367429094569e-52
-2.939525098309879958e+00 1.157364140934238997e-51
-2.926914927807736433e+00 2.303236244666764903e-51
-2.914304757305592908e+00 4.577448050567212132e-51
-2.901694586803450271e+00 9.084999461509507650e-51
-2.889084416301306746e+00 1.800706775321337319e-50
-2.876474245799163221e+00 3.564328864766629868e-50
-2.863864075297020584e+00 7.045783202072194065e-50
-2.851253904794877059e+00 1.390905370644596825e-49
-2.838643734292733534e+00 2.742096602056624996e-49
-2.826033563790590897e+00 5.398645759669968427e-49
-2.813423393288447372e+00 1.061460604854607638e-48
-2.800813222786303847e+00 2.084202671208859806e-48
-2.788203052284161210e+00 4.086891268052821826e-48
-2.775592881782017685e+00 8.003193770217242737e-48
-2.762982711279874160e+00 1.565131156807796805e-47
-2.750372540777731523e+00 3.056717748785619553e-47
-2.737762370275587998e+00 5.961796870193261958e-47
-2.725152199773444472e+00 1.161224739064177649e-46
-2.712542029271301836e+00 2.258773505274382721e-46
-2.699931858769158310e+00 4.387795913394141272e-46
-2.687321688267014785e+00 8.512115504218621175e-46
-2.674711517764872148e+00 1.649096133595171537e-45
-2.662101347262728623e+00 3.190596131258433028e-45
-2.649491176760585098e+00 6.164744843045675652e-45
-2.636881006258442461e+00 1.189531098912469965e-44
-2.624270835756298936e+00 2.292207486855282238e-44
-2.611660665254155411e+00 4.411126261365944980e-44
-2.599050494752012774e+00 8.477396347939550546e-44
-2.586440324249869249e+00 1.627020115678294621e-43
-2.573830153747725724e+00 3.118464353537396478e-43
-2.561219983245583087e+00 5.969061628260494282e-43
-2.548609812743439562e+00 1.141008142712162064e-42
-2.535999642241296037e+00 2.178155131753212426e-42
-2.523389471739152512e+00 4.152467396378678055e-42
-2.510779301237009875e+00 7.905711949352399856e-42
-2.498169130734866350e+00 1.503117880005916143e-41
-2.485558960232722825e+00 2.854055126933989924e-41
-2.472948789730580188e+00 5.411889168668414096e-41
-2.460338619228436663e+00 1.024831825874109789e-40
-2.447728448726293138e+00 1.938087743154710203e-40
-2.435118278224150501e+00 3.660254897223211374e-40
-2.422508107722006976e+00 6.903450696883733807e-40
-2.409897937219863451e+00 1.300283521308167224e-39
-2.397287766717720814e+00 2.445832718723411554e-39
-2.384677596215577289e+00 4.594436182790336799e-39
-2.372067425713433764e+00 8.618950629175785190e-39
-2.359457255211291127e+00 1.614704917389855896e-38
-2.346847084709147602e+00 3.020984179247695467e-38
-2.334236914207004077e+00 5.644430612245527854e-38
-2.321626743704861440e+00 1.053193380559314428e-37
-2.309016573202717915e+00 1.962511819734324526e-37
-2.296406402700574390e+00 3.652014521325146431e-37
-2.283796232198431753e+00 6.786855994447059057e-37
-2.271186061696288228e+00 1.259564927060020700e-36
-2.258575891194144702e+00 2.334469074195851960e-36
-2.245965720692002066e+00 4.320869794385872660e-36
-2.233355550189858540e+00 7.986740281249516030e-36
-2.220745379687715015e+00 1.474290626183866249e-35
-2.208135209185572378e+00 2.717763299741743831e-35
-2.195525038683428853e+00 5.003281674677160398e-35
-2.182914868181285328e+00 9.198412511789680402e-35
-2.170304697679142691e+00 1.688827192193277734e-34
-2.157694527176999166e+00 3.096504639560804904e-34
-2.145084356674855641e+00 5.669858589703758742e-34
-2.132474186172713004e+00 1.036779639520802563e-33
-2.119864015670569479e+00 1.893277145216578069e-33
-2.107253845168425954e+00 3.452670822608645596e-33
-2.094643674666283317e+00 6.287950969457376444e-33
-2.082033504164139792e+00 1.143604450967502508e-32
-2.069423333661996267e+00 2.077088321543132020e-32
-2.056813163159853630e+00 3.767439044130437075e-32
-2.044202992657710105e+00 6.824162244026527901e-32
-2.031592822155566580e+00 1.234422916063129291e-31
-2.018982651653423943e+00 2.229922663327543631e-31
-2.006372481151280418e+00 4.022781836522908466e-31
-1.993762310649136893e+00 7.247256947396754731e-31
-1.981152140146994256e+00 1.303860025653666029e-30
-1.968541969644850731e+00 2.342599437766676928e-30
-1.955931799142707206e+00 4.203145818499174478e-30
-1.943321628640564569e+00 7.531124542342244134e-30
-1.930711458138421044e+00 1.347577431997954001e-29
-1.918101287636277519e+00 2.407995760380037244e-29
-1.905491117134134882e+00 4.296999888510451534e-29
-1.892880946631991357e+00 7.657414093973719635e-29
-1.880270776129847832e+00 1.362716784022397579e-28
-1.867660605627705195e+00 2.421783160434287735e-28
-1.855050435125561670e+00 4.298041097721992812e-28
-1.842440264623418145e+00 7.617474236991485843e-28
-1.829830094121275508e+00 1.348205175543192767e-27
-1.817219923619131983e+00 2.382895390980090627e-27
-1.804609753116988458e+00 4.205884694067851223e-27
-1.791999582614845821e+00 7.413316314663358758e-27
-1.779389412112702296e+00 1.304877823591216695e-26
-1.766779241610558771e+00 2.293658013490570172e-26
-1.754169071108415245e+00 4.026134670823444318e-26
-1.741558900606272609e+00 7.057453903319777576e-26
-1.728948730104129083e+00 1.235398872701411536e-25
-1.716338559601985558e+00 2.159558652864236278e-25
-1.703728389099842921e+00 3.769820657591470299e-25
-1.691118218597699396e+00 6.571635459989701831e-25
-1.678508048095555871e+00 1.143990733975684090e-24
-1.665897877593413234e+00 1.988689452544631761e-24
-1.653287707091269709e+00 3.452279750476862181e-24
-1.640677536589126184e+00 5.984648338344443934e-24
-1.628067366086983547e+00 1.036010136513961222e-23
-1.615457195584840022e+00 1.790940367338453647e-23
-1.602847025082696497e+00 3.091640633370402231e-23
-1.590236854580553860e+00 5.329501937201129826e-23
-1.577626684078410335e+00 9.174299685127994392e-23
-1.565016513576266810e+00 1.577054896013286705e-22
-1.552406343074124173e+00 2.707117865475253903e-22
-1.539796172571980648e+00 4.640372279130977370e-22
-1.527186002069837123e+00 7.942963916375161843e-22
-1.514575831567694486e+00 1.357673142522687239e-21
-1.501965661065550961e+00 2.317338410913011051e-21
-1.489355490563407436e+00 3.949698764634322757e-21
-1.476745320061264799e+00 6.722292579105995170e-21
-1.464135149559121274e+00 1.142479375705285536e-20
-1.451524979056977749e+00 1.938899965875187154e-20
-1.438914808554835112e+00 3.285768950314805698e-20
-1.426304638052691587e+00 5.560216271256934212e-20
-1.413694467550548062e+00 9.395454706425417460e-20
-1.401084297048405425e+00 1.585308318686365026e-19
-1.388474126546261900e+00 2.671024047353442950e-19
-1.375863956044118375e+00 4.493743041281006061e-19
-1.363253785541975738e+00 7.549240262606456261e-19
-1.350643615039832213e+00 1.266371051060957227e-18
-1.338033444537688688e+00 2.121189625251027429e-18
-1.325423274035546051e+00 3.547781177172980622e-18
-1.312813103533402526e+00 5.925034994156241978e-18
-1.300202933031259001e+00 9.880516871328394027e-18
-1.287592762529116364e+00 1.645208239505321978e-17
-1.274982592026972839e+00 2.735346203725855860e-17
-1.262372421524829313e+00 4.541001162205301921e-17
-1.249762251022686677e+00 7.527251155500883366e-17
-1.237152080520543151e+00 1.245845535370993233e-16
-1.224541910018399626e+00 2.058886602045547374e-16
-1.211931739516256989e+00 3.397335512697237432e-16
-1.199321569014113464e+00 5.597311748743828851e-16
-1.186711398511969939e+00 9.207734108640274659e-16
-1.174101228009827302e+00 1.512360532922157620e-15
-1.161491057507683777e+00 2.480185536144763975e-15
-1.148880887005540252e+00 4.061029558242576191e-15
-1.136270716503397615e+00 6.639082189313236033e-15
-1.123660546001254090e+00 1.083668660542406993e-14
-1.111050375499110565e+00 1.766030104196145220e-14
-1.098440204996967928e+00 2.873487007219474657e-14
-1.085830034494824403e+00 4.667950304185160561e-14
-1.073219863992680878e+00 7.570860368490844298e-14
-1.060609693490538241e+00 1.225920531020276479e-13
-1.047999522988394716e+00 1.981861833649315971e-13
-1.035389352486251191e+00 3.198704815729697564e-13
-1.022779181984108554e+00 5.154188517988499291e-13
-1.010169011481965029e+00 8.291387907282641368e-13
-9.975588409798215039e-01 1.331589189643860013e-12
-9.849486704776788670e-01 2.134934244183455059e-12
-9.723384999755353419e-01 3.417156812706647862e-12
-9.597283294733918169e-01 5.460170967002678801e-12
-9.471181589712491800e-01 8.709697530545802247e-12
-9.345079884691056549e-01 1.386914782402684269e-11
-9.218978179669621298e-01 2.204654392947489376e-11
-9.092876474648186047e-01 3.498398221744832468e-11
-8.966774769626759678e-01 5.541529817796009018e-11
-8.840673064605324427e-01 8.762243028390612928e-11
-8.714571359583889176e-01 1.382990957305297579e-10
-8.588469654562462807e-01 2.178887413820732000e-10
-8.462367949541027556e-01 3.426528523778610854e-10
-8.336266244519592306e-01 5.378614879559456762e-10
-8.210164539498165936e-01 8.427043039914050749e-10
-8.084062834476730686e-01 1.317833247244936407e-09
-7.957961129455295435e-01 2.056921360871609957e-09
-7.831859424433869066e-01 3.204336025086779202e-09
-7.705757719412433815e-01 4.982098987417005122e-09
-7.579656014390998564e-01 7.730917058923674810e-09
-7.453554309369572195e-01 1.197247870300898197e-08
-7.327452604348136944e-01 1.850380974065804669e-08
-7.201350899326701693e-01 2.853983452974105193e-08
-7.075249194305275324e-01 4.392822988939756304e-08
-6.949147489283840073e-01 6.747240299086724082e-08
-6.823045784262404823e-01 1.034157386735374587e-07
-6.696944079240978454e-01 1.581657064729716376e-07
-6.570842374219543203e-01 2.413736878302754898e-07
-6.444740669198107952e-01 3.675407897621316827e-07
-6.318638964176681583e-01 5.583990526174976855e-07
-6.192537259155246332e-01 8.464321652522339792e-07
-6.066435554133811081e-01 1.280065429456933289e-06
-5.940333849112384712e-01 1.931292944253399081e-06
-5.814232144090949461e-01 2.906851250694691154e-06
-5.688130439069514210e-01 4.364535507390673240e-06
-5.562028734048087841e-01 6.536945707251069815e-06
-5.435927029026652590e-01 9.765928016743553416e-06
-5.309825324005217340e-01 1.455235183832228819e-05
-5.183723618983790971e-01 2.162778899241535842e-05
-5.057621913962355720e-01 3.205734347612012648e-05
-4.931520208940920469e-01 4.738659492344739595e-05
-4.805418503919494100e-01 6.985073369383434222e-05
-4.679316798898058849e-01 1.026709646432065590e-04
-4.553215093876623598e-01 1.504727713439425946e-04
-4.427113388855197229e-01 2.198734762993478497e-04
-4.301011683833761978e-01 3.203037402351110812e-04
-4.174909978812326727e-01 4.651505114415833151e-04
-4.048808273790900358e-01 6.733390614427135594e-04
-3.922706568769465107e-01 9.715110536047641713e-04
-3.796604863748029857e-01 1.397006357030676623e-03
-3.670503158726603488e-01 2.001921133086832175e-03
-3.544401453705168237e-01 2.858596435123705003e-03
-3.418299748683732986e-01 4.066993137824526615e-03
-3.292198043662306617e-01 5.764533296206737593e-03
-3.166096338640871366e-01 8.139137399277893148e-03
-3.039994633619436115e-01 1.144636285298191065e-02
-2.913892928598009746e-01 1.603175128843630295e-02
-2.787791223576574495e-01 2.235971866453546203e-02
-2.661689518555139244e-01 3.105056777855086728e-02
-2.535587813533712875e-01 4.292746010437641091e-02
-2.409486108512277625e-01 5.907544416863250158e-02
-2.283384403490842374e-01 8.091489355520728455e-02
-2.157282698469416005e-01 1.102919606047708945e-01
-2.031180993447980754e-01 1.495889234999489004e-01
-1.907296212577645478e-01 2.008059347288864704e-01
-1.790751809198734557e-01 2.636891313209314136e-01
-1.681328766829025823e-01 3.391572901781892413e-01
-1.578591939883211837e-01 4.280049978803717181e-01
-1.482132772030496648e-01 5.307876662129609180e-01
-1.391567671477560997e-01 6.478076558675878172e-01
-1.306536485528615454e-01 7.791126513023693967e-01
-1.226701068356443602e-01 9.245041688465047702e-01
-1.151743936288669723e-01 1.083553637514918178e+00
-1.081367005261812397e-01 1.255623662864195467e+00
-1.015290405422311915e-01 1.439892142886828763e+00
-9.532513681604738720e-02 1.635377778831445639e+00
-8.950031811513789459e-02 1.840965669792293591e+00
-8.403142072473115953e-02 2.055432401475315807e+00
-7.889669633199995757e-02 2.277470350002489763e+00
-7.407572553895482026e-02 2.505710957129526406e+00
-6.954933666007066806e-02 2.738747263923808628e+00
-6.529952948172380867e-02 2.975155512731701979e+00
-6.130940368025181858e-02 3.213515940801300541e+00
-5.756309161397969026e-02 3.452432635892013657e+00
-5.404569522193657799e-02 3.690553652766889403e+00
-5.074322677833183887e-02 3.926581523280673558e+00
-4.764255326718694339e-02 4.159302698433012146e+00
-4.473134415591366320e-02 4.387587590353433598e+00
-4.199802236014917034e-02 4.610408973036136615e+00
-3.943171820485173729e-02 4.826849723148878724e+00
-3.702222619856760516e-02 5.036109239480333066e+00
-3.475996444897584692e-02 5.237507558906980165e+00
-3.263593655831751456e-02 5.430486414486010993e+00
-3.064169584717604811e-02 5.614608392209079035e+00
-2.876931176433708895e-02 5.789553160138102506e+00
-2.701133834915109624e-02 5.955112739296509972e+00
-2.536078462097863737e-02 6.111183998371202186e+00
-2.381108677796769241e-02 6.257760500331955633e+00
-2.235608209460499679e-02 6.394923225242012954e+00
-2.098998441423788677e-02 6.522830634999542632e+00
-1.970736113910750986e-02 6.641708222956559382e+00
-1.850311162639044910e-02 6.751838349359354119e+00
-1.737244690433337180e-02 6.853550042251429275e+00
-1.631087062781888183e-02 6.947209188404210423e+00
-1.531416119762810286e-02 7.033209702736283653e+00
-1.437835497229224616e-02 7.111963951696200326e+00
-1.349973050577157364e-02 7.183897397041235422e+00
-1.267479374828037013e-02 7.249439504201409257e+00
-1.190026415140387275e-02 7.309018985698853221e+00
-1.117306162225225469e-02 7.363058549224938965e+00
-1.049029427477177374e-02 7.411970694458835496e+00
-9.849246929502866038e-03 7.456154304430214097e+00
-9.247370316051994887e-03 7.495991973676332520e+00
-8.682270935339195597e-03 7.531848005939242974e+00
-8.151701541304996398e-03 7.564067009369190409e+00
-7.653552204225974771e-03 7.592973015413534199e+00
-7.185841920100037063e-03 7.618869047868852995e+00
-6.746710732733945948e-03 7.642037073272023306e+00
-6.334412337204842376e-03 7.662738265531300996e+00
-5.947307135282262590e-03 7.681213522927244242e+00
-5.583855715193143839e-03 7.697684183201984887e+00
-5.242612729801200168e-03 7.712352887782584432e+00
-4.922221148855803613e-03 7.725404552382042489e+00
-4.621406862452884928e-03 7.737007407300334094e+00
-4.338973614247355545e-03 7.747314076514027370e+00
-4.073798244268176869e-03 7.756462669994345305e+00
-3.824826222417472815e-03 7.764577868559590534e+00
-3.591067454892035368e-03 7.771771984889060292e+00
-3.371592346850472034e-03 7.778145988289631774e+00
-3.165528105668122608e-03 7.783790483640511404e+00
-2.972055270078842893e-03 7.788786638500229564e+00
-2.790404451401243442e-03 7.793207053961709541e+00
-2.619853273889739126e-03 7.797116577160462469e+00
-2.459723502043294555e-03 7.800573054774590176e+00
-2.309378343447928035e-03 7.803628028087913115e+00
-2.168219916426995363e-03 7.806327371117687264e+00
-2.035686872428882702e-03 7.808711874003408937e+00
-1.911252163696946192e-03 7.810817774341437314e+00
-1.794420947344431763e-03 7.812677239475434021e+00
-1.684728617499294890e-03 7.814318802942561426e+00
-1.581738957693386684e-03 7.815767758357523576e+00
-1.485042406148618429e-03 7.817046514014709402e+00
-1.394254427061488973e-03 7.818174911423172446e+00
-1.309013981409089993e-03 7.819170510875878222e+00
-1.228982091195453740e-03 7.820048847008695958e+00
-1.153840491428526288e-03 7.820823657136505069e+00
-1.083290364467113165e-03 7.821507084972227020e+00
-1.017051151704679570e-03 7.822109862147701875e+00
-9.548594378642998991e-04 7.822641469767566136e+00
-8.964679034679587247e-04 7.823110282042374131e+00
-8.416443413144891576e-04 7.823523693869814721e+00
-7.901707330548732918e-04 7.823888234063277380e+00
-7.418423821927417998e-04 7.824209665766893806e+00
-6.964671000622763746e-04 7.824493075448313739e+00
-6.538644415463101345e-04 7.824742951720141448e+00
-6.138649874953195544e-04 7.824963255116571759e+00
-5.763096709937077546e-04 7.825157479833155350e+00
-5.410491447940707658e-04 7.825328708332230043e+00
-5.079431874039339089e-04 7.825479659620407702e+00
-4.768601454631505969e-04 7.825612731916754328e+00
-4.476764101943878299e-04 7.825730040353077399e+00
-4.202759258447686459e-04 7.825833450274415348e+00
-3.945497281637799845e-04 7.825924606647686410e+00
-3.703955110821903832e-04 7.826004960027247215e+00
-3.477172198687347553e-04 7.826075789476087508e+00
-3.264246691466341703e-04 7.826138222796741317e+00
-3.064331842509692436e-04 7.826193254385113818e+00
-2.876632645006474724e-04 7.826241760983420725e+00
-2.700402670458676067e-04 7.826284515579398082e+00
-2.534941100338807115e-04 7.826322199667964163e+00
-2.379589939125882462e-04 7.826355414066679117e+00
-2.233731397636618432e-04 7.826384688456139216e+00
-2.096785436246481258e-04 7.826410489793789615e+00
-1.968207458230403738e-04 7.826433229734691466e+00
-1.847486144050079770e-04 7.826453271175335402e+00
-1.734141417975726429e-04 7.826470934024324144e+00
-1.627722538955931274e-04 7.826486500290950943e+00
-1.527806308143372189e-04 7.826500218571971423e+00
-1.433995385948514170e-04 7.826512308007799845e+00
-1.345916711928507147e-04 7.826522961770668196e+00
-1.263220021227506255e-04 7.826532350140032790e+00
-1.185576451668948804e-04 7.826540623214008008e+00
-1.112677235960431003e-04 7.826547913300091253e+00
-1.044232473810362147e-04 7.826554337022437302e+00
-9.799699790736354202e-05 7.826559997179949768e+00
-9.196341973416139544e-05 7.826564984384436485e+00
-8.629851896719176359e-05 7.826569378504539820e+00
-8.097976784167412539e-05 7.826573249938769905e+00
-7.598601513551331310e-05 7.826576660737714519e+00
-7.129740205665540287e-05 7.826579665593458301e+00
-6.689528327009240302e-05 7.826582312711588330e+00
-6.276215275045356852e-05 7.826584644580054650e+00
-5.888157416531500463e-05 7.826586698646946338e+00
-5.523811551239205268e-05 7.826588507917795035e+00
-5.181728775067791524e-05 7.826590101482219453e+00
-4.860548718147756638e-05 7.826591504978355651e+00
-4.558994135021126844e-05 7.826592741001840103e+00
-4.275865825384858419e-05 7.826593829466660601e+00
-4.010037865198160146e-05 7.826594787923046859e+00
-3.760453129189908716e-05 7.826595631838030975e+00
-3.526119086959958525e-05 7.826596374842057280e+00
-3.306103855956327154e-05 7.826597028947188228e+00
-3.099532495632644548e-05 7.826597604738948277e+00
-2.905583528048395544e-05 7.826598111545391312e+00
-2.723485671075096226e-05 7.826598557586478933e+00
-2.552514771217800657e-05 7.826598950105423391e+00
-2.391990923854284747e-05 7.826599295484616192e+00
-2.241275769439721272e-05 7.826599599347836111e+00
-2.099769954925015053e-05 7.826599866650096438e+00
-1.966910750293300909e-05 7.826600101757241745e+00
-1.842169810736080741e-05 7.826600308515740956e+00
-1.725051075570132930e-05 7.826600490314367775e+00
-1.615088795539561633e-05 7.826600650138660242e+00
-1.511845680657980123e-05 7.826600790618599035e+00
-1.414911161225593266e-05 7.826600914070995785e+00
-1.323899755105558475e-05 7.826601022536642027e+00
-1.238449534766613459e-05 7.826601117813224207e+00
-1.158220687996078599e-05 7.826601201483910586e+00
-1.082894166559426607e-05 7.826601274943207898e+00
-1.012170417432434343e-05 7.826601339419108072e+00
-9.457681915605696142e-06 7.826601395993025179e+00
-8.834234254082606896e-06 7.826601445617283659e+00
-8.248881908502043135e-06 7.826601489130264433e+00
-7.699297092288845179e-06 7.826601527270268477e+00
-7.183294256573823982e-06 7.826601560687103998e+00
-6.698821398861734940e-06 7.826601589952860927e+00
-6.243951902777456888e-06 7.826601615571067150e+00
-5.816876876438485798e-06 7.826601637984912152e+00
-5.415897958985060038e-06 7.826601657584335570e+00
-5.039420566662596439e-06 7.826601674712492240e+00
-4.685947551597296836e-06 7.826601689671289108e+00
-4.354073248047161842e-06 7.826601702726338594e+00
-4.042477882453245495e-06 7.826601714111183661e+00
-3.749922325059951160e-06 7.826601724031237772e+00
-3.475243162234227762e-06 7.826601732667141320e+00
-3.217348069887064443e-06 7.826601740177694388e+00
-2.975211469598384632e-06 7.826601746702490203e+00
-2.747870450171603521e-06 7.826601752364142683e+00
-2.534420938398601179e-06 7.826601757270409188e+00
-2.334014103807039897e-06 7.826601761516005062e+00
-2.145852983093271333e-06 7.826601765183994530e+00
-1.969189310816785935e-06 7.826601768347428489e+00
-1.803320543752548581e-06 7.826601771070299307e+00
-1.647587067068355029e-06 7.826601773408892626e+00
-1.501369571216668681e-06 7.826601775412419748e+00
-1.364086589109387048e-06 7.826601777124182924e+00
-1.235192183781944781e-06 7.826601778582082503e+00
-1.114173777351006344e-06 7.826601779819275073e+00
-1.000550112631961414e-06 7.826601780864852032e+00
-8.938693393104654022e-07 7.826601781744258801e+00
-7.937072170570570337e-07 7.826601782479781555e+00
-6.996654284390261791e-07 7.826601783090918474e+00
-6.113699949207071113e-07 7.826601783594615114e+00
-5.284697896529079203e-07 7.826601784005823070e+00
-4.506351411371571005e-07 7.826601784337426260e+00
-3.775565222121384326e-07 7.826601784600808465e+00
-3.089433191486484405e-07 7.826601784805799156e+00
-2.445226759580218821e-07 7.826601784960940833e+00
-1.840384093183425875e-07 7.826601785073724393e+00
-1.272499898032904365e-07 7.826601785150606894e+00
-7.393158536218592144e-08 7.826601785197309979e+00
-2.387116324756687046e-08 7.826601785218605833e+00
2.387116324756687046e-08 7.826601785218605833e+00
7.393158536217865548e-08 7.826601785197309979e+00
1.272499898032904365e-07 7.826601785150606894e+00
1.840384093183425875e-07 7.826601785073724393e+00
2.445226759580130942e-07 7.826601784960940833e+00
3.089433191486484405e-07 7.826601784805799156e+00
3.775565222121384326e-07 7.826601784600808465e+00
4.506351411371465126e-07 7.826601784337426260e+00
5.284697896529079203e-07 7.826601784005823070e+00
6.113699949207071113e-07 7.826601783594615114e+00
6.996654284390133677e-07 7.826601783090918474e+00
7.937072170570570337e-07 7.826601782479781555e+00
8.938693393104654022e-07 7.826601781744258801e+00
1.000550112631946167e-06 7.826601780864852032e+00
1.114173777351006344e-06 7.826601779819275073e+00
1.235192183781944781e-06 7.826601778582082503e+00
1.364086589109368413e-06 7.826601777124182924e+00
1.501369571216668681e-06 7.826601775412419748e+00
1.647587067068355029e-06 7.826601773408892626e+00
1.803320543752526134e-06 7.826601771070299307e+00
1.969189310816785935e-06 7.826601768347428489e+00
2.145852983093271333e-06 7.826601765183994530e+00
2.334014103807012369e-06 7.826601761516005062e+00
2.534420938398601179e-06 7.826601757270409188e+00
2.747870450171603521e-06 7.826601752364142683e+00
2.975211469598351597e-06 7.826601746702490203e+00
3.217348069887064443e-06 7.826601740177694388e+00
3.475243162234227762e-06 7.826601732667141320e+00
3.749922325059911349e-06 7.826601724031237772e+00
4.042477882453245495e-06 7.826601714111183661e+00
4.354073248047161842e-06 7.826601702726338594e+00
4.685947551597248555e-06 7.826601689671289108e+00
5.039420566662596439e-06 7.826601674712492240e+00
5.415897958985004981e-06 7.826601657584335570e+00
5.816876876438427352e-06 7.826601637984912152e+00
6.243951902777456888e-06 7.826601615571067150e+00
6.698821398861668871e-06 7.826601589952860927e+00
7.183294256573753678e-06 7.826601560687103998e+00
7.699297092288845179e-06 7.826601527270268477e+00
8.248881908501963514e-06 7.826601489130264433e+00
8.834234254082522193e-06 7.826601445617283659e+00
9.457681915605696142e-06 7.826601395993025179e+00
1.012170417432424687e-05 7.826601339419108072e+00
1.082894166559416273e-05 7.826601274943207898e+00
1.158220687996078599e-05 7.826601201483910586e+00
1.238449534766601939e-05 7.826601117813224207e+00
1.323899755105545939e-05 7.826601022536642027e+00
1.414911161225593266e-05 7.826600914070995785e+00
1.511845680657965724e-05 7.826600790618599035e+00
1.615088795539546725e-05 7.826600650138660242e+00
1.725051075570132930e-05 7.826600490314367775e+00
1.842169810736063801e-05 7.826600308515740956e+00
1.966910750293282952e-05 7.826600101757241745e+00
2.099769954925015053e-05 7.826599866650096438e+00
2.241275769439700604e-05 7.826599599347836111e+00
2.391990923854262385e-05 7.826599295484616192e+00
2.552514771217800657e-05 7.826598950105423391e+00
2.723485671075071492e-05 7.826598557586478933e+00
2.905583528048369117e-05 7.826598111545363778e+00
3.099532495632644548e-05 7.826597604738948277e+00
3.306103855956297338e-05 7.826597028947188228e+00
3.526119086959926676e-05 7.826596374842057280e+00
3.760453129189908716e-05 7.826595631838030975e+00
4.010037865198123555e-05 7.826594787923046859e+00
4.275865825384819795e-05 7.826593829466660601e+00
4.558994135021126844e-05 7.826592741001840103e+00
4.860548718147712592e-05 7.826591504978355651e+00
5.181728775067744768e-05 7.826590101482219453e+00
5.523811551239205268e-05 7.826588507917795035e+00
5.888157416531447608e-05 7.826586698646946338e+00
6.276215275045299931e-05 7.826584644580054650e+00
6.689528327009240302e-05 7.826582312711588330e+00
7.129740205665476590e-05 7.826579665593458301e+00
7.598601513551263547e-05 7.826576660737714519e+00
8.097976784167412539e-05 7.826573249938769905e+00
8.629851896719099109e-05 7.826569378504539820e+00
9.196341973416056873e-05 7.826564984384436485e+00
9.799699790736354202e-05 7.826559997179949768e+00
1.044232473810352796e-04 7.826554337022437302e+00
1.112677235960420974e-04 7.826547913300091253e+00
1.185576451668948804e-04 7.826540623214008008e+00
1.263220021227494871e-04 7.826532350140032790e+00
1.345916711928494950e-04 7.826522961770668196e+00
1.433995385948514170e-04 7.826512308007799845e+00
1.527806308143358637e-04 7.826500218571971423e+00
1.627722538955916909e-04 7.826486500290978476e+00
1.734141417975726429e-04 7.826470934024324144e+00
1.847486144050063236e-04 7.826453271175335402e+00
1.968207458230386390e-04 7.826433229734691466e+00
2.096785436246481258e-04 7.826410489793789615e+00
2.233731397636598375e-04 7.826384688456139216e+00
2.379589939125861320e-04 7.826355414066679117e+00
2.534941100338807115e-04 7.826322199667964163e+00
2.700402670458652214e-04 7.826284515579398082e+00
2.876632645006474724e-04 7.826241760983420725e+00
3.064331842509692436e-04 7.826193254385113818e+00
3.264246691466312429e-04 7.826138222796773292e+00
3.477172198687347553e-04 7.826075789476087508e+00
3.703955110821903832e-04 7.826004960027247215e+00
3.945497281637764609e-04 7.825924606647686410e+00
4.202759258447686459e-04 7.825833450274415348e+00
4.476764101943878299e-04 7.825730040353077399e+00
4.768601454631463685e-04 7.825612731916754328e+00
5.079431874039339089e-04 7.825479659620407702e+00
5.410491447940683806e-04 7.825328708332230043e+00
5.763096709937052609e-04 7.825157479833155350e+00
6.138649874953195544e-04 7.824963255116571759e+00
6.538644415463072072e-04 7.824742951720141448e+00
6.964671000622733388e-04 7.824493075448313739e+00
7.418423821927417998e-04 7.824209665766893806e+00
7.901707330548697139e-04 7.823888234063277380e+00
8.416443413144852545e-04 7.823523693869814721e+00
8.964679034679587247e-04 7.823110282042374131e+00
9.548594378642956708e-04 7.822641469767566136e+00
1.017051151704675017e-03 7.822109862147701875e+00
1.083290364467113165e-03 7.821507084972227020e+00
1.153840491428521084e-03 7.820823657136505069e+00
1.228982091195448319e-03 7.820048847008695958e+00
1.309013981409089993e-03 7.819170510875878222e+00
1.394254427061482901e-03 7.818174911423172446e+00
1.485042406148611707e-03 7.817046514014709402e+00
1.581738957693386684e-03 7.815767758357523576e+00
1.684728617499287517e-03 7.814318802942561426e+00
1.794420947344423523e-03 7.812677239475434021e+00
1.911252163696946192e-03 7.810817774341437314e+00
2.035686872428873594e-03 7.808711874003408937e+00
2.168219916426985822e-03 7.806327371117687264e+00
2.309378343447928035e-03 7.803628028087913115e+00
2.459723502043281544e-03 7.800573054774590176e+00
2.619853273889716141e-03 7.797116577160462469e+00
2.790404451401243442e-03 7.793207053961709541e+00
2.972055270078832485e-03 7.788786638500229564e+00
3.165528105668094852e-03 7.783790483640511404e+00
3.371592346850472034e-03 7.778145988289631774e+00
3.591067454892016286e-03 7.771771984889060292e+00
3.824826222417438987e-03 7.764577868559590534e+00
4.073798244268176869e-03 7.756462669994345305e+00
4.338973614247340800e-03 7.747314076514027370e+00
4.621406862452843295e-03 7.737007407300334094e+00
4.922221148855803613e-03 7.725404552382042489e+00
5.242612729801172412e-03 7.712352887782584432e+00
5.583855715193094399e-03 7.697684183202012420e+00
5.947307135282262590e-03 7.681213522927244242e+00
6.334412337204820692e-03 7.662738265531300996e+00
6.746710732733886100e-03 7.642037073272023306e+00
7.185841920100037063e-03 7.618869047868852995e+00
7.653552204225934005e-03 7.592973015413534199e+00
8.151701541304925275e-03 7.564067009369190409e+00
8.682270935339195597e-03 7.531848005939242974e+00
9.247370316051963662e-03 7.495991973676332520e+00
9.849246929502777567e-03 7.456154304430214097e+00
1.049029427477177374e-02 7.411970694458835496e+00
1.117306162225219397e-02 7.363058549224938965e+00
1.190026415140376694e-02 7.309018985698853221e+00
1.267479374828037013e-02 7.249439504201409257e+00
1.349973050577152334e-02 7.183897397041235422e+00
1.437835497229211779e-02 7.111963951696226971e+00
1.531416119762810286e-02 7.033209702736283653e+00
1.631087062781879510e-02 6.947209188404210423e+00
1.737244690433321567e-02 6.853550042251455920e+00
1.850311162639044910e-02 6.751838349359354119e+00
1.970736113910743700e-02 6.641708222956559382e+00
2.098998441423769942e-02 6.522830634999567501e+00
2.235608209460499679e-02 6.394923225242012954e+00
2.381108677796757098e-02 6.257760500331955633e+00
2.536078462097841185e-02 6.111183998371202186e+00
2.701133834915109624e-02 5.955112739296509972e+00
2.876931176433698834e-02 5.789553160138102506e+00
3.064169584717577749e-02 5.614608392209099463e+00
3.263593655831751456e-02 5.430486414486010993e+00
3.475996444897566651e-02 5.237507558906980165e+00
3.702222619856727903e-02 5.036109239480370370e+00
3.943171820485173729e-02 4.826849723148878724e+00
4.199802236014902462e-02 4.610408973036152602e+00
4.473134415591326768e-02 4.387587590353465572e+00
4.764255326718694339e-02 4.159302698433012146e+00
5.074322677833156825e-02 3.926581523280702424e+00
5.404569522193609227e-02 3.690553652766916493e+00
5.756309161397969026e-02 3.452432635892013657e+00
6.130940368025160347e-02 3.213515940801312976e+00
6.529952948172323968e-02 2.975155512731734397e+00
6.954933666007066806e-02 2.738747263923808628e+00
7.407572553895443168e-02 2.505710957129553496e+00
7.889669633199926368e-02 2.277470350002523070e+00
8.403142072473115953e-02 2.055432401475315807e+00
8.950031811513757540e-02 1.840965669792306914e+00
9.532513681604654066e-02 1.635377778831475615e+00
1.015290405422311915e-01 1.439892142886828763e+00
1.081367005261806707e-01 1.255623662864204793e+00
1.151743936288659592e-01 1.083553637514941936e+00
1.226701068356443602e-01 9.245041688465047702e-01
1.306536485528610736e-01 7.791126513023807210e-01
1.391567671477548507e-01 6.478076558676066909e-01
1.482132772030496648e-01 5.307876662129609180e-01
1.578591939883203232e-01 4.280049978803779354e-01
1.681328766829011112e-01 3.391572901782015648e-01
1.790751809198728173e-01 2.636891313209352994e-01
1.907296212577638539e-01 2.008059347288879415e-01
2.031180993447962990e-01 1.495889234999543405e-01
2.157282698469407123e-01 1.102919606047733370e-01
2.283384403490833492e-01 8.091489355520846416e-02
2.409486108512259861e-01 5.907544416863506898e-02
2.535587813533703994e-01 4.292746010437767379e-02
2.661689518555130363e-01 3.105056777855154382e-02
2.787791223576556732e-01 2.235971866453660348e-02
2.913892928598000864e-01 1.603175128843664643e-02
3.039994633619427233e-01 1.144636285298216566e-02
3.166096338640853602e-01 8.139137399278247031e-03
3.292198043662297735e-01 5.764533296206859891e-03
3.418299748683724104e-01 4.066993137824617688e-03
3.544401453705150473e-01 2.858596435123852020e-03
3.670503158726594606e-01 2.001921133086890722e-03
3.796604863748020975e-01 1.397006357030707632e-03
3.922706568769447344e-01 9.715110536048203330e-04
4.048808273790891477e-01 6.733390614427285214e-04
4.174909978812317846e-01 4.651505114415969218e-04
4.301011683833744215e-01 3.203037402351275611e-04
4.427113388855188347e-01 2.198734762993525388e-04
4.553215093876614716e-01 1.504727713439468501e-04
4.679316798898041085e-01 1.026709646432125763e-04
4.805418503919485218e-01 6.985073369383645642e-05
4.931520208940911587e-01 4.738659492344883252e-05
5.057621913962337956e-01 3.205734347612177311e-05
5.183723618983782089e-01 2.162778899241612752e-05
5.309825324005208458e-01 1.455235183832262362e-05
5.435927029026652590e-01 9.765928016743553416e-06
5.562028734048078960e-01 6.536945707251255315e-06
5.688130439069505329e-01 4.364535507390805377e-06
5.814232144090949461e-01 2.906851250694691154e-06
5.940333849112375830e-01 1.931292944253457526e-06
6.066435554133802199e-01 1.280065429456969711e-06
6.192537259155246332e-01 8.464321652522339792e-07
6.318638964176672701e-01 5.583990526175135673e-07
6.444740669198099070e-01 3.675407897621453941e-07
6.570842374219543203e-01 2.413736878302754898e-07
6.696944079240969572e-01 1.581657064729761110e-07
6.823045784262395941e-01 1.034157386735404101e-07
6.949147489283840073e-01 6.747240299086724082e-08
7.075249194305266442e-01 4.392822988939912476e-08
7.201350899326692812e-01 2.853983452974186256e-08
7.327452604348136944e-01 1.850380974065804669e-08
7.453554309369563313e-01 1.197247870300936578e-08
7.579656014390989682e-01 7.730917058923894840e-09
7.705757719412433815e-01 4.982098987417005122e-09
7.831859424433860184e-01 3.204336025086893353e-09
7.957961129455286553e-01 2.056921360871683163e-09
8.084062834476730686e-01 1.317833247244936407e-09
8.210164539498157055e-01 8.427043039914349568e-10
8.336266244519583424e-01 5.378614879559629436e-10
8.462367949541027556e-01 3.426528523778610854e-10
8.588469654562453925e-01 2.178887413820778529e-10
8.714571359583880295e-01 1.382990957305341782e-10
8.840673064605324427e-01 8.762243028390612928e-11
8.966774769626750796e-01 5.541529817796166699e-11
9.092876474648177165e-01 3.498398221744981102e-11
9.218978179669621298e-01 2.204654392947489376e-11
9.345079884691047667e-01 1.386914782402738553e-11
9.471181589712474036e-01 8.709697530546422632e-12
9.597283294733918169e-01 5.460170967002678801e-12
9.723384999755344538e-01 3.417156812706769435e-12
9.849486704776770907e-01 2.134934244183599250e-12
9.975588409798215039e-01 1.331589189643860013e-12
1.010169011481964141e+00 8.291387907282936213e-13
1.022779181984106778e+00 5.154188517988865827e-13
1.035389352486251191e+00 3.198704815729697564e-13
1.047999522988393828e+00 1.981861833649400284e-13
1.060609693490536465e+00 1.225920531020350443e-13
1.073219863992680878e+00 7.570860368490844298e-14
1.085830034494823515e+00 4.667950304185293089e-14
1.098440204996966152e+00 2.873487007219689227e-14
1.111050375499110565e+00 1.766030104196145220e-14
1.123660546001253202e+00 1.083668660542437916e-14
1.136270716503395839e+00 6.639082189313613109e-15
1.148880887005540252e+00 4.061029558242576191e-15
1.161491057507682889e+00 2.480185536144869682e-15
1.174101228009825526e+00 1.512360532922265103e-15
1.186711398511969939e+00 9.207734108640274659e-16
1.199321569014112576e+00 5.597311748743987610e-16
1.211931739516255213e+00 3.397335512697430703e-16
1.224541910018399626e+00 2.058886602045547374e-16
1.237152080520542263e+00 1.245845535371028732e-16
1.249762251022684900e+00 7.527251155501418312e-17
1.262372421524829313e+00 4.541001162205301921e-17
1.274982592026971950e+00 2.735346203725972649e-17
1.287592762529114587e+00 1.645208239505415655e-17
1.300202933031259001e+00 9.880516871328394027e-18
1.312813103533401637e+00 5.925034994156494660e-18
1.325423274035544274e+00 3.547781177173232534e-18
1.338033444537688688e+00 2.121189625251027429e-18
1.350643615039831325e+00 1.266371051060993049e-18
1.363253785541973961e+00 7.549240262607046558e-19
1.375863956044118375e+00 4.493743041281006061e-19
1.388474126546261012e+00 2.671024047353518542e-19
1.401084297048403648e+00 1.585308318686477693e-19
1.413694467550548062e+00 9.395454706425417460e-20
1.426304638052690699e+00 5.560216271257171342e-20
1.438914808554833336e+00 3.285768950315015744e-20
1.451524979056977749e+00 1.938899965875187154e-20
1.464135149559120386e+00 1.142479375705334286e-20
1.476745320061263023e+00 6.722292579106472891e-21
1.489355490563407436e+00 3.949698764634322757e-21
1.501965661065550073e+00 2.317338410913109980e-21
1.514575831567692710e+00 1.357673142522783535e-21
1.527186002069837123e+00 7.942963916375161843e-22
1.539796172571979760e+00 4.640372279131109025e-22
1.552406343074122397e+00 2.707117865475446214e-22
1.565016513576266810e+00 1.577054896013286705e-22
1.577626684078409447e+00 9.174299685128124872e-23
1.590236854580552084e+00 5.329501937201509510e-23
1.602847025082696497e+00 3.091640633370402231e-23
1.615457195584839134e+00 1.790940367338504488e-23
1.628067366086981771e+00 1.036010136514034838e-23
1.640677536589126184e+00 5.984648338344443934e-24
1.653287707091268821e+00 3.452279750476960628e-24
1.665897877593411458e+00 1.988689452544787147e-24
1.678508048095555871e+00 1.143990733975684090e-24
1.691118218597698508e+00 6.571635459989889175e-25
1.703728389099841145e+00 3.769820657591791723e-25
1.716338559601985558e+00 2.159558652864236278e-25
1.728948730104128195e+00 1.235398872701481791e-25
1.741558900606270832e+00 7.057453903320380247e-26
1.754169071108415245e+00 4.026134670823444318e-26
1.766779241610557882e+00 2.293658013490668034e-26
1.779389412112700519e+00 1.304877823591309392e-26
1.791999582614844932e+00 7.413316314663569693e-27
1.804609753116987569e+00 4.205884694068030589e-27
1.817219923619130206e+00 2.382895390980293669e-27
1.829830094121274620e+00 1.348205175543230972e-27
1.842440264623417256e+00 7.617474236991702877e-28
1.855050435125559893e+00 4.298041097722358719e-28
1.867660605627704307e+00 2.421783160434390871e-28
1.880270776129846944e+00 1.362716784022475155e-28
1.892880946631989580e+00 7.657414093974480820e-29
1.905491117134133994e+00 4.296999888510634263e-29
1.918101287636276631e+00 2.407995760380105908e-29
1.930711458138419268e+00 1.347577431998030512e-29
1.943321628640563681e+00 7.531124542342566432e-30
1.955931799142706318e+00 4.203145818499293589e-30
1.968541969644848955e+00 2.342599437766876613e-30
1.981152140146993368e+00 1.303860025653721731e-30
1.993762310649136005e+00 7.247256947397063892e-31
2.006372481151278642e+00 4.022781836523250908e-31
2.018982651653423055e+00 2.229922663327606689e-31
2.031592822155565692e+00 1.234422916063181840e-31
2.044202992657708329e+00 6.824162244026915448e-32
2.056813163159852742e+00 3.767439044130598005e-32
2.069423333661995379e+00 2.077088321543220422e-32
2.082033504164138016e+00 1.143604450967600079e-32
2.094643674666282429e+00 6.287950969457555712e-33
2.107253845168425066e+00 3.452670822608743441e-33
2.119864015670569479e+00 1.893277145216578069e-33
2.132474186172712116e+00 1.036779639520831985e-33
2.145084356674854753e+00 5.669858589703919536e-34
2.157694527176999166e+00 3.096504639560804904e-34
2.170304697679141803e+00 1.688827192193349792e-34
2.182914868181284440e+00 9.198412511790203195e-35
2.195525038683428853e+00 5.003281674677160398e-35
2.208135209185571490e+00 2.717763299741859829e-35
2.220745379687714127e+00 1.474290626183908211e-35
2.233355550189858540e+00 7.986740281249516030e-36
2.245965720692001177e+00 4.320869794386057081e-36
2.258575891194143814e+00 2.334469074196018005e-36
2.271186061696288228e+00 1.259564927060020700e-36
2.283796232198430864e+00 6.786855994447348885e-37
2.296406402700573501e+00 3.652014521325353988e-37
2.309016573202717915e+00 1.962511819734324526e-37
2.321626743704860552e+00 1.053193380559389182e-37
2.334236914207003188e+00 5.644430612245849421e-38
2.346847084709147602e+00 3.020984179247695467e-38
2.359457255211290239e+00 1.614704917389947773e-38
2.372067425713432876e+00 8.618950629176151912e-39
2.384677596215577289e+00 4.594436182790336799e-39
2.397287766717719926e+00 2.445832718723481048e-39
2.409897937219862563e+00 1.300283521308241123e-39
2.422508107722006976e+00 6.903450696883733807e-40
2.435118278224149613e+00 3.660254897223315371e-40
2.447728448726292250e+00 1.938087743154820318e-40
2.460338619228436663e+00 1.024831825874109789e-40
2.472948789730579300e+00 5.411889168668722009e-41
2.485558960232721937e+00 2.854055126934111764e-41
2.498169130734866350e+00 1.503117880005916143e-41
2.510779301237008987e+00 7.905711949352849746e-42
2.523389471739151624e+00 4.152467396378855207e-42
2.535999642241296037e+00 2.178155131753212426e-42
2.548609812743438674e+00 1.141008142712226903e-42
2.561219983245581311e+00 5.969061628261003275e-43
2.573830153747725724e+00 3.118464353537396478e-43
2.586440324249868361e+00 1.627020115678387021e-43
2.599050494752010998e+00 8.477396347940273411e-44
2.611660665254155411e+00 4.411126261365944980e-44
2.624270835756298048e+00 2.292207486855412175e-44
2.636881006258440685e+00 1.189531098912571276e-44
2.649491176760585098e+00 6.164744843045675652e-45
2.662101347262727735e+00 3.190596131258523884e-45
2.674711517764870372e+00 1.649096133595312177e-45
2.687321688267014785e+00 8.512115504218621175e-46
2.699931858769157422e+00 4.387795913394390971e-46
2.712542029271300059e+00 2.258773505274575634e-46
2.725152199773444472e+00 1.161224739064177649e-46
2.737762370275587109e+00 5.961796870193432119e-47
2.750372540777729746e+00 3.056717748785880141e-47
2.762982711279874160e+00 1.565131156807796805e-47
2.775592881782016796e+00 8.003193770217925811e-48
2.788203052284159433e+00 4.086891268053170047e-48
2.800813222786303847e+00 2.084202671208859806e-48
2.813423393288446483e+00 1.061460604854637872e-48
2.826033563790589120e+00 5.398645759670428772e-49
2.838643734292733534e+00 2.742096602056624996e-49
2.851253904794876171e+00 1.390905370644676018e-49
2.863864075297018807e+00 7.045783202072894837e-50
2.876474245799163221e+00 3.564328864766629868e-50
2.889084416301305858e+00 1.800706775321388357e-50
2.901694586803448495e+00 9.084999461510541480e-51
2.914304757305592908e+00 4.577448050567212132e-51
2.926914927807735545e+00 2.303236244666830481e-51
2.939525098309878182e+00 1.157364140934337662e-51
2.952135268812022595e+00 5.807884367429094569e-52
2.964745439314165232e+00 2.910598017100950451e-52
2.977355609816307869e+00 1.456675281847113074e-52
2.989965780318452282e+00 7.280470538117258191e-53
3.002575950820594919e+00 3.633893907145680759e-53
3.015186121322737556e+00 1.811344492044313887e-53
3.027796291824881969e+00 9.016662190129926486e-54
3.040406462327024606e+00 4.482356472492200641e-54
3.053016632829167243e+00 2.225270177398708472e-54
3.065626803331311656e+00 1.103252138392155395e-54
3.078236973833454293e+00 5.462386089477732650e-55
3.090847144335596930e+00 2.700881333717605235e-55
3.103457314837741343e+00 1.333656589777343383e-55
3.116067485339883980e+00 6.576545589020970731e-56
3.128677655842026617e+00 3.238671260556254824e-56
3.141287826344171030e+00 1.592762476585504317e-56
3.153897996846313667e+00 7.822583034820122920e-57
3.166508167348456304e+00 3.836756752710301737e-57
3.179118337850600717e+00 1.879287253628580188e-57
3.191728508352743354e+00 9.192566616346593254e-58
3.204338678854885991e+00 4.490503258616258414e-58
3.216948849357030404e+00 2.190623559480664649e-58
3.229559019859173041e+00 1.067222308331245940e-58
3.242169190361315678e+00 5.192258804536362760e-59
3.254779360863460091e+00 2.522736880094632136e-59
3.267389531365602728e+00 1.224057052230888794e-59
3.279999701867745365e+00 5.931237766272780891e-60
3.292609872369889779e+00 2.870138578854451172e-60
3.305220042872032415e+00 1.386992604352223338e-60
3.317830213374175052e+00 6.693589249580712768e-61
3.330440383876319466e+00 3.225948960475103840e-61
3.343050554378462103e+00 1.552634853718003167e-61
3.355660724880604739e+00 7.462673829922800158e-62
3.368270895382749153e+00 3.582059237626795298e-62
3.380881065884891790e+00 1.717054672221734793e-62
3.393491236387034427e+00 8.219557205985147922e-63
3.406101406889178840e+00 3.929393669976688187e-63
3.418711577391321477e+00 1.875924522133864577e-63
3.431321747893464114e+00 8.943711059891723147e-64
3.443931918395608527e+00 4.258264356611070873e-64
3.456542088897751164e+00 2.024695959336177631e-64
3.469152259399893801e+00 9.613891765172114410e-65
3.481762429902038214e+00 4.558802033277305694e-65
3.494372600404180851e+00 2.158808936118168421e-65
3.506982770906323488e+00 1.020914860979725440e-65
3.519592941408467901e+00 4.821437753855215594e-66
3.532203111910610538e+00 2.273920083990189861e-66
3.544813282412753175e+00 1.070989713328127127e-66
3.557423452914897588e+00 5.037403549810970822e-67
3.570033623417040225e+00 2.366134367507988061e-67
3.582643793919182862e+00 1.109898210753113984e-67
3.595253964421327275e+00 5.199215981931573858e-68
3.607864134923469912e+00 2.432223040319574826e-68
3.620474305425612549e+00 1.136265028149159837e-68
3.633084475927756962e+00 5.301105600566783749e-69
3.645694646429899599e+00 2.469810967661478807e-69
3.658304816932042236e+00 1.149135622388445948e-69
3.670914987434186649e+00 5.339358032574710586e-70
3.683525157936329286e+00 2.477518189967083179e-70
3.696135328438471923e+00 1.148033552330007572e-70
3.708745498940616336e+00 5.312538610277802185e-71
3.721355669442758973e+00 2.455043973489590528e-71
3.733965839944901610e+00 1.132989738713367174e-71
3.746576010447046023e+00 5.221581612515067774e-72
3.759186180949188660e+00 2.403186213643478627e-72
3.771796351451333074e+00 1.104541159739172582e-72
3.784406521953475711e+00 5.069736384152625588e-73
3.797016692455618347e+00 2.323794451595408312e-73
3.809626862957762761e+00 1.063699044091062292e-73
3.822237033459905398e+00 4.862374654192814969e-74
3.834847203962048034e+00 2.219660358504522403e-74
3.847457374464192448e+00 1.011889187694054131e-74
3.860067544966335085e+00 4.606674984228583557e-75
3.872677715468477722e+00 2.094354731109873134e-75
3.885287885970622135e+00 9.508693074329123664e-76
3.897898056472764772e+00 4.311210203713971580e-76
3.910508226974907409e+00 1.952024275127472351e-76
3.923118397477051822e+00 8.826301138686153205e-77
3.935728567979194459e+00 3.985470898990612838e-77
3.948338738481337096e+00 1.797164300359121832e-77
3.960948908983481509e+00 8.092878617283276545e-78
3.973559079485624146e+00 3.639361838962073983e-78
3.986169249987766783e+00 1.634384660792272046e-78
3.998779420489911196e+00 7.329764349463003266e-79
4.011389590992053833e+00 3.282708385708355514e-79
4.023999761494196470e+00 1.468185794136515037e-79
4.036609931996340883e+00 6.557465506908067492e-80
4.049220102498483520e+00 2.924806636269612788e-80
4.061830273000626157e+00 1.302759697546274226e-80
4.074440443502770570e+00 5.794785218184331286e-81
4.087050614004913207e+00 2.574044847629134204e-81
4.099660784507055844e+00 1.141827438206517766e-81
4.112270955009200257e+00 5.058133683828017684e-82
4.124881125511342894e+00 2.237615478434920531e-82
4.137491296013485531e+00 9.885207739660844325e-83
4.150101466515629944e+00 4.361051298072536119e-83
4.162711637017772581e+00 1.921327967431167023e-83
4.175321807519915218e+00 8.453111380397667200e-84
4.187931978022059631e+00 3.713952275655201969e-84
4.200542148524202268e+00 1.629523205686532167e-84
4.213152319026344905e+00 7.139850967847994437e-85
4.225762489528489319e+00 3.124078753403447991e-85
4.238372660030631955e+00 1.365082478103017771e-85
4.250982830532774592e+00 5.956618232909970862e-86
4.263593001034919006e+00 2.595640006683884282e-86
4.276203171537061642e+00 1.129517161306894450e-86
4.288813342039204279e+00 4.908454312226983300e-87
4.301423512541348693e+00 2.130100430416042550e-87
4.314033683043491330e+00 9.231211015296565573e-88
4.326643853545633966e+00 3.995033373229633413e-88
4.339254024047778380e+00 1.726573785224878055e-88
4.351864194549921017e+00 7.451654926077356599e-89
4.364474365052063654e+00 3.211611858348512930e-89
4.377084535554208067e+00 1.382279792282388868e-89
4.389694706056350704e+00 5.941160947884593250e-90
4.402304876558493341e+00 2.550051741670476403e-90
4.414915047060635978e+00 1.093021859330323683e-90
4.427525217562778614e+00 4.678544304886605662e-91
4.440135388064924804e+00 1.999836790526970382e-91
4.452745558567067441e+00 8.536505674140093517e-92
4.465355729069210078e+00 3.638876779367361812e-92
4.477965899571352715e+00 1.549016582759472188e-92
4.490576070073495352e+00 6.584853999134256777e-93
4.503186240575637989e+00 2.795358179344049874e-93
4.515796411077784178e+00 1.185031437902868008e-93
4.528406581579926815e+00 5.016759022595620611e-94
4.541016752082069452e+00 2.120886530123389905e-94
4.553626922584212089e+00 8.953901603707126884e-95
4.566237093086354726e+00 3.774920037866362153e-95
4.578847263588500915e+00 1.589291704885330756e-95
4.591457434090643552e+00 6.681896790018101987e-96
4.604067604592786189e+00 2.805408198599778699e-96
4.616677775094928826e+00 1.176230342963280764e-96
4.629287945597071463e+00 4.924799787975392425e-97
4.641898116099214100e+00 2.059133624942070085e-97
4.654508286601360290e+00 8.597656664622809329e-98
4.667118457103502926e+00 3.584884343227184057e-98
4.679728627605645563e+00 1.492689745248624846e-98
4.692338798107788200e+00 6.206734467351971488e-99
4.704948968609930837e+00 2.577245953012014344e-99
4.717559139112073474e+00 1.068679594912296889e-99
4.730169309614219664e+00 4.425251784198263420e-100
4.742779480116362301e+00 1.829899084514461327e-100
4.755389650618504938e+00 7.556398390586451953e-101
4.767999821120647574e+00 3.116025295875745128e-101
4.780609991622790211e+00 1.283173526998300313e-101
4.793220162124932848e+00 5.276767567060792076e-102
4.805830332627079038e+00 2.166948367706955804e-102
4.818440503129221675e+00 8.886424512639335185e-103
4.831050673631364312e+00 3.639178107600304483e-103
4.843660844133506949e+00 1.488254477611301590e-103
4.856271014635649586e+00 6.077830511880808276e-104
4.868881185137792222e+00 2.478662190452775912e-104
4.881491355639938412e+00 1.009446574089009686e-104
4.894101526142081049e+00 4.105314600363088834e-105
4.906711696644223686e+00 1.667272273518560591e-105
4.919321867146366323e+00 6.761817749362448593e-106
4.931932037648508960e+00 2.738527543784178052e-106
4.944542208150651597e+00 1.107560236283379254e-106
4.957152378652797786e+00 4.473156135393240155e-107
4.969762549154940423e+00 1.804085395536840299e-107
4.982372719657083060e+00 7.266015607081426949e-108
4.994982890159225697e+00 2.922346007769603347e-108
5.007593060661368334e+00 1.173715633809881117e-108
5.020203231163510971e+00 4.707496003770860561e-109
5.032813401665657160e+00 1.885440011567500965e-109
5.045423572167799797e+00 7.541036431576867625e-110
5.058033742669942434e+00 3.011929426898380528e-110
5.070643913172085071e+00 1.201306563070655356e-110
5.083254083674227708e+00 4.784737164508254746e-111
5.095864254176370345e+00 1.903081438913883798e-111
5.108474424678516534e+00 7.558777911162479590e-112
5.121084595180659171e+00 2.998061895437639408e-112
5.133694765682801808e+00 1.187474453662534561e-112
5.146304936184944445e+00 4.696804690530034192e-113
5.158915106687087082e+00 1.855133405754028889e-113
5.171525277189229719e+00 7.317152123393271126e-114
5.184135447691375909e+00 2.882061142633516009e-114
5.196745618193518546e+00 1.133596088190230981e-114
5.209355788695661182e+00 4.452535640532549324e-115
5.221965959197803819e+00 1.746426299952378407e-115
5.234576129699946456e+00 6.840483335976513622e-116
5.247186300202089093e+00 2.675573334841332162e-116
5.259796470704235283e+00 1.045057889251661827e-116
5.272406641206377920e+00 4.076215466561213495e-117
5.285016811708520557e+00 1.587695041475300556e-117
5.297626982210663193e+00 6.175471082261178417e-118
5.310237152712805830e+00 2.398645243242871053e-118
5.322847323214948467e+00 9.303679721740962396e-119
5.335457493717094657e+00 3.603596534559945699e-119
5.348067664219237294e+00 1.393831021198471184e-119
5.360677834721379931e+00 5.383646370941689860e-120
5.373288005223522568e+00 2.076515781251804736e-120
5.385898175725665205e+00 7.998087234553442425e-121
5.398508346227807841e+00 3.076302973632987314e-121
5.411118516729954031e+00 1.181582419272642268e-121
5.423728687232096668e+00 4.532008972901165186e-122
5.436338857734239305e+00 1.735838057805816713e-122
5.448949028236381942e+00 6.639253242745683888e-123
5.461559198738524579e+00 2.535833447241910862e-123
5.474169369240667216e+00 9.671939248583309765e-124
5.486779539742813405e+00 3.683813344230180586e-124
5.499389710244956042e+00 1.401111753611930803e-124
5.511999880747098679e+00 5.321559459058598196e-125
5.524610051249241316e+00 2.018347427563082459e-125
5.537220221751383953e+00 7.644404801102005932e-126
5.549830392253526590e+00 2.891226084403365014e-126
5.562440562755672779e+00 1.091970578848248719e-126
5.575050733257815416e+00 4.118415973743387086e-127
5.587660903759958053e+00 1.551099838001120091e-127
5.600271074262100690e+00 5.833637620055170629e-128
5.612881244764243327e+00 2.190933407123616175e-128
5.625491415266385964e+00 8.216915567603688809e-129
5.638101585768532154e+00 3.077359764451257364e-129
5.650711756270674790e+00 1.150899498450429712e-129
5.663321926772817427e+00 4.298194819408904291e-130
5.675932097274960064e+00 1.602965743809430424e-130
5.688542267777102701e+00 5.969689177654799294e-131
5.701152438279245338e+00 2.220078926538181010e-131
5.713762608781391528e+00 8.244687716176301333e-132
5.726372779283534165e+00 3.057517786120175394e-132
5.738982949785676801e+00 1.132276890816037681e-132
5.751593120287819438e+00 4.187212966285993849e-133
5.764203290789962075e+00 1.546272729312020570e-133
5.776813461292104712e+00 5.702111012737344356e-134
5.789423631794250902e+00 2.099779302768522623e-134
5.802033802296393539e+00 7.721468953644752843e-135
5.814643972798536176e+00 2.835400365943642794e-135
5.827254143300678813e+00 1.039721252622669590e-135
5.839864313802821449e+00 3.807215034965126818e-136
5.852474484304964086e+00 1.392149046621531127e-136
5.865084654807110276e+00 5.083370808637071655e-137
5.877694825309252913e+00 1.853554939385278816e-137
5.890304995811395550e+00 6.749112057217858625e-138
5.902915166313538187e+00 2.454003658511097640e-138
5.915525336815680824e+00 8.910273846715060719e-139
5.928135507317823460e+00 3.230680904794833264e-139
5.940745677819969650e+00 1.169725972757040059e-139
5.953355848322112287e+00 4.229228454660471854e-140
5.965966018824254924e+00 1.526950613037573465e-140
5.978576189326397561e+00 5.505231138253650338e-141
5.991186359828540198e+00 1.982041464268418383e-141
6.003796530330682835e+00 7.125845703405636186e-142
6.016406700832829024e+00 2.558270619676962919e-142
6.029016871334971661e+00 9.171551993786065751e-143
6.041627041837114298e+00 3.283411780858642984e-143
6.054237212339256935e+00 1.173799533710626476e-143
6.066847382841399572e+00 4.190332301757096511e-144
6.079457553343542209e+00 1.493787563084978338e-144
6.092067723845688398e+00 5.317591203733562825e-145
6.104677894347831035e+00 1.890282354739938958e-145
6.117288064849973672e+00 6.710021778956903579e-146
6.129898235352116309e+00 2.378518794662860169e-146
6.142508405854258946e+00 8.419272098784014142e-147
6.155118576356401583e+00 2.975964156531135243e-147
6.167728746858547773e+00 1.050427134325490596e-147
6.180338917360690409e+00 3.702449513917879445e-148
6.192949087862833046e+00 1.303158465038725566e-148
6.205559258364975683e+00 4.580259430468910242e-149
6.218169428867118320e+00 1.607561449754797460e-149
6.230779599369264510e+00 5.634166011793254002e-150
6.243389769871407147e+00 1.971860287739964809e-150
6.255999940373549784e+00 6.891392417811818169e-151
6.268610110875692421e+00 2.405038616699079938e-151
6.281220281377835057e+00 8.381490461880749185e-152
6.293830451879977694e+00 2.916785408462134326e-152
6.306440622382123884e+00 1.013611711406812477e-152
6.319050792884266521e+00 3.517406595595104163e-153
6.331660963386409158e+00 1.218869572481073077e-153
6.344271133888551795e+00 4.217698210242075269e-154
6.356881304390694432e+00 1.457394971904050485e-154
6.369491474892837068e+00 5.028777588247483041e-155
6.382101645394983258e+00 1.732729947740169982e-155
6.394711815897125895e+00 5.961870300266522212e-156
6.407321986399268532e+00 2.048411717350495449e-156
6.419932156901411169e+00 7.028051925797792922e-157
6.432542327403553806e+00 2.407883947237661524e-157
6.445152497905696443e+00 8.237945574757099906e-158
6.457762668407842632e+00 2.814394414519072574e-158
6.470372838909985269e+00 9.601378150366563566e-159
6.482983009412127906e+00 3.270880367148178816e-159
6.495593179914270543e+00 1.112700067756237396e-159
6.508203350416413180e+00 3.779843655522692335e-160
6.520813520918555817e+00 1.282188050748822793e-160
6.533423691420702006e+00 4.343218506498332294e-161
6.546033861922844643e+00 1.469107574153607092e-161
6.558644032424987280e+00 4.962235603809476262e-162
6.571254202927129917e+00 1.673720466513000519e-162
6.583864373429272554e+00 5.637286881669390790e-163
6.596474543931415191e+00 1.896002519405864124e-163
6.609084714433561381e+00 6.367796082390770028e-164
6.621694884935704017e+00 2.135604115645014448e-164
6.634305055437846654e+00 7.152100623429363577e-165
6.646915225939989291e+00 2.391815350278643302e-165
6.659525396442131928e+00 7.987350615674097008e-166
6.672135566944274565e+00 2.663537510655265412e-166
6.684745737446420755e+00 8.869430929045537818e-167
6.697355907948563392e+00 2.949262756267604023e-167
6.709966078450706028e+00 9.792911978065486786e-168
6.722576248952848665e+00 3.247063721534900454e-168
6.735186419454991302e+00 1.075103437591014972e-168
6.747796589957133939e+00 3.554594550066431460e-169
6.760406760459280129e+00 1.173573177254786108e-169
6.773016930961422766e+00 3.869104557496727280e-170
6.785627101463565403e+00 1.273769506010872227e-170
6.798237271965708040e+00 4.187465317521645205e-171
6.810847442467850676e+00 1.374647972535662383e-171
6.823457612969993313e+00 4.506211484436423278e-172
6.836067783472139503e+00 1.475065650253086579e-172
6.848677953974282140e+00 4.821595123234637833e-173
6.861288124476424777e+00 1.573800369524178806e-173
6.873898294978567414e+00 5.129652738372169301e-174
6.886508465480710051e+00 1.669573767482522049e-174
6.899118635982852688e+00 5.426283602372176858e-175
6.911728806484998877e+00 1.761077621693264740e-175
6.924338976987141514e+00 5.707337415983378431e-176
6.936949147489284151e+00 1.847002760728858318e-176
6.949559317991426788e+00 5.968708814258768448e-177
6.962169488493569425e+00 1.926069693091135885e-177
6.974779658995712062e+00 6.206435798613639319e-178
6.987389829497858251e+00 1.997059975120625791e-178
7.000000000000000888e+00 6.416798851629448986e-179
