0.000000000000000000e+00
6.146531868435824858e-02
6.146531868435824858e-02
6.146531868435824858e-02
6.146531868435824858e-02
6.146531868435824858e-02
6.146531868435824858e-02
5.540961337736444864e-02
4.902362581272623476e-02
5.081382812407744809e-02
4.830626796584727711e-02
5.009136228614518432e-02
4.964245026258076038e-02
4.484577457362117631e-02
4.676577867909693237e-02
5.237698127732993286e-02
4.706248142099143245e-02
4.962920791274697679e-02
5.433016220015202818e-02
4.986453639620527789e-02
4.767409432321385171e-02
4.728805344451567777e-02
4.563650898664470268e-02
4.004751107861720394e-02
3.763024058597327220e-02
4.459193561751273460e-02
4.152911681978760372e-02
4.304889172523113788e-02
4.898773662399456136e-02
5.223766891916659105e-02
5.192316189502470952e-02
4.604143767164165651e-02
4.489452240640071090e-02
4.522598037757725314e-02
4.799041951747930884e-02
5.348042150172590409e-02
6.025438875650351855e-02
5.751285175379559217e-02
5.983523802765838839e-02
5.642890658713786006e-02
4.933751403268026720e-02
4.800642236854646416e-02
4.960576426929502042e-02
4.377212582113878397e-02
4.182404157334030509e-02
4.161358748857275913e-02
4.358803370261384730e-02
4.276338860895887578e-02
3.951911109058053873e-02
4.265701630272475398e-02
4.467070323947492511e-02
5.348037902330860655e-02
5.457578952977767267e-02
5.861179859663154246e-02
6.148803922294951430e-02
5.947603061649450740e-02
5.769298281272165069e-02
5.455489388885342850e-02
5.402628231044760004e-02
4.934485488450840451e-02
4.814772131096876212e-02
4.282699763973335516e-02
3.952309346340972945e-02
3.859027456128370781e-02
3.750138698588306035e-02
3.788437300542820546e-02
4.019688842213827579e-02
4.264722434147138336e-02
3.761253350411974256e-02
4.467800927762580199e-02
5.148681151550435486e-02
4.764110079123045488e-02
4.796544464422609205e-02
5.100620222400169962e-02
4.538843569005362316e-02
4.906203712694202218e-02
5.239333507704403009e-02
4.793111382450716135e-02
4.792395609272998014e-02
4.416671359854500850e-02
4.434030164484904085e-02
4.342952173827719503e-02
4.387675109260125855e-02
4.702535724855807370e-02
5.018537972930754015e-02
5.542139729953692723e-02
5.251365655792605142e-02
4.836036254132045770e-02
5.105156177121372013e-02
5.096275501739930269e-02
5.577505056530284583e-02
5.424514059366400409e-02
4.986520246188841377e-02
5.010346635835614265e-02
5.157110127764542168e-02
4.820262760285814324e-02
4.613673686126409934e-02
4.503738360812051256e-02
4.517965274891259236e-02
4.758415432733514860e-02
4.830137454963878002e-02
4.715248650683045301e-02
4.715541131796905511e-02
4.343445672072093061e-02
4.420071895891618946e-02
4.718458778117832347e-02
4.806746605788672633e-02
4.561774601665813389e-02
4.296267379782845591e-02
4.278311424241210137e-02
4.549503820020966982e-02
5.004091631460858697e-02
4.719063061948422511e-02
4.655442251936885850e-02
4.575351637807786864e-02
4.800270875746546345e-02
4.308698925767406873e-02
3.968584154650570128e-02
3.813859227162088444e-02
4.626862737203878834e-02
4.517310269082191326e-02
4.372201249532023382e-02
4.496710384815416628e-02
4.235167052661185233e-02
5.026757764327729333e-02
4.875853264962335537e-02
5.431954121952093512e-02
5.746947288695367778e-02
5.642035446269725446e-02
5.690804718395583994e-02
5.225005253737387972e-02
5.169257342085168544e-02
5.027814048891304094e-02
4.948805013276030840e-02
4.719041053195705687e-02
4.132797339121969254e-02
4.271834290403523499e-02
4.476239981565590526e-02
4.194488316514916049e-02
4.427162010673371673e-02
4.996477061842200668e-02
5.399715059720498062e-02
5.634931136505500621e-02
5.346958911276202681e-02
5.202509351837299872e-02
4.870596142570002285e-02
4.487106643258128441e-02
4.564572662661405683e-02
4.432013215428336900e-02
4.534318616545490732e-02
4.201007863979992069e-02
4.245879478476379670e-02
3.893264866049354206e-02
3.884602867880306704e-02
4.172627266558504716e-02
4.595274298155675036e-02
4.756317280721816809e-02
4.629020511265186794e-02
4.734121572809370931e-02
4.988737519029595030e-02
5.297749323627590212e-02
5.413900051220092019e-02
5.336904565666469868e-02
5.386229801545267676e-02
4.894136517179558526e-02
4.642535263919143201e-02
4.476003439430342040e-02
4.414035993469463820e-02
4.515495892796067556e-02
4.210073786335768314e-02
4.455683238584509653e-02
4.701041352211085544e-02
4.991960299982645816e-02
5.384136085223144991e-02
5.599069626901326258e-02
4.809604766641167178e-02
5.289380840538423362e-02
5.393606823332284389e-02
5.400207812108231975e-02
5.304935031691337260e-02
4.921608097126544540e-02
4.731556700592514514e-02
4.819094705913754689e-02
5.168453944211356954e-02
5.192715500251677413e-02
5.130204410210528060e-02
5.086700220070117240e-02
5.285038866043623162e-02
5.387420882339866851e-02
5.436614994026995468e-02
5.539295957592451497e-02
5.120635592757532412e-02
5.215260434575197390e-02
5.151053791446869728e-02
5.033618101127104033e-02
4.355241016533755588e-02
4.486355303110941412e-02
4.209330839739649360e-02
4.453583887827405885e-02
4.436413804615002565e-02
4.272202157959941599e-02
4.840196065991287516e-02
4.436883431810229733e-02
4.537730749131235752e-02
4.301835057989511490e-02
4.482448255173629437e-02
4.666962268348778115e-02
4.777828151422607722e-02
5.116892664660796508e-02
5.604025051968034021e-02
5.985125460248106460e-02
5.612735388331163006e-02
5.519461565988175583e-02
5.419365675312578373e-02
5.588945104271191705e-02
5.634411151568605863e-02
5.515764550454036602e-02
5.069918736488750882e-02
5.094615402545641519e-02
5.015146446042559325e-02
4.644879853829324973e-02
4.447194038755775819e-02
4.523257891771090972e-02
4.346557059559763569e-02
4.771854450908092488e-02
4.850290218677122400e-02
4.595818606203407736e-02
4.750518870293587992e-02
4.649848546351662698e-02
5.094446335229190631e-02
4.909593633680248148e-02
4.838439332778902285e-02
4.317238525572563573e-02
4.535955283865275578e-02
5.078293471585199753e-02
5.199561549553397694e-02
4.874053908854555223e-02
4.705297374556952766e-02
4.348594831536712474e-02
4.200094883496213044e-02
4.320269560741670650e-02
4.511913840526557418e-02
4.897231996223491701e-02
4.634470869111533692e-02
4.931403121703686887e-02
4.795753960012767020e-02
4.551853480901083687e-02
4.390954125306870126e-02
4.209293070884601029e-02
4.496546801171150132e-02
