1.000000000000000000e+00
1.000000000000000000e+00
1.000000000000000000e+00
1.000000000000000000e+00
1.000000000000000000e+00
1.000000000000000000e+00
1.000000000000000000e+00
1.000000000000000000e+00
1.000000000000000000e+00
1.000000000000000000e+00
1.000000000000000000e+00
1.000000000000000000e+00
1.000000000000000000e+00
1.000000000000000000e+00
1.000000000000000000e+00
9.830997018827394296e-01
9.830997018827394296e-01
9.830997018827394296e-01
9.621402556950930940e-01
9.230999332329760110e-01
8.920667330903609971e-01
8.625406294983558597e-01
8.455161733748978170e-01
7.863989489329009652e-01
7.503967387315569892e-01
6.911041921217609962e-01
6.531230476192994017e-01
6.302450426255341576e-01
5.729873165883877517e-01
5.096997847910320623e-01
4.565884708800027614e-01
3.971352120012338616e-01
3.513799599167931609e-01
3.030942291544924672e-01
2.668733148177084846e-01
2.318945461273560216e-01
1.840102836794481611e-01
1.508745790476161419e-01
1.317507634066516220e-01
1.253432376432432604e-01
9.195266826960342421e-02
6.805773290473507431e-02
3.906431784088466863e-02
-5.556981443175807583e-04
-2.524290966144593015e-02
-2.267846065598810162e-02
-4.124429206942860360e-02
-4.646822790623134081e-02
-3.908601007495920293e-02
-3.384526102380468193e-02
-4.366596259833719490e-02
-1.721760843027418664e-02
-2.677836862220176958e-02
-4.068523229527181567e-02
-4.492487165188184528e-02
-4.695391130691833892e-02
-4.913667706461102153e-02
-5.596585118109054929e-02
-3.878301737878902394e-02
-1.838852965165517495e-02
-2.863841370928788682e-02
-7.839828439903079966e-04
-8.440014761201398812e-04
1.041982629482550785e-02
8.467095726771897007e-03
1.222766842490914836e-02
2.120981734479260999e-02
3.090095348011054604e-03
1.479136736858357136e-03
-2.037123857129626882e-03
-3.809054233517667528e-03
-4.210124974096967135e-03
6.331589503319832307e-03
1.466483729588356419e-02
2.033319464434166224e-02
1.266632463264945850e-02
1.879103823211561788e-02
1.084320415609048294e-02
1.541857411062475067e-03
1.394381274495613832e-02
3.107698454558965526e-02
4.763186565474321343e-02
3.444532294875855133e-02
2.517345225627493077e-02
2.853571647843258438e-02
4.175398122461165817e-02
4.033697537226031693e-02
4.725189341924376091e-02
2.831868932536571459e-02
5.384202703711683108e-02
4.966009287142533063e-02
5.655395117892228485e-02
4.238514015948584290e-02
4.371451288336990898e-02
3.103904656753115471e-02
2.320026769551085388e-02
1.439798541659807057e-02
1.942235422326294217e-02
1.670263818940993447e-02
5.184443284785587858e-03
-4.599327544883357460e-03
1.538797064116582654e-03
-2.580483592839824189e-02
-1.251172256344753979e-02
-7.784482192104180340e-03
-2.182458904865929982e-03
5.110066750908167157e-03
-7.346765308109415478e-03
-1.752218046489154024e-02
-2.019597294054701828e-02
-5.584471675843528417e-03
-1.080221342267626700e-02
-6.986232394376307858e-03
-1.061971418472817952e-02
-4.104668376003226503e-03
1.631689164658900459e-02
1.509993901049699883e-02
2.514378808533195009e-02
2.622997740343872147e-02
3.407627342814455867e-02
5.024730013935228140e-02
5.014089242527119961e-02
5.090340195071973994e-02
4.383046165570034930e-02
4.961623291082391252e-02
3.413815694182107535e-02
2.904419675383450652e-02
1.372233546662360651e-02
1.086426538073021267e-02
3.166140332579334745e-03
1.862102675631650828e-02
8.436287375338661840e-03
-6.600734679612768434e-03
7.250430602589908943e-03
1.677503706955641924e-02
3.096673476107834888e-02
3.208256821823220889e-02
1.867526211550640802e-02
7.318419754031792353e-03
-2.664241612944636371e-03
-4.308409198805774817e-03
-3.027172837632327584e-02
-2.297771485524238710e-02
-3.673161247267960755e-02
-3.776484825090270503e-02
-2.985551802656821394e-02
-2.370505620521111065e-02
-2.936522115600839755e-02
-3.858982148301869780e-02
-6.865044610438739148e-02
-4.763013056661296457e-02
-3.225543715309295983e-02
-2.059065701272516299e-02
-1.164567112153386784e-02
-2.735631892901647585e-02
-4.534288517318721401e-02
-5.637999194459497598e-02
-6.961367581659511083e-02
-6.388683959269725321e-02
-5.919637587185499344e-02
-4.983558792668731779e-02
-2.529584418377755703e-02
-2.032446071867901466e-02
1.085431432030937321e-04
-1.109193981229442605e-03
-8.249244792945989446e-03
-2.499516857262111189e-02
-1.807403067938197910e-02
-1.344884466245557970e-02
6.533200749902517111e-03
3.272387562593152832e-02
3.945692502416954517e-02
1.930023216041827638e-02
1.824225010315514567e-02
3.131355429101619070e-02
4.377086321287940174e-02
5.952399483654211010e-02
5.881085535954758831e-02
7.374958996013521173e-02
7.720162343482395162e-02
6.881320322688272428e-02
7.638685733331287975e-02
6.118006936346808561e-02
6.532762674143506587e-02
8.655230184260137571e-02
7.810397614835855318e-02
7.835038461407044241e-02
7.389866281853750551e-02
6.573335569480313889e-02
5.727292607420236131e-02
5.165586518307725000e-02
5.846628229491987461e-02
5.668375381075559105e-02
4.684864323859578433e-02
3.640654506809602731e-02
3.150776033197096732e-02
4.477297894729832806e-02
5.970464855298523305e-02
4.626495881440442076e-02
4.451053184625314990e-02
4.478763321988365326e-02
4.188715465901866886e-02
3.099269689055631286e-02
1.131029408020684489e-02
1.051483629252814023e-02
1.820821969090756498e-02
1.418738582732091517e-02
5.415699048962861056e-03
1.577936296668516758e-02
1.472429184146724921e-03
4.317883101153901018e-03
-1.710806066437246115e-02
-3.326419533867770728e-02
-3.404654180439955352e-02
-4.985392736378937290e-02
-3.300544750445883607e-02
-3.163293829368418741e-02
-3.825377075044490705e-02
-3.705683420263864575e-02
-2.247183353913850129e-02
-2.346289170969378945e-02
-2.103516681116128929e-03
-4.827382842020631025e-03
-7.287327397071567160e-03
-4.660353174407203848e-03
2.259346772213527681e-03
5.881311993547987983e-03
1.263637549073822267e-02
-1.444474490077094116e-02
-3.233547416830775262e-02
-4.121089860216677753e-02
-5.856306957423218496e-02
-5.396203482804755314e-02
-4.622201245063799896e-02
-5.503208159332544092e-02
-4.548339959216322198e-02
-4.438854258391106838e-02
-2.265471814650542662e-02
-2.641365824397830936e-02
-3.639246650931286797e-02
-2.124321543276304694e-02
-2.049440351771618721e-02
-3.309211134270163140e-02
-3.878382093686769116e-02
-2.545477258094027903e-02
-6.726007085174881030e-03
-7.791350923761224470e-03
-3.039725125883985159e-03
-5.177748126988446047e-03
4.798866532957440922e-03
