0.000000000000000000e+00
6.611598497883117154e-02
6.611598497883117154e-02
6.611598497883117154e-02
6.611598497883117154e-02
6.611598497883117154e-02
6.611598497883117154e-02
6.611598497883117154e-02
6.611598497883117154e-02
6.611598497883117154e-02
6.611598497883117154e-02
6.611598497883117154e-02
6.611598497883117154e-02
6.611598497883117154e-02
6.611598497883117154e-02
6.377413026457788570e-02
6.377413026457788570e-02
6.377413026457788570e-02
6.240939431964757228e-02
5.345486273093081470e-02
5.394966107654531468e-02
5.051942830593105643e-02
4.863866405453320246e-02
4.460208207361477523e-02
4.413374971519668649e-02
5.137170165507828207e-02
4.669207678517414695e-02
5.132837384565288458e-02
4.952820010875760154e-02
4.668991607667561522e-02
4.718868734383301761e-02
4.770483676798398937e-02
4.384020891407239967e-02
5.265321196085170907e-02
5.547151244354547872e-02
6.199129175558940746e-02
6.217847168838405714e-02
6.424371217666446920e-02
6.998158740556274793e-02
6.871224805964386284e-02
6.548636824943980528e-02
6.175027862735361223e-02
6.583887228740076258e-02
-6.084360089040661418e-02
-6.290969926561838788e-02
-5.907248773576403988e-02
-5.987808660597358085e-02
-5.826895944218312556e-02
-5.909391358754181867e-02
-6.055990895064122109e-02
-5.759845950269475851e-02
-5.769409846093783573e-02
-4.334702459605139363e-02
-4.278879494794334687e-02
-4.368488996582842177e-02
-4.028037219886646675e-02
-4.125700298012519723e-02
-4.194140252318578205e-02
-3.824305779994670307e-02
-3.970459971494535306e-02
-4.701131580562616791e-02
-4.773544089129717199e-02
-4.841712971879421484e-02
4.088902433985328738e-02
3.893864658449971289e-02
3.305432689951152969e-02
2.451896993371200859e-02
2.032209023948884294e-02
2.606305859682722312e-02
-2.846573843219907252e-02
-1.788644741223068338e-02
-1.873409918012662947e-02
2.588723785883871240e-02
2.472671210586489809e-02
2.652732616405583874e-02
2.416166264019325646e-02
2.718579428489058605e-02
3.065888422088533516e-02
3.249482972619562732e-02
3.575826886541315364e-02
4.192336210346832986e-02
4.516679548150335372e-02
5.219748477404517750e-02
4.824750374500629685e-02
4.229360376656091103e-02
4.104949131136492041e-02
4.712317837511013213e-02
4.904521292942651267e-02
5.108837194208409871e-02
5.826765288109234109e-02
5.097079646707797229e-02
5.948115736267216985e-02
6.114680171464004221e-02
6.351715130398159770e-02
6.061719170251020361e-02
6.047235135719861154e-02
5.637659850251341975e-02
5.852559438540307774e-02
5.773338833125746250e-02
5.944872081642735978e-02
-6.776561010366223547e-02
6.779263386219437637e-02
-7.182780386325610111e-02
-6.862509138461297953e-02
-7.255505941314475959e-02
-6.431497380385459151e-02
6.309076193004979627e-02
-6.618556970884573176e-02
-6.616339741839422084e-02
-6.668961383567294232e-02
-6.123637348594136026e-02
-6.431770520188505313e-02
-6.814612664140730358e-02
-7.448317892489725311e-02
-7.089934907610090375e-02
7.208398906128590800e-02
6.648315900684802215e-02
6.909167507130030417e-02
6.622196855529732806e-02
6.531273803887398255e-02
7.023299943308859705e-02
6.849385054461358535e-02
7.297947814628762131e-02
6.021975221232458292e-02
6.011380688508452530e-02
5.336809011574614181e-02
5.210522743110979765e-02
4.209198790688816610e-02
4.546304853136756002e-02
4.282350144099713457e-02
3.969438156266044682e-02
3.842600469760946991e-02
-4.657323122670984500e-02
4.120343733843614270e-02
4.041203014917715830e-02
3.563312651246883928e-02
3.128013249999447853e-02
3.413000013043377551e-02
3.398992275592292028e-02
-3.945981957145509866e-02
-3.740743880378390868e-02
-3.331744307501945807e-02
-3.033112766360732127e-02
-3.327510641569900174e-02
-3.487262490713719659e-02
-3.643020896030645800e-02
-3.887979135887559279e-02
-4.432299655951197487e-02
-4.363557167621372884e-02
-3.681497429555413009e-02
-4.025124904243179008e-02
-4.468814360844344108e-02
-4.030467868972137380e-02
-3.665425614735216830e-02
-3.938815205956775617e-02
-3.235717330558151444e-02
-3.126623220030922551e-02
-3.374951387811792741e-02
-3.223774673918260864e-02
-3.326436497218045879e-02
-3.545881203782268176e-02
-3.445450112006264581e-02
-3.563342392476697568e-02
3.634418449569063597e-02
-3.269610545636261051e-02
-3.415773778380475773e-02
-4.081594806371950657e-02
-4.439976438084641125e-02
-4.467982874751488115e-02
3.888386674871509296e-02
3.430481371703690552e-02
3.662347021376249206e-02
3.941886116403125334e-02
4.285181629938076414e-02
3.942434644015356537e-02
4.054727931802254437e-02
3.993560764893888670e-02
4.409710236319749205e-02
4.899646758296144489e-02
5.105507090166064993e-02
4.862409074133339920e-02
4.944667312237783358e-02
5.084566390344997383e-02
5.410627132117144106e-02
5.246207822330697240e-02
5.754377649941943423e-02
5.839030605276182562e-02
6.327173092742184590e-02
6.844998529437906765e-02
6.678755164331302840e-02
6.522845210518762871e-02
6.698574773092323686e-02
7.288630511641341903e-02
7.531510321781080541e-02
7.649269753872943445e-02
7.655770619112924058e-02
7.915677851756466876e-02
7.154403294031962124e-02
5.941436323555849414e-02
5.949440445467985006e-02
5.738182251465320793e-02
5.825020746978081670e-02
5.420649877927808530e-02
5.540472092886353922e-02
5.116725413412483853e-02
5.617638312649917559e-02
5.887801532603411520e-02
5.045549227931634545e-02
4.550174172756762253e-02
4.002882398265599634e-02
3.832692865776445024e-02
-4.067146110638217987e-02
-4.849344826296540095e-02
-4.871808002729393489e-02
-4.391665897217528897e-02
-3.905392632131323566e-02
-4.436415121910972093e-02
-4.025272758189120392e-02
-4.161506975163005440e-02
-4.077598557145181019e-02
-4.357564462516024667e-02
-4.662635443133415075e-02
-4.217087067431859321e-02
-4.189685136527840359e-02
-4.018269317351663011e-02
4.479762457769956296e-02
4.161383610047652420e-02
4.671641146914743553e-02
-4.026029722901802027e-02
-3.884108256238189005e-02
-3.954049032375125949e-02
-4.312072464268568855e-02
-4.126335722660803840e-02
-3.648510487348948644e-02
-3.642941142948495636e-02
-4.207607269995632809e-02
-4.166790875244053699e-02
-4.946035276677520492e-02
-5.207727807404990972e-02
-5.018920527980371554e-02
-5.243925831325196851e-02
-5.101403451548780499e-02
-4.968143860554397051e-02
-5.208710415557127327e-02
-5.134948027988207181e-02
-5.061580923478980337e-02
-4.708073766739107741e-02
-5.099062607289472915e-02
-4.983717680788385396e-02
5.055961519229493217e-02
