0.000000000000000000e+00
6.095950325507498019e-02
6.095950325507498019e-02
6.095950325507498019e-02
6.079294813669536973e-02
6.079294813669536973e-02
6.079294813669536973e-02
6.075965222080009082e-02
6.075965222080009082e-02
6.075965222080009082e-02
6.075965222080009082e-02
6.075965222080009082e-02
6.075965222080009082e-02
6.075965222080009082e-02
6.075965222080009082e-02
6.075965222080009082e-02
6.075965222080009082e-02
6.075965222080009082e-02
6.075965222080009082e-02
6.075965222080009082e-02
6.075965222080009082e-02
6.075965222080009082e-02
6.092103089822226147e-02
6.092103089822226147e-02
6.092103089822226147e-02
6.092103089822226147e-02
6.092103089822226147e-02
6.092103089822226147e-02
6.092103089822226147e-02
6.092103089822226147e-02
6.092103089822226147e-02
6.092103089822226147e-02
6.092103089822226147e-02
6.092103089822226147e-02
6.092103089822226147e-02
6.092103089822226147e-02
6.092103089822226147e-02
6.092103089822226147e-02
6.092103089822226147e-02
6.092103089822226147e-02
6.092103089822226147e-02
6.092103089822226147e-02
6.092103089822226147e-02
6.092103089822226147e-02
6.092103089822226147e-02
6.092103089822226147e-02
6.092103089822226147e-02
6.092103089822226147e-02
6.092103089822226147e-02
6.092103089822226147e-02
6.092103089822226147e-02
6.092103089822226147e-02
6.092103089822226147e-02
6.092103089822226147e-02
6.092103089822226147e-02
6.092103089822226147e-02
6.092103089822226147e-02
6.092103089822226147e-02
6.092103089822226147e-02
6.092103089822226147e-02
6.092103089822226147e-02
6.092103089822226147e-02
6.092103089822226147e-02
6.092103089822226147e-02
6.092103089822226147e-02
6.092103089822226147e-02
6.092103089822226147e-02
6.092103089822226147e-02
6.092103089822226147e-02
6.092103089822226147e-02
6.092103089822226147e-02
6.092103089822226147e-02
6.092103089822226147e-02
6.092103089822226147e-02
6.092103089822226147e-02
6.092103089822226147e-02
6.092103089822226147e-02
6.092103089822226147e-02
6.092103089822226147e-02
6.092103089822226147e-02
6.092103089822226147e-02
6.092103089822226147e-02
6.092103089822226147e-02
6.092103089822226147e-02
6.092103089822226147e-02
6.092103089822226147e-02
6.092103089822226147e-02
6.092103089822226147e-02
6.092103089822226147e-02
6.092103089822226147e-02
6.092103089822226147e-02
6.092103089822226147e-02
6.092103089822226147e-02
6.092103089822226147e-02
6.092103089822226147e-02
6.092103089822226147e-02
6.092103089822226147e-02
6.092103089822226147e-02
6.092103089822226147e-02
6.092103089822226147e-02
6.092103089822226147e-02
6.092103089822226147e-02
6.092103089822226147e-02
6.092103089822226147e-02
6.092103089822226147e-02
6.092103089822226147e-02
6.092103089822226147e-02
6.092103089822226147e-02
6.092103089822226147e-02
6.092103089822226147e-02
6.092103089822226147e-02
6.092103089822226147e-02
6.092103089822226147e-02
6.092103089822226147e-02
6.092103089822226147e-02
6.092103089822226147e-02
6.092103089822226147e-02
6.092103089822226147e-02
6.092103089822226147e-02
6.092103089822226147e-02
6.092103089822226147e-02
6.092103089822226147e-02
6.092103089822226147e-02
6.092103089822226147e-02
6.092103089822226147e-02
6.092103089822226147e-02
6.092103089822226147e-02
6.092103089822226147e-02
6.092103089822226147e-02
6.092103089822226147e-02
6.092103089822226147e-02
6.092103089822226147e-02
6.092103089822226147e-02
6.092103089822226147e-02
6.092103089822226147e-02
6.092103089822226147e-02
6.092103089822226147e-02
6.092103089822226147e-02
6.092103089822226147e-02
6.092103089822226147e-02
6.092103089822226147e-02
6.092103089822226147e-02
6.092103089822226147e-02
6.092103089822226147e-02
6.092103089822226147e-02
6.092103089822226147e-02
6.092103089822226147e-02
6.092103089822226147e-02
6.092103089822226147e-02
6.092103089822226147e-02
6.092103089822226147e-02
6.092103089822226147e-02
6.092103089822226147e-02
6.092103089822226147e-02
6.092103089822226147e-02
6.092103089822226147e-02
6.092103089822226147e-02
6.092103089822226147e-02
6.092103089822226147e-02
6.092103089822226147e-02
6.092103089822226147e-02
6.092103089822226147e-02
6.092103089822226147e-02
6.092103089822226147e-02
6.092103089822226147e-02
6.092103089822226147e-02
6.092103089822226147e-02
6.092103089822226147e-02
6.092103089822226147e-02
6.092103089822226147e-02
6.092103089822226147e-02
6.092103089822226147e-02
6.092103089822226147e-02
6.092103089822226147e-02
6.092103089822226147e-02
6.092103089822226147e-02
6.092103089822226147e-02
6.092103089822226147e-02
6.092103089822226147e-02
6.092103089822226147e-02
6.092103089822226147e-02
6.092103089822226147e-02
6.092103089822226147e-02
6.092103089822226147e-02
6.092103089822226147e-02
6.092103089822226147e-02
6.092103089822226147e-02
6.092103089822226147e-02
6.092103089822226147e-02
6.092103089822226147e-02
6.092103089822226147e-02
6.092103089822226147e-02
6.092103089822226147e-02
6.092103089822226147e-02
6.092103089822226147e-02
6.092103089822226147e-02
6.092103089822226147e-02
6.092103089822226147e-02
6.092103089822226147e-02
6.092103089822226147e-02
6.092103089822226147e-02
6.092103089822226147e-02
6.092103089822226147e-02
6.092103089822226147e-02
6.092103089822226147e-02
6.092103089822226147e-02
6.092103089822226147e-02
6.092103089822226147e-02
6.092103089822226147e-02
6.092103089822226147e-02
6.092103089822226147e-02
6.092103089822226147e-02
6.092103089822226147e-02
6.092103089822226147e-02
6.092103089822226147e-02
6.092103089822226147e-02
6.092103089822226147e-02
6.092103089822226147e-02
6.092103089822226147e-02
6.092103089822226147e-02
6.092103089822226147e-02
6.092103089822226147e-02
6.092103089822226147e-02
6.092103089822226147e-02
6.092103089822226147e-02
6.092103089822226147e-02
6.092103089822226147e-02
6.092103089822226147e-02
6.092103089822226147e-02
6.092103089822226147e-02
6.092103089822226147e-02
6.092103089822226147e-02
6.092103089822226147e-02
6.092103089822226147e-02
6.092103089822226147e-02
6.092103089822226147e-02
6.092103089822226147e-02
6.092103089822226147e-02
6.092103089822226147e-02
6.092103089822226147e-02
6.092103089822226147e-02
6.092103089822226147e-02
6.092103089822226147e-02
6.092103089822226147e-02
6.092103089822226147e-02
6.092103089822226147e-02
6.092103089822226147e-02
6.092103089822226147e-02
6.092103089822226147e-02
6.092103089822226147e-02
