1.000000000000000000e+00
1.000000000000000000e+00
1.000000000000000000e+00
1.000000000000000000e+00
1.000000000000000000e+00
1.000000000000000000e+00
1.000000000000000000e+00
1.000000000000000000e+00
1.000000000000000000e+00
9.912438796773933580e-01
9.832241737965233819e-01
9.757967217125145254e-01
9.490551220280355471e-01
9.364543696398746064e-01
9.196267602411963837e-01
9.041288694632498846e-01
8.549889105355786834e-01
8.179357059113868678e-01
7.875146079162796964e-01
7.544307480268950261e-01
7.075098583321668411e-01
6.666859105948741426e-01
6.273370236631757857e-01
5.936365014118603067e-01
5.578589167612496569e-01
5.331336457127194839e-01
5.035910005574277815e-01
4.775053267599589368e-01
4.581836611978901685e-01
4.289873856164886923e-01
4.109546365904817034e-01
4.009363326737667710e-01
3.791707649545235648e-01
3.817406080039135730e-01
3.681148069112456511e-01
3.549245089591956948e-01
3.463580160335188451e-01
3.256257268024980722e-01
3.174608682818690908e-01
3.076249751003569122e-01
2.960270709380388165e-01
2.848734173161167615e-01
2.848900201991130809e-01
2.759003167407698687e-01
2.777112283991763908e-01
2.777331540291043677e-01
2.694078928099740700e-01
2.728410335185621483e-01
2.632245152581229597e-01
2.538427614449563774e-01
2.523173252227169927e-01
2.523017294280240352e-01
2.478629485888468043e-01
2.479375761901893571e-01
2.508370579211051110e-01
2.535848374363367519e-01
2.467385275141423251e-01
2.440466030130277464e-01
2.321803237261814978e-01
2.283037000468647604e-01
2.283440056440883270e-01
2.258377384056890202e-01
2.234048843369574877e-01
2.184863739848570963e-01
2.172974838727039226e-01
2.208663378051292647e-01
2.184649679027123315e-01
2.104976409088425982e-01
2.071547689274158832e-01
1.972042669792851421e-01
1.851413064483541093e-01
1.808571883331062946e-01
1.808571883331062946e-01
1.787678121369221385e-01
1.808453497073907734e-01
1.808520684291533842e-01
1.809201736889030632e-01
1.829115929673102436e-01
1.819285295664949953e-01
1.779786384966721702e-01
1.779786384966721702e-01
1.798641004350997608e-01
1.780099847954910719e-01
1.780091370236723536e-01
1.716565270924779174e-01
1.672301231433194202e-01
1.636818366102472666e-01
1.601790783604041535e-01
1.628606780499416706e-01
1.611511708500332207e-01
1.577352226936826751e-01
1.552207993452651147e-01
1.560633818673251572e-01
1.552478897530629176e-01
1.561080371923892762e-01
1.528929936338328799e-01
1.553163343524055218e-01
1.513450609353941823e-01
1.506021100014170999e-01
1.498330888608472300e-01
1.513629308032506393e-01
1.506068853093014415e-01
1.475932446474181592e-01
1.483339006888196310e-01
1.433087040828139314e-01
1.491966930346692588e-01
1.470336087864982932e-01
1.470336087864982932e-01
1.470337471187596334e-01
1.463144079233936745e-01
1.448690227039676759e-01
1.434625677838925195e-01
1.475394321762563132e-01
1.468686215824299979e-01
1.488755731707642194e-01
1.488706309599665267e-01
1.501761728018278230e-01
1.475829681558319950e-01
1.482301346001523301e-01
1.482359438647790073e-01
1.507853370534264770e-01
1.495281112245782640e-01
1.495281112245782640e-01
1.495281112245782640e-01
1.507596534530017962e-01
1.525876203360629069e-01
1.525876203360629069e-01
1.525876203360629069e-01
1.514012945273079391e-01
1.519897440673305955e-01
1.543866344489004672e-01
1.473414828254132336e-01
1.467648218257058546e-01
1.525905888169517832e-01
1.520242319888707450e-01
1.520242319888707450e-01
1.542940980657959427e-01
1.542940980657959427e-01
1.526396679290710767e-01
1.537335809304254397e-01
1.558966651785964053e-01
1.569781314211910195e-01
1.585988482685120604e-01
1.585988482685120604e-01
1.574751804864442939e-01
1.585250040226020563e-01
1.594904894846979060e-01
1.605000697288316569e-01
1.599886239949604161e-01
1.559045849923502147e-01
1.548973626231898160e-01
1.543962740562364599e-01
1.543962740562364599e-01
1.563876933346436682e-01
1.539251230570322371e-01
1.534349089315204251e-01
1.494030801563176192e-01
1.518383060017482189e-01
1.513571150753220407e-01
1.513571150753220407e-01
1.500270855246297330e-01
1.495572005112461023e-01
1.481509546874353045e-01
1.490824016719290712e-01
1.486192222734050161e-01
1.472157291144145508e-01
1.481235727250489742e-01
1.476629896570953171e-01
1.463067274799683681e-01
1.463067274799683681e-01
1.426974625564831622e-01
1.413651504493089739e-01
1.422549770540947056e-01
1.396228350124303630e-01
1.404975229321490104e-01
1.404975229321490104e-01
1.396353127914577441e-01
1.404922596444718175e-01
1.404922596444718175e-01
1.400706506079407998e-01
1.392280241043779565e-01
1.379626781229998378e-01
1.379626781229998378e-01
1.358736280189672962e-01
1.354614012183300020e-01
1.354614012183300020e-01
1.358704596916675278e-01
1.358704596916675278e-01
1.374825234961720433e-01
1.374825234961720433e-01
1.374833395652270418e-01
1.378304088093165458e-01
1.402530856825724981e-01
1.410462328590557091e-01
1.418591993134636908e-01
1.418591993134636908e-01
1.414731452267661838e-01
1.422440253223517526e-01
1.422440253223517526e-01
1.418663338048354594e-01
1.418663338048354594e-01
1.426223792987846573e-01
1.426223792987846573e-01
1.426223792987846573e-01
1.448922453757097994e-01
1.448922453757097994e-01
1.445238896531713668e-01
1.452577741363980934e-01
1.448942214153793595e-01
1.445316534000710973e-01
1.445316534000710973e-01
1.434501871574764553e-01
1.424126602174946854e-01
1.413431295537252719e-01
1.399396511955095235e-01
1.399396511955095235e-01
1.399396511955095235e-01
1.388898276593517889e-01
1.388898276593517889e-01
1.388898276593517889e-01
1.375364807745240447e-01
1.389399739335145656e-01
1.403642558102382309e-01
1.403642558102382309e-01
1.403642558102382309e-01
1.403642558102382309e-01
1.400287301681279462e-01
1.396956442061964010e-01
1.403582551510585141e-01
1.403582551510585141e-01
1.416637969929197827e-01
1.426623048967927132e-01
1.426623048967927132e-01
1.423373508885034111e-01
1.429844001782248908e-01
1.449230415100379310e-01
1.455710032236467444e-01
1.455710032236467444e-01
1.455710032236467444e-01
1.462047103362479339e-01
1.462047103362479339e-01
1.465202226608844083e-01
1.465202226608844083e-01
1.465202226608844083e-01
1.455887756763905860e-01
1.455887756763905860e-01
1.455887756763905860e-01
1.455887756763905860e-01
1.455887756763905860e-01
1.461958512110890229e-01
