0.000000000000000000e+00
6.866268770463064552e-02
6.875390939114785216e-02
7.023322337671812632e-02
7.073131066661673960e-02
6.468884837261211496e-02
5.606767842417758468e-02
5.606018813698510767e-02
5.113367912164002577e-02
5.168344821556455915e-02
5.188610398186068590e-02
5.083958618260911444e-02
4.937647736698808770e-02
5.243932467648801388e-02
5.211434394358676475e-02
5.352002779509526520e-02
5.352002779509526520e-02
5.230925443823056242e-02
5.302819022196929993e-02
5.241411112576380149e-02
5.289515305555022445e-02
5.289515305555022445e-02
5.350041042093478527e-02
5.293863180382579053e-02
5.307932524776354244e-02
5.363938392177150516e-02
5.286890977484356990e-02
5.264292542542473030e-02
5.217305358801079679e-02
5.214121947308428262e-02
5.290905862125893505e-02
5.290905862125893505e-02
5.290905862125893505e-02
5.233649906588774825e-02
5.233649906588774825e-02
5.233649906588774825e-02
5.233649906588774825e-02
5.233649906588774825e-02
5.236872919650200492e-02
5.236872919650200492e-02
5.236872919650200492e-02
5.236872919650200492e-02
5.236872919650200492e-02
5.236872919650200492e-02
5.236872919650200492e-02
5.236872919650200492e-02
5.233649906588774825e-02
5.233649906588774825e-02
5.233649906588774825e-02
5.233649906588774825e-02
5.233649906588774825e-02
5.233649906588774825e-02
5.233649906588774825e-02
5.233649906588774825e-02
5.233649906588774825e-02
5.233649906588774825e-02
5.233649906588774825e-02
5.233649906588774825e-02
5.233649906588774825e-02
5.233649906588774825e-02
5.233649906588774825e-02
5.233649906588774825e-02
5.233649906588774825e-02
5.233649906588774825e-02
5.233649906588774825e-02
5.233649906588774825e-02
5.233649906588774825e-02
5.233649906588774825e-02
5.233649906588774825e-02
5.233649906588774825e-02
5.233649906588774825e-02
5.233649906588774825e-02
5.233649906588774825e-02
5.233649906588774825e-02
5.233649906588774825e-02
5.233649906588774825e-02
5.233649906588774825e-02
5.233649906588774825e-02
5.233649906588774825e-02
5.233649906588774825e-02
5.233649906588774825e-02
5.233649906588774825e-02
5.233649906588774825e-02
5.233649906588774825e-02
5.233649906588774825e-02
5.233649906588774825e-02
5.233649906588774825e-02
5.233649906588774825e-02
5.233649906588774825e-02
5.233649906588774825e-02
5.233649906588774825e-02
5.233649906588774825e-02
5.233649906588774825e-02
5.233649906588774825e-02
5.233649906588774825e-02
5.233649906588774825e-02
5.233649906588774825e-02
5.233649906588774825e-02
5.233649906588774825e-02
5.233649906588774825e-02
5.233649906588774825e-02
5.233649906588774825e-02
5.233649906588774825e-02
5.233649906588774825e-02
5.233649906588774825e-02
5.233649906588774825e-02
5.233649906588774825e-02
5.233649906588774825e-02
5.233649906588774825e-02
5.233649906588774825e-02
5.233649906588774825e-02
5.233649906588774825e-02
5.233649906588774825e-02
5.233649906588774825e-02
5.233649906588774825e-02
5.233649906588774825e-02
5.233649906588774825e-02
5.233649906588774825e-02
5.233649906588774825e-02
5.233649906588774825e-02
5.233649906588774825e-02
5.233649906588774825e-02
5.233649906588774825e-02
5.233649906588774825e-02
5.233649906588774825e-02
5.233649906588774825e-02
5.233649906588774825e-02
5.233649906588774825e-02
5.233649906588774825e-02
5.233649906588774825e-02
5.233649906588774825e-02
5.233649906588774825e-02
5.233649906588774825e-02
5.233649906588774825e-02
5.233649906588774825e-02
5.233649906588774825e-02
5.233649906588774825e-02
5.233649906588774825e-02
5.233649906588774825e-02
5.233649906588774825e-02
5.233649906588774825e-02
5.233649906588774825e-02
5.233649906588774825e-02
5.233649906588774825e-02
5.233649906588774825e-02
5.233649906588774825e-02
5.233649906588774825e-02
5.233649906588774825e-02
5.233649906588774825e-02
5.233649906588774825e-02
5.233649906588774825e-02
5.233649906588774825e-02
5.233649906588774825e-02
5.233649906588774825e-02
5.233649906588774825e-02
5.233649906588774825e-02
5.233649906588774825e-02
5.233649906588774825e-02
5.233649906588774825e-02
5.233649906588774825e-02
5.233649906588774825e-02
5.233649906588774825e-02
5.233649906588774825e-02
5.233649906588774825e-02
5.233649906588774825e-02
5.233649906588774825e-02
5.233649906588774825e-02
5.233649906588774825e-02
5.233649906588774825e-02
5.233649906588774825e-02
5.233649906588774825e-02
5.233649906588774825e-02
5.233649906588774825e-02
5.233649906588774825e-02
5.233649906588774825e-02
5.233649906588774825e-02
5.233649906588774825e-02
5.233649906588774825e-02
5.233649906588774825e-02
5.233649906588774825e-02
5.233649906588774825e-02
5.233649906588774825e-02
5.233649906588774825e-02
5.233649906588774825e-02
5.233649906588774825e-02
5.233649906588774825e-02
5.233649906588774825e-02
5.233649906588774825e-02
5.233649906588774825e-02
5.233649906588774825e-02
5.233649906588774825e-02
5.233649906588774825e-02
5.233649906588774825e-02
5.233649906588774825e-02
5.233649906588774825e-02
5.233649906588774825e-02
5.233649906588774825e-02
5.233649906588774825e-02
5.233649906588774825e-02
5.233649906588774825e-02
5.233649906588774825e-02
5.233649906588774825e-02
5.233649906588774825e-02
5.233649906588774825e-02
5.233649906588774825e-02
5.233649906588774825e-02
5.233649906588774825e-02
5.233649906588774825e-02
5.233649906588774825e-02
5.233649906588774825e-02
5.233649906588774825e-02
5.233649906588774825e-02
5.233649906588774825e-02
5.233649906588774825e-02
5.233649906588774825e-02
5.233649906588774825e-02
5.233649906588774825e-02
5.233649906588774825e-02
5.233649906588774825e-02
5.233649906588774825e-02
5.233649906588774825e-02
5.233649906588774825e-02
5.233649906588774825e-02
5.233649906588774825e-02
5.233649906588774825e-02
5.233649906588774825e-02
5.233649906588774825e-02
5.233649906588774825e-02
5.233649906588774825e-02
5.233649906588774825e-02
5.233649906588774825e-02
5.233649906588774825e-02
5.233649906588774825e-02
5.233649906588774825e-02
5.233649906588774825e-02
5.233649906588774825e-02
5.233649906588774825e-02
5.233649906588774825e-02
5.233649906588774825e-02
5.233649906588774825e-02
5.233649906588774825e-02
5.233649906588774825e-02
5.233649906588774825e-02
5.233649906588774825e-02
5.233649906588774825e-02
5.233649906588774825e-02
5.233649906588774825e-02
5.233649906588774825e-02
5.233649906588774825e-02
5.233649906588774825e-02
