0.000000000000000000e+00
6.042804675585138757e-02
5.583414532872384844e-02
4.940278110488810492e-02
4.814686801331414384e-02
4.783164733269697905e-02
4.831609087811997161e-02
4.732123577744506981e-02
5.042405615167936533e-02
5.045656940250644457e-02
4.590922018174048436e-02
4.590922018174048436e-02
4.590922018174048436e-02
4.590922018174048436e-02
4.590922018174048436e-02
4.590922018174048436e-02
4.590922018174048436e-02
4.590922018174048436e-02
4.590922018174048436e-02
4.590922018174048436e-02
4.590922018174048436e-02
4.590922018174048436e-02
4.590922018174048436e-02
4.590922018174048436e-02
4.590922018174048436e-02
4.590922018174048436e-02
4.590922018174048436e-02
4.590922018174048436e-02
4.590922018174048436e-02
4.590922018174048436e-02
4.590922018174048436e-02
4.590922018174048436e-02
4.590922018174048436e-02
4.590922018174048436e-02
4.590922018174048436e-02
4.590922018174048436e-02
4.590922018174048436e-02
4.590922018174048436e-02
4.590922018174048436e-02
4.590922018174048436e-02
4.590922018174048436e-02
4.590922018174048436e-02
4.590922018174048436e-02
4.590922018174048436e-02
4.590922018174048436e-02
4.590922018174048436e-02
4.590922018174048436e-02
4.590922018174048436e-02
4.590922018174048436e-02
4.590922018174048436e-02
4.590922018174048436e-02
4.590922018174048436e-02
4.590922018174048436e-02
4.590922018174048436e-02
4.590922018174048436e-02
4.590922018174048436e-02
4.590922018174048436e-02
4.590922018174048436e-02
4.590922018174048436e-02
4.590922018174048436e-02
4.590922018174048436e-02
4.590922018174048436e-02
4.590922018174048436e-02
4.590922018174048436e-02
4.590922018174048436e-02
4.590922018174048436e-02
4.590922018174048436e-02
4.590922018174048436e-02
4.590922018174048436e-02
4.590922018174048436e-02
4.590922018174048436e-02
4.590922018174048436e-02
4.590922018174048436e-02
4.590922018174048436e-02
4.590922018174048436e-02
4.590922018174048436e-02
4.590922018174048436e-02
4.590922018174048436e-02
4.590922018174048436e-02
4.590922018174048436e-02
4.590922018174048436e-02
4.590922018174048436e-02
4.590922018174048436e-02
4.590922018174048436e-02
4.590922018174048436e-02
4.590922018174048436e-02
4.590922018174048436e-02
4.590922018174048436e-02
4.590922018174048436e-02
4.590922018174048436e-02
4.590922018174048436e-02
4.590922018174048436e-02
4.590922018174048436e-02
4.590922018174048436e-02
4.590922018174048436e-02
4.590922018174048436e-02
4.590922018174048436e-02
4.590922018174048436e-02
4.590922018174048436e-02
4.590922018174048436e-02
4.590922018174048436e-02
4.590922018174048436e-02
4.590922018174048436e-02
4.590922018174048436e-02
4.590922018174048436e-02
4.590922018174048436e-02
4.590922018174048436e-02
4.590922018174048436e-02
4.590922018174048436e-02
4.590922018174048436e-02
4.590922018174048436e-02
4.590922018174048436e-02
4.590922018174048436e-02
4.590922018174048436e-02
4.590922018174048436e-02
4.590922018174048436e-02
4.590922018174048436e-02
4.590922018174048436e-02
4.590922018174048436e-02
4.590922018174048436e-02
4.590922018174048436e-02
4.590922018174048436e-02
4.590922018174048436e-02
4.590922018174048436e-02
4.590922018174048436e-02
4.590922018174048436e-02
4.590922018174048436e-02
4.590922018174048436e-02
4.590922018174048436e-02
4.590922018174048436e-02
4.590922018174048436e-02
4.590922018174048436e-02
4.590922018174048436e-02
4.590922018174048436e-02
4.590922018174048436e-02
4.590922018174048436e-02
4.590922018174048436e-02
4.590922018174048436e-02
4.590922018174048436e-02
4.590922018174048436e-02
4.590922018174048436e-02
4.590922018174048436e-02
4.590922018174048436e-02
4.590922018174048436e-02
4.590922018174048436e-02
4.590922018174048436e-02
4.590922018174048436e-02
4.590922018174048436e-02
4.590922018174048436e-02
4.590922018174048436e-02
4.590922018174048436e-02
4.590922018174048436e-02
4.590922018174048436e-02
4.590922018174048436e-02
4.590922018174048436e-02
4.590922018174048436e-02
4.590922018174048436e-02
4.590922018174048436e-02
4.590922018174048436e-02
4.590922018174048436e-02
4.590922018174048436e-02
4.590922018174048436e-02
4.590922018174048436e-02
4.590922018174048436e-02
4.590922018174048436e-02
4.590922018174048436e-02
4.590922018174048436e-02
4.590922018174048436e-02
4.590922018174048436e-02
4.590922018174048436e-02
4.590922018174048436e-02
4.590922018174048436e-02
4.590922018174048436e-02
4.590922018174048436e-02
4.590922018174048436e-02
4.590922018174048436e-02
4.590922018174048436e-02
4.590922018174048436e-02
4.590922018174048436e-02
4.590922018174048436e-02
4.590922018174048436e-02
4.590922018174048436e-02
4.590922018174048436e-02
4.590922018174048436e-02
4.590922018174048436e-02
4.590922018174048436e-02
4.590922018174048436e-02
4.590922018174048436e-02
4.590922018174048436e-02
4.590922018174048436e-02
4.590922018174048436e-02
4.590922018174048436e-02
4.590922018174048436e-02
4.590922018174048436e-02
4.590922018174048436e-02
4.590922018174048436e-02
4.590922018174048436e-02
4.590922018174048436e-02
4.590922018174048436e-02
4.590922018174048436e-02
4.590922018174048436e-02
4.590922018174048436e-02
4.590922018174048436e-02
4.590922018174048436e-02
4.590922018174048436e-02
4.590922018174048436e-02
4.590922018174048436e-02
4.590922018174048436e-02
4.590922018174048436e-02
4.590922018174048436e-02
4.590922018174048436e-02
4.590922018174048436e-02
4.590922018174048436e-02
4.590922018174048436e-02
4.590922018174048436e-02
4.590922018174048436e-02
4.590922018174048436e-02
4.590922018174048436e-02
4.590922018174048436e-02
4.590922018174048436e-02
4.590922018174048436e-02
4.590922018174048436e-02
4.590922018174048436e-02
4.590922018174048436e-02
4.590922018174048436e-02
4.590922018174048436e-02
4.590922018174048436e-02
4.590922018174048436e-02
4.590922018174048436e-02
4.590922018174048436e-02
4.590922018174048436e-02
4.590922018174048436e-02
4.590922018174048436e-02
4.590922018174048436e-02
4.590922018174048436e-02
4.590922018174048436e-02
4.590922018174048436e-02
4.590922018174048436e-02
4.590922018174048436e-02
4.590922018174048436e-02
4.590922018174048436e-02
4.590922018174048436e-02
4.590922018174048436e-02
4.590922018174048436e-02
4.590922018174048436e-02
4.590922018174048436e-02
4.590922018174048436e-02
4.590922018174048436e-02
4.590922018174048436e-02
4.590922018174048436e-02
