0.000000000000000000e+00
4.725400949168710035e-02
4.838142211879911669e-02
4.831588253186491766e-02
4.710185498502428292e-02
4.626740063356258453e-02
-3.705313894569622207e-02
-3.915041033075906257e-02
-4.074752035739981348e-02
-4.065627079556111828e-02
-4.080351729827531859e-02
-4.290801974593969059e-02
5.085355545064710464e-02
5.199014774811829692e-02
5.208532970866600748e-02
5.186380889305003405e-02
4.995698524904713250e-02
-5.318151699427903223e-02
-4.163859966895512577e-02
-3.913916127488314273e-02
-3.994248017991047089e-02
-3.966896098339404986e-02
-3.800136841865894843e-02
4.339639495925376456e-02
4.925381995983248856e-02
5.032362898463797057e-02
5.008835574545113939e-02
4.945584175999944571e-02
4.628014650763495608e-02
-4.631022572054908221e-02
-4.381261912561897759e-02
-4.387519498995642864e-02
-4.380275438502462954e-02
-4.264112357203492243e-02
-4.426047311829162112e-02
4.472058695092879371e-02
4.778389931637225946e-02
4.867713442202035307e-02
4.894522448643084944e-02
4.959581145770669552e-02
-3.991488610280297805e-02
-4.379258934785720814e-02
-4.318433717420264162e-02
-4.380212254801534727e-02
-4.079891731694836737e-02
-4.580409262750107652e-02
4.476205073547828012e-02
4.422663893282129804e-02
4.575576852818091789e-02
4.523966747056867854e-02
5.293149881946591223e-02
3.365112196442067438e-02
-4.606491787389640352e-02
-4.366857404719704655e-02
-4.344255051234133247e-02
-4.210384266454245822e-02
-4.080935189800192348e-02
3.813849944575046363e-02
4.380272950673188420e-02
4.159037181630814012e-02
3.955579950571729703e-02
5.407965430875767004e-02
4.456427856673524784e-02
-4.499880103925562452e-02
-4.376088226064733105e-02
-4.078922721566969473e-02
-3.881347915855707514e-02
-3.494560750019595763e-02
-4.122562551806815273e-02
4.261930807648734582e-02
4.267318166401928847e-02
3.874626324230476954e-02
5.051844635810533862e-02
5.115476067048341929e-02
-3.864564252750681689e-02
-4.407310864098570868e-02
-4.404094806596967060e-02
-4.090272640895193518e-02
-3.495405551027466057e-02
-4.214096629471741906e-02
3.466752662790990869e-02
4.596970043098799058e-02
4.123175827758508022e-02
4.979444371498913807e-02
4.892683154650185468e-02
4.391761143855252986e-02
-4.378941982064549904e-02
-4.569290497500694964e-02
-3.983117934933726179e-02
-3.716122241938073917e-02
-4.222134434484889343e-02
3.938545888776030790e-02
4.371728963585621436e-02
4.098612572316045338e-02
4.642547922041845992e-02
4.522455064216818199e-02
4.724189022024258972e-02
-3.785295437322131612e-02
-4.375515176375746607e-02
-4.302622157196336894e-02
-3.836344285476666477e-02
-3.851312037629705393e-02
-3.650854564300835131e-02
2.874493680646411989e-02
3.877891771468027632e-02
4.439793761176577536e-02
4.514311417726749737e-02
4.914652279343131869e-02
3.772030425605652632e-02
-5.051274097613047548e-02
-4.148781847106749326e-02
-3.422156756983845555e-02
-4.055767074945683393e-02
-4.041567373027664389e-02
2.876341291197636804e-02
4.265474250589143534e-02
4.352834069257314337e-02
4.420641556535593458e-02
4.364934302805343475e-02
3.846698149345280371e-02
-3.754081496815663693e-02
-4.640724336045150972e-02
-3.469528524679375142e-02
-3.991869470307451984e-02
-4.089064463215977968e-02
-3.478182165896958472e-02
3.847050934067575839e-02
4.382887706788123755e-02
4.912460891360357490e-02
4.440310505564595139e-02
4.457557681818032774e-02
-4.102214680340720426e-02
-4.476652718974019618e-02
-3.660921941222945730e-02
-3.954790215995553776e-02
-3.712846906717402751e-02
-3.682824675059100800e-02
4.073510742657128481e-02
4.877992211681788509e-02
4.863944526850974559e-02
4.618338205123737050e-02
4.356670006712307086e-02
4.226799499003264238e-02
-4.689408743843748173e-02
-4.296781649869212821e-02
-3.754163125423429920e-02
-3.806537945709542736e-02
-3.746053848688928739e-02
2.413551197250345462e-02
4.514362306787312457e-02
4.677256546844613810e-02
4.497075668999366699e-02
5.037518911255469550e-02
5.461592866764149873e-02
-4.942986450829170431e-02
-4.076398859723253526e-02
-3.874539998875955321e-02
-3.569187932212031927e-02
-3.568952580643128258e-02
-2.623463157098145093e-02
4.292145266475680399e-02
4.801887899165166451e-02
4.801324969985480001e-02
4.813289788380972073e-02
5.148578912874069574e-02
4.233946673493740875e-02
-5.160327648765649505e-02
-3.979534943388222945e-02
-3.745479323934839538e-02
-4.302026929156024110e-02
-3.848042558059694418e-02
3.777954187748610443e-02
3.792638152471312224e-02
4.542414162757673485e-02
4.457336042344656885e-02
4.492270445679358293e-02
4.318292374261534922e-02
-4.699995799671381064e-02
-3.958462191234711491e-02
-4.148916147683348599e-02
-4.402327605394776300e-02
-4.100439052290128644e-02
-4.083394370357730507e-02
4.204945923366055355e-02
4.584848908024027198e-02
4.323744818290990027e-02
4.312363302608008403e-02
5.030300488369745388e-02
3.452579111999567324e-02
-3.646777840628134121e-02
-3.646922155014501593e-02
-3.680485164678373028e-02
-3.704010452329396103e-02
-4.133120402640808738e-02
3.963265402671283660e-02
4.581054606143521862e-02
4.463638244100753133e-02
4.483264176451712268e-02
4.827164695128263738e-02
4.453593704473021025e-02
-3.081598967722423352e-02
-4.428275634315304715e-02
-4.065754824403289974e-02
-4.588347870146432944e-02
-4.624424720521635307e-02
-3.923435501128869768e-02
4.340014707012951334e-02
5.184972762699376764e-02
5.211346646335553862e-02
4.815266181626366021e-02
4.315003777598411250e-02
-3.744464885953611988e-02
-3.932206215713177772e-02
-4.350821897131099125e-02
-4.729083127096847528e-02
-3.717671942549601732e-02
-4.003406816925044603e-02
4.800054509735918878e-02
4.813570448124294271e-02
4.786201531289774325e-02
4.728737743052183889e-02
4.446700385704125541e-02
3.872775535323447899e-02
-3.696216134862382457e-02
-4.121334537850414315e-02
-4.242879013925904275e-02
-4.040169230751551599e-02
-3.621072486271666863e-02
-4.339866496948988767e-02
4.671377429022984668e-02
4.670080269403852763e-02
4.166958247158867451e-02
4.392621711080057362e-02
3.718518543651241209e-02
-3.531897692825327478e-02
-4.462373231853512118e-02
-4.113548431076744644e-02
-4.574864992842348627e-02
-4.542796716341934715e-02
-4.061863774490670487e-02
4.327815913301762824e-02
4.713615963469708348e-02
3.873378439269263562e-02
4.476929190737769654e-02
3.522075691445410162e-02
4.323725728351816150e-02
-4.215921978062318193e-02
-4.443888330564432776e-02
-4.792050589081153084e-02
-4.169671141427447325e-02
