1.000000000000000000e+00
9.992713321875107413e-01
9.975838250608053404e-01
9.958694677969351927e-01
9.915124062058087162e-01
9.869897069521788024e-01
9.822067769071413101e-01
9.786087755616712514e-01
9.758979394696384313e-01
9.731308233909363725e-01
9.705594312407904711e-01
9.684955238911235886e-01
9.667043624200943874e-01
9.652802676897388467e-01
9.634890797115908123e-01
9.631656979990895762e-01
9.619570148283181910e-01
9.618466291208914720e-01
9.618466291208914720e-01
9.618466291208914720e-01
9.618466291208914720e-01
9.620976557128935180e-01
9.620976557128935180e-01
9.620976557128935180e-01
9.617636117581702671e-01
9.617636117581702671e-01
9.617636117581702671e-01
9.617636117581702671e-01
9.617636117581702671e-01
9.617636117581702671e-01
9.617636117581702671e-01
9.617636117581702671e-01
9.617636117581702671e-01
9.617636117581702671e-01
9.617636117581702671e-01
9.617636117581702671e-01
9.617636117581702671e-01
9.622315866095941805e-01
9.622315866095941805e-01
9.622315866095941805e-01
9.622315866095941805e-01
9.622315866095941805e-01
9.622315866095941805e-01
9.622315866095941805e-01
9.622315866095941805e-01
9.622315866095941805e-01
9.622315866095941805e-01
9.622315866095941805e-01
9.622315866095941805e-01
9.622315866095941805e-01
9.622315866095941805e-01
9.622315866095941805e-01
9.622315866095941805e-01
9.622315866095941805e-01
9.622315866095941805e-01
9.622315866095941805e-01
9.622315866095941805e-01
9.622315866095941805e-01
9.622315866095941805e-01
9.622315866095941805e-01
9.622315866095941805e-01
9.622315866095941805e-01
9.622315866095941805e-01
9.622315866095941805e-01
9.622315866095941805e-01
9.622315866095941805e-01
9.622315866095941805e-01
9.622315866095941805e-01
9.622315866095941805e-01
9.622315866095941805e-01
9.622315866095941805e-01
9.622315866095941805e-01
9.622315866095941805e-01
9.622315866095941805e-01
9.622315866095941805e-01
9.622315866095941805e-01
9.622315866095941805e-01
9.622315866095941805e-01
9.622315866095941805e-01
9.622315866095941805e-01
9.622315866095941805e-01
9.622315866095941805e-01
9.622315866095941805e-01
9.622315866095941805e-01
9.622315866095941805e-01
9.622315866095941805e-01
9.622315866095941805e-01
9.622315866095941805e-01
9.622315866095941805e-01
9.622315866095941805e-01
9.622315866095941805e-01
9.622315866095941805e-01
9.622315866095941805e-01
9.622315866095941805e-01
9.622315866095941805e-01
9.622315866095941805e-01
9.622315866095941805e-01
9.622315866095941805e-01
9.622315866095941805e-01
9.622315866095941805e-01
9.622315866095941805e-01
9.622315866095941805e-01
9.622315866095941805e-01
9.622315866095941805e-01
9.622315866095941805e-01
9.622315866095941805e-01
9.622315866095941805e-01
9.622315866095941805e-01
9.622315866095941805e-01
9.622315866095941805e-01
9.622315866095941805e-01
9.622315866095941805e-01
9.622315866095941805e-01
9.622315866095941805e-01
9.622315866095941805e-01
9.622315866095941805e-01
9.622315866095941805e-01
9.622315866095941805e-01
9.622315866095941805e-01
9.622315866095941805e-01
9.622315866095941805e-01
9.622315866095941805e-01
9.622315866095941805e-01
9.622315866095941805e-01
9.622315866095941805e-01
9.622315866095941805e-01
9.622315866095941805e-01
9.622315866095941805e-01
9.622315866095941805e-01
9.622315866095941805e-01
9.622315866095941805e-01
9.622315866095941805e-01
9.622315866095941805e-01
9.622315866095941805e-01
9.622315866095941805e-01
9.622315866095941805e-01
9.622315866095941805e-01
9.622315866095941805e-01
9.622315866095941805e-01
9.622315866095941805e-01
9.622315866095941805e-01
9.622315866095941805e-01
9.622315866095941805e-01
9.622315866095941805e-01
9.622315866095941805e-01
9.622315866095941805e-01
9.622315866095941805e-01
9.622315866095941805e-01
9.622315866095941805e-01
9.622315866095941805e-01
9.622315866095941805e-01
9.622315866095941805e-01
9.622315866095941805e-01
9.622315866095941805e-01
9.622315866095941805e-01
9.622315866095941805e-01
9.622315866095941805e-01
9.622315866095941805e-01
9.622315866095941805e-01
9.622315866095941805e-01
9.622315866095941805e-01
9.622315866095941805e-01
9.622315866095941805e-01
9.622315866095941805e-01
9.622315866095941805e-01
9.622315866095941805e-01
9.622315866095941805e-01
9.622315866095941805e-01
9.622315866095941805e-01
9.622315866095941805e-01
9.622315866095941805e-01
9.622315866095941805e-01
9.622315866095941805e-01
9.622315866095941805e-01
9.622315866095941805e-01
9.622315866095941805e-01
9.622315866095941805e-01
9.622315866095941805e-01
9.622315866095941805e-01
9.622315866095941805e-01
9.622315866095941805e-01
9.622315866095941805e-01
9.622315866095941805e-01
9.622315866095941805e-01
9.622315866095941805e-01
9.622315866095941805e-01
9.622315866095941805e-01
9.622315866095941805e-01
9.622315866095941805e-01
9.622315866095941805e-01
9.622315866095941805e-01
9.622315866095941805e-01
9.622315866095941805e-01
9.622315866095941805e-01
9.622315866095941805e-01
9.622315866095941805e-01
9.622315866095941805e-01
9.622315866095941805e-01
9.622315866095941805e-01
9.622315866095941805e-01
9.622315866095941805e-01
9.622315866095941805e-01
9.622315866095941805e-01
9.622315866095941805e-01
9.622315866095941805e-01
9.622315866095941805e-01
9.622315866095941805e-01
9.622315866095941805e-01
9.622315866095941805e-01
9.622315866095941805e-01
9.622315866095941805e-01
9.622315866095941805e-01
9.622315866095941805e-01
9.622315866095941805e-01
9.622315866095941805e-01
9.622315866095941805e-01
9.622315866095941805e-01
9.622315866095941805e-01
9.622315866095941805e-01
9.622315866095941805e-01
9.622315866095941805e-01
9.622315866095941805e-01
9.622315866095941805e-01
9.622315866095941805e-01
9.622315866095941805e-01
9.622315866095941805e-01
9.622315866095941805e-01
9.622315866095941805e-01
9.622315866095941805e-01
9.622315866095941805e-01
9.622315866095941805e-01
9.622315866095941805e-01
9.622315866095941805e-01
9.622315866095941805e-01
9.622315866095941805e-01
9.622315866095941805e-01
9.622315866095941805e-01
9.622315866095941805e-01
9.622315866095941805e-01
9.622315866095941805e-01
9.622315866095941805e-01
9.622315866095941805e-01
9.622315866095941805e-01
9.622315866095941805e-01
9.622315866095941805e-01
9.622315866095941805e-01
9.622315866095941805e-01
9.622315866095941805e-01
9.622315866095941805e-01
9.622315866095941805e-01
