1.000000000000000000e+00
9.990474140906735467e-01
9.967100933006339814e-01
9.935369860049196866e-01
9.921144249509831203e-01
9.890851373888794873e-01
9.879315626550670970e-01
9.864370031447420306e-01
9.848400900716642870e-01
9.833781373844461271e-01
9.833781373844461271e-01
9.822498946366280403e-01
9.822498946366280403e-01
9.813255848055861819e-01
9.813255848055861819e-01
9.813255848055861819e-01
9.813255848055861819e-01
9.813255848055861819e-01
9.816985542288773070e-01
9.816985542288773070e-01
9.816985542288773070e-01
9.816985542288773070e-01
9.816985542288773070e-01
9.816985542288773070e-01
9.816985542288773070e-01
9.816985542288773070e-01
9.816985542288773070e-01
9.816985542288773070e-01
9.816985542288773070e-01
9.816985542288773070e-01
9.816985542288773070e-01
9.816985542288773070e-01
9.816985542288773070e-01
9.816985542288773070e-01
9.816985542288773070e-01
9.816985542288773070e-01
9.816985542288773070e-01
9.816985542288773070e-01
9.816985542288773070e-01
9.816985542288773070e-01
9.816985542288773070e-01
9.816985542288773070e-01
9.816985542288773070e-01
9.816985542288773070e-01
9.816985542288773070e-01
9.816985542288773070e-01
9.816985542288773070e-01
9.816985542288773070e-01
9.816985542288773070e-01
9.816985542288773070e-01
9.816985542288773070e-01
9.816985542288773070e-01
9.816985542288773070e-01
9.816985542288773070e-01
9.816985542288773070e-01
9.816985542288773070e-01
9.816985542288773070e-01
9.816985542288773070e-01
9.816985542288773070e-01
9.816985542288773070e-01
9.816985542288773070e-01
9.816985542288773070e-01
9.816985542288773070e-01
9.816985542288773070e-01
9.816985542288773070e-01
9.816985542288773070e-01
9.816985542288773070e-01
9.816985542288773070e-01
9.816985542288773070e-01
9.816985542288773070e-01
9.816985542288773070e-01
9.816985542288773070e-01
9.816985542288773070e-01
9.816985542288773070e-01
9.816985542288773070e-01
9.816985542288773070e-01
9.816985542288773070e-01
9.816985542288773070e-01
9.816985542288773070e-01
9.816985542288773070e-01
9.816985542288773070e-01
9.816985542288773070e-01
9.816985542288773070e-01
9.816985542288773070e-01
9.816985542288773070e-01
9.816985542288773070e-01
9.816985542288773070e-01
9.816985542288773070e-01
9.816985542288773070e-01
9.816985542288773070e-01
9.816985542288773070e-01
9.816985542288773070e-01
9.816985542288773070e-01
9.816985542288773070e-01
9.816985542288773070e-01
9.816985542288773070e-01
9.816985542288773070e-01
9.816985542288773070e-01
9.816985542288773070e-01
9.816985542288773070e-01
9.816985542288773070e-01
9.816985542288773070e-01
9.816985542288773070e-01
9.816985542288773070e-01
9.816985542288773070e-01
9.816985542288773070e-01
9.816985542288773070e-01
9.816985542288773070e-01
9.816985542288773070e-01
9.816985542288773070e-01
9.816985542288773070e-01
9.816985542288773070e-01
9.816985542288773070e-01
9.816985542288773070e-01
9.816985542288773070e-01
9.816985542288773070e-01
9.816985542288773070e-01
9.816985542288773070e-01
9.816985542288773070e-01
9.816985542288773070e-01
9.816985542288773070e-01
9.816985542288773070e-01
9.816985542288773070e-01
9.816985542288773070e-01
9.816985542288773070e-01
9.816985542288773070e-01
9.816985542288773070e-01
9.816985542288773070e-01
9.816985542288773070e-01
9.816985542288773070e-01
9.816985542288773070e-01
9.816985542288773070e-01
9.816985542288773070e-01
9.816985542288773070e-01
9.816985542288773070e-01
9.816985542288773070e-01
9.816985542288773070e-01
9.816985542288773070e-01
9.816985542288773070e-01
9.816985542288773070e-01
9.816985542288773070e-01
9.816985542288773070e-01
9.816985542288773070e-01
9.816985542288773070e-01
9.816985542288773070e-01
9.816985542288773070e-01
9.816985542288773070e-01
9.816985542288773070e-01
9.816985542288773070e-01
9.816985542288773070e-01
9.816985542288773070e-01
9.816985542288773070e-01
9.816985542288773070e-01
9.816985542288773070e-01
9.816985542288773070e-01
9.816985542288773070e-01
9.816985542288773070e-01
9.816985542288773070e-01
9.816985542288773070e-01
9.816985542288773070e-01
9.816985542288773070e-01
9.816985542288773070e-01
9.816985542288773070e-01
9.816985542288773070e-01
9.816985542288773070e-01
9.816985542288773070e-01
9.816985542288773070e-01
9.816985542288773070e-01
9.816985542288773070e-01
9.816985542288773070e-01
9.816985542288773070e-01
9.816985542288773070e-01
9.816985542288773070e-01
9.816985542288773070e-01
9.816985542288773070e-01
9.816985542288773070e-01
9.816985542288773070e-01
9.816985542288773070e-01
9.816985542288773070e-01
9.816985542288773070e-01
9.816985542288773070e-01
9.816985542288773070e-01
9.816985542288773070e-01
9.816985542288773070e-01
9.816985542288773070e-01
9.816985542288773070e-01
9.816985542288773070e-01
9.816985542288773070e-01
9.816985542288773070e-01
9.816985542288773070e-01
9.816985542288773070e-01
9.816985542288773070e-01
9.816985542288773070e-01
9.816985542288773070e-01
9.816985542288773070e-01
9.816985542288773070e-01
9.816985542288773070e-01
9.816985542288773070e-01
9.816985542288773070e-01
9.816985542288773070e-01
9.816985542288773070e-01
9.816985542288773070e-01
9.816985542288773070e-01
9.816985542288773070e-01
9.816985542288773070e-01
9.816985542288773070e-01
9.816985542288773070e-01
9.816985542288773070e-01
9.816985542288773070e-01
9.816985542288773070e-01
9.816985542288773070e-01
9.816985542288773070e-01
9.816985542288773070e-01
9.816985542288773070e-01
9.816985542288773070e-01
9.816985542288773070e-01
9.816985542288773070e-01
9.816985542288773070e-01
9.816985542288773070e-01
9.816985542288773070e-01
9.816985542288773070e-01
9.816985542288773070e-01
9.816985542288773070e-01
9.816985542288773070e-01
9.816985542288773070e-01
9.816985542288773070e-01
9.816985542288773070e-01
9.816985542288773070e-01
9.816985542288773070e-01
9.816985542288773070e-01
9.816985542288773070e-01
9.816985542288773070e-01
9.816985542288773070e-01
9.816985542288773070e-01
9.816985542288773070e-01
9.816985542288773070e-01
9.816985542288773070e-01
9.816985542288773070e-01
9.816985542288773070e-01
9.816985542288773070e-01
9.816985542288773070e-01
9.816985542288773070e-01
9.816985542288773070e-01
9.816985542288773070e-01
9.816985542288773070e-01
9.816985542288773070e-01
9.816985542288773070e-01
9.816985542288773070e-01
9.816985542288773070e-01
9.816985542288773070e-01
