1.000000000000000000e+00
9.400440693015476024e-01
6.440701716376109331e-01
4.517313670422340444e-01
3.700302604421458197e-01
1.977513733136175011e-01
1.133811224833297798e-01
7.392438280863287969e-02
4.353132355131415776e-02
2.076745103965669734e-02
2.586243870283455593e-02
2.714152978299357033e-02
2.072442670861038630e-02
2.904290582544885937e-02
2.904290582544885937e-02
2.108534178423032007e-02
2.845640732843877918e-02
2.845640732843877918e-02
2.245909179005358206e-02
2.511546478020354120e-02
2.604854492334255853e-02
2.245909179005358206e-02
2.245909179005358206e-02
2.511546478020354120e-02
2.245909179005358206e-02
2.245909179005358206e-02
2.511546478020354120e-02
2.245909179005358206e-02
2.245909179005358206e-02
2.511546478020354120e-02
2.373732304728318893e-02
2.245909179005358206e-02
2.511546478020354120e-02
2.511546478020354120e-02
2.245909179005358206e-02
2.511546478020354120e-02
2.511546478020354120e-02
2.245909179005358206e-02
2.511546478020354120e-02
2.511546478020354120e-02
2.245909179005358206e-02
2.245909179005358206e-02
2.511546478020354120e-02
2.245909179005358206e-02
2.245909179005358206e-02
2.511546478020354120e-02
2.245909179005358206e-02
2.245909179005358206e-02
2.511546478020354120e-02
2.511546478020354120e-02
2.383723352297393780e-02
2.511546478020354120e-02
2.511546478020354120e-02
2.383723352297393780e-02
2.511546478020354120e-02
2.511546478020354120e-02
2.383723352297393780e-02
2.511546478020354120e-02
2.511546478020354120e-02
2.383723352297393780e-02
2.511546478020354120e-02
2.511546478020354120e-02
2.383723352297393780e-02
2.383723352297393780e-02
2.511546478020354120e-02
2.383723352297393780e-02
2.383723352297393780e-02
2.511546478020354120e-02
2.383723352297393780e-02
2.383723352297393780e-02
2.511546478020354120e-02
2.511546478020354120e-02
2.383723352297393780e-02
2.511546478020354120e-02
2.511546478020354120e-02
2.383723352297393780e-02
2.511546478020354120e-02
2.511546478020354120e-02
2.383723352297393780e-02
2.511546478020354120e-02
2.511546478020354120e-02
2.383723352297393780e-02
2.383723352297393780e-02
2.511546478020354120e-02
2.383723352297393780e-02
2.383723352297393780e-02
2.511546478020354120e-02
2.383723352297393780e-02
2.383723352297393780e-02
2.511546478020354120e-02
2.511546478020354120e-02
2.383723352297393780e-02
2.511546478020354120e-02
2.511546478020354120e-02
2.383723352297393780e-02
2.511546478020354120e-02
2.511546478020354120e-02
2.383723352297393780e-02
2.511546478020354120e-02
2.511546478020354120e-02
2.383723352297393780e-02
2.383723352297393780e-02
2.511546478020354120e-02
2.383723352297393780e-02
2.383723352297393780e-02
2.511546478020354120e-02
2.383723352297393780e-02
2.383723352297393780e-02
2.511546478020354120e-02
2.511546478020354120e-02
2.383723352297393780e-02
2.511546478020354120e-02
2.511546478020354120e-02
2.383723352297393780e-02
2.511546478020354120e-02
2.511546478020354120e-02
2.383723352297393780e-02
2.511546478020354120e-02
2.511546478020354120e-02
2.383723352297393780e-02
2.511546478020354120e-02
2.511546478020354120e-02
2.383723352297393780e-02
2.383723352297393780e-02
2.511546478020354120e-02
2.383723352297393780e-02
2.383723352297393780e-02
2.511546478020354120e-02
2.511546478020354120e-02
2.383723352297393780e-02
2.511546478020354120e-02
2.511546478020354120e-02
2.383723352297393780e-02
2.511546478020354120e-02
2.511546478020354120e-02
2.383723352297393780e-02
2.383723352297393780e-02
2.383723352297393780e-02
2.383723352297393780e-02
2.383723352297393780e-02
2.383723352297393780e-02
2.383723352297393780e-02
2.383723352297393780e-02
2.383723352297393780e-02
2.383723352297393780e-02
2.383723352297393780e-02
2.383723352297393780e-02
2.383723352297393780e-02
2.383723352297393780e-02
2.383723352297393780e-02
2.383723352297393780e-02
2.383723352297393780e-02
2.383723352297393780e-02
2.383723352297393780e-02
2.383723352297393780e-02
2.383723352297393780e-02
2.383723352297393780e-02
2.383723352297393780e-02
2.383723352297393780e-02
2.383723352297393780e-02
2.383723352297393780e-02
2.383723352297393780e-02
2.383723352297393780e-02
2.383723352297393780e-02
2.383723352297393780e-02
2.383723352297393780e-02
2.383723352297393780e-02
2.383723352297393780e-02
2.383723352297393780e-02
2.383723352297393780e-02
2.383723352297393780e-02
2.383723352297393780e-02
2.383723352297393780e-02
2.383723352297393780e-02
2.383723352297393780e-02
2.383723352297393780e-02
2.383723352297393780e-02
2.383723352297393780e-02
2.383723352297393780e-02
2.383723352297393780e-02
2.383723352297393780e-02
2.383723352297393780e-02
2.383723352297393780e-02
2.383723352297393780e-02
2.383723352297393780e-02
2.383723352297393780e-02
2.383723352297393780e-02
2.383723352297393780e-02
2.383723352297393780e-02
2.383723352297393780e-02
2.383723352297393780e-02
2.383723352297393780e-02
2.383723352297393780e-02
2.383723352297393780e-02
2.383723352297393780e-02
2.383723352297393780e-02
2.383723352297393780e-02
2.383723352297393780e-02
2.383723352297393780e-02
2.383723352297393780e-02
2.383723352297393780e-02
2.383723352297393780e-02
2.383723352297393780e-02
2.383723352297393780e-02
2.383723352297393780e-02
2.383723352297393780e-02
2.383723352297393780e-02
2.383723352297393780e-02
2.383723352297393780e-02
2.383723352297393780e-02
2.383723352297393780e-02
2.383723352297393780e-02
2.383723352297393780e-02
2.383723352297393780e-02
2.383723352297393780e-02
2.383723352297393780e-02
2.383723352297393780e-02
2.383723352297393780e-02
2.383723352297393780e-02
2.383723352297393780e-02
2.383723352297393780e-02
2.383723352297393780e-02
2.383723352297393780e-02
2.383723352297393780e-02
2.383723352297393780e-02
2.383723352297393780e-02
2.383723352297393780e-02
2.383723352297393780e-02
2.383723352297393780e-02
2.383723352297393780e-02
2.383723352297393780e-02
2.383723352297393780e-02
2.383723352297393780e-02
2.383723352297393780e-02
2.383723352297393780e-02
2.383723352297393780e-02
2.383723352297393780e-02
2.383723352297393780e-02
2.383723352297393780e-02
2.383723352297393780e-02
2.383723352297393780e-02
2.383723352297393780e-02
2.383723352297393780e-02
2.383723352297393780e-02
2.383723352297393780e-02
2.383723352297393780e-02
2.383723352297393780e-02
2.383723352297393780e-02
2.383723352297393780e-02
2.383723352297393780e-02
