0.000000000000000000e+00
2.082689257678379049e-02
2.082689257678379049e-02
2.060152737132390707e-02
1.984077992784305869e-02
1.957921768070820800e-02
1.969220805606350030e-02
1.974458314998503439e-02
1.941083284972592790e-02
1.927789431829984509e-02
1.916532931950610044e-02
1.910761890184094203e-02
1.883250846078060939e-02
1.895228813470966125e-02
1.879765949961170399e-02
1.877969164161261487e-02
1.851702719397404356e-02
1.859443844535907386e-02
1.846413852267717384e-02
1.838661047873310292e-02
1.834937529621792976e-02
1.822537742788384041e-02
1.824550600979847614e-02
1.829687314878848670e-02
1.833650500866589039e-02
1.841856018760606659e-02
1.844936599421919191e-02
1.834784517171510893e-02
1.834612474147218411e-02
1.834612474147218411e-02
1.835123763350971285e-02
1.823933170246149621e-02
1.839652500558217052e-02
1.837750482474574676e-02
1.839814018921860986e-02
1.835297408162030533e-02
1.841243677977614721e-02
1.844139177080448069e-02
1.855254327594405006e-02
1.860959531480198270e-02
1.863059956437508602e-02
1.867394591084771405e-02
1.875229863646831613e-02
1.868997359991622989e-02
1.868917693327301621e-02
1.875820709912584885e-02
1.900498032509393906e-02
1.894854964107274900e-02
1.898750956344921401e-02
1.902594346313971410e-02
1.903468572025687408e-02
1.913668573016176835e-02
1.910537188045975318e-02
1.910537188045975318e-02
1.907160971865670337e-02
1.908814719449785507e-02
1.911521320130118301e-02
1.908030639470133585e-02
1.918236995312322390e-02
1.916167422282639282e-02
1.902879474093645620e-02
1.906317103746199906e-02
1.884951430418870325e-02
1.878253803522907453e-02
1.856653827769352838e-02
1.860135641475114954e-02
1.868079309799505414e-02
1.867995923679907633e-02
1.870651362339381327e-02
1.878498254599392583e-02
1.876147609687040321e-02
1.867477680877348972e-02
1.869853957278797690e-02
1.870046471618628040e-02
1.883114326300395699e-02
1.873026556984211388e-02
1.883758470495815532e-02
1.890626772377098155e-02
1.890485479062829072e-02
1.892004057938327655e-02
1.890024430228733412e-02
1.879179936003493034e-02
1.879179936003493034e-02
1.879179936003493034e-02
1.888657313372865340e-02
1.888735660320707901e-02
1.889703089017381529e-02
1.888589587286218854e-02
1.858295453093376445e-02
1.858295453093376445e-02
1.862265339559469879e-02
1.862265339559469879e-02
1.858036426271413716e-02
1.853152402516505121e-02
1.853152402516505121e-02
1.843082937613928565e-02
1.843187525990753681e-02
1.843187525990753681e-02
1.833429430698981996e-02
1.827055742382785106e-02
1.840639528931718380e-02
1.845824114475520458e-02
1.859286082754988204e-02
1.861374606009181740e-02
1.864098371462378362e-02
1.864098371462378362e-02
1.866529534383901123e-02
1.861045313586908931e-02
1.860476278178268411e-02
1.860476278178268411e-02
1.860476278178268411e-02
1.863094665233337374e-02
1.852974283060701902e-02
1.857339530331345370e-02
1.857339530331345370e-02
1.857383770871648757e-02
1.855315210182391719e-02
1.860245660982661961e-02
1.860245660982661961e-02
1.860245660982661961e-02
1.866807364907157457e-02
1.866807364907157457e-02
1.866807364907157457e-02
1.869458897078803139e-02
1.867036897538610837e-02
1.867036897538610837e-02
1.867116300195451398e-02
1.868153624110678243e-02
1.870955348105524454e-02
1.874448233914446579e-02
1.859410616781195097e-02
1.859462237638218052e-02
1.854230394242327093e-02
1.857831187210412169e-02
1.857831187210412169e-02
1.857948294232709269e-02
1.858042405324969101e-02
1.858042405324969101e-02
1.850942033245669624e-02
1.843336913017282544e-02
1.841878976199396237e-02
1.841878976199396237e-02
1.846371997300159593e-02
1.846465541243714342e-02
1.846815857477281803e-02
1.845022599920303000e-02
1.845022599920303000e-02
1.845022599920303000e-02
1.842327091638119516e-02
1.842327091638119516e-02
1.842376785760603888e-02
1.849784534965794383e-02
1.850139413950673342e-02
1.850139413950673342e-02
1.861330347959566645e-02
1.870847194493362869e-02
1.870847194493362869e-02
1.870847194493362869e-02
1.870847194493362869e-02
1.870847194493362869e-02
1.869577216232395228e-02
1.878318380533205989e-02
1.877504863290018269e-02
1.877504863290018269e-02
1.875435528966265877e-02
1.875435528966265877e-02
1.875435528966265877e-02
1.871828570725787497e-02
1.871828570725787497e-02
1.871828570725787497e-02
1.874238072496762358e-02
1.874238072496762358e-02
1.882098971599656043e-02
1.883197575149397548e-02
1.870768770374315118e-02
1.870768770374315118e-02
1.869001900905716343e-02
1.865420036585892574e-02
1.864407442580240729e-02
1.874821012477373774e-02
1.868869788636967275e-02
1.867501973352519648e-02
1.870656547283459231e-02
1.870656547283459231e-02
1.870656547283459231e-02
1.870656547283459231e-02
1.870656547283459231e-02
1.872079009147730594e-02
1.855973546097183444e-02
1.855973546097183444e-02
1.855973546097183444e-02
1.855973546097183444e-02
1.863030548662453559e-02
1.863030548662453559e-02
1.863030548662453559e-02
1.863030548662453559e-02
1.855101928078332213e-02
1.855101928078332213e-02
1.864782199768158510e-02
1.862489850979414871e-02
1.862489850979414871e-02
1.862489850979414871e-02
1.862489850979414871e-02
1.862489850979414871e-02
1.862489850979414871e-02
1.862489850979414871e-02
1.860003417912467830e-02
1.860003417912467830e-02
1.860003417912467830e-02
1.861166869131892360e-02
1.861166869131892360e-02
1.864648299712488855e-02
1.852171957510313077e-02
1.852171957510313077e-02
1.852171957510313077e-02
1.851968992351062798e-02
1.852413716674372948e-02
1.854431848010418271e-02
1.856580475391396423e-02
1.855103602060978463e-02
1.857426038132768339e-02
1.857426038132768339e-02
1.856018379295579224e-02
1.870895519746662225e-02
1.865822187141993882e-02
1.865167701277823872e-02
1.865167701277823872e-02
1.865167701277823872e-02
1.865260495750300021e-02
1.861132502171548506e-02
1.861132502171548506e-02
1.861132502171548506e-02
1.861132502171548506e-02
1.861132502171548506e-02
1.861132502171548506e-02
1.861865160178494127e-02
1.861865160178494127e-02
1.860627204310793745e-02
1.862391224936985057e-02
1.867366113278209200e-02
1.867389185675857530e-02
1.867389185675857530e-02
1.867389185675857530e-02
1.874034762516191971e-02
1.874034762516191971e-02
1.874034762516191971e-02
1.874034762516191971e-02
1.874034762516191971e-02
1.874034762516191971e-02
1.875136795364667000e-02
