1.000000000000000000e+00
9.999999999999996669e-01
9.999999999999996669e-01
9.820452324147277423e-01
9.570523820843190865e-01
9.430763774490471540e-01
9.376319183099334209e-01
9.338260515937101269e-01
9.314631597682014874e-01
9.292932399385598341e-01
9.260295110342621205e-01
9.248323858716579471e-01
9.232101206769030011e-01
9.224146319862289722e-01
9.220122193013521317e-01
9.215523936051334131e-01
9.203946943065393071e-01
9.199887128170219919e-01
9.192582643970884648e-01
9.185729458208010678e-01
9.172897644099801129e-01
9.163688529614059108e-01
9.148676485839410955e-01
9.144535462867355857e-01
9.140774716755605267e-01
9.139813809069642359e-01
9.137382565848293225e-01
9.128895493909342518e-01
9.122402703650788203e-01
9.122402703650788203e-01
9.120485866363733374e-01
9.121011568520005497e-01
9.109793410085618159e-01
9.109244914490337575e-01
9.100602802716207806e-01
9.098559753485871981e-01
9.096725880023601718e-01
9.094565320303947820e-01
9.088225069124004074e-01
9.083535878826769494e-01
9.077557114110802461e-01
9.074842939848609680e-01
9.074377780887838973e-01
9.068597687437927046e-01
9.065108565091078985e-01
9.056012455716807574e-01
9.043760708986743335e-01
9.043056577473562729e-01
9.040455693648661306e-01
9.038985134125939735e-01
9.037745202417550860e-01
9.033082895325856843e-01
9.031602811628104410e-01
9.031602811628104410e-01
9.031476129014470722e-01
9.029250186750136242e-01
9.026267225692616858e-01
9.025351489693725915e-01
9.018895138976665837e-01
9.018496903036250512e-01
9.013570023923541674e-01
9.009921260374996743e-01
9.002371413067984385e-01
8.997764006576590701e-01
8.991504035638391290e-01
8.990074907133681625e-01
8.986823779528253509e-01
8.986761393750738458e-01
8.981963919399398311e-01
8.977208989099901837e-01
8.975841773559052328e-01
8.970532840872843527e-01
8.967515981587527163e-01
8.967385156127390955e-01
8.956668962215856844e-01
8.944915196867565532e-01
8.935076150323854050e-01
8.931958005675911805e-01
8.931923729770003817e-01
8.931277588293776715e-01
8.927006224721726335e-01
8.922326425871517364e-01
8.922326425871517364e-01
8.922326425871517364e-01
8.918372658773094930e-01
8.918341276171531939e-01
8.915806336219975758e-01
8.913572472913615652e-01
8.902743200426389558e-01
8.902743200426389558e-01
8.900255268882176773e-01
8.900255268882176773e-01
8.897478792510852275e-01
8.894015228151767039e-01
8.894015228151767039e-01
8.891716913315166337e-01
8.891422550016399029e-01
8.891422550016399029e-01
8.889143616387011892e-01
8.886945083017265823e-01
8.890784773109192685e-01
8.889167124809842502e-01
8.882388243810684925e-01
8.881369560636246385e-01
8.879527953220780478e-01
8.879527953220780478e-01
8.878207550106634871e-01
8.874661479863542590e-01
8.876491714095903207e-01
8.876491714095903207e-01
8.876491714095903207e-01
8.875118566739405024e-01
8.872694661693851792e-01
8.871461073189856883e-01
8.871461073189856883e-01
8.871438116687972997e-01
8.867859608675611183e-01
8.865883644171411726e-01
8.865883644171411726e-01
8.865883644171411726e-01
8.866597411885311919e-01
8.866597411885311919e-01
8.866597411885311919e-01
8.866297760394058480e-01
8.865010212384580868e-01
8.865010212384580868e-01
8.864419430853631710e-01
8.862810504121946265e-01
8.856805747644850291e-01
8.853458688535531529e-01
8.848280724524609786e-01
8.847578285532874398e-01
8.845844436638000685e-01
8.844382785711685235e-01
8.844382785711685235e-01
8.844402265260146168e-01
8.844454064388862502e-01
8.844454064388862502e-01
8.842054142264903493e-01
8.838167757867116947e-01
8.837379627397222714e-01
8.837379627397222714e-01
8.834889487226988969e-01
8.834216374622415602e-01
8.830848016212944351e-01
8.826630360150595767e-01
8.826630360150595767e-01
8.826630360150595767e-01
8.825990571350244007e-01
8.825990571350244007e-01
8.819665345450514726e-01
8.814325318384502728e-01
8.812603119030846255e-01
8.812603119030846255e-01
8.811530665832731923e-01
8.807049959927981675e-01
8.807049959927981675e-01
8.807049959927981675e-01
8.807049959927981675e-01
8.807049959927981675e-01
8.800516635259943987e-01
8.796865088195318094e-01
8.796404879062477145e-01
8.796404879062477145e-01
8.795252231379011576e-01
8.795252231379011576e-01
8.795252231379011576e-01
8.793284014402765747e-01
8.793284014402765747e-01
8.793284014402765747e-01
8.787976445673939541e-01
8.787976445673939541e-01
8.783839553913797005e-01
8.783453425684181193e-01
8.780559999186835496e-01
8.780559999186835496e-01
8.780141633087481523e-01
8.779026012237387544e-01
8.774886887556589965e-01
8.770686261926780025e-01
8.769278039634273991e-01
8.768951427712553537e-01
8.769935636922288058e-01
8.769935636922288058e-01
8.769935636922288058e-01
8.769935636922288058e-01
8.769935636922288058e-01
8.769301444419130842e-01
8.765354508247920062e-01
8.765354508247920062e-01
8.765354508247920062e-01
8.765354508247920062e-01
8.761851415915118402e-01
8.761851415915118402e-01
8.761851415915118402e-01
8.761851415915118402e-01
8.759397599491295372e-01
8.759397599491295372e-01
8.755805320269657299e-01
8.754521114297705298e-01
8.754521114297705298e-01
8.754521114297705298e-01
8.754521114297705298e-01
8.754521114297705298e-01
8.754521114297705298e-01
8.754521114297705298e-01
8.753070313742156161e-01
8.753070313742156161e-01
8.753070313742156161e-01
8.745506340127368050e-01
8.745506340127368050e-01
8.744267211710335941e-01
8.741170665915652949e-01
8.741170665915652949e-01
8.741170665915652949e-01
8.740645126999839754e-01
8.738891422445914658e-01
8.737911992149424156e-01
8.735754193298287396e-01
8.734890874097945845e-01
8.735273241075056649e-01
8.735273241075056649e-01
8.734450727400622227e-01
8.734698627406570770e-01
8.731511782240651831e-01
8.731074657556681107e-01
8.731074657556681107e-01
8.731074657556681107e-01
8.731137043334196157e-01
8.729873418672005059e-01
8.729873418672005059e-01
8.729873418672005059e-01
8.729873418672005059e-01
8.729873418672005059e-01
8.729873418672005059e-01
8.729603928600986329e-01
8.729603928600986329e-01
8.728766861081187489e-01
8.728122641420350547e-01
8.726344774682032179e-01
8.726333494903482091e-01
8.726333494903482091e-01
8.726333494903482091e-01
8.723846060366745592e-01
8.723846060366745592e-01
8.723846060366745592e-01
8.723846060366745592e-01
8.723846060366745592e-01
8.723846060366745592e-01
8.722851209311781595e-01
