1.000000000000000000e+00
9.999999999999997780e-01
9.999999999999997780e-01
9.999999999999997780e-01
9.999999999999997780e-01
9.999999999999997780e-01
9.999999999999997780e-01
9.999999999999997780e-01
9.999999999999997780e-01
9.999999999999997780e-01
9.999999999999997780e-01
9.999999999999997780e-01
9.999999999999997780e-01
9.999999999999997780e-01
9.999999999999997780e-01
9.999999999999997780e-01
9.999999999999997780e-01
9.999999999999997780e-01
9.999999999999997780e-01
9.999999999999997780e-01
9.999999999999997780e-01
9.999999999999997780e-01
9.999999999999997780e-01
9.999999999999997780e-01
9.999999999999997780e-01
9.999999999999997780e-01
9.999999999999997780e-01
9.999999999999997780e-01
9.999999999999997780e-01
9.999999999999997780e-01
9.999999999999997780e-01
9.921674390148003120e-01
9.921674390148003120e-01
9.921674390148003120e-01
9.921674390148003120e-01
9.921674390148003120e-01
9.921674390148003120e-01
9.921674390148003120e-01
9.858663707124744047e-01
9.795938031572239968e-01
9.734517296703097955e-01
9.675200264030988651e-01
9.560005025399106460e-01
9.560005025399106460e-01
9.504864312417111716e-01
9.397429007896523911e-01
9.397429007896523911e-01
9.193940124720025864e-01
9.143183289435482530e-01
9.044269454571021161e-01
8.994859194174369410e-01
8.806773831100728200e-01
8.576438570236128989e-01
8.441156077618957587e-01
8.353053148325354504e-01
8.266423632919164266e-01
7.924558093642971590e-01
7.882699167979406729e-01
7.716063274717246401e-01
7.635075407876550369e-01
7.595375611742619659e-01
7.556359574179346561e-01
7.439836279424467680e-01
7.439836279424467680e-01
7.177883794300755627e-01
6.957741286367742362e-01
6.921452060270796292e-01
6.885899253511158502e-01
6.815097290332117197e-01
6.779916367680127731e-01
6.711365581800101676e-01
6.608435277676286690e-01
6.508791647169961392e-01
6.475989628361258355e-01
6.314353430919289467e-01
6.186905925402047535e-01
5.997709362424614721e-01
5.873413332091688144e-01
5.812292710303188503e-01
5.690848689980861908e-01
5.661034857093514283e-01
5.601834867267287965e-01
5.543548792223161881e-01
5.457142251348644502e-01
5.400311741467481719e-01
5.315852016036931582e-01
5.176786526206833550e-01
4.957356500480135653e-01
4.930205799186569982e-01
4.849535856021444102e-01
4.769819111929394784e-01
4.612368215147193973e-01
4.560376850997481246e-01
4.508963968279497414e-01
4.508963968279497414e-01
4.458838160294208430e-01
4.384346079575071609e-01
4.335152102081494263e-01
4.310836753208192595e-01
4.141980280051095198e-01
4.094276210411403882e-01
4.046930857459026809e-01
4.023616514126568955e-01
4.000480669195813355e-01
3.954544507294648348e-01
3.886293821468649878e-01
3.886293821468649878e-01
3.864086513948268298e-01
3.841903142274578076e-01
3.798113390501923758e-01
3.754613812372291637e-01
3.690359807554131066e-01
3.647882209583696578e-01
3.584556421732624232e-01
3.563633295218316954e-01
3.522034519345734749e-01
3.480986855472544272e-01
3.460594790609999860e-01
3.440427789495950073e-01
3.340214418786446871e-01
3.300453349851091289e-01
3.261013377628988463e-01
3.182962259951368500e-01
3.163514661478804002e-01
3.144274920583050026e-01
3.030120169496748339e-01
3.011139872892348857e-01
2.955055945785300398e-01
2.936443262266718035e-01
2.918002840303651757e-01
2.881408487511647465e-01
2.845061679671087584e-01
2.845061679671087584e-01
2.827100585976605740e-01
2.791607129623396300e-01
2.738776661985504179e-01
2.703783644273669018e-01
2.634231533317766272e-01
2.617022492688561019e-01
2.565584038419694290e-01
2.548533592524676594e-01
2.497887138459363721e-01
2.497887138459363721e-01
2.447822077376647643e-01
2.398240788050000349e-01
2.299912229998991309e-01
2.267370698824505426e-01
2.251143043420551215e-01
2.218967219085575815e-01
2.187031512554740431e-01
2.157113423510491068e-01
2.157113423510491068e-01
2.125833111963133792e-01
2.125833111963133792e-01
2.125833111963133792e-01
2.095113459212483986e-01
2.079884119478909721e-01
2.019152045274736351e-01
2.019152045274736351e-01
2.004159144163562001e-01
2.004159144163562001e-01
2.004159144163562001e-01
1.989504533496827265e-01
1.974943014339123892e-01
1.945954013869151678e-01
1.931536102117005493e-01
1.917236851371234285e-01
1.917236851371234285e-01
1.917236851371234285e-01
1.846790955586417593e-01
1.804751810022207081e-01
1.790866665408338554e-01
1.735562525021139557e-01
1.735562525021139557e-01
1.721870340961022816e-01
1.708286549491257467e-01
1.708286549491257467e-01
1.668017215563700195e-01
1.654688888260996138e-01
1.654688888260996138e-01
1.641442106227695985e-01
1.641442106227695985e-01
1.615325422015321533e-01
1.602320662273812590e-01
1.576507772618375713e-01
1.576507772618375713e-01
1.550938641760659376e-01
1.512789056578592028e-01
1.512789056578592028e-01
1.500230004871814238e-01
1.500230004871814238e-01
1.487761615409752547e-01
1.475359302970510877e-01
1.463030933103480757e-01
1.450782815344373033e-01
1.450782815344373033e-01
1.450782815344373033e-01
1.438736900693500520e-01
1.414732315100279969e-01
1.378915261644620693e-01
1.378915261644620693e-01
1.367120197374011303e-01
1.355344120172027322e-01
1.343634497310875198e-01
1.332003006445269255e-01
1.320437707626530566e-01
1.320437707626530566e-01
1.308951370140319925e-01
1.286145473981476495e-01
1.274799678466039532e-01
1.252126337940687451e-01
1.229653631186551493e-01
1.229653631186551493e-01
1.207342401560452805e-01
1.207342401560452805e-01
1.196298977384588069e-01
1.185311534606453276e-01
1.174345225292277722e-01
1.174345225292277722e-01
1.141793759927125784e-01
1.130998182932968776e-01
1.130998182932968776e-01
1.130998182932968776e-01
1.109711533631176639e-01
1.109711533631176639e-01
1.109711533631176639e-01
1.109711533631176639e-01
1.109711533631176639e-01
1.099273902157746202e-01
1.099273902157746202e-01
1.099273902157746202e-01
1.088981602342783267e-01
1.078739585065911083e-01
1.068856929321980592e-01
1.068856929321980592e-01
1.089023930436029824e-01
1.089023930436029824e-01
1.089023930436029824e-01
1.089023930436029824e-01
1.089023930436029824e-01
1.079120749927101885e-01
1.079120749927101885e-01
1.079120749927101885e-01
1.069343005110452854e-01
1.049863334097409784e-01
1.049863334097409784e-01
1.049863334097409784e-01
1.049863334097409784e-01
1.049863334097409784e-01
1.049863334097409784e-01
