1.000000000000000000e+00
9.280829146518736472e-01
7.548646980293900466e-01
5.145002718314339862e-01
3.137519433267296765e-01
2.031923585959095613e-01
1.148166892628329910e-01
6.132868424306708866e-02
5.268105414115905466e-02
5.330935121618900902e-02
4.708317152533459532e-02
4.615508023774320123e-02
4.615508023774320123e-02
4.615508023774320123e-02
4.615508023774320123e-02
4.615508023774320123e-02
4.615508023774320123e-02
4.615508023774320123e-02
4.615508023774320123e-02
4.615508023774320123e-02
4.615508023774320123e-02
4.615508023774320123e-02
4.615508023774320123e-02
4.615508023774320123e-02
4.615508023774320123e-02
4.615508023774320123e-02
4.615508023774320123e-02
4.615508023774320123e-02
4.615508023774320123e-02
4.615508023774320123e-02
4.615508023774320123e-02
4.615508023774320123e-02
4.615508023774320123e-02
4.615508023774320123e-02
4.615508023774320123e-02
4.615508023774320123e-02
4.615508023774320123e-02
4.615508023774320123e-02
4.615508023774320123e-02
4.615508023774320123e-02
4.615508023774320123e-02
4.615508023774320123e-02
4.615508023774320123e-02
4.615508023774320123e-02
4.615508023774320123e-02
4.615508023774320123e-02
4.615508023774320123e-02
4.615508023774320123e-02
4.615508023774320123e-02
4.615508023774320123e-02
4.615508023774320123e-02
4.615508023774320123e-02
4.615508023774320123e-02
4.615508023774320123e-02
4.615508023774320123e-02
4.615508023774320123e-02
4.615508023774320123e-02
4.615508023774320123e-02
4.615508023774320123e-02
4.615508023774320123e-02
4.615508023774320123e-02
4.615508023774320123e-02
4.615508023774320123e-02
4.615508023774320123e-02
4.615508023774320123e-02
4.615508023774320123e-02
4.615508023774320123e-02
4.615508023774320123e-02
4.615508023774320123e-02
4.615508023774320123e-02
4.615508023774320123e-02
4.615508023774320123e-02
4.615508023774320123e-02
4.615508023774320123e-02
4.615508023774320123e-02
4.615508023774320123e-02
4.615508023774320123e-02
4.615508023774320123e-02
4.615508023774320123e-02
4.615508023774320123e-02
4.615508023774320123e-02
4.615508023774320123e-02
4.615508023774320123e-02
4.615508023774320123e-02
4.615508023774320123e-02
4.615508023774320123e-02
4.615508023774320123e-02
4.615508023774320123e-02
4.615508023774320123e-02
4.615508023774320123e-02
4.615508023774320123e-02
4.615508023774320123e-02
4.615508023774320123e-02
4.615508023774320123e-02
4.615508023774320123e-02
4.615508023774320123e-02
4.615508023774320123e-02
4.615508023774320123e-02
4.615508023774320123e-02
4.615508023774320123e-02
4.615508023774320123e-02
4.615508023774320123e-02
4.615508023774320123e-02
4.615508023774320123e-02
4.615508023774320123e-02
4.615508023774320123e-02
4.615508023774320123e-02
4.615508023774320123e-02
4.615508023774320123e-02
4.615508023774320123e-02
4.615508023774320123e-02
4.615508023774320123e-02
4.615508023774320123e-02
4.615508023774320123e-02
4.615508023774320123e-02
4.615508023774320123e-02
4.615508023774320123e-02
4.615508023774320123e-02
4.615508023774320123e-02
4.615508023774320123e-02
4.615508023774320123e-02
4.615508023774320123e-02
4.615508023774320123e-02
4.615508023774320123e-02
4.615508023774320123e-02
4.615508023774320123e-02
4.615508023774320123e-02
4.615508023774320123e-02
4.615508023774320123e-02
4.615508023774320123e-02
4.615508023774320123e-02
4.615508023774320123e-02
4.615508023774320123e-02
4.615508023774320123e-02
4.615508023774320123e-02
4.615508023774320123e-02
4.615508023774320123e-02
4.615508023774320123e-02
4.615508023774320123e-02
4.615508023774320123e-02
4.615508023774320123e-02
4.615508023774320123e-02
4.615508023774320123e-02
4.615508023774320123e-02
4.615508023774320123e-02
4.615508023774320123e-02
4.615508023774320123e-02
4.615508023774320123e-02
4.615508023774320123e-02
4.615508023774320123e-02
4.615508023774320123e-02
4.615508023774320123e-02
4.615508023774320123e-02
4.615508023774320123e-02
4.615508023774320123e-02
4.615508023774320123e-02
4.615508023774320123e-02
4.615508023774320123e-02
4.615508023774320123e-02
4.615508023774320123e-02
4.615508023774320123e-02
4.615508023774320123e-02
4.615508023774320123e-02
4.615508023774320123e-02
4.615508023774320123e-02
4.615508023774320123e-02
4.615508023774320123e-02
4.615508023774320123e-02
4.615508023774320123e-02
4.615508023774320123e-02
4.615508023774320123e-02
4.615508023774320123e-02
4.615508023774320123e-02
4.615508023774320123e-02
4.615508023774320123e-02
4.615508023774320123e-02
4.615508023774320123e-02
4.615508023774320123e-02
4.615508023774320123e-02
4.615508023774320123e-02
4.615508023774320123e-02
4.615508023774320123e-02
4.615508023774320123e-02
4.615508023774320123e-02
4.615508023774320123e-02
4.615508023774320123e-02
4.615508023774320123e-02
4.615508023774320123e-02
4.615508023774320123e-02
4.615508023774320123e-02
4.615508023774320123e-02
4.615508023774320123e-02
4.615508023774320123e-02
4.615508023774320123e-02
4.615508023774320123e-02
4.615508023774320123e-02
4.615508023774320123e-02
4.615508023774320123e-02
4.615508023774320123e-02
4.615508023774320123e-02
4.615508023774320123e-02
4.615508023774320123e-02
4.615508023774320123e-02
4.615508023774320123e-02
4.615508023774320123e-02
4.615508023774320123e-02
4.615508023774320123e-02
4.615508023774320123e-02
4.615508023774320123e-02
4.615508023774320123e-02
4.615508023774320123e-02
4.615508023774320123e-02
4.615508023774320123e-02
4.615508023774320123e-02
4.615508023774320123e-02
4.615508023774320123e-02
4.615508023774320123e-02
4.615508023774320123e-02
4.615508023774320123e-02
4.615508023774320123e-02
4.615508023774320123e-02
4.615508023774320123e-02
4.615508023774320123e-02
4.615508023774320123e-02
4.615508023774320123e-02
4.615508023774320123e-02
4.615508023774320123e-02
4.615508023774320123e-02
4.615508023774320123e-02
4.615508023774320123e-02
4.615508023774320123e-02
4.615508023774320123e-02
4.615508023774320123e-02
4.615508023774320123e-02
4.615508023774320123e-02
4.615508023774320123e-02
4.615508023774320123e-02
4.615508023774320123e-02
4.615508023774320123e-02
4.615508023774320123e-02
4.615508023774320123e-02
4.615508023774320123e-02
4.615508023774320123e-02
4.615508023774320123e-02
4.615508023774320123e-02
4.615508023774320123e-02
4.615508023774320123e-02
4.615508023774320123e-02
4.615508023774320123e-02
4.615508023774320123e-02
