-1.899999999999999911e+00 0.000000000000000000e+00
-1.896386430678465906e+00 0.000000000000000000e+00
-1.892772861356932124e+00 0.000000000000000000e+00
-1.889159292035398119e+00 0.000000000000000000e+00
-1.885545722713864114e+00 0.000000000000000000e+00
-1.881932153392330331e+00 0.000000000000000000e+00
-1.878318584070796327e+00 0.000000000000000000e+00
-1.874705014749262544e+00 0.000000000000000000e+00
-1.871091445427728539e+00 0.000000000000000000e+00
-1.867477876106194534e+00 0.000000000000000000e+00
-1.863864306784660752e+00 0.000000000000000000e+00
-1.860250737463126747e+00 0.000000000000000000e+00
-1.856637168141592742e+00 0.000000000000000000e+00
-1.853023598820058959e+00 0.000000000000000000e+00
-1.849410029498524954e+00 0.000000000000000000e+00
-1.845796460176990950e+00 0.000000000000000000e+00
-1.842182890855457167e+00 0.000000000000000000e+00
-1.838569321533923162e+00 0.000000000000000000e+00
-1.834955752212389379e+00 0.000000000000000000e+00
-1.831342182890855375e+00 0.000000000000000000e+00
-1.827728613569321370e+00 0.000000000000000000e+00
-1.824115044247787587e+00 0.000000000000000000e+00
-1.820501474926253582e+00 0.000000000000000000e+00
-1.816887905604719577e+00 0.000000000000000000e+00
-1.813274336283185795e+00 0.000000000000000000e+00
-1.809660766961651790e+00 0.000000000000000000e+00
-1.806047197640118007e+00 0.000000000000000000e+00
-1.802433628318584002e+00 0.000000000000000000e+00
-1.798820058997049998e+00 0.000000000000000000e+00
-1.795206489675516215e+00 0.000000000000000000e+00
-1.791592920353982210e+00 0.000000000000000000e+00
-1.787979351032448205e+00 0.000000000000000000e+00
-1.784365781710914423e+00 0.000000000000000000e+00
-1.780752212389380418e+00 0.000000000000000000e+00
-1.777138643067846413e+00 0.000000000000000000e+00
-1.773525073746312630e+00 0.000000000000000000e+00
-1.769911504424778625e+00 0.000000000000000000e+00
-1.766297935103244843e+00 0.000000000000000000e+00
-1.762684365781710838e+00 0.000000000000000000e+00
-1.759070796460176833e+00 0.000000000000000000e+00
-1.755457227138643050e+00 0.000000000000000000e+00
-1.751843657817109046e+00 0.000000000000000000e+00
-1.748230088495575041e+00 0.000000000000000000e+00
-1.744616519174041258e+00 0.000000000000000000e+00
-1.741002949852507253e+00 0.000000000000000000e+00
-1.737389380530973249e+00 0.000000000000000000e+00
-1.733775811209439466e+00 0.000000000000000000e+00
-1.730162241887905461e+00 0.000000000000000000e+00
-1.726548672566371678e+00 0.000000000000000000e+00
-1.722935103244837673e+00 0.000000000000000000e+00
-1.719321533923303669e+00 0.000000000000000000e+00
-1.715707964601769886e+00 0.000000000000000000e+00
-1.712094395280235881e+00 0.000000000000000000e+00
-1.708480825958701876e+00 0.000000000000000000e+00
-1.704867256637168094e+00 0.000000000000000000e+00
-1.701253687315634089e+00 0.000000000000000000e+00
-1.697640117994100084e+00 0.000000000000000000e+00
-1.694026548672566301e+00 0.000000000000000000e+00
-1.690412979351032297e+00 0.000000000000000000e+00
-1.686799410029498514e+00 0.000000000000000000e+00
-1.683185840707964509e+00 0.000000000000000000e+00
-1.679572271386430504e+00 0.000000000000000000e+00
-1.675958702064896721e+00 0.000000000000000000e+00
-1.672345132743362717e+00 0.000000000000000000e+00
-1.668731563421828712e+00 0.000000000000000000e+00
-1.665117994100294929e+00 0.000000000000000000e+00
-1.661504424778760924e+00 0.000000000000000000e+00
-1.657890855457226920e+00 0.000000000000000000e+00
-1.654277286135693137e+00 0.000000000000000000e+00
-1.650663716814159132e+00 0.000000000000000000e+00
-1.647050147492625349e+00 0.000000000000000000e+00
-1.643436578171091345e+00 0.000000000000000000e+00
-1.639823008849557340e+00 0.000000000000000000e+00
-1.636209439528023557e+00 0.000000000000000000e+00
-1.632595870206489552e+00 0.000000000000000000e+00
-1.628982300884955770e+00 0.000000000000000000e+00
-1.625368731563421765e+00 0.000000000000000000e+00
-1.621755162241887760e+00 0.000000000000000000e+00
-1.618141592920353755e+00 0.000000000000000000e+00
-1.614528023598819972e+00 0.000000000000000000e+00
-1.610914454277285968e+00 0.000000000000000000e+00
-1.607300884955752185e+00 0.000000000000000000e+00
-1.603687315634218180e+00 0.000000000000000000e+00
-1.600073746312684175e+00 0.000000000000000000e+00
-1.596460176991150393e+00 0.000000000000000000e+00
-1.592846607669616388e+00 0.000000000000000000e+00
-1.589233038348082605e+00 0.000000000000000000e+00
-1.585619469026548600e+00 0.000000000000000000e+00
-1.582005899705014595e+00 0.000000000000000000e+00
-1.578392330383480591e+00 0.000000000000000000e+00
-1.574778761061946808e+00 0.000000000000000000e+00
-1.571165191740412803e+00 0.000000000000000000e+00
-1.567551622418879020e+00 0.000000000000000000e+00
-1.563938053097345016e+00 0.000000000000000000e+00
-1.560324483775811011e+00 0.000000000000000000e+00
-1.556710914454277228e+00 0.000000000000000000e+00
-1.553097345132743223e+00 0.000000000000000000e+00
-1.549483775811209441e+00 0.000000000000000000e+00
-1.545870206489675436e+00 0.000000000000000000e+00
-1.542256637168141431e+00 0.000000000000000000e+00
-1.538643067846607426e+00 0.000000000000000000e+00
-1.535029498525073643e+00 0.000000000000000000e+00
-1.531415929203539639e+00 0.000000000000000000e+00
-1.527802359882005856e+00 0.000000000000000000e+00
-1.524188790560471851e+00 0.000000000000000000e+00
-1.520575221238937846e+00 0.000000000000000000e+00
-1.516961651917404064e+00 0.000000000000000000e+00
-1.513348082595870059e+00 0.000000000000000000e+00
-1.509734513274336276e+00 0.000000000000000000e+00
-1.506120943952802271e+00 0.000000000000000000e+00
-1.502507374631268267e+00 0.000000000000000000e+00
-1.498893805309734262e+00 0.000000000000000000e+00
-1.495280235988200479e+00 0.000000000000000000e+00
-1.491666666666666474e+00 0.000000000000000000e+00
-1.488053097345132691e+00 0.000000000000000000e+00
-1.484439528023598687e+00 0.000000000000000000e+00
-1.480825958702064682e+00 0.000000000000000000e+00
-1.477212389380530899e+00 0.000000000000000000e+00
-1.473598820058996894e+00 0.000000000000000000e+00
-1.469985250737463112e+00 0.000000000000000000e+00
-1.466371681415929107e+00 0.000000000000000000e+00
-1.462758112094395102e+00 0.000000000000000000e+00
-1.459144542772861097e+00 0.000000000000000000e+00
-1.455530973451327315e+00 0.000000000000000000e+00
-1.451917404129793310e+00 0.000000000000000000e+00
-1.448303834808259527e+00 0.000000000000000000e+00
-1.444690265486725522e+00 0.000000000000000000e+00
-1.441076696165191517e+00 0.000000000000000000e+00
-1.437463126843657735e+00 0.000000000000000000e+00
-1.433849557522123730e+00 0.000000000000000000e+00
-1.430235988200589947e+00 0.000000000000000000e+00
-1.426622418879055942e+00 0.000000000000000000e+00
-1.423008849557521938e+00 0.000000000000000000e+00
-1.419395280235987933e+00 0.000000000000000000e+00
-1.415781710914454150e+00 0.000000000000000000e+00
-1.412168141592920145e+00 0.000000000000000000e+00
-1.408554572271386363e+00 0.000000000000000000e+00
-1.404941002949852358e+00 0.000000000000000000e+00
-1.401327433628318353e+00 0.000000000000000000e+00
-1.397713864306784570e+00 0.000000000000000000e+00
-1.394100294985250565e+00 0.000000000000000000e+00
-1.390486725663716783e+00 0.000000000000000000e+00
-1.386873156342182778e+00 0.000000000000000000e+00
-1.383259587020648773e+00 0.000000000000000000e+00
-1.379646017699114768e+00 0.000000000000000000e+00
-1.376032448377580986e+00 0.000000000000000000e+00
-1.372418879056047203e+00 0.000000000000000000e+00
-1.368805309734513198e+00 0.000000000000000000e+00
-1.365191740412979193e+00 0.000000000000000000e+00
-1.361578171091445189e+00 0.000000000000000000e+00
-1.357964601769911406e+00 0.000000000000000000e+00
-1.354351032448377401e+00 0.000000000000000000e+00
-1.350737463126843618e+00 0.000000000000000000e+00
-1.347123893805309613e+00 0.000000000000000000e+00
-1.343510324483775609e+00 0.000000000000000000e+00
-1.339896755162241604e+00 0.000000000000000000e+00
-1.336283185840707821e+00 0.000000000000000000e+00
-1.332669616519174038e+00 0.000000000000000000e+00
-1.329056047197640034e+00 0.000000000000000000e+00
-1.325442477876106029e+00 0.000000000000000000e+00
-1.321828908554572024e+00 0.000000000000000000e+00
-1.318215339233038241e+00 0.000000000000000000e+00
-1.314601769911504237e+00 0.000000000000000000e+00
-1.310988200589970454e+00 0.000000000000000000e+00
-1.307374631268436449e+00 0.000000000000000000e+00
-1.303761061946902444e+00 0.000000000000000000e+00
-1.300147492625368439e+00 0.000000000000000000e+00
-1.296533923303834657e+00 0.000000000000000000e+00
-1.292920353982300874e+00 0.000000000000000000e+00
-1.289306784660766869e+00 0.000000000000000000e+00
-1.285693215339232864e+00 0.000000000000000000e+00
-1.282079646017698860e+00 0.000000000000000000e+00
-1.278466076696165077e+00 0.000000000000000000e+00
-1.274852507374631072e+00 0.000000000000000000e+00
-1.271238938053097289e+00 0.000000000000000000e+00
-1.267625368731563285e+00 0.000000000000000000e+00
-1.264011799410029280e+00 0.000000000000000000e+00
-1.260398230088495275e+00 0.000000000000000000e+00
-1.256784660766961492e+00 0.000000000000000000e+00
-1.253171091445427709e+00 0.000000000000000000e+00
-1.249557522123893705e+00 0.000000000000000000e+00
-1.245943952802359700e+00 0.000000000000000000e+00
-1.242330383480825695e+00 0.000000000000000000e+00
-1.238716814159291912e+00 0.000000000000000000e+00
-1.235103244837757908e+00 0.000000000000000000e+00
-1.231489675516224125e+00 0.000000000000000000e+00
-1.227876106194690120e+00 0.000000000000000000e+00
-1.224262536873156115e+00 0.000000000000000000e+00
-1.220648967551622111e+00 0.000000000000000000e+00
-1.217035398230088328e+00 0.000000000000000000e+00
-1.213421828908554545e+00 0.000000000000000000e+00
-1.209808259587020540e+00 0.000000000000000000e+00
-1.206194690265486535e+00 0.000000000000000000e+00
-1.202581120943952531e+00 0.000000000000000000e+00
-1.198967551622418748e+00 0.000000000000000000e+00
-1.195353982300884743e+00 0.000000000000000000e+00
-1.191740412979350960e+00 0.000000000000000000e+00
-1.188126843657816956e+00 0.000000000000000000e+00
-1.184513274336282951e+00 0.000000000000000000e+00
-1.180899705014748946e+00 0.000000000000000000e+00
-1.177286135693215163e+00 0.000000000000000000e+00
-1.173672566371681381e+00 0.000000000000000000e+00
-1.170058997050147376e+00 0.000000000000000000e+00
-1.166445427728613371e+00 0.000000000000000000e+00
-1.162831858407079366e+00 0.000000000000000000e+00
-1.159218289085545583e+00 0.000000000000000000e+00
-1.155604719764011579e+00 0.000000000000000000e+00
-1.151991150442477796e+00 0.000000000000000000e+00
-1.148377581120943791e+00 0.000000000000000000e+00
-1.144764011799409786e+00 0.000000000000000000e+00
-1.141150442477875782e+00 0.000000000000000000e+00
-1.137536873156341999e+00 0.000000000000000000e+00
-1.133923303834808216e+00 0.000000000000000000e+00
-1.130309734513274211e+00 0.000000000000000000e+00
-1.126696165191740207e+00 0.000000000000000000e+00
-1.123082595870206202e+00 0.000000000000000000e+00
-1.119469026548672419e+00 0.000000000000000000e+00
-1.115855457227138636e+00 0.000000000000000000e+00
-1.112241887905604631e+00 0.000000000000000000e+00
-1.108628318584070627e+00 0.000000000000000000e+00
-1.105014749262536622e+00 0.000000000000000000e+00
-1.101401179941002617e+00 0.000000000000000000e+00
-1.097787610619468834e+00 0.000000000000000000e+00
-1.094174041297935052e+00 0.000000000000000000e+00
-1.090560471976401047e+00 0.000000000000000000e+00
-1.086946902654867042e+00 0.000000000000000000e+00
-1.083333333333333037e+00 0.000000000000000000e+00
-1.079719764011799255e+00 0.000000000000000000e+00
-1.076106194690265472e+00 0.000000000000000000e+00
-1.072492625368731467e+00 0.000000000000000000e+00
-1.068879056047197462e+00 0.000000000000000000e+00
-1.065265486725663457e+00 0.000000000000000000e+00
-1.061651917404129453e+00 0.000000000000000000e+00
-1.058038348082595670e+00 0.000000000000000000e+00
-1.054424778761061887e+00 0.000000000000000000e+00
-1.050811209439527882e+00 0.000000000000000000e+00
-1.047197640117993878e+00 0.000000000000000000e+00
-1.043584070796459873e+00 0.000000000000000000e+00
-1.039970501474926090e+00 0.000000000000000000e+00
-1.036356932153392307e+00 0.000000000000000000e+00
-1.032743362831858303e+00 0.000000000000000000e+00
-1.029129793510324298e+00 0.000000000000000000e+00
-1.025516224188790293e+00 0.000000000000000000e+00
-1.021902654867256510e+00 0.000000000000000000e+00
-1.018289085545722505e+00 0.000000000000000000e+00
-1.014675516224188723e+00 0.000000000000000000e+00
-1.011061946902654718e+00 0.000000000000000000e+00
-1.007448377581120713e+00 0.000000000000000000e+00
-1.003834808259586708e+00 0.000000000000000000e+00
-1.000221238938052926e+00 0.000000000000000000e+00
-9.966076696165190318e-01 0.000000000000000000e+00
-9.929941002949850271e-01 0.000000000000000000e+00
-9.893805309734511333e-01 0.000000000000000000e+00
-9.857669616519172395e-01 0.000000000000000000e+00
-9.821533923303833458e-01 0.000000000000000000e+00
-9.785398230088493410e-01 0.000000000000000000e+00
-9.749262536873154472e-01 0.000000000000000000e+00
-9.713126843657815535e-01 0.000000000000000000e+00
-9.676991150442475487e-01 0.000000000000000000e+00
-9.640855457227136549e-01 0.000000000000000000e+00
-9.604719764011797611e-01 0.000000000000000000e+00
-9.568584070796458674e-01 0.000000000000000000e+00
-9.532448377581118626e-01 0.000000000000000000e+00
-9.496312684365779688e-01 0.000000000000000000e+00
-9.460176991150440751e-01 0.000000000000000000e+00
-9.424041297935101813e-01 0.000000000000000000e+00
-9.387905604719761765e-01 0.000000000000000000e+00
-9.351769911504422828e-01 0.000000000000000000e+00
-9.315634218289083890e-01 0.000000000000000000e+00
-9.279498525073743842e-01 0.000000000000000000e+00
-9.243362831858404904e-01 0.000000000000000000e+00
-9.207227138643065967e-01 0.000000000000000000e+00
-9.171091445427727029e-01 0.000000000000000000e+00
-9.134955752212386981e-01 0.000000000000000000e+00
-9.098820058997048044e-01 0.000000000000000000e+00
-9.062684365781709106e-01 0.000000000000000000e+00
-9.026548672566370168e-01 0.000000000000000000e+00
-8.990412979351030121e-01 0.000000000000000000e+00
-8.954277286135692293e-01 0.000000000000000000e+00
-8.918141592920352245e-01 0.000000000000000000e+00
-8.882005899705012197e-01 0.000000000000000000e+00
-8.845870206489674370e-01 0.000000000000000000e+00
-8.809734513274334322e-01 0.000000000000000000e+00
-8.773598820058994274e-01 0.000000000000000000e+00
-8.737463126843656447e-01 0.000000000000000000e+00
-8.701327433628316399e-01 0.000000000000000000e+00
-8.665191740412976351e-01 0.000000000000000000e+00
-8.629056047197638524e-01 0.000000000000000000e+00
-8.592920353982298476e-01 0.000000000000000000e+00
-8.556784660766960648e-01 0.000000000000000000e+00
-8.520648967551620601e-01 0.000000000000000000e+00
-8.484513274336280553e-01 0.000000000000000000e+00
-8.448377581120942725e-01 0.000000000000000000e+00
-8.412241887905602677e-01 0.000000000000000000e+00
-8.376106194690262630e-01 0.000000000000000000e+00
-8.339970501474924802e-01 0.000000000000000000e+00
-8.303834808259584754e-01 0.000000000000000000e+00
-8.267699115044244706e-01 0.000000000000000000e+00
-8.231563421828906879e-01 0.000000000000000000e+00
-8.195427728613566831e-01 0.000000000000000000e+00
-8.159292035398229004e-01 0.000000000000000000e+00
-8.123156342182888956e-01 0.000000000000000000e+00
-8.087020648967548908e-01 0.000000000000000000e+00
-8.050884955752211081e-01 0.000000000000000000e+00
-8.014749262536871033e-01 0.000000000000000000e+00
-7.978613569321530985e-01 0.000000000000000000e+00
-7.942477876106193158e-01 0.000000000000000000e+00
-7.906342182890853110e-01 0.000000000000000000e+00
-7.870206489675513062e-01 0.000000000000000000e+00
-7.834070796460175234e-01 0.000000000000000000e+00
-7.797935103244835187e-01 0.000000000000000000e+00
-7.761799410029497359e-01 0.000000000000000000e+00
-7.725663716814157311e-01 0.000000000000000000e+00
-7.689528023598817263e-01 0.000000000000000000e+00
-7.653392330383479436e-01 0.000000000000000000e+00
-7.617256637168139388e-01 0.000000000000000000e+00
-7.581120943952799340e-01 0.000000000000000000e+00
-7.544985250737461513e-01 0.000000000000000000e+00
-7.508849557522121465e-01 0.000000000000000000e+00
-7.472713864306783638e-01 0.000000000000000000e+00
-7.436578171091443590e-01 0.000000000000000000e+00
-7.400442477876103542e-01 0.000000000000000000e+00
-7.364306784660765715e-01 0.000000000000000000e+00
-7.328171091445425667e-01 0.000000000000000000e+00
-7.292035398230085619e-01 0.000000000000000000e+00
-7.255899705014747791e-01 0.000000000000000000e+00
-7.219764011799407744e-01 0.000000000000000000e+00
-7.183628318584067696e-01 0.000000000000000000e+00
-7.147492625368729868e-01 0.000000000000000000e+00
-7.111356932153389820e-01 0.000000000000000000e+00
-7.075221238938051993e-01 0.000000000000000000e+00
-7.039085545722711945e-01 0.000000000000000000e+00
-7.002949852507371897e-01 0.000000000000000000e+00
-6.966814159292034070e-01 0.000000000000000000e+00
-6.930678466076694022e-01 0.000000000000000000e+00
-6.894542772861353974e-01 0.000000000000000000e+00
-6.858407079646016147e-01 0.000000000000000000e+00
-6.822271386430676099e-01 0.000000000000000000e+00
-6.786135693215336051e-01 0.000000000000000000e+00
-6.749999999999998224e-01 0.000000000000000000e+00
-6.713864306784658176e-01 0.000000000000000000e+00
-6.677728613569320348e-01 0.000000000000000000e+00
-6.641592920353980301e-01 0.000000000000000000e+00
-6.605457227138640253e-01 0.000000000000000000e+00
-6.569321533923302425e-01 0.000000000000000000e+00
-6.533185840707962377e-01 0.000000000000000000e+00
-6.497050147492622330e-01 0.000000000000000000e+00
-6.460914454277284502e-01 0.000000000000000000e+00
-6.424778761061944454e-01 0.000000000000000000e+00
-6.388643067846604406e-01 0.000000000000000000e+00
-6.352507374631266579e-01 0.000000000000000000e+00
-6.316371681415926531e-01 0.000000000000000000e+00
-6.280235988200588704e-01 0.000000000000000000e+00
-6.244100294985248656e-01 0.000000000000000000e+00
-6.207964601769908608e-01 0.000000000000000000e+00
-6.171828908554570781e-01 0.000000000000000000e+00
-6.135693215339230733e-01 0.000000000000000000e+00
-6.099557522123890685e-01 0.000000000000000000e+00
-6.063421828908552857e-01 0.000000000000000000e+00
-6.027286135693212810e-01 0.000000000000000000e+00
-5.991150442477872762e-01 0.000000000000000000e+00
-5.955014749262534934e-01 0.000000000000000000e+00
-5.918879056047194887e-01 0.000000000000000000e+00
-5.882743362831857059e-01 0.000000000000000000e+00
-5.846607669616517011e-01 0.000000000000000000e+00
-5.810471976401176963e-01 0.000000000000000000e+00
-5.774336283185839136e-01 0.000000000000000000e+00
-5.738200589970499088e-01 0.000000000000000000e+00
-5.702064896755159040e-01 0.000000000000000000e+00
-5.665929203539821213e-01 0.000000000000000000e+00
-5.629793510324481165e-01 0.000000000000000000e+00
-5.593657817109143338e-01 0.000000000000000000e+00
-5.557522123893803290e-01 8.330343861192083059e-312
-5.521386430678463242e-01 7.360341065508549310e-294
-5.485250737463125414e-01 6.242974726534553487e-277
-5.449115044247785367e-01 5.801329179430205988e-261
-5.412979351032445319e-01 6.690528795913558056e-246
-5.376843657817107491e-01 1.077203287349323660e-231
-5.340707964601767443e-01 2.705642353315576298e-218
-5.304572271386427396e-01 1.177322443894241863e-205
-5.268436578171089568e-01 9.797783472865325864e-194
-5.232300884955749520e-01 1.712004791834278107e-182
-5.196165191740411693e-01 6.859341261971521552e-172
-5.160029498525071645e-01 6.847976227559346618e-162
-5.123893805309731597e-01 1.842528471655740330e-152
-5.087758112094393770e-01 1.438765265845099144e-143
-5.051622418879053722e-01 3.496478629297376457e-135
-5.015486725663713674e-01 2.824684915218846691e-127
-4.979351032448375847e-01 8.072870855164550573e-120
-4.943215339233035799e-01 8.655733230535474380e-113
-4.907079646017695751e-01 3.680107528300662890e-106
-4.870943952802357924e-01 6.537407517201647430e-100
-4.834808259587017876e-01 5.097621124651501588e-94
-4.798672566371680048e-01 1.827965138299711087e-88
-4.762536873156340000e-01 3.149842292582931487e-83
-4.726401179940999953e-01 2.718549856794328699e-78
-4.690265486725662125e-01 1.222097264495771688e-73
-4.654129793510322077e-01 2.969128744896631786e-69
-4.617994100294982029e-01 4.036808818947149064e-65
-4.581858407079644202e-01 3.174033297332392490e-61
-4.545722713864304154e-01 1.488751789127875777e-57
-4.509587020648964106e-01 4.289280322797471627e-54
-4.473451327433626279e-01 7.803596999970814362e-51
-4.437315634218286231e-01 9.201824731141769969e-48
-4.401179941002948404e-01 7.207818179582960439e-45
-4.365044247787608356e-01 3.838521275323216927e-42
-4.328908554572268308e-01 1.420578626320808115e-39
-4.292772861356930481e-01 3.729770762824119783e-37
-4.256637168141590433e-01 7.084064513910426990e-35
-4.220501474926250385e-01 9.914172351069711075e-33
-4.184365781710912557e-01 1.040262931583289332e-30
-4.148230088495572510e-01 8.318710514706570017e-29
-4.112094395280232462e-01 5.148811994113960694e-27
-4.075958702064894634e-01 2.502816952385349772e-25
-4.039823008849554586e-01 9.687180757271626112e-24
-4.003687315634216759e-01 3.024472830109920886e-22
-3.967551622418876711e-01 7.710901076743340295e-21
-3.931415929203536663e-01 1.623986269111112093e-19
-3.895280235988198836e-01 2.856382242584925382e-18
-3.859144542772858788e-01 4.239106756510560473e-17
-3.823008849557518740e-01 5.360078655528464394e-16
-3.786873156342180913e-01 5.827511219717742099e-15
-3.750737463126840865e-01 5.494923672880878737e-14
-3.714601769911500817e-01 4.530498545366188939e-13
-3.678466076696162990e-01 3.291357217819437192e-12
-3.642330383480822942e-01 2.122260290344366166e-11
-3.606194690265485114e-01 1.222892965490193204e-10
-3.570058997050145067e-01 6.337933713930927744e-10
-3.533923303834805019e-01 2.972493143268644585e-09
-3.497787610619467191e-01 1.268827497080639654e-08
-3.461651917404127143e-01 4.956168763108817087e-08
-3.425516224188787096e-01 1.780619749222225084e-07
-3.389380530973449268e-01 5.912508757805645262e-07
-3.353244837758109220e-01 1.822732942629167598e-06
-3.317109144542771393e-01 5.239477214724010003e-06
-3.280973451327431345e-01 1.410015234753561043e-05
-3.244837758112091297e-01 3.566055206736068554e-05
-3.208702064896753470e-01 8.506365460414767020e-05
-3.172566371681413422e-01 1.920287229503006294e-04
-3.136430678466073374e-01 4.115713773445287319e-04
-3.100294985250735547e-01 8.400255312098334941e-04
-3.064159292035395499e-01 1.637363358743667554e-03
-3.028023598820055451e-01 3.056112973547364404e-03
-2.991887905604717623e-01 5.476026721152458220e-03
-2.955752212389377576e-01 9.442150346158131521e-03
-2.919616519174039748e-01 1.570231577173741150e-02
-2.883480825958699700e-01 2.523866590612548408e-02
-2.847345132743359652e-01 3.928699269420219548e-02
-2.811209439528021825e-01 5.933774379106771663e-02
-2.775073746312681777e-01 8.711369172039772069e-02
-2.738938053097341729e-01 1.245214152715949513e-01
-2.702802359882003902e-01 1.735766527591370567e-01
-2.666666666666663854e-01 2.363068188768011335e-01
-2.630530973451323806e-01 3.146370204253368663e-01
-2.594395280235985979e-01 4.102682768390682466e-01
-2.558259587020645931e-01 5.245579859205368178e-01
-2.522123893805308104e-01 6.584127935095249740e-01
-2.485988200589968056e-01 8.122029503950635165e-01
-2.449852507374628008e-01 9.857051730010568669e-01
-2.413716814159290180e-01 1.178078295216856031e+00
-2.377581120943950133e-01 1.387872994346036615e+00
-2.341445427728610085e-01 1.613073972219909447e+00
-2.305309734513272257e-01 1.851170487009985877e+00
-2.269174041297932209e-01 2.099249278328403356e+00
-2.233038348082592162e-01 2.354102813986289622e+00
-2.196902654867254334e-01 2.612345414163334212e+00
-2.160766961651914286e-01 2.870530097410799009e+00
-2.124631268436576459e-01 3.125259806440070953e+00
-2.088495575221236411e-01 3.373287845749135982e+00
-2.052359882005896363e-01 3.611603730658397904e+00
-2.016224188790558536e-01 3.837502057417551349e+00
-1.980088495575218488e-01 4.048633334424189378e+00
-1.943952802359878440e-01 4.243036877316050060e+00
-1.907817109144540613e-01 4.419156812453107541e+00
-1.871681415929200565e-01 4.575842931873872921e+00
-1.835545722713860517e-01 4.712338601179701492e+00
-1.799410029498522690e-01 4.828258161327682707e+00
-1.763274336283182642e-01 4.923556318997976966e+00
-1.727138643067844814e-01 4.998491926748066305e+00
-1.691002949852504766e-01 5.053588353246080800e+00
-1.654867256637164719e-01 5.089592372645348917e+00
-1.618731563421826891e-01 5.107433193093334545e+00
-1.582595870206486843e-01 5.108182924037360628e+00
-1.546460176991146795e-01 5.093019470815622896e+00
-1.510324483775808968e-01 5.063192557493298551e+00
-1.474188790560468920e-01 5.019993324276003754e+00
-1.438053097345131093e-01 4.964727728968455267e+00
-1.401917404129791045e-01 4.898693804258640760e+00
-1.365781710914450997e-01 4.823162682944310831e+00
-1.329646017699113170e-01 4.739363198679490630e+00
-1.293510324483773122e-01 4.648469796423791323e+00
-1.257374631268433074e-01 4.551593440017709824e+00
-1.221238938053095247e-01 4.449775179554882776e+00
-1.185103244837755199e-01 4.343982034020307914e+00
-1.148967551622415151e-01 4.235104850927833731e+00
-1.112831858407077323e-01 4.123957820805380869e+00
-1.076696165191737276e-01 4.011279347265793049e+00
-1.040560471976399448e-01 3.897734000512042662e+00
-1.004424778761059400e-01 3.783915311409458582e+00
-9.682890855457193524e-02 3.670349193132834031e+00
-9.321533923303815250e-02 3.557497806668665330e+00
-8.960176991150414771e-02 3.445763714283081480e+00
-8.598820058997014293e-02 3.335494190887115629e+00
-8.237463126843636019e-02 3.226985586704085751e+00
-7.876106194690235540e-02 3.120487655609820887e+00
-7.514749262536835062e-02 3.016207781945316579e+00
-7.153392330383456788e-02 2.914315054559931006e+00
-6.792035398230056309e-02 2.814944150469658624e+00
-6.430678466076678035e-02 2.718199001985352581e+00
-6.069321533923277556e-02 2.624156230681558899e+00
-5.707964601769877078e-02 2.532868339352762899e+00
-5.346607669616498804e-02 2.444366659349412441e+00
-4.985250737463098325e-02 2.358664055606748189e+00
-4.623893805309697846e-02 2.275757395465147770e+00
-4.262536873156319572e-02 2.195629790208676546e+00
-3.901179941002919094e-02 2.118252620274478026e+00
-3.539823008849518615e-02 2.043587356452750470e+00
-3.178466076696140341e-02 1.971587190226238295e+00
-2.817109144542739863e-02 1.902198486797816779e+00
-2.455752212389361588e-02 1.835362074413980693e+00
-2.094395280235961110e-02 1.771014383390922653e+00
-1.733038348082560631e-02 1.709088447849761661e+00
-1.371681415929182357e-02 1.649514782625044029e+00
-1.010324483775781879e-02 1.592222147167630997e+00
-6.489675516223814000e-03 1.537138207556266511e+00
-2.876106194690031259e-03 1.484190106989221603e+00
7.374631268439735265e-04 1.433304924221232568e+00
4.351032448377978312e-03 1.384404358328371165e+00
7.964601769911761053e-03 1.337399910044069440e+00
1.157817109144576584e-02 1.292205963670076896e+00
1.519174041297954858e-02 1.248741393062998029e+00
1.880530973451355337e-02 1.206929301473610661e+00
2.241887905604755815e-02 1.166696777594864898e+00
2.603244837758134089e-02 1.127974666709636642e+00
2.964601769911534568e-02 1.090697355912013000e+00
3.325958702064935046e-02 1.054802572451882137e+00
3.687315634218313321e-02 1.020231194322811730e+00
4.048672566371713799e-02 9.869270722780475458e-01
4.410029498525114278e-02 9.548368625195522430e-01
4.771386430678492552e-02 9.239098693599474554e-01
5.132743362831893030e-02 8.940978972090086740e-01
5.494100294985271304e-02 8.653551112830975001e-01
5.855457227138671783e-02 8.376379064799323038e-01
6.216814159292072262e-02 8.109047839015852688e-01
6.578171091445450536e-02 7.851162345458090330e-01
6.939528023598851014e-02 7.602346297204518599e-01
7.300884955752251493e-02 7.362241177676809301e-01
7.662241887905629767e-02 7.130505267142460690e-01
8.023598820059030245e-02 6.906812724912181345e-01
8.384955752212408520e-02 6.690852723919220590e-01
8.746312684365808998e-02 6.482328634599570094e-01
9.107669616519209477e-02 6.280957255205499301e-01
9.469026548672587751e-02 6.086468085884216839e-01
9.830383480825988229e-02 5.898602644032495679e-01
1.019174041297938871e-01 5.717113818608131615e-01
1.055309734513278919e-01 5.541765261229845141e-01
1.091445427728614526e-01 5.372330812040936321e-01
1.127581120943954573e-01 5.208593958438840765e-01
1.163716814159294621e-01 5.050347324893276202e-01
1.199852507374634669e-01 4.897392192182418169e-01
1.235988200589974717e-01 4.749538044476658838e-01
1.272123893805314765e-01 4.606602142789873455e-01
1.308259587020650372e-01 4.468409123400274852e-01
1.344395280235990420e-01 4.334790619919433596e-01
1.380530973451330468e-01 4.205584907756145241e-01
1.416666666666670515e-01 4.080636569785304757e-01
1.452802359882010563e-01 3.959796182089517225e-01
1.488938053097346170e-01 3.842920018694240269e-01
1.525073746312686218e-01 3.729869774265464621e-01
1.561209439528026266e-01 3.620512303784353958e-01
1.597345132743366314e-01 3.514719378254306248e-01
1.633480825958706362e-01 3.412367455534954241e-01
1.669616519174046410e-01 3.313337465433897067e-01
1.705752212389382017e-01 3.217514608220738426e-01
1.741887905604722064e-01 3.124788165761313574e-01
1.778023598820062112e-01 3.035051324500457892e-01
1.814159292035402160e-01 2.948201009551754681e-01
1.850294985250742208e-01 2.864137729182338332e-01
1.886430678466077815e-01 2.782765429008819402e-01
1.922566371681417863e-01 2.703991355248729911e-01
1.958702064896757911e-01 2.627725926399444578e-01
1.994837758112097958e-01 2.553882612744244329e-01
2.030973451327438006e-01 2.482377823112333348e-01
2.067109144542778054e-01 2.413130798347120354e-01
2.103244837758113661e-01 2.346063510964198906e-01
2.139380530973453709e-01 2.281100570507772207e-01
2.175516224188793757e-01 2.218169134141273480e-01
2.211651917404133805e-01 2.157198822035127916e-01
2.247787610619473853e-01 2.098121637141179552e-01
2.283923303834809460e-01 2.040871888970218206e-01
2.320058997050149507e-01 1.985386121015230154e-01
2.356194690265489555e-01 1.931603041488592354e-01
2.392330383480829603e-01 1.879463457067313270e-01
2.428466076696169651e-01 1.828910209364721928e-01
2.464601769911509699e-01 1.779888113871347932e-01
2.500737463126845306e-01 1.732343901130889985e-01
2.536873156342185354e-01 1.686226159939726021e-01
2.573008849557525402e-01 1.641485282379619715e-01
2.609144542772865449e-01 1.598073410514075920e-01
2.645280235988205497e-01 1.555944384597765517e-01
2.681415929203541104e-01 1.515053692667030216e-01
2.717551622418881152e-01 1.475358421396141539e-01
2.753687315634221200e-01 1.436817208120257094e-01
2.789823008849561248e-01 1.399390193940290295e-01
2.825958702064901296e-01 1.363038977838469945e-01
2.862094395280241343e-01 1.327726571745705131e-01
2.898230088495576950e-01 1.293417356512580052e-01
2.934365781710916998e-01 1.260077038745925360e-01
2.970501474926257046e-01 1.227672608481504835e-01
3.006637168141597094e-01 1.196172297670948376e-01
3.042772861356937142e-01 1.165545539467732761e-01
3.078908554572272749e-01 1.135762928302590236e-01
3.115044247787612797e-01 1.106796180743388203e-01
3.151179941002952845e-01 1.078618097138410031e-01
3.187315634218292892e-01 1.051202524044935749e-01
3.223451327433632940e-01 1.024524317447423477e-01
3.259587020648972988e-01 9.985593067712361659e-02
3.295722713864308595e-01 9.732842596988483530e-02
3.331858407079648643e-01 9.486768477961791957e-02
3.367994100294988691e-01 9.247156129567563054e-02
3.404129793510328739e-01 9.013799346709869265e-02
3.440265486725668787e-01 8.786499981273940274e-02
3.476401179941004393e-01 8.565067631516670721e-02
3.512536873156344441e-01 8.349319339882226021e-02
3.548672566371684489e-01 8.139079299277796054e-02
3.584808259587024537e-01 7.934178567828237272e-02
3.620943952802364585e-01 7.734454792115134925e-02
3.657079646017700192e-01 7.539751938887970240e-02
3.693215339233040240e-01 7.349920035220035286e-02
3.729351032448380288e-01 7.164814917065252808e-02
3.765486725663720335e-01 6.984297986155436899e-02
3.801622418879060383e-01 6.808235975162676978e-02
3.837758112094400431e-01 6.636500721037069672e-02
3.873893805309736038e-01 6.468968946414403731e-02
3.910029498525076086e-01 6.305522048976601457e-02
3.946165191740416134e-01 6.146045898635051768e-02
3.982300884955756182e-01 5.990430642395231514e-02
4.018436578171096230e-01 5.838570516751825229e-02
4.054572271386431837e-01 5.690363667453408186e-02
4.090707964601771884e-01 5.545711976468720161e-02
4.126843657817111932e-01 5.404520895979415124e-02
4.162979351032451980e-01 5.266699289218012420e-02
4.199115044247792028e-01 5.132159277965695626e-02
4.235250737463132076e-01 5.000816096519999226e-02
4.271386430678467683e-01 4.872587951940834938e-02
4.307522123893807731e-01 4.747395890379822042e-02
4.343657817109147778e-01 4.625163669298585495e-02
4.379793510324487826e-01 4.505817635379665703e-02
4.415929203539827874e-01 4.389286607935536516e-02
4.452064896755163481e-01 4.275501767621354976e-02
4.488200589970503529e-01 4.164396550259314572e-02
4.524336283185843577e-01 4.055906545584778838e-02
4.560471976401183625e-01 3.949969400726111718e-02
4.596607669616523673e-01 3.846524728234712587e-02
4.632743362831863720e-01 3.745514018484356888e-02
4.668879056047199327e-01 3.646880556262484252e-02
4.705014749262539375e-01 3.550569341381407812e-02
4.741150442477879423e-01 3.456527013140434090e-02
4.777286135693219471e-01 3.364701778475165383e-02
4.813421828908559519e-01 3.275043343634557319e-02
4.849557522123895126e-01 3.187502849231357155e-02
4.885693215339235174e-01 3.102032808516127713e-02
4.921828908554575222e-01 3.018587048730109884e-02
4.957964601769915269e-01 2.937120655396909669e-02
4.994100294985255317e-01 2.857589919418118685e-02
5.030235988200595365e-01 2.779952286842719486e-02
5.066371681415930972e-01 2.704166311184929075e-02
5.102507374631271020e-01 2.630191608169934678e-02
5.138643067846611068e-01 2.557988812791816419e-02
5.174778761061951116e-01 2.487519538572283140e-02
5.210914454277291163e-01 2.418746338913486602e-02
5.247050147492626770e-01 2.351632670442680567e-02
5.283185840707966818e-01 2.286142858250627199e-02
5.319321533923306866e-01 2.222242062929906045e-02
5.355457227138646914e-01 2.159896249323160766e-02
5.391592920353986962e-01 2.099072156895573360e-02
5.427728613569327010e-01 2.039737271649245259e-02
5.463864306784662617e-01 1.981859799501120567e-02
5.500000000000002665e-01 1.925408641049467656e-02
5.536135693215342712e-01 1.870353367657351731e-02
5.572271386430682760e-01 1.816664198784895268e-02
5.608407079646022808e-01 1.764311980505052849e-02
5.644542772861358415e-01 1.713268165140964527e-02
5.680678466076698463e-01 1.663504791965533455e-02
5.716814159292038511e-01 1.614994468906840938e-02
5.752949852507378559e-01 1.567710355205628736e-02
5.789085545722718606e-01 1.521626144973652235e-02
5.825221238938058654e-01 1.476716051604007839e-02
5.861356932153394261e-01 1.432954792987142095e-02
5.897492625368734309e-01 1.390317577488195920e-02
5.933628318584074357e-01 1.348780090643732221e-02
5.969764011799414405e-01 1.308318482537635351e-02
6.005899705014754453e-01 1.268909355818266700e-02
6.042035398230090060e-01 1.230529754320544567e-02
6.078171091445430108e-01 1.193157152258519059e-02
6.114306784660770155e-01 1.156769443955727415e-02
6.150442477876110203e-01 1.121344934082109911e-02
6.186578171091450251e-01 1.086862328368019305e-02
6.222713864306790299e-01 1.053300724767131276e-02
6.258849557522125906e-01 1.020639605041589321e-02
6.294985250737465954e-01 9.888588267440405130e-03
6.331120943952806002e-01 9.579386155725113858e-03
6.367256637168146050e-01 9.278595580752644484e-03
6.403392330383486097e-01 8.986025946839708983e-03
6.439528023598821704e-01 8.701490130547205951e-03
6.475663716814161752e-01 8.424804416972981463e-03
6.511799410029501800e-01 8.155788438743575078e-03
6.547935103244841848e-01 7.894265117529676232e-03
6.584070796460181896e-01 7.640060607920354414e-03
6.620206489675521944e-01 7.393004243498350718e-03
6.656342182890857551e-01 7.152928484970396544e-03
6.692477876106197598e-01 6.919668870210124792e-03
6.728613569321537646e-01 6.693063966083723400e-03
6.764749262536877694e-01 6.472955321931847354e-03
6.800884955752217742e-01 6.259187424591004974e-03
6.837020648967553349e-01 6.051607654843213155e-03
6.873156342182893397e-01 5.850066245189364592e-03
6.909292035398233445e-01 5.654416238848331520e-03
6.945427728613573493e-01 5.464513449889150075e-03
6.981563421828913540e-01 5.280216424409287131e-03
7.017699115044253588e-01 5.101386402678390920e-03
7.053834808259589195e-01 4.927887282170410020e-03
7.089970501474929243e-01 4.759585581413242408e-03
7.126106194690269291e-01 4.596350404589204935e-03
7.162241887905609339e-01 4.438053406823896582e-03
7.198377581120949387e-01 4.284568760105739518e-03
7.234513274336284994e-01 4.135773119782225511e-03
7.270648967551625041e-01 3.991545591582745453e-03
7.306784660766965089e-01 3.851767699122037904e-03
7.342920353982305137e-01 3.716323351841003490e-03
7.379056047197645185e-01 3.585098813345530353e-03
7.415191740412985233e-01 3.457982670107300014e-03
7.451327433628320840e-01 3.334865800492952965e-03
7.487463126843660888e-01 3.215641344091231622e-03
7.523598820059000936e-01 3.100204671310705876e-03
7.559734513274340983e-01 2.988453353222604233e-03
7.595870206489681031e-01 2.880287131626176576e-03
7.632005899705016638e-01 2.775607889316450590e-03
7.668141592920356686e-01 2.674319620535773028e-03
7.704277286135696734e-01 2.576328401593532425e-03
7.740412979351036782e-01 2.481542361639483760e-03
7.776548672566376830e-01 2.389871653578488214e-03
7.812684365781712437e-01 2.301228425116141722e-03
7.848820058997052485e-01 2.215526789926275213e-03
7.884955752212392532e-01 2.132682798932683792e-03
7.921091445427732580e-01 2.052614411699334694e-03
7.957227138643072628e-01 1.975241467924115230e-03
7.993362831858412676e-01 1.900485659032684262e-03
8.029498525073748283e-01 1.828270499870241666e-03
8.065634218289088331e-01 1.758521300489657982e-03
8.101769911504428379e-01 1.691165138036065550e-03
8.137905604719768426e-01 1.626130828728295343e-03
8.174041297935108474e-01 1.563348899938621882e-03
8.210176991150444081e-01 1.502751562373250919e-03
8.246312684365784129e-01 1.444272682356324139e-03
8.282448377581124177e-01 1.387847754221051711e-03
8.318584070796464225e-01 1.333413872812224277e-03
8.354719764011804273e-01 1.280909706104543539e-03
8.390855457227144321e-01 1.230275467942128914e-03
8.426991150442479928e-01 1.181452890904559697e-03
8.463126843657819975e-01 1.134385199305346439e-03
8.499262536873160023e-01 1.089017082329098466e-03
8.535398230088500071e-01 1.045294667313666995e-03
8.571533923303840119e-01 1.003165493184040137e-03
8.607669616519175726e-01 9.625784840446283391e-04
8.643805309734515774e-01 9.234839229370903676e-04
8.679941002949855822e-01 8.858334257706182392e-04
8.716076696165195870e-01 8.495799154317279717e-04
8.752212389380535917e-01 8.146775960807407357e-04
8.788348082595875965e-01 7.810819276421254254e-04
8.824483775811211572e-01 7.487496004956291839e-04
8.860619469026551620e-01 7.176385103753557364e-04
8.896755162241891668e-01 6.877077334836582175e-04
8.932890855457231716e-01 6.589175018267118787e-04
8.969026548672571764e-01 6.312291787783669717e-04
9.005162241887907371e-01 6.046052348790092838e-04
9.041297935103247418e-01 5.790092238755561267e-04
9.077433628318587466e-01 5.544057590090477805e-04
9.113569321533927514e-01 5.307604895556215395e-04
9.149705014749267562e-01 5.080400776267123171e-04
9.185840707964607610e-01 4.862121752340747816e-04
9.221976401179943217e-01 4.652454016248799818e-04
9.258112094395283265e-01 4.451093208919723468e-04
9.294247787610623313e-01 4.257744198641348534e-04
9.330383480825963360e-01 4.072120862808459156e-04
9.366519174041303408e-01 3.893945872558559154e-04
9.402654867256639015e-01 3.722950480335913449e-04
9.438790560471979063e-01 3.558874310420948018e-04
9.474926253687319111e-01 3.401465152459675202e-04
9.511061946902659159e-01 3.250478758024685994e-04
9.547197640117999207e-01 3.105678640236807643e-04
9.583333333333339255e-01 2.966835876472942750e-04
9.619469026548674861e-01 2.833728914183895127e-04
9.655604719764014909e-01 2.706143379841874797e-04
9.691740412979354957e-01 2.583871891035817024e-04
9.727876106194695005e-01 2.466713871728614901e-04
9.764011799410035053e-01 2.354475370688919201e-04
9.800147492625370660e-01 2.246968883106168554e-04
9.836283185840710708e-01 2.144013175396064486e-04
9.872418879056050756e-01 2.045433113199902507e-04
9.908554572271390803e-01 1.951059492579593430e-04
9.944690265486730851e-01 1.860728874406975778e-04
9.980825958702070899e-01 1.774283421944078832e-04
1.001696165191740651e+00 1.691570741608043897e-04
1.005309734513274655e+00 1.612443726912795607e-04
1.008923303834808660e+00 1.536760405576515810e-04
1.012536873156342665e+00 1.464383789782308599e-04
1.016150442477876670e+00 1.395181729577208330e-04
1.019764011799410230e+00 1.329026769392422736e-04
1.023377581120944235e+00 1.265796007665900488e-04
1.026991150442478240e+00 1.205370959546648424e-04
1.030604719764012245e+00 1.147637422657699926e-04
1.034218289085546250e+00 1.092485345893771416e-04
1.037831858407080254e+00 1.039808701227174935e-04
1.041445427728613815e+00 9.895053584947109747e-05
1.045058997050147820e+00 9.414769631360164531e-05
1.048672566371681825e+00 8.956288168531109878e-05
1.052286135693215829e+00 8.518697611589750945e-05
1.055899705014749834e+00 8.101120637821264295e-05
1.059513274336283395e+00 7.702713078926900201e-05
1.063126843657817400e+00 7.322662841145482387e-05
1.066740412979351404e+00 6.960188852870175923e-05
1.070353982300885409e+00 6.614540039384866215e-05
1.073967551622419414e+00 6.284994324336997437e-05
1.077581120943953419e+00 5.970857657554608786e-05
1.081194690265486980e+00 5.671463068807819835e-05
1.084808259587020984e+00 5.386169747108983326e-05
1.088421828908554989e+00 5.114362145139044429e-05
1.092035398230088994e+00 4.855449108382107885e-05
1.095648967551622999e+00 4.608863028546576307e-05
1.099262536873156559e+00 4.374059020845618247e-05
1.102876106194690564e+00 4.150514124707508810e-05
1.106489675516224569e+00 3.937726527482674220e-05
1.110103244837758574e+00 3.735214810712715269e-05
1.113716814159292579e+00 3.542517218524105486e-05
1.117330383480826583e+00 3.359190947708511131e-05
1.120943952802360144e+00 3.184811459051522880e-05
1.124557522123894149e+00 3.018971809470008519e-05
1.128171091445428154e+00 2.861282004520427773e-05
1.131784660766962158e+00 2.711368370839423443e-05
1.135398230088496163e+00 2.568872948080459787e-05
1.139011799410029724e+00 2.433452899911756940e-05
1.142625368731563729e+00 2.304779943641982159e-05
1.146238938053097733e+00 2.182539798043659906e-05
1.149852507374631738e+00 2.066431648946436683e-05
1.153466076696165743e+00 1.956167632175498611e-05
1.157079646017699748e+00 1.851472333414168415e-05
1.160693215339233308e+00 1.752082304573188780e-05
1.164306784660767313e+00 1.657745596253574433e-05
1.167920353982301318e+00 1.568221305893914027e-05
1.171533923303835323e+00 1.483279141197670519e-05
1.175147492625369328e+00 1.402698998441258869e-05
1.178761061946902888e+00 1.326270555268010891e-05
1.182374631268436893e+00 1.253792877578913035e-05
1.185988200589970898e+00 1.185074040136531452e-05
1.189601769911504903e+00 1.119930760503259894e-05
1.193215339233038907e+00 1.058188045942165619e-05
1.196828908554572468e+00 9.996788529133241613e-06
1.200442477876106473e+00 9.442437588053029330e-06
1.204056047197640478e+00 8.917306455474235496e-06
1.207669616519174483e+00 8.419943947545869450e-06
1.211283185840708487e+00 7.948965940627745591e-06
1.214896755162242492e+00 7.503052543199100715e-06
1.218510324483776053e+00 7.080945373030403816e-06
1.222123893805310058e+00 6.681444936393773386e-06
1.225737463126844062e+00 6.303408106153406183e-06
1.229351032448378067e+00 5.945745695642478667e-06
1.232964601769912072e+00 5.607420125299616661e-06
1.236578171091445633e+00 5.287443179103666259e-06
1.240191740412979637e+00 4.984873847911825899e-06
1.243805309734513642e+00 4.698816256872892342e-06
1.247418879056047647e+00 4.428417674151340414e-06
1.251032448377581652e+00 4.172866598265949351e-06
1.254646017699115657e+00 3.931390921410409228e-06
1.258259587020649217e+00 3.703256166188369749e-06
1.261873156342183222e+00 3.487763793260587714e-06
1.265486725663717227e+00 3.284249577465182016e-06
1.269100294985251232e+00 3.092082050035452044e-06
1.272713864306785236e+00 2.910661004602007843e-06
1.276327433628318797e+00 2.739416064729187600e-06
1.279941002949852802e+00 2.577805310795885399e-06
1.283554572271386807e+00 2.425313964091754139e-06
1.287168141592920811e+00 2.281453126059746840e-06
1.290781710914454816e+00 2.145758570674674149e-06
1.294395280235988821e+00 2.017789588005336207e-06
1.298008849557522382e+00 1.897127877065181749e-06
1.301622418879056386e+00 1.783376486112184204e-06
1.305235988200590391e+00 1.676158798614348314e-06
1.308849557522124396e+00 1.575117563150871642e-06
1.312463126843658401e+00 1.479913965572898309e-06
1.316076696165191962e+00 1.390226741799288412e-06
1.319690265486725966e+00 1.305751329674533211e-06
1.323303834808259971e+00 1.226199058365982375e-06
1.326917404129793976e+00 1.151296373826228936e-06
1.330530973451327981e+00 1.080784098895258990e-06
1.334144542772861985e+00 1.014416726663134560e-06
1.337758112094395546e+00 9.519617457605554223e-07
1.341371681415929551e+00 8.931989962890461173e-07
1.344985250737463556e+00 8.379200551464934641e-07
1.348598820058997561e+00 7.859276495463465136e-07
1.352212389380531565e+00 7.370350975706006112e-07
1.355825958702065126e+00 6.910657746370393743e-07
1.359439528023599131e+00 6.478526048010292021e-07
1.363053097345133136e+00 6.072375758504150650e-07
1.366666666666667140e+00 5.690712771896935312e-07
1.370280235988201145e+00 5.332124595460014822e-07
1.373893805309735150e+00 4.995276155649829974e-07
1.377507374631268711e+00 4.678905803988655674e-07
1.381120943952802715e+00 4.381821514227508528e-07
1.384734513274336720e+00 4.102897262474094981e-07
1.388348082595870725e+00 3.841069582284263029e-07
1.391961651917404730e+00 3.595334287021866984e-07
1.395575221238938290e+00 3.364743352087339554e-07
1.399188790560472295e+00 3.148401949902576899e-07
1.402802359882006300e+00 2.945465630818929718e-07
1.406415929203540305e+00 2.755137643383065528e-07
1.410029498525074310e+00 2.576666387656895518e-07
1.413643067846608314e+00 2.409342995540648490e-07
1.417256637168141875e+00 2.252499032290637560e-07
1.420870206489675880e+00 2.105504313660477146e-07
1.424483775811209885e+00 1.967764833321684632e-07
1.428097345132743889e+00 1.838720795439661360e-07
1.431710914454277894e+00 1.717844747494259762e-07
1.435324483775811455e+00 1.604639808638120416e-07
1.438938053097345460e+00 1.498637989084984287e-07
1.442551622418879465e+00 1.399398596210600276e-07
1.446165191740413469e+00 1.306506723232303909e-07
1.449778761061947474e+00 1.219571816511695546e-07
1.453392330383481479e+00 1.138226317694911285e-07
1.457005899705015040e+00 1.062124377069534662e-07
1.460619469026549044e+00 9.909406346758404169e-08
1.464233038348083049e+00 9.243690658623713983e-08
1.467846607669617054e+00 8.621218881218702927e-08
1.471460176991151059e+00 8.039285261854836715e-08
1.475073746312684619e+00 7.495346324877329363e-08
1.478687315634218624e+00 6.987011602454333573e-08
1.482300884955752629e+00 6.512034865187281921e-08
1.485914454277286634e+00 6.068305827423108578e-08
1.489528023598820639e+00 5.653842303302902303e-08
1.493141592920354643e+00 5.266782790688833853e-08
1.496755162241888204e+00 4.905379461169970322e-08
1.500368731563422209e+00 4.567991535366259832e-08
1.503982300884956214e+00 4.253079023726783645e-08
1.507595870206490218e+00 3.959196813949792671e-08
1.511209439528024223e+00 3.684989087051835890e-08
1.514823008849557784e+00 3.429184044967137757e-08
1.518436578171091789e+00 3.190588933382336966e-08
1.522050147492625793e+00 2.968085344296181794e-08
1.525663716814159798e+00 2.760624783546026216e-08
1.529277286135693803e+00 2.567224489262339206e-08
1.532890855457227808e+00 2.386963487900497393e-08
1.536504424778761368e+00 2.218978875155644637e-08
1.540117994100295373e+00 2.062462309695458405e-08
1.543731563421829378e+00 1.916656708245513010e-08
1.547345132743363383e+00 1.780853131134975379e-08
1.550958702064897388e+00 1.654387847957264748e-08
1.554572271386430948e+00 1.536639573523473641e-08
1.558185840707964953e+00 1.427026864783379944e-08
1.561799410029498958e+00 1.325005669865339239e-08
1.565412979351032963e+00 1.230067020838638340e-08
1.569026548672566967e+00 1.141734862234533552e-08
1.572640117994100972e+00 1.059564007773699677e-08
1.576253687315634533e+00 9.831382181402089555e-09
1.579867256637168538e+00 9.120683930155530546e-09
1.583480825958702543e+00 8.459908709423828834e-09
1.587094395280236547e+00 7.845658309258653949e-09
1.590707964601770552e+00 7.274757900030742544e-09
1.594321533923304113e+00 6.744241913173757073e-09
1.597935103244838118e+00 6.251340775263130995e-09
1.601548672566372122e+00 5.793468446487129141e-09
1.605162241887906127e+00 5.368210717203898246e-09
1.608775811209440132e+00 4.973314218781057389e-09
1.612389380530973693e+00 4.606676107294907948e-09
1.616002949852507697e+00 4.266334380923903008e-09
1.619616519174041702e+00 3.950458794019414331e-09
1.623230088495575707e+00 3.657342332870085886e-09
1.626843657817109712e+00 3.385393220110347448e-09
1.630457227138643717e+00 3.133127416556893374e-09
1.634070796460177277e+00 2.899161590995284388e-09
1.637684365781711282e+00 2.682206530087630310e-09
1.641297935103245287e+00 2.481060962135938176e-09
1.644911504424779292e+00 2.294605769915088851e-09
1.648525073746313296e+00 2.121798569194647332e-09
1.652138643067846857e+00 1.961668630896402195e-09
1.655752212389380862e+00 1.813312126093239609e-09
1.659365781710914867e+00 1.675887674246978376e-09
1.662979351032448871e+00 1.548612176209062565e-09
1.666592920353982876e+00 1.430756914576470435e-09
1.670206489675516881e+00 1.321643905002536262e-09
1.673820058997050442e+00 1.220642483018157806e-09
1.677433628318584447e+00 1.127166111819840968e-09
1.681047197640118451e+00 1.040669397334786120e-09
1.684660766961652456e+00 9.606452976779583723e-10
1.688274336283186461e+00 8.866225148781172324e-10
1.691887905604720022e+00 8.181630574681275090e-10
1.695501474926254026e+00 7.548599632137123244e-10
1.699115044247788031e+00 6.963351718957451292e-10
1.702728613569322036e+00 6.422375386655952847e-10
1.706342182890856041e+00 5.922409790634725585e-10
1.709955752212390045e+00 5.460427373280863836e-10
1.713569321533923606e+00 5.033617701330447974e-10
1.717182890855457611e+00 4.639372383638631268e-10
1.720796460176991616e+00 4.275271000004062771e-10
1.724410029498525621e+00 3.939067975943015264e-10
1.728023598820059625e+00 3.628680342311272902e-10
1.731637168141593186e+00 3.342176322441542875e-10
1.735250737463127191e+00 3.077764693011960481e-10
1.738864306784661196e+00 2.833784868203739240e-10
1.742477876106195200e+00 2.608697659848898727e-10
1.746091445427729205e+00 2.401076669227417339e-10
1.749705014749263210e+00 2.209600268956945424e-10
1.753318584070796771e+00 2.033044136033244132e-10
1.756932153392330775e+00 1.870274299541424273e-10
1.760545722713864780e+00 1.720240668869932662e-10
1.764159292035398785e+00 1.581971010432320073e-10
1.767772861356932790e+00 1.454565342944230324e-10
1.771386430678466350e+00 1.337190723219808406e-10
1.775000000000000355e+00 1.229076396253740364e-10
1.778613569321534360e+00 1.129509285044806027e-10
1.782227138643068365e+00 1.037829797203941125e-10
1.785840707964602370e+00 9.534279268794656024e-11
1.789454277286136374e+00 8.757396319279253097e-11
1.793067846607669935e+00 8.042434675703181276e-11
1.796681415929203940e+00 7.384574590013269676e-11
1.800294985250737945e+00 6.779361965712142394e-11
1.803908554572271949e+00 6.222681382394478863e-11
1.807522123893805954e+00 5.710731050107276806e-11
1.811135693215339515e+00 5.239999560114094577e-11
1.814749262536873520e+00 4.807244307521540062e-11
1.818362831858407525e+00 4.409471469533791709e-11
1.821976401179941529e+00 4.043917430881056212e-11
1.825589970501475534e+00 3.708031555249500849e-11
1.829203539823009539e+00 3.399460208352504472e-11
1.832817109144543100e+00 3.116031944656241906e-11
1.836430678466077104e+00 2.855743775734142368e-11
1.840044247787611109e+00 2.616748443797927122e-11
1.843657817109145114e+00 2.397342629163185586e-11
1.847271386430679119e+00 2.195956025278027433e-11
1.850884955752212679e+00 2.011141219492801594e-11
1.854498525073746684e+00 1.841564322000441467e-11
1.858112094395280689e+00 1.685996289347164023e-11
1.861725663716814694e+00 1.543304892619762519e-11
1.865339233038348699e+00 1.412447283877438918e-11
1.868952802359882703e+00 1.292463117625939490e-11
1.872566371681416264e+00 1.182468187145611908e-11
1.876179941002950269e+00 1.081648538297096991e-11
1.879793510324484274e+00 9.892550260509403628e-12
1.883407079646018278e+00 9.045982814327465934e-12
1.887020648967552283e+00 8.270440588555532932e-12
1.890634218289085844e+00 7.560089359359652815e-12
1.894247787610619849e+00 6.909563398706257451e-12
1.897861356932153853e+00 6.313928762947989013e-12
1.901474926253687858e+00 5.768649382623677505e-12
1.905088495575221863e+00 5.269555745873920904e-12
1.908702064896755868e+00 4.812815982764929580e-12
1.912315634218289429e+00 4.394909171682757579e-12
1.915929203539823433e+00 4.012600701860155206e-12
1.919542772861357438e+00 3.662919538107588437e-12
1.923156342182891443e+00 3.343137244982256830e-12
1.926769911504425448e+00 3.050748638017197225e-12
1.930383480825959008e+00 2.783453939286366882e-12
1.933997050147493013e+00 2.539142323556804245e-12
1.937610619469027018e+00 2.315876749620497941e-12
1.941224188790561023e+00 2.111879979148003477e-12
1.944837758112095027e+00 1.925521692605247087e-12
1.948451327433629032e+00 1.755306618461557704e-12
1.952064896755162593e+00 1.599863598124356923e-12
1.955678466076696598e+00 1.457935514799723036e-12
1.959292035398230603e+00 1.328370019826924871e-12
1.962905604719764607e+00 1.210110994998068474e-12
1.966519174041298612e+00 1.102190693978940782e-12
1.970132743362832173e+00 1.003722510217418046e-12
1.973746312684366178e+00 9.138943226863628303e-13
1.977359882005900182e+00 8.319623744794786049e-13
1.980973451327434187e+00 7.572456426814710049e-13
1.984587020648968192e+00 6.891206610877562918e-13
1.988200589970502197e+00 6.270167602707572734e-13
1.991814159292035757e+00 5.704116921963953292e-13
1.995427728613569762e+00 5.188276091005659235e-13
1.999041297935103767e+00 4.718273686565913116e-13
2.002654867256637772e+00 4.290111396122696178e-13
2.006268436578171777e+00 3.900132840638680577e-13
2.009882005899705337e+00 3.544994943737837102e-13
2.013495575221239342e+00 3.221641644404366641e-13
2.017109144542773347e+00 2.927279766030780951e-13
2.020722713864307352e+00 2.659356869195754424e-13
2.024336283185841356e+00 2.415540929008852739e-13
2.027949852507374917e+00 2.193701690296110282e-13
2.031563421828908922e+00 1.991893565392978762e-13
2.035176991150442927e+00 1.808339949930912868e-13
2.038790560471976931e+00 1.641418841810663317e-13
2.042404129793510936e+00 1.489649657614184532e-13
2.046017699115044941e+00 1.351681149070287523e-13
2.049631268436578502e+00 1.226280329909012889e-13
2.053244837758112507e+00 1.112322330565080678e-13
2.056858407079646511e+00 1.008781104765158800e-13
2.060471976401180516e+00 9.147209180987488132e-14
2.064085545722714521e+00 8.292885542662788387e-14
2.067699115044248082e+00 7.517061798566334197e-14
2.071312684365782086e+00 6.812648132616842996e-14
2.074926253687316091e+00 6.173183477191982420e-14
2.078539823008850096e+00 5.592780825146060736e-14
2.082153392330384101e+00 5.066077200944793646e-14
2.085766961651918106e+00 4.588187902725274473e-14
2.089380530973451666e+00 4.154664658666219360e-14
2.092994100294985671e+00 3.761457370124199867e-14
2.096607669616519676e+00 3.404879140757121617e-14
2.100221238938053236e+00 3.081574315486063856e-14
2.103834808259587685e+00 2.788489275814846111e-14
2.107448377581121246e+00 2.522845758880145383e-14
2.111061946902655695e+00 2.282116486783359642e-14
2.114675516224189256e+00 2.064002910397212805e-14
2.118289085545722816e+00 1.866414888054182475e-14
2.121902654867257265e+00 1.687452134434496232e-14
2.125516224188790826e+00 1.525387288669155816e-14
2.129129793510325275e+00 1.378650463263057052e-14
2.132743362831858835e+00 1.245815147008206169e-14
2.136356932153393284e+00 1.125585345677312921e-14
2.139970501474926845e+00 1.016783854042308527e-14
2.143584070796460406e+00 9.183415617160475095e-15
2.147197640117994855e+00 8.292877035350078040e-15
2.150811209439528415e+00 7.487409727431684219e-15
2.154424778761062864e+00 6.759014221573955181e-15
2.158038348082596425e+00 6.100430848435485550e-15
2.161651917404129986e+00 5.505072516537490373e-15
2.165265486725664434e+00 4.966963483145948021e-15
2.168879056047197995e+00 4.480683596496307630e-15
2.172492625368732444e+00 4.041317530051924023e-15
2.176106194690266005e+00 3.644408570596408674e-15
2.179719764011799565e+00 3.285916559615315711e-15
2.183333333333334014e+00 2.962179621923878329e-15
2.186946902654867575e+00 2.669879347087080647e-15
2.190560471976402024e+00 2.406009118105741424e-15
2.194174041297935585e+00 2.167845308322002895e-15
2.197787610619469145e+00 1.952921091734027884e-15
2.201401179941003594e+00 1.759002634086155626e-15
2.205014749262537155e+00 1.584067452389941269e-15
2.208628318584071604e+00 1.426284749089098278e-15
2.212241887905605164e+00 1.283997544053991304e-15
2.215855457227138725e+00 1.155706443105758448e-15
2.219469026548673174e+00 1.040054895956998438e-15
2.223082595870206735e+00 9.358158094174566461e-16
2.226696165191741184e+00 8.418793935592665439e-16
2.230309734513274744e+00 7.572421293583014571e-16
2.233923303834809193e+00 6.809967562109393692e-16
2.237536873156342754e+00 6.123231867529377540e-16
2.241150442477876314e+00 5.504802646469716053e-16
2.244764011799410763e+00 4.947982885281440980e-16
2.248377581120944324e+00 4.446722321621262181e-16
2.251991150442478773e+00 3.995555971340748213e-16
2.255604719764012334e+00 3.589548401019491898e-16
2.259218289085545894e+00 3.224243218589418804e-16
2.262831858407080343e+00 2.895617302036220585e-16
2.266445427728613904e+00 2.600039329488805082e-16
2.270058997050148353e+00 2.334232213511423380e-16
2.273672566371681913e+00 2.095239078409417756e-16
2.277286135693215474e+00 1.880392452156964451e-16
2.280899705014749923e+00 1.687286374437203272e-16
2.284513274336283484e+00 1.513751149496906408e-16
2.288126843657817933e+00 1.357830497299426915e-16
2.291740412979351493e+00 1.217760879022451978e-16
2.295353982300885054e+00 1.091952793481277776e-16
2.298967551622419503e+00 9.789738597498149387e-17
2.302581120943953064e+00 8.775335182551708159e-17
2.306194690265487512e+00 7.864691980913808037e-17
2.309808259587021073e+00 7.047338123682370255e-17
2.313421828908555522e+00 6.313844562037480771e-17
2.317035398230089083e+00 5.655721936019217730e-17
2.320648967551622643e+00 5.065328300288651500e-17
2.324262536873157092e+00 4.535785771096132742e-17
2.327876106194690653e+00 4.060905245978760577e-17
2.331489675516225102e+00 3.635118427012482311e-17
2.335103244837758663e+00 3.253416450484071571e-17
2.338716814159292223e+00 2.911294491242427971e-17
2.342330383480826672e+00 2.604701769382868966e-17
2.345943952802360233e+00 2.329996440811648048e-17
2.349557522123894682e+00 2.083904902155727030e-17
2.353171091445428242e+00 1.863485084868223590e-17
2.356784660766961803e+00 1.666093353639574828e-17
2.360398230088496252e+00 1.489354660744056090e-17
2.364011799410029813e+00 1.331135641064164109e-17
2.367625368731564262e+00 1.189520362556194595e-17
2.371238938053097822e+00 1.062788474134255627e-17
2.374852507374631383e+00 9.493955176103093770e-18
2.378466076696165832e+00 8.479551926738559630e-18
2.382079646017699393e+00 7.572233841368858062e-18
2.385693215339233841e+00 6.760837790039158265e-18
2.389306784660767402e+00 6.035349175295860658e-18
2.392920353982301851e+00 5.386785374561192771e-18
2.396533923303835412e+00 4.807090842302579111e-18
2.400147492625368972e+00 4.289042723108738220e-18
2.403761061946903421e+00 3.826165938211667778e-18
2.407374631268436982e+00 3.412656808774357803e-18
2.410988200589971431e+00 3.043314370427481709e-18
2.414601769911504991e+00 2.713478615976859208e-18
2.418215339233038552e+00 2.418974977728202795e-18
2.421828908554573001e+00 2.156064428253699661e-18
2.425442477876106562e+00 1.921398639307436709e-18
2.429056047197641011e+00 1.711979693613348669e-18
2.432669616519174571e+00 1.525123893953548024e-18
2.436283185840708132e+00 1.358429258872769462e-18
2.439896755162242581e+00 1.209746334857020850e-18
2.443510324483776142e+00 1.077151991444365594e-18
2.447123893805310590e+00 9.589258987652787505e-19
2.450737463126844151e+00 8.535294168307569995e-19
2.454351032448377712e+00 7.595866527912591996e-19
2.457964601769912161e+00 6.758674666646627055e-19
2.461578171091445721e+00 6.012722279265851637e-19
2.465191740412980170e+00 5.348181451005766974e-19
2.468805309734513731e+00 4.756270082895606149e-19
2.472418879056048180e+00 4.229142006372044572e-19
2.476032448377581741e+00 3.759788491730029034e-19
2.479646017699115301e+00 3.341949985274925187e-19
2.483259587020649750e+00 2.970037027473187693e-19
2.486873156342183311e+00 2.639059410160330651e-19
2.490486725663717760e+00 2.344562726122820533e-19
2.494100294985251320e+00 2.082571550136607809e-19
2.497713864306784881e+00 1.849538567751070922e-19
2.501327433628319330e+00 1.642299037603032712e-19
2.504941002949852891e+00 1.458030035576393561e-19
2.508554572271387340e+00 1.294213985385632703e-19
2.512168141592920900e+00 1.148606030771919948e-19
2.515781710914454461e+00 1.019204850012944014e-19
2.519395280235988910e+00 9.042265543763671219e-20
2.523008849557522471e+00 8.020813489377339949e-20
2.526622418879056919e+00 7.113526672540938172e-20
2.530235988200590480e+00 6.307785211041514413e-20
2.533849557522124041e+00 5.592348332056649640e-20
2.537463126843658490e+00 4.957205448083068668e-20
2.541076696165192050e+00 4.393443116019796409e-20
2.544690265486726499e+00 3.893126207247728216e-20
2.548303834808260060e+00 3.449191790224458081e-20
2.551917404129794509e+00 3.055354382990697580e-20
2.555530973451328070e+00 2.706021372891068603e-20
2.559144542772861630e+00 2.396217526332577451e-20
2.562758112094396079e+00 2.121517624014399082e-20
2.566371681415929640e+00 1.877986358059814937e-20
2.569985250737464089e+00 1.662124718052491759e-20
2.573598820058997649e+00 1.470822174182002185e-20
2.577212389380531210e+00 1.301314038491027836e-20
2.580825958702065659e+00 1.151143450454790966e-20
2.584439528023599220e+00 1.018127491575578327e-20
2.588053097345133668e+00 9.003269860434995261e-21
2.591666666666667229e+00 7.960195914218589622e-21
2.595280235988200790e+00 7.036758253195071138e-21
2.598893805309735239e+00 6.219377116252522339e-21
2.602507374631268799e+00 5.495997635457639619e-21
2.606120943952803248e+00 4.855920508234207718e-21
2.609734513274336809e+00 4.289651254752760185e-21
2.613348082595870370e+00 3.788766045186959362e-21
2.616961651917404819e+00 3.345792297295025387e-21
2.620575221238938379e+00 2.954102437772466646e-21
2.624188790560472828e+00 2.607819393388462048e-21
2.627802359882006389e+00 2.301732532193678407e-21
2.631415929203539950e+00 2.031222912969672591e-21
2.635029498525074398e+00 1.792196824321493669e-21
2.638643067846607959e+00 1.581026704905847280e-21
2.642256637168142408e+00 1.394498634640427045e-21
2.645870206489675969e+00 1.229765674578306750e-21
2.649483775811210418e+00 1.084306411565609695e-21
2.653097345132743978e+00 9.558881338308417745e-22
2.656710914454277539e+00 8.425341261581957510e-22
2.660324483775811988e+00 7.424946290839788776e-22
2.663938053097345549e+00 6.542210563285117678e-22
2.667551622418879997e+00 5.763431090808439680e-22
2.671165191740413558e+00 5.076484653595886022e-22
2.674778761061947119e+00 4.470647579915441070e-22
2.678392330383481568e+00 3.936435862406452897e-22
2.682005899705015128e+00 3.465463341903053991e-22
2.685619469026549577e+00 3.050315940008226712e-22
2.689233038348083138e+00 2.684440144573013748e-22
2.692846607669616699e+00 2.362044150845459588e-22
2.696460176991151148e+00 2.078010237976797553e-22
2.700073746312684708e+00 1.827817118122759825e-22
2.703687315634219157e+00 1.607471135670818517e-22
2.707300884955752718e+00 1.413445319014095017e-22
2.710914454277286278e+00 1.242625398451425587e-22
2.714528023598820727e+00 1.092262002717472552e-22
2.718141592920354288e+00 9.599283346567511360e-23
2.721755162241888737e+00 8.434827048505613536e-23
2.725368731563422298e+00 7.410353716377435305e-23
2.728982300884956747e+00 6.509191978881276324e-23
2.732595870206490307e+00 5.716636899385415692e-23
2.736209439528023868e+00 5.019720330310690481e-23
2.739823008849558317e+00 4.407007810816331277e-23
2.743436578171091877e+00 3.868418972459715927e-23
2.747050147492626326e+00 3.395068760766852644e-23
2.750663716814159887e+00 2.979127085550713137e-23
2.754277286135693448e+00 2.613694783562604423e-23
2.757890855457227897e+00 2.292694017465438671e-23
2.761504424778761457e+00 2.010771448516778362e-23
2.765117994100295906e+00 1.763212709750418264e-23
2.768731563421829467e+00 1.545866874517023124e-23
2.772345132743363028e+00 1.355079764350483927e-23
2.775958702064897476e+00 1.187635072396218531e-23
2.779572271386431037e+00 1.040702395937144990e-23
2.783185840707965486e+00 9.117913755640971169e-24
2.786799410029499047e+00 7.987112307472209900e-24
2.790412979351032607e+00 6.995350632937876178e-24
2.794026548672567056e+00 6.125683726075028941e-24
2.797640117994100617e+00 5.363212908378320712e-24
2.801253687315635066e+00 4.694841028562973101e-24
2.804867256637168627e+00 4.109056663486955184e-24
2.808480825958703075e+00 3.595743918970851461e-24
2.812094395280236636e+00 3.146014824023941096e-24
2.815707964601770197e+00 2.752061661400353941e-24
2.819321533923304646e+00 2.407026886675792678e-24
2.822935103244838206e+00 2.104888561674141123e-24
2.826548672566372655e+00 1.840359470167874280e-24
2.830162241887906216e+00 1.608798297914114377e-24
2.833775811209439777e+00 1.406131448457326803e-24
2.837389380530974226e+00 1.228784233575456085e-24
2.841002949852507786e+00 1.073620325266255671e-24
2.844616519174042235e+00 9.378884870028424581e-25
2.848230088495575796e+00 8.191757176015757516e-25
2.851843657817109357e+00 7.153660431934236503e-25
2.855457227138643805e+00 6.246042830239726486e-25
2.859070796460177366e+00 5.452641945005312126e-25
2.862684365781711815e+00 4.759204732768051537e-25
2.866297935103245376e+00 4.153241462944392632e-25
2.869911504424778936e+00 3.623809505406795855e-25
2.873525073746313385e+00 3.161323386807624451e-25
2.877138643067846946e+00 2.757387954282190160e-25
2.880752212389381395e+00 2.404651861907746629e-25
2.884365781710914955e+00 2.096678927601377524e-25
2.887979351032449404e+00 1.827835201178629652e-25
2.891592920353982965e+00 1.593189842681414903e-25
2.895206489675516526e+00 1.388428137848887741e-25
2.898820058997050975e+00 1.209775178361280059e-25
2.902433628318584535e+00 1.053928911387135093e-25
2.906047197640118984e+00 9.180014188254034614e-26
2.909660766961652545e+00 7.994674239268907468e-26
2.913274336283186106e+00 6.961191438949343917e-26
2.916887905604720554e+00 6.060267135381478045e-26
2.920501474926254115e+00 5.275034987836770654e-26
2.924115044247788564e+00 4.590757013679209111e-26
2.927728613569322125e+00 3.994557286341388217e-26
2.931342182890855685e+00 3.475188662558293639e-26
2.934955752212390134e+00 3.022828479113352849e-26
2.938569321533923695e+00 2.628899653715587420e-26
2.942182890855458144e+00 2.285914059365972058e-26
2.945796460176991705e+00 1.987335423816468083e-26
2.949410029498525265e+00 1.727459341734617944e-26
2.953023598820059714e+00 1.501308282514372966e-26
2.956637168141593275e+00 1.304539736186103472e-26
2.960250737463127724e+00 1.133365867879331709e-26
2.963864306784661284e+00 9.844832515746325870e-27
2.967477876106195733e+00 8.550114297724679626e-27
2.971091445427729294e+00 7.424392001608147776e-27
2.974705014749262855e+00 6.445776659564514779e-27
2.978318584070797304e+00 5.595192056164377759e-27
2.981932153392330864e+00 4.856016220661058351e-27
2.985545722713865313e+00 4.213768232390036434e-27
2.989159292035398874e+00 3.655834661241023230e-27
2.992772861356932435e+00 3.171230670349010802e-27
2.996386430678466883e+00 2.750391426558910216e-27
3.000000000000000000e+00 2.384990006430848469e-27
