1.000000000000000000e+00
9.738812414518024374e-01
9.087856390997485212e-01
8.181592352963328318e-01
7.127478739676323949e-01
5.964797941175959961e-01
4.936098176975207696e-01
4.070225339288670030e-01
3.359777658767156838e-01
2.812127376788344790e-01
2.457783075851971699e-01
2.250608698218188597e-01
2.055558879161945296e-01
1.993340766778144979e-01
1.845769986341838642e-01
1.863754743085777599e-01
1.932687101084665515e-01
1.968336424898595172e-01
1.979880763119885867e-01
2.012165283658423620e-01
1.916245835826534960e-01
1.870156681500240170e-01
1.840098563324584768e-01
1.845276319827643119e-01
1.870631178070585876e-01
1.889068646998634804e-01
1.851811404092404967e-01
1.855867409146122748e-01
1.801996271459128940e-01
1.735214018992219664e-01
1.685311499321539286e-01
1.614325276323604064e-01
1.590301011992544533e-01
1.570465991142893647e-01
1.508635563970388005e-01
1.515666377830247324e-01
1.499874907949891589e-01
1.466425263510691968e-01
1.444174287879900487e-01
1.464216984082191142e-01
1.450324132015774481e-01
1.500485642209583304e-01
1.456974838330530875e-01
1.436214335766300143e-01
1.433082439723877555e-01
1.391683991420654409e-01
1.352696585504919724e-01
1.350098361236155564e-01
1.441486578362871918e-01
1.439014710421691323e-01
1.429797045033546488e-01
1.445927311673225468e-01
1.500729208170500373e-01
1.514423785115832088e-01
1.523727751059863467e-01
1.497860302345139505e-01
1.485654177640618467e-01
1.488517915207924758e-01
1.511541080599417552e-01
1.480563494066701458e-01
1.487150433142889472e-01
1.448576530734076717e-01
1.431412651109204015e-01
1.382576254246919711e-01
1.332441922519292943e-01
1.287872437790461566e-01
1.268424742256030746e-01
1.269602517663443730e-01
1.305228561290693035e-01
1.315729494724742210e-01
1.254748093649583063e-01
1.256445713774786976e-01
1.250479989133818637e-01
1.279499540249517398e-01
1.240941233739444038e-01
1.228699441251007024e-01
1.256322638633583511e-01
1.250655496592107674e-01
1.248985594384550979e-01
1.292051237089519855e-01
1.294538276528120480e-01
1.279144415407323376e-01
1.297194975247856485e-01
1.291844713244811038e-01
1.259473891243972909e-01
1.294819818006440193e-01
1.288966841774523142e-01
1.281943635663823633e-01
1.297978302494640634e-01
1.301746269610125628e-01
1.313311081704013339e-01
1.335028205773610699e-01
1.346997065563544926e-01
1.339613068803593987e-01
1.346033667911539222e-01
1.352965667682919093e-01
1.339087120327497327e-01
1.330162731342196258e-01
1.364054427305978756e-01
1.363915551015378591e-01
1.362447968305969259e-01
1.345990841304847419e-01
1.342740944124436453e-01
1.328246679310780831e-01
1.319599683371271148e-01
1.295361857316220944e-01
1.277784173132283929e-01
1.277450955472495542e-01
1.272146378029176961e-01
1.284939606315058103e-01
1.322567792213003857e-01
1.328637967708259926e-01
1.338691737403168436e-01
1.344600012292954672e-01
1.347089497458312801e-01
1.337161041210186141e-01
1.342583921728147944e-01
1.333985267238621819e-01
1.312497364829532109e-01
1.292432435515765421e-01
1.281293420912370806e-01
1.283942277280702426e-01
1.279076774177215214e-01
1.311539548669623245e-01
1.307541910170388622e-01
1.308184673053191249e-01
1.328050248679978340e-01
1.349541237797983739e-01
1.378896364026442889e-01
1.323856118892740574e-01
1.292182186082015960e-01
1.304084443527714077e-01
1.311290629547475217e-01
1.303122614385284761e-01
1.265007909787303764e-01
1.228358382887021344e-01
1.243959741777106998e-01
1.233637299998319309e-01
1.261920282813470129e-01
1.269231142410582602e-01
1.262871960945431415e-01
1.255548898488436926e-01
1.239114097328641168e-01
1.284064560865089688e-01
1.280865419169908148e-01
1.262372389041659382e-01
1.284438146480755549e-01
1.273943811385237768e-01
1.268198367399941406e-01
1.257310748202292439e-01
1.221899771949461755e-01
1.228682004534395883e-01
1.213542210068263155e-01
1.223822677676553311e-01
1.195192311845855448e-01
1.188572920102722169e-01
1.180490554252204005e-01
1.177854567615594372e-01
1.154263906538948309e-01
1.157283644049295068e-01
1.136518158021529168e-01
1.153596277623102767e-01
1.180043282798438065e-01
1.176171474503699826e-01
1.207102623208228948e-01
1.188855874841416582e-01
1.178998455650683008e-01
1.205506567189866957e-01
1.234790875728662279e-01
1.238250467209529165e-01
1.252572206865175120e-01
1.241468829404179935e-01
1.226226439539579993e-01
1.240891306466950228e-01
1.228998332986532965e-01
1.254707713661400992e-01
1.227414911419289212e-01
1.211706168773720033e-01
1.217010814996440232e-01
1.225284156287696213e-01
1.226987964744626347e-01
1.200370718054716013e-01
1.208751571866766988e-01
1.211101016673414021e-01
1.224701672670695657e-01
1.194367789710321648e-01
1.210634993684897576e-01
1.208597394772273764e-01
1.227820929590864862e-01
1.229690954298401778e-01
1.234734134792212640e-01
1.221213407086572805e-01
1.203707265956047989e-01
1.223339466243862222e-01
1.212388371085108274e-01
1.187524638071426608e-01
1.195916993234549391e-01
1.216400453528844045e-01
1.215510135056587643e-01
1.207749024594848564e-01
1.237093456524820390e-01
1.216132207155154604e-01
1.233674623620123617e-01
1.215884755176076248e-01
1.181442896613673910e-01
1.186970012322916684e-01
1.206316700579978529e-01
1.187195455467916216e-01
1.185950902179263439e-01
1.233680038219886893e-01
1.194267543170029755e-01
1.201479613863355167e-01
1.178909442959621828e-01
1.176941754440993249e-01
1.169929630534152082e-01
1.163574334516649655e-01
1.170588972607070899e-01
1.182130065975843941e-01
1.209453756842271827e-01
1.217001432165681629e-01
1.222890967449353633e-01
1.240749891451385645e-01
1.223300775524138739e-01
1.201016781159113117e-01
1.189520507504011476e-01
1.206291223428834353e-01
1.222613929250936510e-01
1.224293766006520207e-01
1.243529627429485196e-01
1.252835259734147999e-01
1.255029161606912580e-01
1.244113066536848416e-01
1.246209642543135987e-01
1.246727101143826760e-01
1.233873576171118785e-01
1.235960068897499625e-01
1.247844301364378905e-01
1.246880115657760940e-01
1.254752708759991342e-01
1.239833279178393227e-01
1.227382955735179942e-01
1.225962549201594226e-01
1.218951710703094077e-01
1.204299121803652783e-01
1.214522509997030403e-01
1.206672395589495628e-01
1.252488488355108787e-01
1.246940692845964344e-01
1.257069677489220105e-01
1.265405520234342551e-01
