1.000000000000000000e+00
8.657968989884620159e-01
7.281641416307301773e-01
5.007861518253027278e-01
3.254235096251530401e-01
1.472570843893944992e-01
3.432575543780624905e-02
-9.328455127283283993e-03
-3.362736256959276970e-02
-4.337178567858545469e-02
-5.212903170440027351e-02
-5.468142722223452018e-02
-5.468142722223452018e-02
-5.468142722223452018e-02
-5.834653527170336612e-02
-5.834653527170336612e-02
-6.264712870437261216e-02
-6.322794389494834633e-02
-6.322794389494834633e-02
-6.322794389494834633e-02
-6.322794389494834633e-02
-6.322794389494834633e-02
-6.322794389494834633e-02
-6.322794389494834633e-02
-6.322794389494834633e-02
-6.322794389494834633e-02
-6.322794389494834633e-02
-6.322794389494834633e-02
-6.322794389494834633e-02
-6.322794389494834633e-02
-6.322794389494834633e-02
-6.322794389494834633e-02
-6.322794389494834633e-02
-6.322794389494834633e-02
-6.322794389494834633e-02
-6.322794389494834633e-02
-6.322794389494834633e-02
-6.322794389494834633e-02
-6.322794389494834633e-02
-6.322794389494834633e-02
-6.322794389494834633e-02
-6.322794389494834633e-02
-6.322794389494834633e-02
-6.322794389494834633e-02
-6.322794389494834633e-02
-6.322794389494834633e-02
-6.322794389494834633e-02
-6.322794389494834633e-02
-6.322794389494834633e-02
-6.322794389494834633e-02
-6.322794389494834633e-02
-6.322794389494834633e-02
-6.322794389494834633e-02
-6.322794389494834633e-02
-6.322794389494834633e-02
-6.322794389494834633e-02
-6.322794389494834633e-02
-6.322794389494834633e-02
-6.322794389494834633e-02
-6.322794389494834633e-02
-6.322794389494834633e-02
-6.322794389494834633e-02
-6.322794389494834633e-02
-6.322794389494834633e-02
-6.322794389494834633e-02
-6.322794389494834633e-02
-6.322794389494834633e-02
-6.322794389494834633e-02
-6.322794389494834633e-02
-6.322794389494834633e-02
-6.322794389494834633e-02
-6.322794389494834633e-02
-6.322794389494834633e-02
-6.322794389494834633e-02
-6.322794389494834633e-02
-6.322794389494834633e-02
-6.322794389494834633e-02
-6.322794389494834633e-02
-6.322794389494834633e-02
-6.322794389494834633e-02
-6.322794389494834633e-02
-6.322794389494834633e-02
-6.322794389494834633e-02
-6.322794389494834633e-02
-6.322794389494834633e-02
-6.322794389494834633e-02
-6.322794389494834633e-02
-6.322794389494834633e-02
-6.322794389494834633e-02
-6.322794389494834633e-02
-6.322794389494834633e-02
-6.322794389494834633e-02
-6.322794389494834633e-02
-6.322794389494834633e-02
-6.322794389494834633e-02
-6.322794389494834633e-02
-6.322794389494834633e-02
-6.322794389494834633e-02
-6.322794389494834633e-02
-6.322794389494834633e-02
-6.322794389494834633e-02
-6.322794389494834633e-02
-6.322794389494834633e-02
-6.322794389494834633e-02
-6.322794389494834633e-02
-6.322794389494834633e-02
-6.322794389494834633e-02
-6.322794389494834633e-02
-6.322794389494834633e-02
-6.322794389494834633e-02
-6.322794389494834633e-02
-6.322794389494834633e-02
-6.322794389494834633e-02
-6.322794389494834633e-02
-6.322794389494834633e-02
-6.322794389494834633e-02
-6.322794389494834633e-02
-6.322794389494834633e-02
-6.322794389494834633e-02
-6.322794389494834633e-02
-6.322794389494834633e-02
-6.322794389494834633e-02
-6.322794389494834633e-02
-6.322794389494834633e-02
-6.322794389494834633e-02
-6.322794389494834633e-02
-6.322794389494834633e-02
-6.322794389494834633e-02
-6.322794389494834633e-02
-6.322794389494834633e-02
-6.322794389494834633e-02
-6.322794389494834633e-02
-6.322794389494834633e-02
-6.322794389494834633e-02
-6.322794389494834633e-02
-6.322794389494834633e-02
-6.322794389494834633e-02
-6.322794389494834633e-02
-6.322794389494834633e-02
-6.322794389494834633e-02
-6.322794389494834633e-02
-6.322794389494834633e-02
-6.322794389494834633e-02
-6.322794389494834633e-02
-6.322794389494834633e-02
-6.322794389494834633e-02
-6.322794389494834633e-02
-6.322794389494834633e-02
-6.322794389494834633e-02
-6.322794389494834633e-02
-6.322794389494834633e-02
-6.322794389494834633e-02
-6.322794389494834633e-02
-6.322794389494834633e-02
-6.322794389494834633e-02
-6.322794389494834633e-02
-6.322794389494834633e-02
-6.322794389494834633e-02
-6.322794389494834633e-02
-6.322794389494834633e-02
-6.322794389494834633e-02
-6.322794389494834633e-02
-6.322794389494834633e-02
-6.322794389494834633e-02
-6.322794389494834633e-02
-6.322794389494834633e-02
-6.322794389494834633e-02
-6.322794389494834633e-02
-6.322794389494834633e-02
-6.322794389494834633e-02
-6.322794389494834633e-02
-6.322794389494834633e-02
-6.322794389494834633e-02
-6.322794389494834633e-02
-6.322794389494834633e-02
-6.322794389494834633e-02
-6.322794389494834633e-02
-6.322794389494834633e-02
-6.322794389494834633e-02
-6.322794389494834633e-02
-6.322794389494834633e-02
-6.322794389494834633e-02
-6.322794389494834633e-02
-6.322794389494834633e-02
-6.322794389494834633e-02
-6.322794389494834633e-02
-6.322794389494834633e-02
-6.322794389494834633e-02
-6.322794389494834633e-02
-6.322794389494834633e-02
-6.322794389494834633e-02
-6.322794389494834633e-02
-6.322794389494834633e-02
-6.322794389494834633e-02
-6.322794389494834633e-02
-6.322794389494834633e-02
-6.322794389494834633e-02
-6.322794389494834633e-02
-6.322794389494834633e-02
-6.322794389494834633e-02
-6.322794389494834633e-02
-6.322794389494834633e-02
-6.322794389494834633e-02
-6.322794389494834633e-02
-6.322794389494834633e-02
-6.322794389494834633e-02
-6.322794389494834633e-02
-6.322794389494834633e-02
-6.322794389494834633e-02
-6.322794389494834633e-02
-6.322794389494834633e-02
-6.322794389494834633e-02
-6.322794389494834633e-02
-6.322794389494834633e-02
-6.322794389494834633e-02
-6.322794389494834633e-02
-6.322794389494834633e-02
-6.322794389494834633e-02
-6.322794389494834633e-02
-6.322794389494834633e-02
-6.322794389494834633e-02
-6.322794389494834633e-02
-6.322794389494834633e-02
-6.322794389494834633e-02
-6.322794389494834633e-02
-6.322794389494834633e-02
-6.322794389494834633e-02
-6.322794389494834633e-02
-6.322794389494834633e-02
-6.322794389494834633e-02
-6.322794389494834633e-02
-6.322794389494834633e-02
-6.322794389494834633e-02
-6.322794389494834633e-02
-6.322794389494834633e-02
-6.322794389494834633e-02
-6.322794389494834633e-02
-6.322794389494834633e-02
-6.322794389494834633e-02
-6.322794389494834633e-02
-6.322794389494834633e-02
-6.322794389494834633e-02
-6.322794389494834633e-02
-6.322794389494834633e-02
-6.322794389494834633e-02
-6.322794389494834633e-02
-6.322794389494834633e-02
-6.322794389494834633e-02
-6.322794389494834633e-02
-6.322794389494834633e-02
