0.000000000000000000e+00
4.961273696742060646e-02
5.105636130948008194e-02
5.125899516764362285e-02
5.013481338677197585e-02
5.551559850673370294e-02
6.582411716522848510e-02
-6.549549641125139432e-02
-7.162267063064532702e-02
-6.800733916177333083e-02
-6.261979284600829865e-02
-6.319538794170133367e-02
-6.319538794170133367e-02
-6.319538794170133367e-02
-6.452966300969639746e-02
-6.452966300969639746e-02
-6.566682750686003711e-02
-6.579516906403044818e-02
-6.579516906403044818e-02
-6.579516906403044818e-02
-6.579516906403044818e-02
-6.579516906403044818e-02
-6.579516906403044818e-02
-6.579516906403044818e-02
-6.579516906403044818e-02
-6.579516906403044818e-02
-6.579516906403044818e-02
-6.579516906403044818e-02
-6.579516906403044818e-02
-6.579516906403044818e-02
-6.579516906403044818e-02
-6.579516906403044818e-02
-6.579516906403044818e-02
-6.579516906403044818e-02
-6.579516906403044818e-02
-6.579516906403044818e-02
-6.579516906403044818e-02
-6.579516906403044818e-02
-6.579516906403044818e-02
-6.579516906403044818e-02
-6.579516906403044818e-02
-6.579516906403044818e-02
-6.579516906403044818e-02
-6.579516906403044818e-02
-6.579516906403044818e-02
-6.579516906403044818e-02
-6.579516906403044818e-02
-6.579516906403044818e-02
-6.579516906403044818e-02
-6.579516906403044818e-02
-6.579516906403044818e-02
-6.579516906403044818e-02
-6.579516906403044818e-02
-6.579516906403044818e-02
-6.579516906403044818e-02
-6.579516906403044818e-02
-6.579516906403044818e-02
-6.579516906403044818e-02
-6.579516906403044818e-02
-6.579516906403044818e-02
-6.579516906403044818e-02
-6.579516906403044818e-02
-6.579516906403044818e-02
-6.579516906403044818e-02
-6.579516906403044818e-02
-6.579516906403044818e-02
-6.579516906403044818e-02
-6.579516906403044818e-02
-6.579516906403044818e-02
-6.579516906403044818e-02
-6.579516906403044818e-02
-6.579516906403044818e-02
-6.579516906403044818e-02
-6.579516906403044818e-02
-6.579516906403044818e-02
-6.579516906403044818e-02
-6.579516906403044818e-02
-6.579516906403044818e-02
-6.579516906403044818e-02
-6.579516906403044818e-02
-6.579516906403044818e-02
-6.579516906403044818e-02
-6.579516906403044818e-02
-6.579516906403044818e-02
-6.579516906403044818e-02
-6.579516906403044818e-02
-6.579516906403044818e-02
-6.579516906403044818e-02
-6.579516906403044818e-02
-6.579516906403044818e-02
-6.579516906403044818e-02
-6.579516906403044818e-02
-6.579516906403044818e-02
-6.579516906403044818e-02
-6.579516906403044818e-02
-6.579516906403044818e-02
-6.579516906403044818e-02
-6.579516906403044818e-02
-6.579516906403044818e-02
-6.579516906403044818e-02
-6.579516906403044818e-02
-6.579516906403044818e-02
-6.579516906403044818e-02
-6.579516906403044818e-02
-6.579516906403044818e-02
-6.579516906403044818e-02
-6.579516906403044818e-02
-6.579516906403044818e-02
-6.579516906403044818e-02
-6.579516906403044818e-02
-6.579516906403044818e-02
-6.579516906403044818e-02
-6.579516906403044818e-02
-6.579516906403044818e-02
-6.579516906403044818e-02
-6.579516906403044818e-02
-6.579516906403044818e-02
-6.579516906403044818e-02
-6.579516906403044818e-02
-6.579516906403044818e-02
-6.579516906403044818e-02
-6.579516906403044818e-02
-6.579516906403044818e-02
-6.579516906403044818e-02
-6.579516906403044818e-02
-6.579516906403044818e-02
-6.579516906403044818e-02
-6.579516906403044818e-02
-6.579516906403044818e-02
-6.579516906403044818e-02
-6.579516906403044818e-02
-6.579516906403044818e-02
-6.579516906403044818e-02
-6.579516906403044818e-02
-6.579516906403044818e-02
-6.579516906403044818e-02
-6.579516906403044818e-02
-6.579516906403044818e-02
-6.579516906403044818e-02
-6.579516906403044818e-02
-6.579516906403044818e-02
-6.579516906403044818e-02
-6.579516906403044818e-02
-6.579516906403044818e-02
-6.579516906403044818e-02
-6.579516906403044818e-02
-6.579516906403044818e-02
-6.579516906403044818e-02
-6.579516906403044818e-02
-6.579516906403044818e-02
-6.579516906403044818e-02
-6.579516906403044818e-02
-6.579516906403044818e-02
-6.579516906403044818e-02
-6.579516906403044818e-02
-6.579516906403044818e-02
-6.579516906403044818e-02
-6.579516906403044818e-02
-6.579516906403044818e-02
-6.579516906403044818e-02
-6.579516906403044818e-02
-6.579516906403044818e-02
-6.579516906403044818e-02
-6.579516906403044818e-02
-6.579516906403044818e-02
-6.579516906403044818e-02
-6.579516906403044818e-02
-6.579516906403044818e-02
-6.579516906403044818e-02
-6.579516906403044818e-02
-6.579516906403044818e-02
-6.579516906403044818e-02
-6.579516906403044818e-02
-6.579516906403044818e-02
-6.579516906403044818e-02
-6.579516906403044818e-02
-6.579516906403044818e-02
-6.579516906403044818e-02
-6.579516906403044818e-02
-6.579516906403044818e-02
-6.579516906403044818e-02
-6.579516906403044818e-02
-6.579516906403044818e-02
-6.579516906403044818e-02
-6.579516906403044818e-02
-6.579516906403044818e-02
-6.579516906403044818e-02
-6.579516906403044818e-02
-6.579516906403044818e-02
-6.579516906403044818e-02
-6.579516906403044818e-02
-6.579516906403044818e-02
-6.579516906403044818e-02
-6.579516906403044818e-02
-6.579516906403044818e-02
-6.579516906403044818e-02
-6.579516906403044818e-02
-6.579516906403044818e-02
-6.579516906403044818e-02
-6.579516906403044818e-02
-6.579516906403044818e-02
-6.579516906403044818e-02
-6.579516906403044818e-02
-6.579516906403044818e-02
-6.579516906403044818e-02
-6.579516906403044818e-02
-6.579516906403044818e-02
-6.579516906403044818e-02
-6.579516906403044818e-02
-6.579516906403044818e-02
-6.579516906403044818e-02
-6.579516906403044818e-02
-6.579516906403044818e-02
-6.579516906403044818e-02
-6.579516906403044818e-02
-6.579516906403044818e-02
-6.579516906403044818e-02
-6.579516906403044818e-02
-6.579516906403044818e-02
-6.579516906403044818e-02
-6.579516906403044818e-02
-6.579516906403044818e-02
-6.579516906403044818e-02
-6.579516906403044818e-02
-6.579516906403044818e-02
-6.579516906403044818e-02
-6.579516906403044818e-02
-6.579516906403044818e-02
-6.579516906403044818e-02
-6.579516906403044818e-02
-6.579516906403044818e-02
-6.579516906403044818e-02
-6.579516906403044818e-02
-6.579516906403044818e-02
-6.579516906403044818e-02
-6.579516906403044818e-02
-6.579516906403044818e-02
-6.579516906403044818e-02
-6.579516906403044818e-02
-6.579516906403044818e-02
-6.579516906403044818e-02
-6.579516906403044818e-02
-6.579516906403044818e-02
-6.579516906403044818e-02
-6.579516906403044818e-02
-6.579516906403044818e-02
-6.579516906403044818e-02
-6.579516906403044818e-02
-6.579516906403044818e-02
-6.579516906403044818e-02
