0.000000000000000000e+00
2.542192588776190018e-02
2.542192588776190018e-02
2.542192588776190018e-02
2.542192588776190018e-02
2.542192588776190018e-02
2.542192588776190018e-02
2.542192588776190018e-02
2.542192588776190018e-02
2.542192588776190018e-02
2.542192588776190018e-02
2.542192588776190018e-02
2.542192588776190018e-02
2.542192588776190018e-02
2.542192588776190018e-02
2.542192588776190018e-02
2.542192588776190018e-02
2.542192588776190018e-02
2.542192588776190018e-02
2.542192588776190018e-02
2.542192588776190018e-02
2.549572006249326353e-02
2.549572006249326353e-02
2.550816702375482622e-02
2.568380841921125146e-02
2.555793119280314399e-02
2.534168311750426006e-02
2.559599116186274045e-02
2.501519595566292775e-02
2.472980140654616396e-02
2.454270778776141901e-02
2.380913773667620373e-02
2.445432913809321429e-02
2.374450648671487876e-02
2.332978571612076557e-02
2.396471064043771346e-02
2.349717274590201396e-02
2.353522377904543675e-02
2.413310951474766097e-02
2.372095876558957470e-02
2.277738750116867564e-02
2.274401961545288731e-02
2.171131649258319085e-02
2.171475371479329730e-02
2.076515829785979816e-02
2.045011431214444758e-02
2.019828984368814487e-02
1.947016687504421820e-02
1.916606673662300461e-02
1.878923109002429703e-02
1.849278941888655298e-02
1.788330694435131055e-02
1.780214364795825940e-02
1.747728727181641073e-02
1.700277535878194982e-02
1.683806474407465933e-02
1.588685392354257861e-02
1.609669917468621245e-02
1.554457168605833002e-02
1.442219722196535353e-02
1.406421613920213164e-02
1.388020645244075063e-02
1.451431789162237890e-02
1.451920219048624498e-02
1.377074705411428235e-02
1.254952249642072443e-02
1.253786666209155513e-02
1.308364691855446772e-02
1.329648318809965868e-02
1.263828023716628834e-02
1.263771444889694173e-02
1.206614725753321106e-02
1.218111678063790726e-02
1.178350853149703718e-02
1.267075122741001536e-02
1.227746308973278085e-02
1.191931643549691729e-02
1.178543874427789850e-02
1.204736450534781532e-02
1.279252971924649783e-02
1.300595200473000229e-02
1.397610391765634341e-02
1.421146853008218441e-02
1.427831070484367020e-02
1.507753189530153075e-02
1.516357149343655793e-02
1.582313915510228167e-02
1.727691534102440002e-02
1.744972242789047043e-02
1.748738891205734933e-02
1.800217324021188142e-02
1.795722006249237876e-02
1.738820935116039065e-02
1.660647878509876815e-02
1.592757992882995813e-02
1.577211866557141559e-02
1.588461886136596432e-02
1.654285577143159783e-02
1.599517573338787510e-02
-1.647364928320176405e-02
-1.605935468151118914e-02
-1.712457211591382131e-02
-1.657630713397025349e-02
-1.540123987256296345e-02
-1.455769066602240897e-02
-1.317229264597401250e-02
-1.355354259411455618e-02
-1.374896287814030699e-02
-1.371619867986410141e-02
-1.420222494777422136e-02
-1.297537373399031135e-02
-1.311755503703898075e-02
-1.302152951616014805e-02
-1.262634194448235270e-02
-1.275764594548785096e-02
-1.353732615740249091e-02
-1.429849549036543190e-02
-1.418971505772838142e-02
-1.487090801933098339e-02
-1.459508658483046374e-02
-1.489445434489070248e-02
-1.561454994320821132e-02
-1.591078305661145290e-02
-1.561470245644835074e-02
-1.563719063604517359e-02
-1.590747808136615607e-02
-1.547390402169387426e-02
-1.554289038769143642e-02
-1.491806852667038573e-02
-1.446917972117893469e-02
-1.507615642490479739e-02
-1.405428080505437965e-02
-1.323049745955279764e-02
-1.369787358503717599e-02
-1.305392596261724901e-02
-1.340050934501402745e-02
-1.306983632939510108e-02
-1.343045411536825627e-02
-1.283392125270927525e-02
-1.402893755938068587e-02
-1.458815798807718001e-02
-1.454848394368352289e-02
-1.440525950545015060e-02
-1.422240792208816738e-02
-1.387761607094546538e-02
-1.383694922970177439e-02
-1.346020485985098027e-02
-1.402523052236578742e-02
-1.268691904633111218e-02
-1.364599100269530546e-02
-1.300856284685573440e-02
-1.279757663060576874e-02
-1.189433097218044882e-02
-1.114600397462026278e-02
-1.146400046292472136e-02
-1.157438084313942329e-02
-1.127786126885382822e-02
-1.011891606982419541e-02
-1.067918281346137872e-02
-1.093701247070833805e-02
-9.990638978881341906e-03
-1.049005625566819949e-02
-1.020105652567184634e-02
-1.074812625015270778e-02
-1.111260075911955393e-02
-1.113303102823714336e-02
-1.017124260129177206e-02
-1.094698926122577610e-02
-1.109003974658521151e-02
-1.158502797671126343e-02
-1.112167796409679367e-02
-1.125498400965419671e-02
-1.237849145938937911e-02
-1.195934979318435086e-02
-1.195793764284350767e-02
-1.269693055690369193e-02
-1.327301469441033270e-02
-1.438711535886924402e-02
-1.395095990981455765e-02
-1.390098409565208686e-02
-1.564149674659261538e-02
-1.581370996034466708e-02
-1.626734951211352212e-02
-1.586301012684432007e-02
-1.572361538135185616e-02
-1.540518852136655258e-02
-1.375094296007223736e-02
-1.342948545015434925e-02
-1.366512314273753657e-02
-1.397549613614192804e-02
-1.456177353976869336e-02
-1.359202131468138786e-02
-1.370773741217423680e-02
-1.351207607146372690e-02
1.389612038057362782e-02
1.409372949132375701e-02
1.464680600469386862e-02
1.604224145948051489e-02
1.661828490136995837e-02
1.491225432501841995e-02
1.414412534967753564e-02
1.382291803309793066e-02
1.490382873256457415e-02
1.580418800872110396e-02
1.481690636302533844e-02
1.426835176611990046e-02
1.380336266869706778e-02
1.412445152957132050e-02
1.538038488264131809e-02
1.565655513246570762e-02
1.512168829147810846e-02
1.410943687055565311e-02
1.385614223923495314e-02
1.369753277625424676e-02
1.341849954983682924e-02
1.339671445053875615e-02
1.315816696459236844e-02
1.351306429987150261e-02
1.229676553115507248e-02
1.200718493454760831e-02
1.162661599116555228e-02
1.148390062682126678e-02
1.164652233811353486e-02
1.156532168900206541e-02
1.149110331156532640e-02
1.227907750705177665e-02
1.255335902635686812e-02
1.198018298667012475e-02
1.100545745136109581e-02
1.019902129947824858e-02
1.113610733910093929e-02
9.177278921551816279e-03
8.725118102780373211e-03
8.483580140189427021e-03
8.193708712721807855e-03
9.456751079361135071e-03
9.026629948795921593e-03
9.223287509797303482e-03
8.776883714214483642e-03
8.573340857469571516e-03
9.410586372328137370e-03
9.096678529456826007e-03
9.292982251559519721e-03
-8.921501842614905017e-03
-8.492855719566665476e-03
-8.607385958227955700e-03
-7.813332385749998873e-03
-7.990660913294587650e-03
-8.338059692779295831e-03
-8.513832939316356291e-03
