0.000000000000000000e+00
7.313886206889341768e-02
7.290981418318788487e-02
7.299886465113476774e-02
7.286000696421843226e-02
7.237864421996807740e-02
7.271302270984231209e-02
7.278562273961368401e-02
7.260199333594632987e-02
7.250912580436687238e-02
7.309841671487810055e-02
7.318720006259225863e-02
7.319173701180939351e-02
7.319173701180939351e-02
7.326367975076113204e-02
7.265806189240657520e-02
7.264044126811504409e-02
7.264044126811504409e-02
7.279175080803694520e-02
7.259180155452571448e-02
7.257686921062213303e-02
7.257686921062213303e-02
7.257686921062213303e-02
7.257686921062213303e-02
7.257686921062213303e-02
7.257686921062213303e-02
7.257686921062213303e-02
7.257686921062213303e-02
7.257686921062213303e-02
7.257686921062213303e-02
7.270781427469692748e-02
7.270781427469692748e-02
7.270781427469692748e-02
7.270781427469692748e-02
7.270781427469692748e-02
7.270781427469692748e-02
7.270781427469692748e-02
7.270781427469692748e-02
7.270781427469692748e-02
7.270781427469692748e-02
7.270781427469692748e-02
7.270781427469692748e-02
7.270781427469692748e-02
7.270781427469692748e-02
7.270781427469692748e-02
7.271341829513268407e-02
7.271341829513268407e-02
7.271341829513268407e-02
7.271341829513268407e-02
7.271341829513268407e-02
7.271341829513268407e-02
7.271341829513268407e-02
7.271341829513268407e-02
7.271341829513268407e-02
7.271341829513268407e-02
7.271341829513268407e-02
7.271341829513268407e-02
7.271341829513268407e-02
7.271341829513268407e-02
7.271341829513268407e-02
7.271341829513268407e-02
7.271341829513268407e-02
7.271341829513268407e-02
7.271341829513268407e-02
7.271341829513268407e-02
7.271341829513268407e-02
7.271341829513268407e-02
7.271341829513268407e-02
7.271341829513268407e-02
7.271341829513268407e-02
7.271341829513268407e-02
7.271341829513268407e-02
7.271341829513268407e-02
7.271341829513268407e-02
7.271341829513268407e-02
7.271341829513268407e-02
7.271341829513268407e-02
7.271341829513268407e-02
7.271341829513268407e-02
7.271341829513268407e-02
7.271341829513268407e-02
7.271341829513268407e-02
7.271341829513268407e-02
7.271341829513268407e-02
7.271341829513268407e-02
7.271341829513268407e-02
7.271341829513268407e-02
7.271341829513268407e-02
7.271341829513268407e-02
7.271341829513268407e-02
7.271341829513268407e-02
7.271341829513268407e-02
7.271341829513268407e-02
7.271341829513268407e-02
7.271341829513268407e-02
7.271341829513268407e-02
7.271341829513268407e-02
7.271341829513268407e-02
7.271341829513268407e-02
7.271341829513268407e-02
7.271341829513268407e-02
7.271341829513268407e-02
7.271341829513268407e-02
7.271341829513268407e-02
7.271341829513268407e-02
7.271341829513268407e-02
7.271341829513268407e-02
7.271341829513268407e-02
7.271341829513268407e-02
7.271341829513268407e-02
7.271341829513268407e-02
7.271341829513268407e-02
7.271341829513268407e-02
7.271341829513268407e-02
7.271341829513268407e-02
7.271341829513268407e-02
7.271341829513268407e-02
7.271341829513268407e-02
7.271341829513268407e-02
7.271341829513268407e-02
7.271341829513268407e-02
7.271341829513268407e-02
7.271341829513268407e-02
7.271341829513268407e-02
7.271341829513268407e-02
7.271341829513268407e-02
7.271341829513268407e-02
7.271341829513268407e-02
7.271341829513268407e-02
7.271341829513268407e-02
7.271341829513268407e-02
7.271341829513268407e-02
7.271341829513268407e-02
7.271341829513268407e-02
7.271341829513268407e-02
7.271341829513268407e-02
7.271341829513268407e-02
7.271341829513268407e-02
7.271341829513268407e-02
7.271341829513268407e-02
7.271341829513268407e-02
7.271341829513268407e-02
7.271341829513268407e-02
7.271341829513268407e-02
7.271341829513268407e-02
7.271341829513268407e-02
7.271341829513268407e-02
7.271341829513268407e-02
7.271341829513268407e-02
7.271341829513268407e-02
7.271341829513268407e-02
7.271341829513268407e-02
7.271341829513268407e-02
7.271341829513268407e-02
7.271341829513268407e-02
7.271341829513268407e-02
7.271341829513268407e-02
7.271341829513268407e-02
7.271341829513268407e-02
7.271341829513268407e-02
7.271341829513268407e-02
7.271341829513268407e-02
7.271341829513268407e-02
7.271341829513268407e-02
7.271341829513268407e-02
7.271341829513268407e-02
7.271341829513268407e-02
7.271341829513268407e-02
7.271341829513268407e-02
7.271341829513268407e-02
7.271341829513268407e-02
7.271341829513268407e-02
7.271341829513268407e-02
7.271341829513268407e-02
7.271341829513268407e-02
7.271341829513268407e-02
7.271341829513268407e-02
7.271341829513268407e-02
7.271341829513268407e-02
7.271341829513268407e-02
7.271341829513268407e-02
7.271341829513268407e-02
7.271341829513268407e-02
7.271341829513268407e-02
7.271341829513268407e-02
7.271341829513268407e-02
7.271341829513268407e-02
7.271341829513268407e-02
7.271341829513268407e-02
7.271341829513268407e-02
7.271341829513268407e-02
7.271341829513268407e-02
7.271341829513268407e-02
7.271341829513268407e-02
7.271341829513268407e-02
7.271341829513268407e-02
7.271341829513268407e-02
7.271341829513268407e-02
7.271341829513268407e-02
7.271341829513268407e-02
7.271341829513268407e-02
7.271341829513268407e-02
7.271341829513268407e-02
7.271341829513268407e-02
7.271341829513268407e-02
7.271341829513268407e-02
7.271341829513268407e-02
7.271341829513268407e-02
7.271341829513268407e-02
7.271341829513268407e-02
7.271341829513268407e-02
7.271341829513268407e-02
7.271341829513268407e-02
7.271341829513268407e-02
7.271341829513268407e-02
7.271341829513268407e-02
7.271341829513268407e-02
7.271341829513268407e-02
7.271341829513268407e-02
7.271341829513268407e-02
7.271341829513268407e-02
7.271341829513268407e-02
7.271341829513268407e-02
7.271341829513268407e-02
7.271341829513268407e-02
7.271341829513268407e-02
7.271341829513268407e-02
7.271341829513268407e-02
7.271341829513268407e-02
7.271341829513268407e-02
7.271341829513268407e-02
7.271341829513268407e-02
7.271341829513268407e-02
7.271341829513268407e-02
7.271341829513268407e-02
7.271341829513268407e-02
7.271341829513268407e-02
7.271341829513268407e-02
7.271341829513268407e-02
7.271341829513268407e-02
7.271341829513268407e-02
7.271341829513268407e-02
7.271341829513268407e-02
7.271341829513268407e-02
7.271341829513268407e-02
7.271341829513268407e-02
7.271341829513268407e-02
7.271341829513268407e-02
7.271341829513268407e-02
7.271341829513268407e-02
