1.000000000000000000e+00
9.992877390432908236e-01
9.979456474588175308e-01
9.947965606777620096e-01
9.917634008007594204e-01
9.882989894026036337e-01
9.844026982118253555e-01
9.796756500817319635e-01
9.761016812404986753e-01
9.730288937018953810e-01
9.707395052526752721e-01
9.701271818793393287e-01
9.698595967157593867e-01
9.687529468176167002e-01
9.684145275486829574e-01
9.662448742217166764e-01
9.662448742217166764e-01
9.650736845997260893e-01
9.638420293017549989e-01
9.641198775234084417e-01
9.631153231236074808e-01
9.631153231236074808e-01
9.640453549190542981e-01
9.640453549190542981e-01
9.640453549190542981e-01
9.640453549190542981e-01
9.640453549190542981e-01
9.629237534975224611e-01
9.629237534975224611e-01
9.629237534975224611e-01
9.629237534975224611e-01
9.629237534975224611e-01
9.629237534975224611e-01
9.629237534975224611e-01
9.629237534975224611e-01
9.629237534975224611e-01
9.629237534975224611e-01
9.629237534975224611e-01
9.629237534975224611e-01
9.629237534975224611e-01
9.629237534975224611e-01
9.629237534975224611e-01
9.629237534975224611e-01
9.629237534975224611e-01
9.629237534975224611e-01
9.629237534975224611e-01
9.629237534975224611e-01
9.629237534975224611e-01
9.629237534975224611e-01
9.629237534975224611e-01
9.629237534975224611e-01
9.629237534975224611e-01
9.629237534975224611e-01
9.629237534975224611e-01
9.629237534975224611e-01
9.629237534975224611e-01
9.629237534975224611e-01
9.629237534975224611e-01
9.629237534975224611e-01
9.629237534975224611e-01
9.629237534975224611e-01
9.629237534975224611e-01
9.629237534975224611e-01
9.629237534975224611e-01
9.629237534975224611e-01
9.629237534975224611e-01
9.629237534975224611e-01
9.629237534975224611e-01
9.629237534975224611e-01
9.629237534975224611e-01
9.629237534975224611e-01
9.629237534975224611e-01
9.629237534975224611e-01
9.629237534975224611e-01
9.629237534975224611e-01
9.629237534975224611e-01
9.629237534975224611e-01
9.629237534975224611e-01
9.629237534975224611e-01
9.629237534975224611e-01
9.629237534975224611e-01
9.629237534975224611e-01
9.629237534975224611e-01
9.629237534975224611e-01
9.629237534975224611e-01
9.629237534975224611e-01
9.629237534975224611e-01
9.629237534975224611e-01
9.629237534975224611e-01
9.629237534975224611e-01
9.629237534975224611e-01
9.629237534975224611e-01
9.629237534975224611e-01
9.629237534975224611e-01
9.629237534975224611e-01
9.629237534975224611e-01
9.629237534975224611e-01
9.629237534975224611e-01
9.629237534975224611e-01
9.629237534975224611e-01
9.629237534975224611e-01
9.629237534975224611e-01
9.629237534975224611e-01
9.629237534975224611e-01
9.629237534975224611e-01
9.629237534975224611e-01
9.629237534975224611e-01
9.629237534975224611e-01
9.629237534975224611e-01
9.629237534975224611e-01
9.629237534975224611e-01
9.629237534975224611e-01
9.629237534975224611e-01
9.629237534975224611e-01
9.629237534975224611e-01
9.629237534975224611e-01
9.629237534975224611e-01
9.629237534975224611e-01
9.629237534975224611e-01
9.629237534975224611e-01
9.629237534975224611e-01
9.629237534975224611e-01
9.629237534975224611e-01
9.629237534975224611e-01
9.629237534975224611e-01
9.629237534975224611e-01
9.629237534975224611e-01
9.629237534975224611e-01
9.629237534975224611e-01
9.629237534975224611e-01
9.629237534975224611e-01
9.629237534975224611e-01
9.629237534975224611e-01
9.629237534975224611e-01
9.629237534975224611e-01
9.629237534975224611e-01
9.629237534975224611e-01
9.629237534975224611e-01
9.629237534975224611e-01
9.629237534975224611e-01
9.629237534975224611e-01
9.629237534975224611e-01
9.629237534975224611e-01
9.629237534975224611e-01
9.629237534975224611e-01
9.629237534975224611e-01
9.629237534975224611e-01
9.629237534975224611e-01
9.629237534975224611e-01
9.629237534975224611e-01
9.629237534975224611e-01
9.629237534975224611e-01
9.629237534975224611e-01
9.629237534975224611e-01
9.629237534975224611e-01
9.629237534975224611e-01
9.629237534975224611e-01
9.629237534975224611e-01
9.629237534975224611e-01
9.629237534975224611e-01
9.629237534975224611e-01
9.629237534975224611e-01
9.629237534975224611e-01
9.629237534975224611e-01
9.629237534975224611e-01
9.629237534975224611e-01
9.629237534975224611e-01
9.629237534975224611e-01
9.629237534975224611e-01
9.629237534975224611e-01
9.629237534975224611e-01
9.629237534975224611e-01
9.629237534975224611e-01
9.629237534975224611e-01
9.629237534975224611e-01
9.629237534975224611e-01
9.629237534975224611e-01
9.629237534975224611e-01
9.629237534975224611e-01
9.629237534975224611e-01
9.629237534975224611e-01
9.629237534975224611e-01
9.629237534975224611e-01
9.629237534975224611e-01
9.629237534975224611e-01
9.629237534975224611e-01
9.629237534975224611e-01
9.629237534975224611e-01
9.629237534975224611e-01
9.629237534975224611e-01
9.629237534975224611e-01
9.629237534975224611e-01
9.629237534975224611e-01
9.629237534975224611e-01
9.629237534975224611e-01
9.629237534975224611e-01
9.629237534975224611e-01
9.629237534975224611e-01
9.629237534975224611e-01
9.629237534975224611e-01
9.629237534975224611e-01
9.629237534975224611e-01
9.629237534975224611e-01
9.629237534975224611e-01
9.629237534975224611e-01
9.629237534975224611e-01
9.629237534975224611e-01
9.629237534975224611e-01
9.629237534975224611e-01
9.629237534975224611e-01
9.629237534975224611e-01
9.629237534975224611e-01
9.629237534975224611e-01
9.629237534975224611e-01
9.629237534975224611e-01
9.629237534975224611e-01
9.629237534975224611e-01
9.629237534975224611e-01
9.629237534975224611e-01
9.629237534975224611e-01
9.629237534975224611e-01
9.629237534975224611e-01
9.629237534975224611e-01
9.629237534975224611e-01
9.629237534975224611e-01
9.629237534975224611e-01
9.629237534975224611e-01
9.629237534975224611e-01
9.629237534975224611e-01
9.629237534975224611e-01
9.629237534975224611e-01
9.629237534975224611e-01
9.629237534975224611e-01
9.629237534975224611e-01
9.629237534975224611e-01
9.629237534975224611e-01
9.629237534975224611e-01
9.629237534975224611e-01
9.629237534975224611e-01
9.629237534975224611e-01
9.629237534975224611e-01
9.629237534975224611e-01
9.629237534975224611e-01
9.629237534975224611e-01
9.629237534975224611e-01
9.629237534975224611e-01
9.629237534975224611e-01
9.629237534975224611e-01
9.629237534975224611e-01
9.629237534975224611e-01
