0.000000000000000000e+00
6.455254906721395736e-02
6.443104703502952613e-02
6.468815945550177027e-02
6.448032459010837047e-02
6.463064431035707436e-02
6.415656603023765781e-02
6.360733681177682675e-02
6.317021961130732388e-02
6.342927045857470192e-02
6.318825118742261993e-02
6.332938253479451773e-02
6.340414426904357470e-02
6.366797074873846440e-02
6.359275129070794674e-02
6.355839673446393723e-02
6.355839673446393723e-02
6.321406631653857244e-02
6.303971167374008977e-02
6.296550445932481976e-02
6.251325023073485421e-02
6.251325023073485421e-02
6.293151389893703040e-02
6.293151389893703040e-02
6.293151389893703040e-02
6.293151389893703040e-02
6.293151389893703040e-02
6.279350365555683156e-02
6.279350365555683156e-02
6.279350365555683156e-02
6.279350365555683156e-02
6.279350365555683156e-02
6.279350365555683156e-02
6.279350365555683156e-02
6.279350365555683156e-02
6.279350365555683156e-02
6.279350365555683156e-02
6.279350365555683156e-02
6.279350365555683156e-02
6.279350365555683156e-02
6.279350365555683156e-02
6.279350365555683156e-02
6.279350365555683156e-02
6.279350365555683156e-02
6.279350365555683156e-02
6.279350365555683156e-02
6.279350365555683156e-02
6.279350365555683156e-02
6.279350365555683156e-02
6.279350365555683156e-02
6.279350365555683156e-02
6.279350365555683156e-02
6.279350365555683156e-02
6.279350365555683156e-02
6.279350365555683156e-02
6.279350365555683156e-02
6.279350365555683156e-02
6.279350365555683156e-02
6.279350365555683156e-02
6.279350365555683156e-02
6.279350365555683156e-02
6.279350365555683156e-02
6.279350365555683156e-02
6.279350365555683156e-02
6.279350365555683156e-02
6.279350365555683156e-02
6.279350365555683156e-02
6.279350365555683156e-02
6.279350365555683156e-02
6.279350365555683156e-02
6.279350365555683156e-02
6.279350365555683156e-02
6.279350365555683156e-02
6.279350365555683156e-02
6.279350365555683156e-02
6.279350365555683156e-02
6.279350365555683156e-02
6.279350365555683156e-02
6.279350365555683156e-02
6.279350365555683156e-02
6.279350365555683156e-02
6.279350365555683156e-02
6.279350365555683156e-02
6.279350365555683156e-02
6.279350365555683156e-02
6.279350365555683156e-02
6.279350365555683156e-02
6.279350365555683156e-02
6.279350365555683156e-02
6.279350365555683156e-02
6.279350365555683156e-02
6.279350365555683156e-02
6.279350365555683156e-02
6.279350365555683156e-02
6.279350365555683156e-02
6.279350365555683156e-02
6.279350365555683156e-02
6.279350365555683156e-02
6.279350365555683156e-02
6.279350365555683156e-02
6.279350365555683156e-02
6.279350365555683156e-02
6.279350365555683156e-02
6.279350365555683156e-02
6.279350365555683156e-02
6.279350365555683156e-02
6.279350365555683156e-02
6.279350365555683156e-02
6.279350365555683156e-02
6.279350365555683156e-02
6.279350365555683156e-02
6.279350365555683156e-02
6.279350365555683156e-02
6.279350365555683156e-02
6.279350365555683156e-02
6.279350365555683156e-02
6.279350365555683156e-02
6.279350365555683156e-02
6.279350365555683156e-02
6.279350365555683156e-02
6.279350365555683156e-02
6.279350365555683156e-02
6.279350365555683156e-02
6.279350365555683156e-02
6.279350365555683156e-02
6.279350365555683156e-02
6.279350365555683156e-02
6.279350365555683156e-02
6.279350365555683156e-02
6.279350365555683156e-02
6.279350365555683156e-02
6.279350365555683156e-02
6.279350365555683156e-02
6.279350365555683156e-02
6.279350365555683156e-02
6.279350365555683156e-02
6.279350365555683156e-02
6.279350365555683156e-02
6.279350365555683156e-02
6.279350365555683156e-02
6.279350365555683156e-02
6.279350365555683156e-02
6.279350365555683156e-02
6.279350365555683156e-02
6.279350365555683156e-02
6.279350365555683156e-02
6.279350365555683156e-02
6.279350365555683156e-02
6.279350365555683156e-02
6.279350365555683156e-02
6.279350365555683156e-02
6.279350365555683156e-02
6.279350365555683156e-02
6.279350365555683156e-02
6.279350365555683156e-02
6.279350365555683156e-02
6.279350365555683156e-02
6.279350365555683156e-02
6.279350365555683156e-02
6.279350365555683156e-02
6.279350365555683156e-02
6.279350365555683156e-02
6.279350365555683156e-02
6.279350365555683156e-02
6.279350365555683156e-02
6.279350365555683156e-02
6.279350365555683156e-02
6.279350365555683156e-02
6.279350365555683156e-02
6.279350365555683156e-02
6.279350365555683156e-02
6.279350365555683156e-02
6.279350365555683156e-02
6.279350365555683156e-02
6.279350365555683156e-02
6.279350365555683156e-02
6.279350365555683156e-02
6.279350365555683156e-02
6.279350365555683156e-02
6.279350365555683156e-02
6.279350365555683156e-02
6.279350365555683156e-02
6.279350365555683156e-02
6.279350365555683156e-02
6.279350365555683156e-02
6.279350365555683156e-02
6.279350365555683156e-02
6.279350365555683156e-02
6.279350365555683156e-02
6.279350365555683156e-02
6.279350365555683156e-02
6.279350365555683156e-02
6.279350365555683156e-02
6.279350365555683156e-02
6.279350365555683156e-02
6.279350365555683156e-02
6.279350365555683156e-02
6.279350365555683156e-02
6.279350365555683156e-02
6.279350365555683156e-02
6.279350365555683156e-02
6.279350365555683156e-02
6.279350365555683156e-02
6.279350365555683156e-02
6.279350365555683156e-02
6.279350365555683156e-02
6.279350365555683156e-02
6.279350365555683156e-02
6.279350365555683156e-02
6.279350365555683156e-02
6.279350365555683156e-02
6.279350365555683156e-02
6.279350365555683156e-02
6.279350365555683156e-02
6.279350365555683156e-02
6.279350365555683156e-02
6.279350365555683156e-02
6.279350365555683156e-02
6.279350365555683156e-02
6.279350365555683156e-02
6.279350365555683156e-02
6.279350365555683156e-02
6.279350365555683156e-02
6.279350365555683156e-02
6.279350365555683156e-02
6.279350365555683156e-02
6.279350365555683156e-02
6.279350365555683156e-02
6.279350365555683156e-02
6.279350365555683156e-02
6.279350365555683156e-02
6.279350365555683156e-02
6.279350365555683156e-02
6.279350365555683156e-02
6.279350365555683156e-02
6.279350365555683156e-02
6.279350365555683156e-02
6.279350365555683156e-02
6.279350365555683156e-02
6.279350365555683156e-02
6.279350365555683156e-02
6.279350365555683156e-02
6.279350365555683156e-02
6.279350365555683156e-02
6.279350365555683156e-02
6.279350365555683156e-02
6.279350365555683156e-02
6.279350365555683156e-02
6.279350365555683156e-02
6.279350365555683156e-02
