0.000000000000000000e+00
7.245272393231486086e-02
7.157348277380720658e-02
7.060359266058628680e-02
7.149319609375572038e-02
7.211440176451891504e-02
7.037387359413678489e-02
6.915467032069150255e-02
6.547431048532265097e-02
6.518183944352577697e-02
6.482025113470700484e-02
6.511401972949039385e-02
6.483469057392080015e-02
6.481039369423499674e-02
6.500800817218892191e-02
6.510457359387965270e-02
6.510457359387965270e-02
6.512003436418352387e-02
6.482210877506258684e-02
6.482210877506258684e-02
6.482210877506258684e-02
6.482210877506258684e-02
6.482210877506258684e-02
6.482210877506258684e-02
6.482210877506258684e-02
6.482210877506258684e-02
6.461201584625361760e-02
6.461201584625361760e-02
6.461201584625361760e-02
6.461201584625361760e-02
6.461201584625361760e-02
6.461201584625361760e-02
6.461201584625361760e-02
6.461201584625361760e-02
6.461201584625361760e-02
6.461201584625361760e-02
6.461201584625361760e-02
6.461201584625361760e-02
6.461201584625361760e-02
6.461201584625361760e-02
6.461201584625361760e-02
6.461201584625361760e-02
6.461201584625361760e-02
6.461201584625361760e-02
6.461201584625361760e-02
6.461201584625361760e-02
6.461201584625361760e-02
6.461201584625361760e-02
6.461201584625361760e-02
6.461201584625361760e-02
6.461201584625361760e-02
6.461201584625361760e-02
6.461201584625361760e-02
6.461201584625361760e-02
6.461201584625361760e-02
6.461201584625361760e-02
6.461201584625361760e-02
6.461201584625361760e-02
6.461201584625361760e-02
6.461201584625361760e-02
6.461201584625361760e-02
6.461201584625361760e-02
6.461201584625361760e-02
6.461201584625361760e-02
6.461201584625361760e-02
6.461201584625361760e-02
6.461201584625361760e-02
6.461201584625361760e-02
6.461201584625361760e-02
6.461201584625361760e-02
6.461201584625361760e-02
6.461201584625361760e-02
6.461201584625361760e-02
6.461201584625361760e-02
6.461201584625361760e-02
6.461201584625361760e-02
6.461201584625361760e-02
6.461201584625361760e-02
6.461201584625361760e-02
6.461201584625361760e-02
6.461201584625361760e-02
6.461201584625361760e-02
6.461201584625361760e-02
6.461201584625361760e-02
6.461201584625361760e-02
6.461201584625361760e-02
6.461201584625361760e-02
6.461201584625361760e-02
6.461201584625361760e-02
6.461201584625361760e-02
6.461201584625361760e-02
6.461201584625361760e-02
6.461201584625361760e-02
6.461201584625361760e-02
6.461201584625361760e-02
6.461201584625361760e-02
6.461201584625361760e-02
6.461201584625361760e-02
6.461201584625361760e-02
6.461201584625361760e-02
6.461201584625361760e-02
6.461201584625361760e-02
6.461201584625361760e-02
6.461201584625361760e-02
6.461201584625361760e-02
6.461201584625361760e-02
6.461201584625361760e-02
6.461201584625361760e-02
6.461201584625361760e-02
6.461201584625361760e-02
6.461201584625361760e-02
6.461201584625361760e-02
6.461201584625361760e-02
6.461201584625361760e-02
6.461201584625361760e-02
6.461201584625361760e-02
6.461201584625361760e-02
6.461201584625361760e-02
6.461201584625361760e-02
6.461201584625361760e-02
6.461201584625361760e-02
6.461201584625361760e-02
6.461201584625361760e-02
6.461201584625361760e-02
6.461201584625361760e-02
6.461201584625361760e-02
6.461201584625361760e-02
6.461201584625361760e-02
6.461201584625361760e-02
6.461201584625361760e-02
6.461201584625361760e-02
6.461201584625361760e-02
6.461201584625361760e-02
6.461201584625361760e-02
6.461201584625361760e-02
6.461201584625361760e-02
6.461201584625361760e-02
6.461201584625361760e-02
6.461201584625361760e-02
6.461201584625361760e-02
6.461201584625361760e-02
6.461201584625361760e-02
6.461201584625361760e-02
6.461201584625361760e-02
6.461201584625361760e-02
6.461201584625361760e-02
6.461201584625361760e-02
6.461201584625361760e-02
6.461201584625361760e-02
6.461201584625361760e-02
6.461201584625361760e-02
6.461201584625361760e-02
6.461201584625361760e-02
6.461201584625361760e-02
6.461201584625361760e-02
6.461201584625361760e-02
6.461201584625361760e-02
6.461201584625361760e-02
6.461201584625361760e-02
6.461201584625361760e-02
6.461201584625361760e-02
6.461201584625361760e-02
6.461201584625361760e-02
6.461201584625361760e-02
6.461201584625361760e-02
6.461201584625361760e-02
6.461201584625361760e-02
6.461201584625361760e-02
6.461201584625361760e-02
6.461201584625361760e-02
6.461201584625361760e-02
6.461201584625361760e-02
6.461201584625361760e-02
6.461201584625361760e-02
6.461201584625361760e-02
6.461201584625361760e-02
6.461201584625361760e-02
6.461201584625361760e-02
6.461201584625361760e-02
6.461201584625361760e-02
6.461201584625361760e-02
6.461201584625361760e-02
6.461201584625361760e-02
6.461201584625361760e-02
6.461201584625361760e-02
6.461201584625361760e-02
6.461201584625361760e-02
6.461201584625361760e-02
6.461201584625361760e-02
6.461201584625361760e-02
6.461201584625361760e-02
6.461201584625361760e-02
6.461201584625361760e-02
6.461201584625361760e-02
6.461201584625361760e-02
6.461201584625361760e-02
6.461201584625361760e-02
6.461201584625361760e-02
6.461201584625361760e-02
6.461201584625361760e-02
6.461201584625361760e-02
6.461201584625361760e-02
6.461201584625361760e-02
6.461201584625361760e-02
6.461201584625361760e-02
6.461201584625361760e-02
6.461201584625361760e-02
6.461201584625361760e-02
6.461201584625361760e-02
6.461201584625361760e-02
6.461201584625361760e-02
6.461201584625361760e-02
6.461201584625361760e-02
6.461201584625361760e-02
6.461201584625361760e-02
6.461201584625361760e-02
6.461201584625361760e-02
6.461201584625361760e-02
6.461201584625361760e-02
6.461201584625361760e-02
6.461201584625361760e-02
6.461201584625361760e-02
6.461201584625361760e-02
6.461201584625361760e-02
6.461201584625361760e-02
6.461201584625361760e-02
6.461201584625361760e-02
6.461201584625361760e-02
6.461201584625361760e-02
6.461201584625361760e-02
6.461201584625361760e-02
6.461201584625361760e-02
6.461201584625361760e-02
6.461201584625361760e-02
6.461201584625361760e-02
6.461201584625361760e-02
6.461201584625361760e-02
6.461201584625361760e-02
6.461201584625361760e-02
6.461201584625361760e-02
6.461201584625361760e-02
6.461201584625361760e-02
6.461201584625361760e-02
6.461201584625361760e-02
6.461201584625361760e-02
6.461201584625361760e-02
6.461201584625361760e-02
6.461201584625361760e-02
6.461201584625361760e-02
6.461201584625361760e-02
