-1.899999999999999911e+00 0.000000000000000000e+00
-1.896386430678465906e+00 0.000000000000000000e+00
-1.892772861356932124e+00 0.000000000000000000e+00
-1.889159292035398119e+00 0.000000000000000000e+00
-1.885545722713864114e+00 0.000000000000000000e+00
-1.881932153392330331e+00 0.000000000000000000e+00
-1.878318584070796327e+00 0.000000000000000000e+00
-1.874705014749262544e+00 0.000000000000000000e+00
-1.871091445427728539e+00 0.000000000000000000e+00
-1.867477876106194534e+00 0.000000000000000000e+00
-1.863864306784660752e+00 0.000000000000000000e+00
-1.860250737463126747e+00 0.000000000000000000e+00
-1.856637168141592742e+00 0.000000000000000000e+00
-1.853023598820058959e+00 0.000000000000000000e+00
-1.849410029498524954e+00 0.000000000000000000e+00
-1.845796460176990950e+00 0.000000000000000000e+00
-1.842182890855457167e+00 0.000000000000000000e+00
-1.838569321533923162e+00 0.000000000000000000e+00
-1.834955752212389379e+00 0.000000000000000000e+00
-1.831342182890855375e+00 0.000000000000000000e+00
-1.827728613569321370e+00 0.000000000000000000e+00
-1.824115044247787587e+00 0.000000000000000000e+00
-1.820501474926253582e+00 0.000000000000000000e+00
-1.816887905604719577e+00 0.000000000000000000e+00
-1.813274336283185795e+00 0.000000000000000000e+00
-1.809660766961651790e+00 0.000000000000000000e+00
-1.806047197640118007e+00 0.000000000000000000e+00
-1.802433628318584002e+00 0.000000000000000000e+00
-1.798820058997049998e+00 0.000000000000000000e+00
-1.795206489675516215e+00 0.000000000000000000e+00
-1.791592920353982210e+00 0.000000000000000000e+00
-1.787979351032448205e+00 0.000000000000000000e+00
-1.784365781710914423e+00 0.000000000000000000e+00
-1.780752212389380418e+00 0.000000000000000000e+00
-1.777138643067846413e+00 0.000000000000000000e+00
-1.773525073746312630e+00 0.000000000000000000e+00
-1.769911504424778625e+00 0.000000000000000000e+00
-1.766297935103244843e+00 0.000000000000000000e+00
-1.762684365781710838e+00 0.000000000000000000e+00
-1.759070796460176833e+00 0.000000000000000000e+00
-1.755457227138643050e+00 0.000000000000000000e+00
-1.751843657817109046e+00 0.000000000000000000e+00
-1.748230088495575041e+00 0.000000000000000000e+00
-1.744616519174041258e+00 0.000000000000000000e+00
-1.741002949852507253e+00 0.000000000000000000e+00
-1.737389380530973249e+00 0.000000000000000000e+00
-1.733775811209439466e+00 0.000000000000000000e+00
-1.730162241887905461e+00 0.000000000000000000e+00
-1.726548672566371678e+00 0.000000000000000000e+00
-1.722935103244837673e+00 0.000000000000000000e+00
-1.719321533923303669e+00 0.000000000000000000e+00
-1.715707964601769886e+00 0.000000000000000000e+00
-1.712094395280235881e+00 0.000000000000000000e+00
-1.708480825958701876e+00 0.000000000000000000e+00
-1.704867256637168094e+00 0.000000000000000000e+00
-1.701253687315634089e+00 0.000000000000000000e+00
-1.697640117994100084e+00 0.000000000000000000e+00
-1.694026548672566301e+00 0.000000000000000000e+00
-1.690412979351032297e+00 0.000000000000000000e+00
-1.686799410029498514e+00 0.000000000000000000e+00
-1.683185840707964509e+00 0.000000000000000000e+00
-1.679572271386430504e+00 0.000000000000000000e+00
-1.675958702064896721e+00 0.000000000000000000e+00
-1.672345132743362717e+00 0.000000000000000000e+00
-1.668731563421828712e+00 0.000000000000000000e+00
-1.665117994100294929e+00 0.000000000000000000e+00
-1.661504424778760924e+00 0.000000000000000000e+00
-1.657890855457226920e+00 0.000000000000000000e+00
-1.654277286135693137e+00 0.000000000000000000e+00
-1.650663716814159132e+00 0.000000000000000000e+00
-1.647050147492625349e+00 0.000000000000000000e+00
-1.643436578171091345e+00 0.000000000000000000e+00
-1.639823008849557340e+00 0.000000000000000000e+00
-1.636209439528023557e+00 0.000000000000000000e+00
-1.632595870206489552e+00 0.000000000000000000e+00
-1.628982300884955770e+00 0.000000000000000000e+00
-1.625368731563421765e+00 0.000000000000000000e+00
-1.621755162241887760e+00 0.000000000000000000e+00
-1.618141592920353755e+00 0.000000000000000000e+00
-1.614528023598819972e+00 0.000000000000000000e+00
-1.610914454277285968e+00 0.000000000000000000e+00
-1.607300884955752185e+00 0.000000000000000000e+00
-1.603687315634218180e+00 0.000000000000000000e+00
-1.600073746312684175e+00 0.000000000000000000e+00
-1.596460176991150393e+00 0.000000000000000000e+00
-1.592846607669616388e+00 0.000000000000000000e+00
-1.589233038348082605e+00 0.000000000000000000e+00
-1.585619469026548600e+00 0.000000000000000000e+00
-1.582005899705014595e+00 0.000000000000000000e+00
-1.578392330383480591e+00 0.000000000000000000e+00
-1.574778761061946808e+00 0.000000000000000000e+00
-1.571165191740412803e+00 0.000000000000000000e+00
-1.567551622418879020e+00 0.000000000000000000e+00
-1.563938053097345016e+00 0.000000000000000000e+00
-1.560324483775811011e+00 0.000000000000000000e+00
-1.556710914454277228e+00 0.000000000000000000e+00
-1.553097345132743223e+00 0.000000000000000000e+00
-1.549483775811209441e+00 0.000000000000000000e+00
-1.545870206489675436e+00 0.000000000000000000e+00
-1.542256637168141431e+00 0.000000000000000000e+00
-1.538643067846607426e+00 0.000000000000000000e+00
-1.535029498525073643e+00 0.000000000000000000e+00
-1.531415929203539639e+00 0.000000000000000000e+00
-1.527802359882005856e+00 0.000000000000000000e+00
-1.524188790560471851e+00 0.000000000000000000e+00
-1.520575221238937846e+00 0.000000000000000000e+00
-1.516961651917404064e+00 0.000000000000000000e+00
-1.513348082595870059e+00 0.000000000000000000e+00
-1.509734513274336276e+00 0.000000000000000000e+00
-1.506120943952802271e+00 0.000000000000000000e+00
-1.502507374631268267e+00 0.000000000000000000e+00
-1.498893805309734262e+00 0.000000000000000000e+00
-1.495280235988200479e+00 0.000000000000000000e+00
-1.491666666666666474e+00 0.000000000000000000e+00
-1.488053097345132691e+00 0.000000000000000000e+00
-1.484439528023598687e+00 0.000000000000000000e+00
-1.480825958702064682e+00 0.000000000000000000e+00
-1.477212389380530899e+00 0.000000000000000000e+00
-1.473598820058996894e+00 0.000000000000000000e+00
-1.469985250737463112e+00 0.000000000000000000e+00
-1.466371681415929107e+00 0.000000000000000000e+00
-1.462758112094395102e+00 0.000000000000000000e+00
-1.459144542772861097e+00 0.000000000000000000e+00
-1.455530973451327315e+00 0.000000000000000000e+00
-1.451917404129793310e+00 0.000000000000000000e+00
-1.448303834808259527e+00 0.000000000000000000e+00
-1.444690265486725522e+00 0.000000000000000000e+00
-1.441076696165191517e+00 0.000000000000000000e+00
-1.437463126843657735e+00 0.000000000000000000e+00
-1.433849557522123730e+00 0.000000000000000000e+00
-1.430235988200589947e+00 0.000000000000000000e+00
-1.426622418879055942e+00 0.000000000000000000e+00
-1.423008849557521938e+00 0.000000000000000000e+00
-1.419395280235987933e+00 0.000000000000000000e+00
-1.415781710914454150e+00 0.000000000000000000e+00
-1.412168141592920145e+00 0.000000000000000000e+00
-1.408554572271386363e+00 0.000000000000000000e+00
-1.404941002949852358e+00 0.000000000000000000e+00
-1.401327433628318353e+00 0.000000000000000000e+00
-1.397713864306784570e+00 0.000000000000000000e+00
-1.394100294985250565e+00 0.000000000000000000e+00
-1.390486725663716783e+00 0.000000000000000000e+00
-1.386873156342182778e+00 0.000000000000000000e+00
-1.383259587020648773e+00 0.000000000000000000e+00
-1.379646017699114768e+00 0.000000000000000000e+00
-1.376032448377580986e+00 0.000000000000000000e+00
-1.372418879056047203e+00 0.000000000000000000e+00
-1.368805309734513198e+00 0.000000000000000000e+00
-1.365191740412979193e+00 0.000000000000000000e+00
-1.361578171091445189e+00 0.000000000000000000e+00
-1.357964601769911406e+00 0.000000000000000000e+00
-1.354351032448377401e+00 0.000000000000000000e+00
-1.350737463126843618e+00 0.000000000000000000e+00
-1.347123893805309613e+00 0.000000000000000000e+00
-1.343510324483775609e+00 0.000000000000000000e+00
-1.339896755162241604e+00 0.000000000000000000e+00
-1.336283185840707821e+00 0.000000000000000000e+00
-1.332669616519174038e+00 0.000000000000000000e+00
-1.329056047197640034e+00 0.000000000000000000e+00
-1.325442477876106029e+00 0.000000000000000000e+00
-1.321828908554572024e+00 0.000000000000000000e+00
-1.318215339233038241e+00 0.000000000000000000e+00
-1.314601769911504237e+00 0.000000000000000000e+00
-1.310988200589970454e+00 0.000000000000000000e+00
-1.307374631268436449e+00 0.000000000000000000e+00
-1.303761061946902444e+00 0.000000000000000000e+00
-1.300147492625368439e+00 0.000000000000000000e+00
-1.296533923303834657e+00 0.000000000000000000e+00
-1.292920353982300874e+00 0.000000000000000000e+00
-1.289306784660766869e+00 0.000000000000000000e+00
-1.285693215339232864e+00 0.000000000000000000e+00
-1.282079646017698860e+00 0.000000000000000000e+00
-1.278466076696165077e+00 0.000000000000000000e+00
-1.274852507374631072e+00 0.000000000000000000e+00
-1.271238938053097289e+00 0.000000000000000000e+00
-1.267625368731563285e+00 0.000000000000000000e+00
-1.264011799410029280e+00 0.000000000000000000e+00
-1.260398230088495275e+00 0.000000000000000000e+00
-1.256784660766961492e+00 0.000000000000000000e+00
-1.253171091445427709e+00 0.000000000000000000e+00
-1.249557522123893705e+00 0.000000000000000000e+00
-1.245943952802359700e+00 0.000000000000000000e+00
-1.242330383480825695e+00 0.000000000000000000e+00
-1.238716814159291912e+00 0.000000000000000000e+00
-1.235103244837757908e+00 0.000000000000000000e+00
-1.231489675516224125e+00 0.000000000000000000e+00
-1.227876106194690120e+00 0.000000000000000000e+00
-1.224262536873156115e+00 0.000000000000000000e+00
-1.220648967551622111e+00 0.000000000000000000e+00
-1.217035398230088328e+00 0.000000000000000000e+00
-1.213421828908554545e+00 0.000000000000000000e+00
-1.209808259587020540e+00 0.000000000000000000e+00
-1.206194690265486535e+00 0.000000000000000000e+00
-1.202581120943952531e+00 0.000000000000000000e+00
-1.198967551622418748e+00 0.000000000000000000e+00
-1.195353982300884743e+00 0.000000000000000000e+00
-1.191740412979350960e+00 0.000000000000000000e+00
-1.188126843657816956e+00 0.000000000000000000e+00
-1.184513274336282951e+00 0.000000000000000000e+00
-1.180899705014748946e+00 0.000000000000000000e+00
-1.177286135693215163e+00 0.000000000000000000e+00
-1.173672566371681381e+00 0.000000000000000000e+00
-1.170058997050147376e+00 0.000000000000000000e+00
-1.166445427728613371e+00 0.000000000000000000e+00
-1.162831858407079366e+00 0.000000000000000000e+00
-1.159218289085545583e+00 0.000000000000000000e+00
-1.155604719764011579e+00 0.000000000000000000e+00
-1.151991150442477796e+00 0.000000000000000000e+00
-1.148377581120943791e+00 0.000000000000000000e+00
-1.144764011799409786e+00 0.000000000000000000e+00
-1.141150442477875782e+00 0.000000000000000000e+00
-1.137536873156341999e+00 0.000000000000000000e+00
-1.133923303834808216e+00 0.000000000000000000e+00
-1.130309734513274211e+00 0.000000000000000000e+00
-1.126696165191740207e+00 0.000000000000000000e+00
-1.123082595870206202e+00 0.000000000000000000e+00
-1.119469026548672419e+00 0.000000000000000000e+00
-1.115855457227138636e+00 0.000000000000000000e+00
-1.112241887905604631e+00 0.000000000000000000e+00
-1.108628318584070627e+00 0.000000000000000000e+00
-1.105014749262536622e+00 0.000000000000000000e+00
-1.101401179941002617e+00 0.000000000000000000e+00
-1.097787610619468834e+00 0.000000000000000000e+00
-1.094174041297935052e+00 0.000000000000000000e+00
-1.090560471976401047e+00 0.000000000000000000e+00
-1.086946902654867042e+00 0.000000000000000000e+00
-1.083333333333333037e+00 0.000000000000000000e+00
-1.079719764011799255e+00 0.000000000000000000e+00
-1.076106194690265472e+00 0.000000000000000000e+00
-1.072492625368731467e+00 0.000000000000000000e+00
-1.068879056047197462e+00 0.000000000000000000e+00
-1.065265486725663457e+00 0.000000000000000000e+00
-1.061651917404129453e+00 0.000000000000000000e+00
-1.058038348082595670e+00 0.000000000000000000e+00
-1.054424778761061887e+00 0.000000000000000000e+00
-1.050811209439527882e+00 0.000000000000000000e+00
-1.047197640117993878e+00 0.000000000000000000e+00
-1.043584070796459873e+00 0.000000000000000000e+00
-1.039970501474926090e+00 0.000000000000000000e+00
-1.036356932153392307e+00 0.000000000000000000e+00
-1.032743362831858303e+00 0.000000000000000000e+00
-1.029129793510324298e+00 0.000000000000000000e+00
-1.025516224188790293e+00 0.000000000000000000e+00
-1.021902654867256510e+00 0.000000000000000000e+00
-1.018289085545722505e+00 0.000000000000000000e+00
-1.014675516224188723e+00 0.000000000000000000e+00
-1.011061946902654718e+00 0.000000000000000000e+00
-1.007448377581120713e+00 0.000000000000000000e+00
-1.003834808259586708e+00 0.000000000000000000e+00
-1.000221238938052926e+00 0.000000000000000000e+00
-9.966076696165190318e-01 0.000000000000000000e+00
-9.929941002949850271e-01 0.000000000000000000e+00
-9.893805309734511333e-01 0.000000000000000000e+00
-9.857669616519172395e-01 0.000000000000000000e+00
-9.821533923303833458e-01 0.000000000000000000e+00
-9.785398230088493410e-01 0.000000000000000000e+00
-9.749262536873154472e-01 0.000000000000000000e+00
-9.713126843657815535e-01 0.000000000000000000e+00
-9.676991150442475487e-01 0.000000000000000000e+00
-9.640855457227136549e-01 0.000000000000000000e+00
-9.604719764011797611e-01 0.000000000000000000e+00
-9.568584070796458674e-01 0.000000000000000000e+00
-9.532448377581118626e-01 0.000000000000000000e+00
-9.496312684365779688e-01 0.000000000000000000e+00
-9.460176991150440751e-01 0.000000000000000000e+00
-9.424041297935101813e-01 0.000000000000000000e+00
-9.387905604719761765e-01 0.000000000000000000e+00
-9.351769911504422828e-01 0.000000000000000000e+00
-9.315634218289083890e-01 0.000000000000000000e+00
-9.279498525073743842e-01 0.000000000000000000e+00
-9.243362831858404904e-01 0.000000000000000000e+00
-9.207227138643065967e-01 0.000000000000000000e+00
-9.171091445427727029e-01 0.000000000000000000e+00
-9.134955752212386981e-01 0.000000000000000000e+00
-9.098820058997048044e-01 0.000000000000000000e+00
-9.062684365781709106e-01 0.000000000000000000e+00
-9.026548672566370168e-01 0.000000000000000000e+00
-8.990412979351030121e-01 0.000000000000000000e+00
-8.954277286135692293e-01 0.000000000000000000e+00
-8.918141592920352245e-01 0.000000000000000000e+00
-8.882005899705012197e-01 0.000000000000000000e+00
-8.845870206489674370e-01 0.000000000000000000e+00
-8.809734513274334322e-01 0.000000000000000000e+00
-8.773598820058994274e-01 0.000000000000000000e+00
-8.737463126843656447e-01 0.000000000000000000e+00
-8.701327433628316399e-01 0.000000000000000000e+00
-8.665191740412976351e-01 0.000000000000000000e+00
-8.629056047197638524e-01 0.000000000000000000e+00
-8.592920353982298476e-01 0.000000000000000000e+00
-8.556784660766960648e-01 0.000000000000000000e+00
-8.520648967551620601e-01 0.000000000000000000e+00
-8.484513274336280553e-01 0.000000000000000000e+00
-8.448377581120942725e-01 0.000000000000000000e+00
-8.412241887905602677e-01 0.000000000000000000e+00
-8.376106194690262630e-01 0.000000000000000000e+00
-8.339970501474924802e-01 0.000000000000000000e+00
-8.303834808259584754e-01 0.000000000000000000e+00
-8.267699115044244706e-01 0.000000000000000000e+00
-8.231563421828906879e-01 0.000000000000000000e+00
-8.195427728613566831e-01 0.000000000000000000e+00
-8.159292035398229004e-01 0.000000000000000000e+00
-8.123156342182888956e-01 0.000000000000000000e+00
-8.087020648967548908e-01 0.000000000000000000e+00
-8.050884955752211081e-01 0.000000000000000000e+00
-8.014749262536871033e-01 0.000000000000000000e+00
-7.978613569321530985e-01 0.000000000000000000e+00
-7.942477876106193158e-01 0.000000000000000000e+00
-7.906342182890853110e-01 0.000000000000000000e+00
-7.870206489675513062e-01 0.000000000000000000e+00
-7.834070796460175234e-01 0.000000000000000000e+00
-7.797935103244835187e-01 0.000000000000000000e+00
-7.761799410029497359e-01 0.000000000000000000e+00
-7.725663716814157311e-01 0.000000000000000000e+00
-7.689528023598817263e-01 0.000000000000000000e+00
-7.653392330383479436e-01 0.000000000000000000e+00
-7.617256637168139388e-01 0.000000000000000000e+00
-7.581120943952799340e-01 0.000000000000000000e+00
-7.544985250737461513e-01 0.000000000000000000e+00
-7.508849557522121465e-01 0.000000000000000000e+00
-7.472713864306783638e-01 0.000000000000000000e+00
-7.436578171091443590e-01 0.000000000000000000e+00
-7.400442477876103542e-01 0.000000000000000000e+00
-7.364306784660765715e-01 0.000000000000000000e+00
-7.328171091445425667e-01 0.000000000000000000e+00
-7.292035398230085619e-01 0.000000000000000000e+00
-7.255899705014747791e-01 0.000000000000000000e+00
-7.219764011799407744e-01 0.000000000000000000e+00
-7.183628318584067696e-01 0.000000000000000000e+00
-7.147492625368729868e-01 0.000000000000000000e+00
-7.111356932153389820e-01 0.000000000000000000e+00
-7.075221238938051993e-01 0.000000000000000000e+00
-7.039085545722711945e-01 0.000000000000000000e+00
-7.002949852507371897e-01 0.000000000000000000e+00
-6.966814159292034070e-01 0.000000000000000000e+00
-6.930678466076694022e-01 0.000000000000000000e+00
-6.894542772861353974e-01 0.000000000000000000e+00
-6.858407079646016147e-01 0.000000000000000000e+00
-6.822271386430676099e-01 0.000000000000000000e+00
-6.786135693215336051e-01 0.000000000000000000e+00
-6.749999999999998224e-01 0.000000000000000000e+00
-6.713864306784658176e-01 0.000000000000000000e+00
-6.677728613569320348e-01 0.000000000000000000e+00
-6.641592920353980301e-01 0.000000000000000000e+00
-6.605457227138640253e-01 0.000000000000000000e+00
-6.569321533923302425e-01 0.000000000000000000e+00
-6.533185840707962377e-01 0.000000000000000000e+00
-6.497050147492622330e-01 0.000000000000000000e+00
-6.460914454277284502e-01 0.000000000000000000e+00
-6.424778761061944454e-01 0.000000000000000000e+00
-6.388643067846604406e-01 0.000000000000000000e+00
-6.352507374631266579e-01 0.000000000000000000e+00
-6.316371681415926531e-01 0.000000000000000000e+00
-6.280235988200588704e-01 0.000000000000000000e+00
-6.244100294985248656e-01 0.000000000000000000e+00
-6.207964601769908608e-01 0.000000000000000000e+00
-6.171828908554570781e-01 0.000000000000000000e+00
-6.135693215339230733e-01 0.000000000000000000e+00
-6.099557522123890685e-01 0.000000000000000000e+00
-6.063421828908552857e-01 0.000000000000000000e+00
-6.027286135693212810e-01 0.000000000000000000e+00
-5.991150442477872762e-01 0.000000000000000000e+00
-5.955014749262534934e-01 0.000000000000000000e+00
-5.918879056047194887e-01 0.000000000000000000e+00
-5.882743362831857059e-01 0.000000000000000000e+00
-5.846607669616517011e-01 0.000000000000000000e+00
-5.810471976401176963e-01 0.000000000000000000e+00
-5.774336283185839136e-01 0.000000000000000000e+00
-5.738200589970499088e-01 0.000000000000000000e+00
-5.702064896755159040e-01 0.000000000000000000e+00
-5.665929203539821213e-01 0.000000000000000000e+00
-5.629793510324481165e-01 0.000000000000000000e+00
-5.593657817109143338e-01 0.000000000000000000e+00
-5.557522123893803290e-01 1.429190610644015656e-317
-5.521386430678463242e-01 1.512729869643200064e-299
-5.485250737463125414e-01 1.534071373104206706e-282
-5.449115044247785367e-01 1.701122355480460142e-266
-5.412979351032445319e-01 2.336657537170670255e-251
-5.376843657817107491e-01 4.472396680598887021e-237
-5.340707964601767443e-01 1.332942231430927239e-223
-5.304572271386427396e-01 6.869634843971296692e-211
-5.268436578171089568e-01 6.758821687766451355e-199
-5.232300884955749520e-01 1.393699752067795121e-187
-5.196165191740411693e-01 6.577977371909683297e-177
-5.160029498525071645e-01 7.722375375830790634e-167
-5.123893805309731597e-01 2.439061890568956789e-157
-5.087758112094393770e-01 2.231865068957261627e-148
-5.051622418879053722e-01 6.345060471784653979e-140
-5.015486725663713674e-01 5.986421865067016742e-132
-4.979351032448375847e-01 1.994762403482833700e-124
-4.943215339233035799e-01 2.489511673071019781e-117
-4.907079646017695751e-01 1.230005258567747189e-110
-4.870943952802357924e-01 2.535040248651212223e-104
-4.834808259587017876e-01 2.289728358861132934e-98
-4.798672566371680048e-01 9.495835737684719902e-93
-4.762536873156340000e-01 1.889392365027295857e-87
-4.726401179940999953e-01 1.880031973533751271e-82
-4.690265486725662125e-01 9.728862775942296973e-78
-4.654129793510322077e-01 2.716781275303407083e-73
-4.617994100294982029e-01 4.239173967888770928e-69
-4.581858407079644202e-01 3.819680588424874475e-65
-4.545722713864304154e-01 2.050087647923945816e-61
-4.509587020648964106e-01 6.748978662822861203e-58
-4.473451327433626279e-01 1.400966280566087728e-54
-4.437315634218286231e-01 1.882211803743578081e-51
-4.401179941002948404e-01 1.677448377563635909e-48
-4.365044247787608356e-01 1.014976069799937675e-45
-4.328908554572268308e-01 4.261925519391797843e-43
-4.292772861356930481e-01 1.267885724378769850e-40
-4.256637168141590433e-01 2.724914684951453976e-38
-4.220501474926250385e-01 4.309438035712926864e-36
-4.184365781710912557e-01 5.103036275659896271e-34
-4.148230088495572510e-01 4.599352050710216334e-32
-4.112094395280232462e-01 3.204369895739655125e-30
-4.075958702064894634e-01 1.751078274949695353e-28
-4.039823008849554586e-01 7.609683746368232627e-27
-4.003687315634216759e-01 2.664215823824974019e-25
-3.967551622418876711e-01 7.607447834161367271e-24
-3.931415929203536663e-01 1.792254775633554284e-22
-3.895280235988198836e-01 3.522024611115195462e-21
-3.859144542772858788e-01 5.832971699721079021e-20
-3.823008849557518740e-01 8.220770313696628766e-19
-3.786873156342180913e-01 9.950438633505885442e-18
-3.750737463126840865e-01 1.043364183942843895e-16
-3.714601769911500817e-01 9.555165724445417172e-16
-3.678466076696162990e-01 7.701820492302964333e-15
-3.642330383480822942e-01 5.503723943114072899e-14
-3.606194690265485114e-01 3.510789460146718333e-13
-3.570058997050145067e-01 2.012084837080640443e-12
-3.533923303834805019e-01 1.042391251420170035e-11
-3.497787610619467191e-01 4.909733288981387058e-11
-3.461651917404127143e-01 2.113907463463677522e-10
-3.425516224188787096e-01 8.362569730153975989e-10
-3.389380530973449268e-01 3.054344866700424929e-09
-3.353244837758109220e-01 1.034667759380221003e-08
-3.317109144542771393e-01 3.264796598251166610e-08
-3.280973451327431345e-01 9.634867269509696758e-08
-3.244837758112091297e-01 2.669512240549173658e-07
-3.208702064896753470e-01 6.969195323820625416e-07
-3.172566371681413422e-01 1.720192165668476409e-06
-3.136430678466073374e-01 4.027263934640315617e-06
-3.100294985250735547e-01 8.970116090756862499e-06
-3.064159292035395499e-01 1.906260485834072226e-05
-3.028023598820055451e-01 3.875551799377214732e-05
-2.991887905604717623e-01 7.557121245553612685e-05
-2.955752212389377576e-01 1.416747571068501671e-04
-2.919616519174039748e-01 2.559318412506481218e-04
-2.883480825958699700e-01 4.464559327479702858e-04
-2.847345132743359652e-01 7.535798884623843815e-04
-2.811209439528021825e-01 1.233106843036939175e-03
-2.775073746312681777e-01 1.959612540054870081e-03
-2.738938053097341729e-01 3.029499926925316184e-03
-2.702802359882003902e-01 4.563460688810050750e-03
-2.666666666666663854e-01 6.707988753457946006e-03
-2.630530973451323806e-01 9.635623925080017207e-03
-2.594395280235985979e-01 1.354367944284744218e-02
-2.558259587020645931e-01 1.865131845484872472e-02
-2.522123893805308104e-01 2.519497864906090900e-02
-2.485988200589968056e-01 3.342228568638514613e-02
-2.449852507374628008e-01 4.358472797541541183e-02
-2.413716814159290180e-01 5.592947286856803785e-02
-2.377581120943950133e-01 7.069077654935823629e-02
-2.341445427728610085e-01 8.808147077624937926e-02
-2.305309734513272257e-01 1.082849986321429980e-01
-2.269174041297932209e-01 1.314484226635140862e-01
-2.233038348082592162e-01 1.576767500806762201e-01
-2.196902654867254334e-01 1.870288210154389119e-01
-2.160766961651914286e-01 2.195148978717849364e-01
-2.124631268436576459e-01 2.550959866239043139e-01
-2.088495575221236411e-01 2.936848229865976490e-01
-2.052359882005896363e-01 3.351483739917273663e-01
-2.016224188790558536e-01 3.793116425316824802e-01
-1.980088495575218488e-01 4.259625204439810853e-01
-1.943952802359878440e-01 4.748574142859513514e-01
-1.907817109144540613e-01 5.257273651215927934e-01
-1.871681415929200565e-01 5.782843964133898007e-01
-1.835545722713860517e-01 6.322278489248366329e-01
-1.799410029498522690e-01 6.872504947010780185e-01
-1.763274336283182642e-01 7.430442602005163932e-01
-1.727138643067844814e-01 7.993054284101324125e-01
-1.691002949852504766e-01 8.557392287529368424e-01
-1.654867256637164719e-01 9.120637598504508503e-01
-1.618731563421826891e-01 9.680132223960360438e-01
-1.582595870206486843e-01 1.023340466724581788e+00
-1.546460176991146795e-01 1.077818881791909877e+00
-1.510324483775808968e-01 1.131243669231217552e+00
-1.474188790560468920e-01 1.183432558236998888e+00
-1.438053097345131093e-01 1.234226024728002358e+00
-1.401917404129791045e-01 1.283487082159562531e+00
-1.365781710914450997e-01 1.331100712137516462e+00
-1.329646017699113170e-01 1.376973001278039899e+00
-1.293510324483773122e-01 1.421030047167481269e+00
-1.257374631268433074e-01 1.463216691355661681e+00
-1.221238938053095247e-01 1.503495131542210483e+00
-1.185103244837755199e-01 1.541843458888626506e+00
-1.148967551622415151e-01 1.578254160032592557e+00
-1.112831858407077323e-01 1.612732617145993252e+00
-1.076696165191737276e-01 1.645295633449434858e+00
-1.040560471976399448e-01 1.675970006102936116e+00
-1.004424778761059400e-01 1.704791163415501742e+00
-9.682890855457193524e-02 1.731801878897602398e+00
-9.321533923303815250e-02 1.757051070833094863e+00
-8.960176991150414771e-02 1.780592692757822837e+00
-8.598820058997014293e-02 1.802484717475264953e+00
-8.237463126843636019e-02 1.822788214974549792e+00
-7.876106194690235540e-02 1.841566522798101957e+00
-7.514749262536835062e-02 1.858884505985406221e+00
-7.153392330383456788e-02 1.874807902646689506e+00
-6.792035398230056309e-02 1.889402750445973611e+00
-6.430678466076678035e-02 1.902734888752718012e+00
-6.069321533923277556e-02 1.914869530910541018e+00
-5.707964601769877078e-02 1.925870900934023133e+00
-5.346607669616498804e-02 1.935801928944775430e+00
-4.985250737463098325e-02 1.944723999766039269e+00
-4.623893805309697846e-02 1.952696749286240818e+00
-4.262536873156319572e-02 1.959777903453071568e+00
-3.901179941002919094e-02 1.966023155053205684e+00
-3.539823008849518615e-02 1.971486073753123014e+00
-3.178466076696140341e-02 1.976218045211884267e+00
-2.817109144542739863e-02 1.980268235416441369e+00
-2.455752212389361588e-02 1.983683576727365283e+00
-2.094395280235961110e-02 1.986508772451130334e+00
-1.733038348082560631e-02 1.988786317070416088e+00
-1.371681415929182357e-02 1.990556529562931942e+00
-1.010324483775781879e-02 1.991857597519972378e+00
-6.489675516223814000e-03 1.992725630037552209e+00
-2.876106194690031259e-03 1.993194717593979925e+00
7.374631268439735265e-04 1.993296955419450400e+00
4.351032448377978312e-03 1.993054255171449629e+00
7.964601769911761053e-03 1.992469270686626048e+00
1.157817109144576584e-02 1.991542302637815842e+00
1.519174041297954858e-02 1.990273827796725348e+00
1.880530973451355337e-02 1.988664498624835186e+00
2.241887905604755815e-02 1.986715142713728621e+00
2.603244837758134089e-02 1.984426762075432116e+00
2.964601769911534568e-02 1.981800532283689575e+00
3.325958702064935046e-02 1.978837801467019597e+00
3.687315634218313321e-02 1.975540089155111589e+00
4.048672566371713799e-02 1.971909084979480919e+00
4.410029498525114278e-02 1.967946647230443435e+00
4.771386430678492552e-02 1.963654801271622841e+00
5.132743362831893030e-02 1.959035737814360800e+00
5.494100294985271304e-02 1.954091811053724426e+00
5.855457227138671783e-02 1.948825536668530756e+00
6.216814159292072262e-02 1.943239589687701496e+00
6.578171091445450536e-02 1.937336802225506416e+00
6.939528023598851014e-02 1.931120161088326181e+00
7.300884955752251493e-02 1.924592805255854966e+00
7.662241887905629767e-02 1.917758023239588772e+00
8.023598820059030245e-02 1.910619250321901497e+00
8.384955752212408520e-02 1.903180065678724331e+00
8.746312684365808998e-02 1.895444189389363210e+00
9.107669616519209477e-02 1.887415479336939983e+00
9.469026548672587751e-02 1.879097928002967821e+00
9.830383480825988229e-02 1.870495659159915114e+00
1.019174041297938871e-01 1.861612924465470220e+00
1.055309734513278919e-01 1.852454099962584033e+00
1.091445427728614526e-01 1.843023682489140391e+00
1.127581120943954573e-01 1.833326286001587091e+00
1.163716814159294621e-01 1.823366637816520308e+00
1.199852507374634669e-01 1.813149574774672868e+00
1.235988200589974717e-01 1.802680039331523210e+00
1.272123893805314765e-01 1.791963075579082521e+00
1.308259587020650372e-01 1.781003825203200552e+00
1.344395280235990420e-01 1.769807523380973135e+00
1.380530973451330468e-01 1.758379494622857253e+00
1.416666666666670515e-01 1.746725148564077124e+00
1.452802359882010563e-01 1.734849975709882974e+00
1.488938053097346170e-01 1.722759543139512628e+00
1.525073746312686218e-01 1.710459490173363406e+00
1.561209439528026266e-01 1.697955524008146977e+00
1.597345132743366314e-01 1.685253415324804660e+00
1.633480825958706362e-01 1.672358993873718003e+00
1.669616519174046410e-01 1.659278144042133141e+00
1.705752212389382017e-01 1.646016800408199199e+00
1.741887905604722064e-01 1.632580943286659814e+00
1.778023598820062112e-01 1.618976594270437719e+00
1.814159292035402160e-01 1.605209811773046669e+00
1.850294985250742208e-01 1.591286686576181442e+00
1.886430678466077815e-01 1.577213337387172842e+00
1.922566371681417863e-01 1.562995906410628022e+00
1.958702064896757911e-01 1.548640554938810476e+00
1.994837758112097958e-01 1.534153458965077155e+00
2.030973451327438006e-01 1.519540804824592195e+00
2.067109144542778054e-01 1.504808784866653593e+00
2.103244837758113661e-01 1.489963593162713096e+00
2.139380530973453709e-01 1.475011421254147859e+00
2.175516224188793757e-01 1.459958453943779766e+00
2.211651917404133805e-01 1.444810865135057520e+00
2.247787610619473853e-01 1.429574813722594540e+00
2.283923303834809460e-01 1.414256439537832533e+00
2.320058997050149507e-01 1.398861859353451864e+00
2.356194690265489555e-01 1.383397162949848713e+00
2.392330383480829603e-01 1.367868409247240624e+00
2.428466076696169651e-01 1.352281622506497971e+00
2.464601769911509699e-01 1.336642788601926313e+00
2.500737463126845306e-01 1.320957851368973923e+00
2.536873156342185354e-01 1.305232709029749527e+00
2.573008849557525402e-01 1.289473210699129124e+00
2.609144542772865449e-01 1.273685152974104451e+00
2.645280235988205497e-01 1.257874276608822450e+00
2.681415929203541104e-01 1.242046263277725160e+00
2.717551622418881152e-01 1.226206732429041546e+00
2.753687315634221200e-01 1.210361238230677872e+00
2.789823008849561248e-01 1.194515266610565174e+00
2.825958702064901296e-01 1.178674232393135846e+00
2.862094395280241343e-01 1.162843476533811149e+00
2.898230088495576950e-01 1.147028263452898544e+00
2.934365781710916998e-01 1.131233778470371876e+00
2.970501474926257046e-01 1.115465125342812502e+00
3.006637168141597094e-01 1.099727323903599840e+00
3.042772861356937142e-01 1.084025307807417127e+00
3.078908554572272749e-01 1.068363922379830688e+00
3.115044247787612797e-01 1.052747922572760286e+00
3.151179941002952845e-01 1.037181971026350791e+00
3.187315634218292892e-01 1.021670636237707486e+00
3.223451327433632940e-01 1.006218390836849608e+00
3.259587020648972988e-01 9.908296099699778203e-01
3.295722713864308595e-01 9.755085697901921815e-01
3.331858407079648643e-01 9.602594460555089473e-01
3.367994100294988691e-01 9.450863128340467600e-01
3.404129793510328739e-01 9.299931413159234772e-01
3.440265486725668787e-01 9.149837987315809773e-01
3.476401179941004393e-01 9.000620473758009776e-01
3.512536873156344441e-01 8.852315437368166728e-01
3.548672566371684489e-01 8.704958377297148386e-01
3.584808259587024537e-01 8.558583720331451872e-01
3.620943952802364585e-01 8.413224815283754099e-01
3.657079646017700192e-01 8.268913928395416058e-01
3.693215339233040240e-01 8.125682239738576396e-01
3.729351032448380288e-01 7.983559840604602664e-01
3.765486725663720335e-01 7.842575731864654953e-01
3.801622418879060383e-01 7.702757823286963124e-01
3.837758112094400431e-01 7.564132933795389979e-01
3.873893805309736038e-01 7.426726792651543452e-01
3.910029498525076086e-01 7.290564041543633467e-01
3.946165191740416134e-01 7.155668237562854417e-01
3.982300884955756182e-01 7.022061857048753630e-01
4.018436578171096230e-01 6.889766300283381995e-01
4.054572271386431837e-01 6.758801897013758664e-01
4.090707964601771884e-01 6.629187912781498992e-01
4.126843657817111932e-01 6.500942556038493692e-01
4.162979351032451980e-01 6.374082986025375597e-01
4.199115044247792028e-01 6.248625321391224618e-01
4.235250737463132076e-01 6.124584649530442348e-01
4.271386430678467683e-01 6.001975036614096704e-01
4.307522123893807731e-01 5.880809538291005278e-01
4.343657817109147778e-01 5.761100211035238283e-01
4.379793510324487826e-01 5.642858124114600304e-01
4.415929203539827874e-01 5.526093372156200001e-01
4.452064896755163481e-01 5.410815088283407182e-01
4.488200589970503529e-01 5.297031457799460386e-01
4.524336283185843577e-01 5.184749732392796018e-01
4.560471976401183625e-01 5.073976244837685723e-01
4.596607669616523673e-01 4.964716424165890318e-01
4.632743362831863720e-01 4.856974811283322757e-01
4.668879056047199327e-01 4.750755075006135031e-01
4.705014749262539375e-01 4.646060028491418858e-01
4.741150442477879423e-01 4.542891646036708031e-01
4.777286135693219471e-01 4.441251080223236336e-01
4.813421828908559519e-01 4.341138679378039322e-01
4.849557522123895126e-01 4.242554005329787770e-01
4.885693215339235174e-01 4.145495851433920187e-01
4.921828908554575222e-01 4.049962260842457362e-01
4.957964601769915269e-01 3.955950544994496498e-01
4.994100294985255317e-01 3.863457302303275887e-01
5.030235988200595365e-01 3.772478437016425490e-01
5.066371681415930972e-01 3.683009178226185898e-01
5.102507374631271020e-01 3.595044099006532434e-01
5.138643067846611068e-01 3.508577135654941670e-01
5.174778761061951116e-01 3.423601607016600323e-01
5.210914454277291163e-01 3.340110233869454381e-01
5.247050147492626770e-01 3.258095158348855436e-01
5.283185840707966818e-01 3.177547963391109676e-01
5.319321533923306866e-01 3.098459692175705160e-01
5.355457227138646914e-01 3.020820867546362698e-01
5.391592920353986962e-01 2.944621511391746771e-01
5.427728613569327010e-01 2.869851163967037655e-01
5.463864306784662617e-01 2.796498903138373016e-01
5.500000000000002665e-01 2.724553363532144501e-01
5.536135693215342712e-01 2.654002755572596461e-01
5.572271386430682760e-01 2.584834884390725951e-01
5.608407079646022808e-01 2.517037168588825979e-01
5.644542772861358415e-01 2.450596658845290154e-01
5.680678466076698463e-01 2.385500056344878883e-01
5.716814159292038511e-01 2.321733731020269864e-01
5.752949852507378559e-01 2.259283739591311790e-01
5.789085545722718606e-01 2.198135843389166511e-01
5.825221238938058654e-01 2.138275525952651468e-01
5.861356932153394261e-01 2.079688010385380703e-01
5.897492625368734309e-01 2.022358276462231930e-01
5.933628318584074357e-01 1.966271077474793516e-01
5.969764011799414405e-01 1.911410956805645878e-01
6.005899705014754453e-01 1.857762264222277415e-01
6.042035398230090060e-01 1.805309171881645247e-01
6.078171091445430108e-01 1.754035690037413220e-01
6.114306784660770155e-01 1.703925682442112566e-01
6.150442477876110203e-01 1.654962881437155031e-01
6.186578171091450251e-01 1.607130902724376309e-01
6.222713864306790299e-01 1.560413259813113185e-01
6.258849557522125906e-01 1.514793378137392899e-01
6.294985250737465954e-01 1.470254608838622024e-01
6.331120943952806002e-01 1.426780242209265415e-01
6.367256637168146050e-01 1.384353520794024406e-01
6.403392330383486097e-01 1.342957652145012615e-01
6.439528023598821704e-01 1.302575821228461328e-01
6.475663716814161752e-01 1.263191202480511421e-01
6.511799410029501800e-01 1.224786971510525430e-01
6.547935103244841848e-01 1.187346316450455935e-01
6.584070796460181896e-01 1.150852448949648554e-01
6.620206489675521944e-01 1.115288614814485130e-01
6.656342182890857551e-01 1.080638104293143165e-01
6.692477876106197598e-01 1.046884262005762789e-01
6.728613569321537646e-01 1.014010496521009635e-01
6.764749262536877694e-01 9.820002895802645848e-02
6.800884955752217742e-01 9.508372049710740737e-02
6.837020648967553349e-01 9.205048970519351392e-02
6.873156342182893397e-01 8.909871189306549366e-02
6.909292035398233445e-01 8.622677302991506310e-02
6.945427728613573493e-01 8.343307049275444642e-02
6.981563421828913540e-01 8.071601378209428135e-02
7.017699115044253588e-01 7.807402520425751891e-02
7.053834808259589195e-01 7.550554052070643229e-02
7.089970501474929243e-01 7.300900956480624315e-02
7.126106194690269291e-01 7.058289682646848306e-02
7.162241887905609339e-01 6.822568200512769965e-02
7.198377581120949387e-01 6.593586053154883164e-02
7.234513274336284994e-01 6.371194405896606072e-02
7.270648967551625041e-01 6.155246092407958697e-02
7.306784660766965089e-01 5.945595657846098475e-02
7.342920353982305137e-01 5.742099399091793455e-02
7.379056047197645185e-01 5.544615402140323085e-02
7.415191740412985233e-01 5.353003576705517297e-02
7.451327433628320840e-01 5.167125688097269631e-02
7.487463126843660888e-01 4.986845386434034244e-02
7.523598820059000936e-01 4.812028233252754056e-02
7.559734513274340983e-01 4.642541725579901052e-02
7.595870206489681031e-01 4.478255317527199408e-02
7.632005899705016638e-01 4.319040439477862120e-02
7.668141592920356686e-01 4.164770514927752798e-02
7.704277286135696734e-01 4.015320975048349006e-02
7.740412979351036782e-01 3.870569271037040127e-02
7.776548672566376830e-01 3.730394884321700660e-02
7.812684365781712437e-01 3.594679334685859512e-02
7.848820058997052485e-01 3.463306186381789192e-02
7.884955752212392532e-01 3.336161052297390711e-02
7.921091445427732580e-01 3.213131596244082205e-02
7.957227138643072628e-01 3.094107533431871698e-02
7.993362831858412676e-01 2.978980629197499480e-02
8.029498525073748283e-01 2.867644696051616787e-02
8.065634218289088331e-01 2.759995589109923500e-02
8.101769911504428379e-01 2.655931199973539727e-02
8.137905604719768426e-01 2.555351449122129567e-02
8.174041297935108474e-01 2.458158276883741500e-02
8.210176991150444081e-01 2.364255633043909482e-02
8.246312684365784129e-01 2.273549465156234420e-02
8.282448377581124177e-01 2.185947705615466294e-02
8.318584070796464225e-01 2.101360257553643723e-02
8.354719764011804273e-01 2.019698979618351001e-02
8.390855457227144321e-01 1.940877669691981264e-02
8.426991150442479928e-01 1.864812047609034490e-02
8.463126843657819975e-01 1.791419736928070647e-02
8.499262536873160023e-01 1.720620245813761148e-02
8.535398230088500071e-01 1.652334947082667593e-02
8.571533923303840119e-01 1.586487057466596726e-02
8.607669616519175726e-01 1.523001616144695376e-02
8.643805309734515774e-01 1.461805462595413239e-02
8.679941002949855822e-01 1.402827213817718285e-02
8.716076696165195870e-01 1.345997240969685690e-02
8.752212389380535917e-01 1.291247645471486558e-02
8.788348082595875965e-01 1.238512234618801416e-02
8.824483775811211572e-01 1.187726496750595925e-02
8.860619469026551620e-01 1.138827576014838326e-02
8.896755162241891668e-01 1.091754246774071131e-02
8.932890855457231716e-01 1.046446887691127731e-02
8.969026548672571764e-01 1.002847455534552727e-02
9.005162241887907371e-01 9.608994587417875669e-03
9.041297935103247418e-01 9.205479307765785865e-03
9.077433628318587466e-01 8.817394033164623057e-03
9.113569321533927514e-01 8.444218793040548024e-03
9.149705014749267562e-01 8.085448058953876790e-03
9.185840707964607610e-01 7.740590473367772381e-03
9.221976401179943217e-01 7.409168578005681342e-03
9.258112094395283265e-01 7.090718542090428296e-03
9.294247787610623313e-01 6.784789890742274482e-03
9.330383480825963360e-01 6.490945233804939520e-03
9.366519174041303408e-01 6.208759995352505605e-03
9.402654867256639015e-01 5.937822144122840984e-03
9.438790560471979063e-01 5.677731925107216623e-03
9.474926253687319111e-01 5.428101592517462458e-03
9.511061946902659159e-01 5.188555144339817952e-03
9.547197640117999207e-01 4.958728058672694228e-03
9.583333333333339255e-01 4.738267032036651977e-03
9.619469026548674861e-01 4.526829719832543841e-03
9.655604719764014909e-01 4.324084479114376385e-03
9.691740412979354957e-01 4.129710113833612653e-03
9.727876106194695005e-01 3.943395622700474230e-03
9.764011799410035053e-01 3.764839949799816347e-03
9.800147492625370660e-01 3.593751738088529595e-03
9.836283185840710708e-01 3.429849085892844492e-03
9.872418879056050756e-01 3.272859306515262315e-03
9.908554572271390803e-01 3.122518691051191873e-03
9.944690265486730851e-01 2.978572274508570466e-03
9.980825958702070899e-01 2.840773605314244905e-03
1.001696165191740651e+00 2.708884518283699756e-03
1.005309734513274655e+00 2.582674911123272830e-03
1.008923303834808660e+00 2.461922524526250194e-03
1.012536873156342665e+00 2.346412725917190484e-03
1.016150442477876670e+00 2.235938296892499549e-03
1.019764011799410230e+00 2.130299224398135051e-03
1.023377581120944235e+00 2.029302495679243066e-03
1.026991150442478240e+00 1.932761897030729065e-03
1.030604719764012245e+00 1.840497816371235986e-03
1.034218289085546250e+00 1.752337049658353680e-03
1.037831858407080254e+00 1.668112611156719006e-03
1.041445427728613815e+00 1.587663547566106181e-03
1.045058997050147820e+00 1.510834756011548898e-03
1.048672566371681825e+00 1.437476805892990176e-03
1.052286135693215829e+00 1.367445764587218093e-03
1.055899705014749834e+00 1.300603026991347961e-03
1.059513274336283395e+00 1.236815148892387185e-03
1.063126843657817400e+00 1.175953684144144529e-03
1.066740412979351404e+00 1.117895025629165066e-03
1.070353982300885409e+00 1.062520249979702043e-03
1.073967551622419414e+00 1.009714966029040496e-03
1.077581120943953419e+00 9.593691669612239899e-04
1.081194690265486980e+00 9.113770861245616911e-04
1.084808259587020984e+00 8.656370564718141427e-04
1.088421828908554989e+00 8.220513735873711831e-04
1.092035398230088994e+00 7.805261622596362022e-04
1.095648967551622999e+00 7.409712465548172434e-04
1.099262536873156559e+00 7.033000233461968479e-04
1.102876106194690564e+00 6.674293392515522885e-04
1.106489675516224569e+00 6.332793709294322901e-04
1.110103244837758574e+00 6.007735086839266622e-04
1.113716814159292579e+00 5.698382433259236747e-04
1.117330383480826583e+00 5.404030562379401499e-04
1.120943952802360144e+00 5.124003125884374343e-04
1.124557522123894149e+00 4.857651576406238976e-04
1.128171091445428154e+00 4.604354161001273141e-04
1.131784660766962158e+00 4.363514944449029052e-04
1.135398230088496163e+00 4.134562861805777504e-04
1.139011799410029724e+00 3.916950799637019566e-04
1.142625368731563729e+00 3.710154705350639671e-04
1.146238938053097733e+00 3.513672724050983685e-04
1.149852507374631738e+00 3.327024362330830093e-04
1.153466076696165743e+00 3.149749678418028867e-04
1.157079646017699748e+00 2.981408498093907327e-04
1.160693215339233308e+00 2.821579655801004162e-04
1.164306784660767313e+00 2.669860260358849092e-04
1.167920353982301318e+00 2.525864984709548988e-04
1.171533923303835323e+00 2.389225379116767902e-04
1.175147492625369328e+00 2.259589207246220672e-04
1.178761061946902888e+00 2.136619804559225044e-04
1.182374631268436893e+00 2.019995458455131187e-04
1.185988200589970898e+00 1.909408809604975967e-04
1.189601769911504903e+00 1.804566273922113522e-04
1.193215339233038907e+00 1.705187484623786457e-04
1.196828908554572468e+00 1.611004753842417770e-04
1.200442477876106473e+00 1.521762553252985705e-04
1.204056047197640478e+00 1.437217013189730035e-04
1.207669616519174483e+00 1.357135439732899760e-04
1.211283185840708487e+00 1.281295849253899629e-04
1.214896755162242492e+00 1.209486519915275342e-04
1.218510324483776053e+00 1.141505559630240412e-04
1.222123893805310058e+00 1.077160489994544201e-04
1.225737463126844062e+00 1.016267845712469109e-04
1.229351032448378067e+00 9.586527890471811862e-05
1.232964601769912072e+00 9.041487388347474420e-05
1.236578171091445633e+00 8.525970136099196648e-05
1.240191740412979637e+00 8.038464884011531125e-05
1.243805309734513642e+00 7.577532647611938518e-05
1.247418879056047647e+00 7.141803536090448462e-05
1.251032448377581652e+00 6.729973704681686960e-05
1.254646017699115657e+00 6.340802426953074820e-05
1.258259587020649217e+00 5.973109283033508135e-05
1.261873156342183222e+00 5.625771459911383721e-05
1.265486725663717227e+00 5.297721160023969472e-05
1.269100294985251232e+00 4.987943114449927426e-05
1.272713864306785236e+00 4.695472197112072311e-05
1.276327433628318797e+00 4.419391136486244451e-05
1.279941002949852802e+00 4.158828321404639441e-05
1.283554572271386807e+00 3.912955697631309083e-05
1.287168141592920811e+00 3.680986751975571787e-05
1.290781710914454816e+00 3.462174580799883385e-05
1.294395280235988821e+00 3.255810039863241682e-05
1.298008849557522382e+00 3.061219972529327448e-05
1.301622418879056386e+00 2.877765513451836031e-05
1.305235988200590391e+00 2.704840464935380175e-05
1.308849557522124396e+00 2.541869743250372652e-05
1.312463126843658401e+00 2.388307892263614172e-05
1.316076696165191962e+00 2.243637661825269419e-05
1.319690265486725966e+00 2.107368648430927463e-05
1.323303834808259971e+00 1.979035995755826224e-05
1.326917404129793976e+00 1.858199152732645116e-05
1.330530973451327981e+00 1.744440686918989085e-05
1.334144542772861985e+00 1.637365150973347865e-05
1.337758112094395546e+00 1.536598000129210494e-05
1.341371681415929551e+00 1.441784558626762792e-05
1.344985250737463556e+00 1.352589033129461429e-05
1.348598820058997561e+00 1.268693571219504414e-05
1.352212389380531565e+00 1.189797363130853938e-05
1.355825958702065126e+00 1.115615784942163172e-05
1.359439528023599131e+00 1.045879581513447610e-05
1.363053097345133136e+00 9.803340875110753746e-06
1.366666666666667140e+00 9.187384849237703602e-06
1.370280235988201145e+00 8.608650955300723291e-06
1.373893805309735150e+00 8.064987068331421085e-06
1.377507374631268711e+00 7.554359300327934945e-06
1.381120943952802715e+00 7.074845886576366340e-06
1.384734513274336720e+00 6.624631365311281455e-06
1.388348082595870725e+00 6.202001037950946451e-06
1.391961651917404730e+00 5.805335697625617189e-06
1.395575221238938290e+00 5.433106614186090786e-06
1.399188790560472295e+00 5.083870764332310481e-06
1.402802359882006300e+00 4.756266295944168905e-06
1.406415929203540305e+00 4.449008216121498657e-06
1.410029498525074310e+00 4.160884292854337367e-06
1.413643067846608314e+00 3.890751160645304376e-06
1.417256637168141875e+00 3.637530620791301158e-06
1.420870206489675880e+00 3.400206127408391811e-06
1.424483775811209885e+00 3.177819450644450115e-06
1.428097345132743889e+00 2.969467508874290031e-06
1.431710914454277894e+00 2.774299362011059572e-06
1.435324483775811455e+00 2.591513358392809042e-06
1.438938053097345460e+00 2.420354428019497441e-06
1.442551622418879465e+00 2.260111515219368957e-06
1.446165191740413469e+00 2.110115144116654025e-06
1.449778761061947474e+00 1.969735110555964532e-06
1.453392330383481479e+00 1.838378294410935580e-06
1.457005899705015040e+00 1.715486586467161720e-06
1.460619469026549044e+00 1.600534924322764678e-06
1.464233038348083049e+00 1.493029431992987388e-06
1.467846607669617054e+00 1.392505658139487896e-06
1.471460176991151059e+00 1.298526908070643953e-06
1.475073746312684619e+00 1.210682664875452717e-06
1.478687315634218624e+00 1.128587095262244332e-06
1.482300884955752629e+00 1.051877635873392100e-06
1.485914454277286634e+00 9.802136560394994108e-07
1.489528023598820639e+00 9.132751931210625172e-07
1.493141592920354643e+00 8.507617567630089134e-07
1.496755162241888204e+00 7.923911985573703059e-07
1.500368731563422209e+00 7.378986437723625568e-07
1.503982300884956214e+00 6.870354819630239535e-07
1.507595870206490218e+00 6.395684134276266639e-07
1.511209439528024223e+00 5.952785486187050993e-07
1.514823008849557784e+00 5.539605577543943046e-07
1.518436578171091789e+00 5.154218680079745957e-07
1.522050147492625793e+00 4.794819057795043353e-07
1.525663716814159798e+00 4.459713816742254106e-07
1.529277286135693803e+00 4.147316159278672509e-07
1.532890855457227808e+00 3.856139021295082040e-07
1.536504424778761368e+00 3.584789071981775162e-07
1.540117994100295373e+00 3.331961056704162529e-07
1.543731563421829378e+00 3.096432464523497210e-07
1.547345132743363383e+00 2.877058502821021599e-07
1.550958702064897388e+00 2.672767362361025596e-07
1.554572271386430948e+00 2.482555756971165494e-07
1.558185840707964953e+00 2.305484722816505243e-07
1.561799410029498958e+00 2.140675663010822771e-07
1.565412979351032963e+00 1.987306624035780056e-07
1.569026548672566967e+00 1.844608791135146019e-07
1.572640117994100972e+00 1.711863190512554733e-07
1.576253687315634533e+00 1.588397586793703264e-07
1.579867256637168538e+00 1.473583564814201581e-07
1.583480825958702543e+00 1.366833785367764272e-07
1.587094395280236547e+00 1.267599405094001342e-07
1.590707964601770552e+00 1.175367651204275546e-07
1.594321533923304113e+00 1.089659542237761683e-07
1.597935103244838118e+00 1.010027746509055739e-07
1.601548672566372122e+00 9.360545703557394136e-08
1.605162241887906127e+00 8.673500687183351347e-08
1.608775811209440132e+00 8.035502709886760389e-08
1.612389380530973693e+00 7.443155154461350527e-08
1.616002949852507697e+00 6.893288859647917535e-08
1.619616519174041702e+00 6.382947450208922932e-08
1.623230088495575707e+00 5.909373573576255465e-08
1.626843657817109712e+00 5.469995989758551827e-08
1.630457227138643717e+00 5.062417464150854844e-08
1.634070796460177277e+00 4.684403415689283243e-08
1.637684365781711282e+00 4.333871275453754764e-08
1.641297935103245287e+00 4.008880513339697213e-08
1.644911504424779292e+00 3.707623292807684965e-08
1.648525073746313296e+00 3.428415715983161476e-08
1.652138643067846857e+00 3.169689623520728101e-08
1.655752212389380862e+00 2.929984915677109043e-08
1.659365781710914867e+00 2.707942362958053442e-08
1.662979351032448871e+00 2.502296876522641077e-08
1.666592920353982876e+00 2.311871210250005676e-08
1.670206489675516881e+00 2.135570067999518448e-08
1.673820058997050442e+00 1.972374591136254848e-08
1.677433628318584447e+00 1.821337202847655798e-08
1.681047197640118451e+00 1.681576787154305162e-08
1.684660766961652456e+00 1.552274181815691539e-08
1.688274336283186461e+00 1.432667965561794549e-08
1.691887905604720022e+00 1.322050521240125139e-08
1.695501474926254026e+00 1.219764357562981488e-08
1.699115044247788031e+00 1.125198673174188588e-08
1.702728613569322036e+00 1.037786147729692715e-08
1.706342182890856041e+00 9.569999456071586417e-09
1.709955752212390045e+00 8.823509187281104657e-09
1.713569321533923606e+00 8.133849957950606491e-09
1.717182890855457611e+00 7.496807460178124807e-09
1.720796460176991616e+00 6.908471061313186441e-09
1.724410029498525621e+00 6.365212601926584903e-09
1.728023598820059625e+00 5.863666622910256020e-09
1.731637168141593186e+00 5.400711929129103069e-09
1.735250737463127191e+00 4.973454402774978557e-09
1.738864306784661196e+00 4.579210984968475830e-09
1.742477876106195200e+00 4.215494749226003536e-09
1.746091445427729205e+00 3.880000995188782704e-09
1.749705014749263210e+00 3.570594295501316508e-09
1.753318584070796771e+00 3.285296432950737538e-09
1.756932153392330775e+00 3.022275168952936398e-09
1.760545722713864780e+00 2.779833788203042798e-09
1.764159292035398785e+00 2.556401367817737986e-09
1.767772861356932790e+00 2.350523722593564316e-09
1.771386430678466350e+00 2.160854981101056281e-09
1.775000000000000355e+00 1.986149750243772334e-09
1.778613569321534360e+00 1.825255828639905999e-09
1.782227138643068365e+00 1.677107431747286219e-09
1.785840707964602370e+00 1.540718894057066183e-09
1.789454277286136374e+00 1.415178815937115255e-09
1.793067846607669935e+00 1.299644624821935825e-09
1.796681415929203940e+00 1.193337522430146678e-09
1.800294985250737945e+00 1.095537791550445008e-09
1.803908554572271949e+00 1.005580437680354005e-09
1.807522123893805954e+00 9.228511424356400183e-10
1.811135693215339515e+00 8.467825071787422810e-10
1.814749262536873520e+00 7.768505667477182711e-10
1.818362831858407525e+00 7.125715545097277251e-10
1.821976401179941529e+00 6.534989012190810317e-10
1.825589970501475534e+00 5.992204513363487057e-10
1.829203539823009539e+00 5.493558815650913796e-10
1.832817109144543100e+00 5.035543073923421240e-10
1.836430678466077104e+00 4.614920643818252039e-10
1.840044247787611109e+00 4.228706518690382298e-10
1.843657817109145114e+00 3.874148275490715153e-10
1.847271386430679119e+00 3.548708422346363914e-10
1.850884955752212679e+00 3.250048047967788006e-10
1.854498525073746684e+00 2.976011679874205869e-10
1.858112094395280689e+00 2.724613264842429672e-10
1.861725663716814694e+00 2.494023190972255560e-10
1.865339233038348699e+00 2.282556276352451237e-10
1.868952802359882703e+00 2.088660654529832271e-10
1.872566371681416264e+00 1.910907491852055021e-10
1.876179941002950269e+00 1.747981476297808900e-10
1.879793510324484274e+00 1.598672021645050144e-10
1.883407079646018278e+00 1.461865134777388201e-10
1.887020648967552283e+00 1.336535897613514299e-10
1.890634218289085844e+00 1.221741518576077035e-10
1.894247787610619849e+00 1.116614911716161892e-10
1.897861356932153853e+00 1.020358764589898700e-10
1.901474926253687858e+00 9.322400587588854259e-11
1.905088495575221863e+00 8.515850093722815891e-11
1.908702064896755868e+00 7.777743926942317196e-11
1.912315634218289429e+00 7.102392326809756030e-11
1.915929203539823433e+00 6.484568197964122675e-11
1.919542772861357438e+00 5.919470371947940782e-11
1.923156342182891443e+00 5.402689712029747609e-11
1.926769911504425448e+00 4.930177847128579780e-11
1.930383480825959008e+00 4.498218336544514669e-11
1.933997050147493013e+00 4.103400081700802438e-11
1.937610619469027018e+00 3.742592814579752545e-11
1.941224188790561023e+00 3.412924505056476864e-11
1.944837758112095027e+00 3.111760540965371362e-11
1.948451327433629032e+00 2.836684545538702771e-11
1.952064896755162593e+00 2.585480706886448807e-11
1.955678466076696598e+00 2.356117503498281583e-11
1.959292035398230603e+00 2.146732718392440029e-11
1.962905604719764607e+00 1.955619642553851616e-11
1.966519174041298612e+00 1.781214375745693893e-11
1.970132743362832173e+00 1.622084139677718254e-11
1.973746312684366178e+00 1.476916524914246478e-11
1.977359882005900182e+00 1.344509598837143744e-11
1.980973451327434187e+00 1.223762807477644589e-11
1.984587020648968192e+00 1.113668609127001624e-11
1.988200589970502197e+00 1.013304782356693128e-11
1.991814159292035757e+00 9.218273554527143426e-12
1.995427728613569762e+00 8.384641083178261126e-12
1.999041297935103767e+00 7.625086016462699496e-12
2.002654867256637772e+00 6.933146916459614267e-12
2.006268436578171777e+00 6.302914917963852535e-12
2.009882005899705337e+00 5.728987461027322005e-12
2.013495575221239342e+00 5.206425810568065624e-12
2.017109144542773347e+00 4.730716060587368198e-12
2.020722713864307352e+00 4.297733344052907458e-12
2.024336283185841356e+00 3.903708991249043408e-12
2.027949852507374917e+00 3.545200399494061227e-12
2.031563421828908922e+00 3.219063395692835171e-12
2.035176991150442927e+00 2.922426890355232311e-12
2.038790560471976931e+00 2.652669637556796812e-12
2.042404129793510936e+00 2.407398929956831158e-12
2.046017699115044941e+00 2.184431071503471228e-12
2.049631268436578502e+00 1.981773482929300374e-12
2.053244837758112507e+00 1.797608306656359830e-12
2.056858407079646511e+00 1.630277388351755008e-12
2.060471976401180516e+00 1.478268522177080640e-12
2.064085545722714521e+00 1.340202855813399812e-12
2.067699115044248082e+00 1.214823359679710122e-12
2.071312684365782086e+00 1.100984272447434593e-12
2.074926253687316091e+00 9.976414420373849472e-13
2.078539823008850096e+00 9.038434878125252414e-13
2.082153392330384101e+00 8.187237156953881964e-13
2.085766961651918106e+00 7.414927234782441088e-13
2.089380530973451666e+00 6.714316386968233478e-13
2.092994100294985671e+00 6.078859361364106581e-13
2.096607669616519676e+00 5.502597863639927361e-13
2.100221238938053236e+00 4.980108906606661303e-13
2.103834808259587685e+00 4.506457613913683878e-13
2.107448377581121246e+00 4.077154102190305088e-13
2.111061946902655695e+00 3.688114096694504753e-13
2.114675516224189256e+00 3.335622964040221278e-13
2.118289085545722816e+00 3.016302871777294564e-13
2.121902654867257265e+00 2.727082808692994870e-13
2.125516224188790826e+00 2.465171221840365230e-13
2.129129793510325275e+00 2.228031046642556843e-13
2.132743362831858835e+00 2.013356925112629958e-13
2.136356932153393284e+00 1.819054424388996193e-13
2.139970501474926845e+00 1.643221083551832465e-13
2.143584070796460406e+00 1.484129131153105325e-13
2.147197640117994855e+00 1.340209729177256080e-13
2.150811209439528415e+00 1.210038611337387267e-13
2.154424778761062864e+00 1.092322994795243497e-13
2.158038348082596425e+00 9.858896546531627202e-14
2.161651917404129986e+00 8.896740599734971622e-14
2.165265486725664434e+00 8.027104787092781149e-14
2.168879056047197995e+00 7.241229668383821920e-14
2.172492625368732444e+00 6.531171642423463536e-14
2.176106194690266005e+00 5.889728265144575677e-14
2.179719764011799565e+00 5.310370279669885511e-14
2.183333333333334014e+00 4.787179766830065025e-14
2.186946902654867575e+00 4.314793875630596299e-14
2.190560471976402024e+00 3.888353639919267483e-14
2.194174041297935585e+00 3.503457430299923976e-14
2.197787610619469145e+00 3.156118629501698444e-14
2.201401179941003594e+00 2.842727155254483280e-14
2.205014749262537155e+00 2.560014487508474516e-14
2.208628318584071604e+00 2.305021886825002279e-14
2.212241887905605164e+00 2.075071518195614524e-14
2.215855457227138725e+00 1.867740219617604384e-14
2.219469026548673174e+00 1.680835677681810334e-14
2.223082595870206735e+00 1.512374793374036036e-14
2.226696165191741184e+00 1.360564040436440833e-14
2.230309734513274744e+00 1.223781636123497792e-14
2.233923303834809193e+00 1.100561360158449923e-14
2.237536873156342754e+00 9.895778722853496338e-15
2.241150442477876314e+00 8.896333921273036145e-15
2.244764011799410763e+00 7.996456172193970163e-15
2.248377581120944324e+00 7.186367661791357658e-15
2.251991150442478773e+00 6.457236440997654079e-15
2.255604719764012334e+00 5.801086364882711002e-15
2.259218289085545894e+00 5.210715464914895736e-15
2.262831858407080343e+00 4.679621978361086783e-15
2.266445427728613904e+00 4.201937329103257126e-15
2.270058997050148353e+00 3.772365417986109342e-15
2.273672566371681913e+00 3.386127638986335521e-15
2.277286135693215474e+00 3.038913090494770944e-15
2.280899705014749923e+00 2.726833499295904110e-15
2.284513274336283484e+00 2.446382418804069595e-15
2.288126843657817933e+00 2.194398303165993286e-15
2.291740412979351493e+00 1.968031095301147604e-15
2.295353982300885054e+00 1.764712000137667932e-15
2.298967551622419503e+00 1.582126144507092133e-15
2.302581120943953064e+00 1.418187852641723070e-15
2.306194690265487512e+00 1.271018291217809944e-15
2.309808259587021073e+00 1.138925260626991790e-15
2.313421828908555522e+00 1.020384929832354758e-15
2.317035398230089083e+00 9.140253309655788005e-16
2.320648967551622643e+00 8.186114469054388287e-16
2.324262536873157092e+00 7.330317406081729891e-16
2.327876106194690653e+00 6.562859890677098772e-16
2.331489675516225102e+00 5.874742976002601527e-16
2.335103244837758663e+00 5.257871817897187373e-16
2.338716814159292223e+00 4.704966149989391510e-16
2.342330383480826672e+00 4.209479489503755917e-16
2.345943952802360233e+00 3.765526235891436647e-16
2.349557522123894682e+00 3.367815903474385325e-16
2.353171091445428242e+00 3.011593801019571264e-16
2.356784660766961803e+00 2.692587536226118702e-16
2.360398230088496252e+00 2.406958782124697344e-16
2.364011799410029813e+00 2.151259795903296334e-16
2.367625368731564262e+00 1.922394229189488159e-16
2.371238938053097822e+00 1.717581812799968417e-16
2.374852507374631383e+00 1.534326538820361125e-16
2.378466076696165832e+00 1.370387998992909584e-16
2.382079646017699393e+00 1.223755571101941604e-16
2.385693215339233841e+00 1.092625174676900592e-16
2.389306784660767402e+00 9.753783441639480917e-17
2.392920353982301851e+00 8.705633920075840944e-17
2.396533923303835412e+00 7.768784560731486469e-17
2.400147492625368972e+00 6.931562457392486955e-17
2.403761061946903421e+00 6.183503189955537102e-17
2.407374631268436982e+00 5.515227391693177188e-17
2.410988200589971431e+00 4.918329746367388258e-17
2.414601769911504991e+00 4.385279181978485471e-17
2.418215339233038552e+00 3.909329148378872517e-17
2.421828908554573001e+00 3.484436974869373240e-17
2.425442477876106562e+00 3.105191402287316956e-17
2.429056047197641011e+00 2.766747473008797181e-17
2.432669616519174571e+00 2.464768042614162172e-17
2.436283185840708132e+00 2.195371249509430957e-17
2.439896755162242581e+00 1.955083344315439102e-17
2.443510324483776142e+00 1.740796339987513330e-17
2.447123893805310590e+00 1.549729997022034209e-17
2.450737463126844151e+00 1.379397706300680545e-17
2.454351032448377712e+00 1.227575875602855546e-17
2.457964601769912161e+00 1.092276465049682945e-17
2.461578171091445721e+00 9.717223521258498966e-18
2.465191740412980170e+00 8.643252388355149362e-18
2.468805309734513731e+00 7.686658423206542076e-18
2.472418879056048180e+00 6.834761362047054358e-18
2.476032448377581741e+00 6.076234333010443988e-18
2.479646017699115301e+00 5.400961213884383943e-18
2.483259587020649750e+00 4.799908827334063831e-18
2.486873156342183311e+00 4.265012451320792627e-18
2.490486725663717760e+00 3.789073276385757628e-18
2.494100294985251320e+00 3.365666580076294730e-18
2.497713864306784881e+00 2.989059513564587179e-18
2.501327433628319330e+00 2.654137507822591435e-18
2.504941002949852891e+00 2.356338407772009772e-18
2.508554572271387340e+00 2.091593533755590981e-18
2.512168141592920900e+00 1.856274951467515047e-18
2.515781710914454461e+00 1.647148305032925099e-18
2.519395280235988910e+00 1.461330634072750854e-18
2.523008849557522471e+00 1.296252655047503308e-18
2.526622418879056919e+00 1.149625040618791940e-18
2.530235988200590480e+00 1.019408278797856108e-18
2.533849557522124041e+00 9.037857367999607964e-19
2.537463126843658490e+00 8.011395932895766861e-19
2.541076696165192050e+00 7.100293375156046776e-19
2.544690265486726499e+00 6.291725650977786658e-19
2.548303834808260060e+00 5.574278282936115392e-19
2.551917404129794509e+00 4.937793237666175779e-19
2.555530973451328070e+00 4.373232234870099289e-19
2.559144542772861630e+00 3.872554746814270211e-19
2.562758112094396079e+00 3.428609129473741389e-19
2.566371681415929640e+00 3.035035489703135954e-19
2.569985250737464089e+00 2.686179039184301437e-19
2.573598820058997649e+00 2.377012817136247773e-19
2.577212389380531210e+00 2.103068781403432127e-19
2.580825958702065659e+00 1.860376372970656923e-19
2.584439528023599220e+00 1.645407753418216005e-19
2.588053097345133668e+00 1.455028999464410109e-19
2.591666666666667229e+00 1.286456614547865179e-19
2.595280235988200790e+00 1.137218785287395970e-19
2.598893805309735239e+00 1.005120871441249621e-19
2.602507374631268799e+00 8.882146723979002903e-20
2.606120943952803248e+00 7.847710619303603344e-20
2.609734513274336809e+00 6.932556265251732189e-20
2.613348082595870370e+00 6.123069815841966608e-20
2.616961651917404819e+00 5.407174746734176866e-20
2.620575221238938379e+00 4.774160161823520659e-20
2.624188790560472828e+00 4.214528056457314407e-20
2.627802359882006389e+00 3.719857469119810426e-20
2.631415929203539950e+00 3.282683676262025671e-20
2.635029498525074398e+00 2.896390784110893556e-20
2.638643067846607959e+00 2.555116249208193286e-20
2.642256637168142408e+00 2.253666018381627126e-20
2.645870206489675969e+00 1.987439120804657660e-20
2.649483775811210418e+00 1.752360671562487738e-20
2.653097345132743978e+00 1.544822359315572502e-20
2.656710914454277539e+00 1.361629591667209597e-20
2.660324483775811988e+00 1.199954561998246221e-20
2.663938053097345549e+00 1.057294581971253848e-20
2.667551622418879997e+00 9.314350956700058133e-21
2.671165191740413558e+00 8.204168553476919419e-21
2.674778761061947119e+00 7.225067958351490691e-21
2.678392330383481568e+00 6.361721955538360790e-21
2.682005899705015128e+00 5.600577574429026199e-21
2.685619469026549577e+00 4.929652835425839223e-21
2.689233038348083138e+00 4.338356530053865663e-21
2.692846607669616699e+00 3.817328454042187326e-21
2.696460176991151148e+00 3.358297797991588533e-21
2.700073746312684708e+00 2.953957654864821553e-21
2.703687315634219157e+00 2.597853830265361130e-21
2.707300884955752718e+00 2.284286343305309253e-21
2.710914454277286278e+00 2.008222185508872035e-21
2.714528023598820727e+00 1.765218065069578467e-21
2.718141592920354288e+00 1.551352006015189995e-21
2.721755162241888737e+00 1.363162798364970776e-21
2.725368731563422298e+00 1.197596407899971908e-21
2.728982300884956747e+00 1.051958554230907003e-21
2.732595870206490307e+00 9.238727548180632926e-22
2.736209439528023868e+00 8.112432116728520312e-22
2.739823008849558317e+00 7.122219877535894674e-22
2.743436578171091877e+00 6.251799825121110493e-22
2.747050147492626326e+00 5.486812715239369908e-22
2.750663716814159887e+00 4.814604244099117629e-22
2.754277286135693448e+00 4.224024590129471958e-22
2.757890855457227897e+00 3.705251286457905178e-22
2.761504424778761457e+00 3.249632737129117235e-22
2.765117994100295906e+00 2.849549996193357974e-22
2.768731563421829467e+00 2.498294700411517408e-22
2.772345132743363028e+00 2.189961287299598290e-22
2.775958702064897476e+00 1.919351843994778213e-22
2.779572271386431037e+00 1.681892121996754817e-22
2.783185840707965486e+00 1.473557420928842293e-22
2.786799410029499047e+00 1.290807193487763414e-22
2.790412979351032607e+00 1.130527355830929288e-22
2.794026548672567056e+00 9.899794047066835317e-23
2.797640117994100617e+00 8.667555463431245772e-23
2.801253687315635066e+00 7.587391339852741819e-23
2.804867256637168627e+00 6.640697923443160314e-23
2.808480825958703075e+00 5.811126792770846728e-23
2.812094395280236636e+00 5.084313988130796316e-23
2.815707964601770197e+00 4.447641361158765420e-23
2.819321533923304646e+00 3.890026349464878562e-23
2.822935103244838206e+00 3.401736824196940361e-23
2.826548672566372655e+00 2.974228049690378578e-23
2.830162241887906216e+00 2.599999140438740180e-23
2.833775811209439777e+00 2.272466706654711584e-23
2.837389380530974226e+00 1.985853650306720245e-23
2.841002949852507786e+00 1.735091312731175063e-23
2.844616519174042235e+00 1.515733386360204525e-23
2.848230088495575796e+00 1.323880189950484863e-23
2.851843657817109357e+00 1.156112071781096423e-23
2.855457227138643805e+00 1.009430851116513199e-23
2.859070796460177366e+00 8.812083370245314096e-24
2.862684365781711815e+00 7.691410773675390750e-24
2.866297935103245376e+00 6.712105911931210667e-24
2.869911504424778936e+00 5.856484263769633983e-24
2.873525073746313385e+00 5.109054625904591639e-24
2.877138643067846946e+00 4.456249486801057727e-24
2.880752212389381395e+00 3.886188244326446436e-24
2.884365781710914955e+00 3.388469304037943552e-24
2.887979351032449404e+00 2.953987568470331350e-24
2.891592920353982965e+00 2.574774245370985850e-24
2.895206489675516526e+00 2.243856270921199686e-24
2.898820058997050975e+00 1.955132968428844027e-24
2.902433628318584535e+00 1.703267848868918833e-24
2.906047197640118984e+00 1.483593711534755924e-24
2.909660766961652545e+00 1.292029424947856486e-24
2.913274336283186106e+00 1.125006963582398075e-24
2.916887905604720554e+00 9.794074480369058698e-25
2.920501474926254115e+00 8.525050877697548302e-25
2.924115044247788564e+00 7.419180588602365612e-25
2.927728613569322125e+00 6.455654666056000897e-25
2.931342182890855685e+00 5.616296460174459033e-25
2.934955752212390134e+00 4.885231441172696451e-25
2.938569321533923695e+00 4.248598078252215364e-25
2.942182890855458144e+00 3.694294714951892781e-25
2.945796460176991705e+00 3.211757999245691861e-25
2.949410029498525265e+00 2.791768969696976910e-25
2.953023598820059714e+00 2.426283376264465143e-25
2.956637168141593275e+00 2.108283233754114636e-25
2.960250737463127724e+00 1.831646974387566155e-25
2.963864306784661284e+00 1.591035889635579494e-25
2.967477876106195733e+00 1.381794835726638591e-25
2.971091445427729294e+00 1.199865426854912989e-25
2.974705014749262855e+00 1.041710159246164248e-25
2.978318584070797304e+00 9.042461015921167646e-26
2.981932153392330864e+00 7.847869561663215717e-26
2.985545722713865313e+00 6.809924430502447881e-26
2.989159292035398874e+00 5.908240898332782837e-26
2.992772861356932435e+00 5.125066231174073489e-26
2.996386430678466883e+00 4.444942580994145136e-26
3.000000000000000000e+00 3.854412701306282125e-26
