0.000000000000000000e+00
5.095610042142795226e-02
5.095610042142795226e-02
5.256562495734051071e-02
5.670898833004751199e-02
5.841118179941023197e-02
5.647392259721683433e-02
5.632493840618729014e-02
5.655762524942058861e-02
5.625581695038476410e-02
5.625581695038476410e-02
5.641004120061535870e-02
5.634405679870468225e-02
5.634405679870468225e-02
5.634405679870468225e-02
5.634405679870468225e-02
5.634405679870468225e-02
5.634405679870468225e-02
5.634405679870468225e-02
5.634405679870468225e-02
5.641916180553897125e-02
5.641916180553897125e-02
5.641916180553897125e-02
5.641916180553897125e-02
5.641916180553897125e-02
5.641916180553897125e-02
5.641916180553897125e-02
5.641916180553897125e-02
5.641916180553897125e-02
5.641916180553897125e-02
5.641916180553897125e-02
5.641916180553897125e-02
5.641916180553897125e-02
5.641916180553897125e-02
5.641916180553897125e-02
5.641916180553897125e-02
5.641916180553897125e-02
5.641916180553897125e-02
5.641916180553897125e-02
5.641916180553897125e-02
5.641916180553897125e-02
5.641916180553897125e-02
5.641916180553897125e-02
5.641916180553897125e-02
5.641916180553897125e-02
5.641916180553897125e-02
5.641916180553897125e-02
5.641916180553897125e-02
5.641916180553897125e-02
5.641916180553897125e-02
5.641916180553897125e-02
5.641916180553897125e-02
5.641916180553897125e-02
5.641916180553897125e-02
5.641916180553897125e-02
5.641916180553897125e-02
5.641916180553897125e-02
5.641916180553897125e-02
5.641916180553897125e-02
5.641916180553897125e-02
5.641916180553897125e-02
5.641916180553897125e-02
5.641916180553897125e-02
5.641916180553897125e-02
5.642639839962704934e-02
5.642639839962704934e-02
5.642639839962704934e-02
5.642639839962704934e-02
5.642639839962704934e-02
5.642639839962704934e-02
5.642639839962704934e-02
5.642639839962704934e-02
5.642639839962704934e-02
5.642639839962704934e-02
5.642639839962704934e-02
5.642639839962704934e-02
5.642639839962704934e-02
5.642639839962704934e-02
5.642639839962704934e-02
5.642639839962704934e-02
5.642639839962704934e-02
5.642639839962704934e-02
5.642639839962704934e-02
5.642639839962704934e-02
5.642639839962704934e-02
5.642639839962704934e-02
5.642639839962704934e-02
5.642639839962704934e-02
5.642639839962704934e-02
5.642639839962704934e-02
5.642639839962704934e-02
5.642639839962704934e-02
5.642639839962704934e-02
5.642639839962704934e-02
5.642639839962704934e-02
5.642639839962704934e-02
5.642639839962704934e-02
5.642639839962704934e-02
5.642639839962704934e-02
5.642639839962704934e-02
5.642639839962704934e-02
5.642639839962704934e-02
5.642639839962704934e-02
5.642639839962704934e-02
5.642639839962704934e-02
5.642639839962704934e-02
5.642639839962704934e-02
5.642639839962704934e-02
5.642639839962704934e-02
5.642639839962704934e-02
5.642639839962704934e-02
5.642639839962704934e-02
5.642639839962704934e-02
5.642639839962704934e-02
5.642639839962704934e-02
5.642639839962704934e-02
5.642639839962704934e-02
5.642639839962704934e-02
5.642639839962704934e-02
5.642639839962704934e-02
5.642639839962704934e-02
5.642639839962704934e-02
5.642639839962704934e-02
5.642639839962704934e-02
5.642639839962704934e-02
5.642639839962704934e-02
5.642639839962704934e-02
5.642639839962704934e-02
5.642639839962704934e-02
5.642639839962704934e-02
5.642639839962704934e-02
5.642639839962704934e-02
5.642639839962704934e-02
5.642639839962704934e-02
5.642639839962704934e-02
5.642639839962704934e-02
5.642639839962704934e-02
5.642639839962704934e-02
5.642639839962704934e-02
5.642639839962704934e-02
5.642639839962704934e-02
5.642639839962704934e-02
5.642639839962704934e-02
5.642639839962704934e-02
5.642639839962704934e-02
5.642639839962704934e-02
5.642639839962704934e-02
5.642639839962704934e-02
5.642639839962704934e-02
5.642639839962704934e-02
5.642639839962704934e-02
5.642639839962704934e-02
5.642639839962704934e-02
5.642639839962704934e-02
5.642639839962704934e-02
5.642639839962704934e-02
5.642639839962704934e-02
5.642639839962704934e-02
5.642639839962704934e-02
5.642639839962704934e-02
5.642639839962704934e-02
5.642639839962704934e-02
5.642639839962704934e-02
5.642639839962704934e-02
5.642639839962704934e-02
5.642639839962704934e-02
5.642639839962704934e-02
5.642639839962704934e-02
5.642639839962704934e-02
5.642639839962704934e-02
5.642639839962704934e-02
5.642639839962704934e-02
5.642639839962704934e-02
5.642639839962704934e-02
5.642639839962704934e-02
5.642639839962704934e-02
5.642639839962704934e-02
5.642639839962704934e-02
5.642639839962704934e-02
5.642639839962704934e-02
5.642639839962704934e-02
5.642639839962704934e-02
5.642639839962704934e-02
5.642639839962704934e-02
5.642639839962704934e-02
5.642639839962704934e-02
5.642639839962704934e-02
5.642639839962704934e-02
5.642639839962704934e-02
5.642639839962704934e-02
5.642639839962704934e-02
5.642639839962704934e-02
5.642639839962704934e-02
5.642639839962704934e-02
5.642639839962704934e-02
5.642639839962704934e-02
5.642639839962704934e-02
5.642639839962704934e-02
5.642639839962704934e-02
5.642639839962704934e-02
5.642639839962704934e-02
5.642639839962704934e-02
5.642639839962704934e-02
5.642639839962704934e-02
5.642639839962704934e-02
5.642639839962704934e-02
5.642639839962704934e-02
5.642639839962704934e-02
5.642639839962704934e-02
5.642639839962704934e-02
5.642639839962704934e-02
5.642639839962704934e-02
5.642639839962704934e-02
5.642639839962704934e-02
5.642639839962704934e-02
5.642639839962704934e-02
5.642639839962704934e-02
5.642639839962704934e-02
5.642639839962704934e-02
5.642639839962704934e-02
5.642639839962704934e-02
5.642639839962704934e-02
5.642639839962704934e-02
5.642639839962704934e-02
5.642639839962704934e-02
5.642639839962704934e-02
5.642639839962704934e-02
5.642639839962704934e-02
5.642639839962704934e-02
5.642639839962704934e-02
5.642639839962704934e-02
5.642639839962704934e-02
5.642639839962704934e-02
5.642639839962704934e-02
5.642639839962704934e-02
5.642639839962704934e-02
5.642639839962704934e-02
5.642639839962704934e-02
5.642639839962704934e-02
5.642639839962704934e-02
5.642639839962704934e-02
5.642639839962704934e-02
5.642639839962704934e-02
5.642639839962704934e-02
5.642639839962704934e-02
5.642639839962704934e-02
5.642639839962704934e-02
5.642639839962704934e-02
5.642639839962704934e-02
5.642639839962704934e-02
