0.000000000000000000e+00
9.144209578434436825e-02
9.144209578434436825e-02
9.242177938570382556e-02
9.682355875279258228e-02
9.681309693243438097e-02
9.711726128141011383e-02
9.671534245511793915e-02
9.678197121058489116e-02
9.689138664177310289e-02
9.689138664177310289e-02
9.689138664177310289e-02
9.689138664177310289e-02
9.689138664177310289e-02
9.691856410491567209e-02
9.691856410491567209e-02
9.691856410491567209e-02
9.691856410491567209e-02
9.691856410491567209e-02
9.691856410491567209e-02
9.691856410491567209e-02
9.691856410491567209e-02
9.691856410491567209e-02
9.691856410491567209e-02
9.691856410491567209e-02
9.691856410491567209e-02
9.684759443233030562e-02
9.684759443233030562e-02
9.684759443233030562e-02
9.699563566752235355e-02
9.699563566752235355e-02
9.699563566752235355e-02
9.699563566752235355e-02
9.699563566752235355e-02
9.699563566752235355e-02
9.699563566752235355e-02
9.699563566752235355e-02
9.699563566752235355e-02
9.699563566752235355e-02
9.699563566752235355e-02
9.699563566752235355e-02
9.699563566752235355e-02
9.699563566752235355e-02
9.699563566752235355e-02
9.699563566752235355e-02
9.699563566752235355e-02
9.699563566752235355e-02
9.699563566752235355e-02
9.699563566752235355e-02
9.699563566752235355e-02
9.699563566752235355e-02
9.699563566752235355e-02
9.699563566752235355e-02
9.699563566752235355e-02
9.699563566752235355e-02
9.699563566752235355e-02
9.699563566752235355e-02
9.699563566752235355e-02
9.699563566752235355e-02
9.699563566752235355e-02
9.699563566752235355e-02
9.699563566752235355e-02
9.699563566752235355e-02
9.699563566752235355e-02
9.699563566752235355e-02
9.699563566752235355e-02
9.699563566752235355e-02
9.699563566752235355e-02
9.699563566752235355e-02
9.699563566752235355e-02
9.699563566752235355e-02
9.699563566752235355e-02
9.699563566752235355e-02
9.699563566752235355e-02
9.699563566752235355e-02
9.699563566752235355e-02
9.699563566752235355e-02
9.699563566752235355e-02
9.699563566752235355e-02
9.699563566752235355e-02
9.699563566752235355e-02
9.699563566752235355e-02
9.699563566752235355e-02
9.699563566752235355e-02
9.699563566752235355e-02
9.699563566752235355e-02
9.699563566752235355e-02
9.699563566752235355e-02
9.699563566752235355e-02
9.699563566752235355e-02
9.699563566752235355e-02
9.699563566752235355e-02
9.699563566752235355e-02
9.699563566752235355e-02
9.699563566752235355e-02
9.699563566752235355e-02
9.699563566752235355e-02
9.699563566752235355e-02
9.699563566752235355e-02
9.699563566752235355e-02
9.699563566752235355e-02
9.699563566752235355e-02
9.699563566752235355e-02
9.699563566752235355e-02
9.699563566752235355e-02
9.699563566752235355e-02
9.699563566752235355e-02
9.699563566752235355e-02
9.699563566752235355e-02
9.699563566752235355e-02
9.699563566752235355e-02
9.699563566752235355e-02
9.699563566752235355e-02
9.699563566752235355e-02
9.699563566752235355e-02
9.699563566752235355e-02
9.699563566752235355e-02
9.699563566752235355e-02
9.699563566752235355e-02
9.699563566752235355e-02
9.699563566752235355e-02
9.699563566752235355e-02
9.699563566752235355e-02
9.699563566752235355e-02
9.699563566752235355e-02
9.699563566752235355e-02
9.699563566752235355e-02
9.699563566752235355e-02
9.699563566752235355e-02
9.699563566752235355e-02
9.699563566752235355e-02
9.699563566752235355e-02
9.699563566752235355e-02
9.699563566752235355e-02
9.699563566752235355e-02
9.699563566752235355e-02
9.699563566752235355e-02
9.699563566752235355e-02
9.699563566752235355e-02
9.699563566752235355e-02
9.699563566752235355e-02
9.699563566752235355e-02
9.699563566752235355e-02
9.699563566752235355e-02
9.699563566752235355e-02
9.699563566752235355e-02
9.699563566752235355e-02
9.699563566752235355e-02
9.699563566752235355e-02
9.699563566752235355e-02
9.699563566752235355e-02
9.699563566752235355e-02
9.699563566752235355e-02
9.699563566752235355e-02
9.699563566752235355e-02
9.699563566752235355e-02
9.699563566752235355e-02
9.699563566752235355e-02
9.699563566752235355e-02
9.699563566752235355e-02
9.699563566752235355e-02
9.699563566752235355e-02
9.699563566752235355e-02
9.699563566752235355e-02
9.699563566752235355e-02
9.699563566752235355e-02
9.699563566752235355e-02
9.699563566752235355e-02
9.699563566752235355e-02
9.699563566752235355e-02
9.699563566752235355e-02
9.699563566752235355e-02
9.699563566752235355e-02
9.699563566752235355e-02
9.699563566752235355e-02
9.699563566752235355e-02
9.699563566752235355e-02
9.699563566752235355e-02
9.699563566752235355e-02
9.699563566752235355e-02
9.699563566752235355e-02
9.699563566752235355e-02
9.699563566752235355e-02
9.699563566752235355e-02
9.699563566752235355e-02
9.699563566752235355e-02
9.699563566752235355e-02
9.699563566752235355e-02
9.699563566752235355e-02
9.699563566752235355e-02
9.699563566752235355e-02
9.699563566752235355e-02
9.699563566752235355e-02
9.699563566752235355e-02
9.699563566752235355e-02
9.699563566752235355e-02
9.699563566752235355e-02
9.699563566752235355e-02
9.699563566752235355e-02
9.699563566752235355e-02
9.699563566752235355e-02
9.699563566752235355e-02
9.699563566752235355e-02
9.699563566752235355e-02
9.699563566752235355e-02
9.699563566752235355e-02
9.699563566752235355e-02
9.699563566752235355e-02
9.699563566752235355e-02
9.699563566752235355e-02
9.699563566752235355e-02
9.699563566752235355e-02
9.699563566752235355e-02
9.699563566752235355e-02
9.699563566752235355e-02
9.699563566752235355e-02
9.699563566752235355e-02
9.699563566752235355e-02
9.699563566752235355e-02
9.699563566752235355e-02
9.699563566752235355e-02
9.699563566752235355e-02
9.699563566752235355e-02
9.699563566752235355e-02
9.699563566752235355e-02
9.699563566752235355e-02
9.699563566752235355e-02
9.699563566752235355e-02
9.699563566752235355e-02
9.699563566752235355e-02
9.699563566752235355e-02
9.699563566752235355e-02
9.699563566752235355e-02
9.699563566752235355e-02
9.699563566752235355e-02
9.699563566752235355e-02
9.699563566752235355e-02
9.699563566752235355e-02
9.699563566752235355e-02
9.699563566752235355e-02
9.699563566752235355e-02
9.699563566752235355e-02
9.699563566752235355e-02
9.699563566752235355e-02
9.699563566752235355e-02
9.699563566752235355e-02
9.699563566752235355e-02
9.699563566752235355e-02
9.699563566752235355e-02
9.699563566752235355e-02
