1.000000000000000000e+00
9.923327595041004923e-01
9.820626609710256805e-01
9.570758908628360651e-01
9.389194146764008320e-01
9.125951872362555450e-01
8.843831315574752772e-01
8.473326643794190094e-01
6.784995357772900526e-01
-3.292062963536983300e-02
-5.456406830759984450e-01
-7.700371755865714762e-01
-8.493703100876335288e-01
-8.777204983804258731e-01
-8.836908942537620160e-01
-8.803865764352140078e-01
-8.452958537063681721e-01
-6.254655472804268035e-01
9.539299967720278606e-02
5.409761219878909122e-01
7.354297562365821328e-01
8.230169327335429275e-01
8.472134278964207343e-01
8.508912782364231875e-01
8.449366437851102418e-01
8.019533284747690782e-01
4.912212416252406677e-01
-8.819347647301405135e-02
-4.849007484743371177e-01
-7.046394314431116968e-01
-8.030756580006997991e-01
-8.419070231365269885e-01
-8.467716136255203363e-01
-8.308416356005527970e-01
-7.174501081812090231e-01
-4.004679175787065892e-01
7.618706582329905219e-02
4.198319654569034887e-01
6.207782959196280759e-01
7.149044952840960532e-01
7.868505738035830310e-01
8.183185611948127214e-01
7.619165543375894245e-01
6.254403715124267071e-01
2.817575575546922284e-01
-8.542419107568478831e-02
-4.094309007288329250e-01
-6.093523669480018778e-01
-7.119334966527891551e-01
-7.557738207795193786e-01
-7.558476903978387229e-01
-6.792609389903127015e-01
-5.254105887090819715e-01
-2.261781148226727767e-01
8.736690494030881216e-02
3.484553626958989403e-01
5.336837247070255197e-01
6.723471107001623981e-01
7.131138975884231401e-01
7.001557398547335609e-01
6.386520103535513471e-01
4.383414773067548786e-01
1.762510322285875952e-01
-1.372646647379024698e-01
-3.939727861365168171e-01
-5.808508740725842889e-01
-6.853534897987352270e-01
-7.045501553317146115e-01
-6.681248430269157712e-01
-5.912755525239384857e-01
-4.418864724464730553e-01
-1.652687409115238260e-01
1.268588530326473784e-01
3.767381501047303294e-01
5.480505476981786250e-01
6.192214023508084697e-01
6.411633073478566480e-01
6.388533797654459834e-01
5.376888304380520456e-01
3.711979977294846411e-01
1.505162112169435851e-01
-1.935858439974607048e-01
-4.306764513099222702e-01
-5.886511483663950939e-01
-6.445275656536660902e-01
-6.398644530584327583e-01
-6.360309270115919178e-01
-5.484349833903492399e-01
-3.929130704006673080e-01
-1.468395208741865021e-01
1.409665833458748352e-01
3.830766963086895682e-01
5.246898744127138636e-01
5.932553882505174903e-01
6.295018066909612298e-01
5.894175528053626767e-01
5.012272284150959267e-01
3.704571775690158608e-01
1.590878024996200957e-01
-1.360514671911704776e-01
-3.469961099349472278e-01
-5.035680367098213095e-01
-5.933483663881222725e-01
-6.388143212594168396e-01
-5.888658914275893830e-01
-5.208727362594351984e-01
-3.677474362558220133e-01
-2.148266839069564449e-01
5.324164791509824329e-02
3.053899599022401601e-01
4.506826971177031460e-01
5.439806857650811844e-01
6.030539125863619843e-01
5.875069436814158719e-01
4.855583851027343578e-01
3.819248912986429878e-01
1.956730909888907965e-01
4.366476509676696025e-03
-2.477984704983144937e-01
-4.422732587190019160e-01
-5.595933399664533292e-01
-5.818323817395137931e-01
-5.729771789462317910e-01
-5.128624379417026091e-01
-4.016605354953934337e-01
-3.012877115676081408e-01
-1.081039401120035548e-01
1.017959582395352586e-01
3.285861836268381131e-01
4.668903882343424239e-01
5.508761313159986628e-01
5.314674057104215033e-01
4.798140093630898773e-01
3.812201075417300800e-01
2.588472757945138869e-01
1.365291425079655507e-01
-3.960799443582774942e-02
-2.381818807469435195e-01
-3.884762936910312603e-01
-4.733362577176036257e-01
-4.842651462701211829e-01
-4.447668303126559586e-01
-3.832784724877218441e-01
-2.618309097938326668e-01
-1.335383984766120580e-01
1.383755725145128027e-02
1.657266650297162525e-01
2.878077528977986965e-01
3.983094126446315997e-01
3.993818594250997389e-01
3.988942158259447535e-01
3.286323459624421739e-01
2.361036150856598848e-01
8.862308813003688668e-02
-5.499509269680559649e-03
-1.708525891078574721e-01
-2.733633927313012801e-01
-3.297293341839457326e-01
-3.616704062223692895e-01
-4.010353414024331320e-01
-3.543250555328720242e-01
-2.682951046783490501e-01
-1.656600247374223345e-01
-6.137779711940851562e-02
7.996359496250525500e-02
1.872597212843076508e-01
2.535935184995274927e-01
3.167326990749042004e-01
3.141579118170110263e-01
3.012343338443845830e-01
1.986751472806280172e-01
1.024632018613880063e-01
2.857844984477236547e-02
-7.361552825008955969e-02
-1.654484838082870002e-01
-2.173311216588176553e-01
-2.819362959324435147e-01
-2.808492336515054366e-01
-2.620826818244117451e-01
-1.935484352461227520e-01
-1.031818290006723537e-01
-2.288767272396471930e-02
3.300557787395735215e-02
1.348369084791300743e-01
1.782810496838777570e-01
2.010063713952129627e-01
2.383790272344064598e-01
2.173392862289945660e-01
1.719500885779330912e-01
8.197723583729096819e-02
1.708381093010162555e-02
-8.506788603948296779e-02
-1.646868471814249835e-01
-1.994351589625684984e-01
-2.586267076449006996e-01
-2.634498716729509749e-01
-2.360621719221315806e-01
-1.628883832307657376e-01
-6.513535454568929184e-02
-2.085641951426968344e-02
8.089042683498896824e-02
1.238597825847943812e-01
1.895044413222300717e-01
2.183059908501692181e-01
2.152891825531279835e-01
1.855181003333626621e-01
1.070352571697905097e-01
6.491422665771125200e-02
-4.198874776771677371e-03
-7.778239013962914838e-02
-1.384339583662795303e-01
-2.099796804324357835e-01
-2.390423797232202885e-01
-2.554142099429742019e-01
-2.212414826948597701e-01
-1.903237099112393693e-01
-1.136292210793117402e-01
-1.786701438622909435e-02
6.262493050790457483e-02
1.565616401192215512e-01
1.907512165415997385e-01
2.056484495050132089e-01
2.248062237467157998e-01
2.142736985846614428e-01
1.505864512173351599e-01
5.668598803164377059e-02
-6.048767877253073168e-03
-8.753847266039059549e-02
-1.647139733432052000e-01
-2.170095841824764837e-01
-2.519252874826238831e-01
-2.647883409267915988e-01
-2.565301954791484595e-01
-2.068952968561404426e-01
-1.336680513681015592e-01
-4.545159043942988142e-02
3.460005162890729402e-02
9.781346470978612151e-02
1.663971681020649240e-01
1.937570855656713109e-01
2.382628494750437809e-01
2.397863846516881114e-01
1.850706362815386641e-01
1.667885651065794117e-01
5.498699680574909571e-02
-3.975128514591426410e-02
-1.523546544650126455e-01
-2.213010296214648898e-01
-2.706784735523685148e-01
-2.863610868621095373e-01
