1.000000000000000000e+00 4.935987251006748622e+00
1.001474926253687281e+00 4.859748059618269167e+00
1.002949852507374562e+00 4.784961761650608381e+00
1.004424778761061843e+00 4.711597473450091833e+00
1.005899705014749346e+00 4.639625026239927230e+00
1.007374631268436627e+00 4.569014948437200907e+00
1.008849557522123908e+00 4.499738448430886884e+00
1.010324483775811188e+00 4.431767397810506992e+00
1.011799410029498469e+00 4.365074315031514551e+00
1.013274336283185750e+00 4.299632349506386397e+00
1.014749262536873253e+00 4.235415266109029631e+00
1.016224188790560534e+00 4.172397430082371628e+00
1.017699115044247815e+00 4.110553792336489209e+00
1.019174041297935096e+00 4.049859875128367648e+00
1.020648967551622377e+00 3.990291758112053166e+00
1.022123893805309658e+00 3.931826064748890293e+00
1.023598820058996939e+00 3.874439949068545719e+00
1.025073746312684442e+00 3.818111082771767695e+00
1.026548672566371723e+00 3.762817642664135320e+00
1.028023598820059004e+00 3.708538298413627476e+00
1.029498525073746285e+00 3.655252200622047365e+00
1.030973451327433565e+00 3.602938969202358344e+00
1.032448377581120846e+00 3.551578682053612379e+00
1.033923303834808349e+00 3.501151864025389582e+00
1.035398230088495630e+00 3.451639476164157561e+00
1.036873156342182911e+00 3.403022905233579642e+00
1.038348082595870192e+00 3.355283953502202099e+00
1.039823008849557473e+00 3.308404828790369567e+00
1.041297935103244754e+00 3.262368134770313066e+00
1.042772861356932257e+00 3.217156861512226129e+00
1.044247787610619538e+00 3.172754376269640630e+00
1.045722713864306819e+00 3.129144414498268301e+00
1.047197640117994100e+00 3.086311071101487169e+00
1.048672566371681381e+00 3.044238791896864083e+00
1.050147492625368661e+00 3.002912365297569330e+00
1.051622418879055942e+00 2.962316914203428464e+00
1.053097345132743445e+00 2.922437888095575254e+00
1.054572271386430726e+00 2.883261055329247036e+00
1.056047197640118007e+00 2.844772495620346398e+00
1.057522123893805288e+00 2.806958592719616341e+00
1.058997050147492569e+00 2.769806027270138582e+00
1.060471976401179850e+00 2.733301769843084816e+00
1.061946902654867353e+00 2.697433074147006504e+00
1.063421828908554634e+00 2.662187470406489620e+00
1.064896755162241915e+00 2.627552758904986518e+00
1.066371681415929196e+00 2.593517003688408540e+00
1.067846607669616477e+00 2.560068526424631674e+00
1.069321533923303758e+00 2.527195900414966889e+00
1.070796460176991260e+00 2.494887944754025533e+00
1.072271386430678541e+00 2.463133718633547353e+00
1.073746312684365822e+00 2.431922515786826278e+00
1.075221238938053103e+00 2.401243859069853492e+00
1.076696165191740384e+00 2.371087495175941751e+00
1.078171091445427665e+00 2.341443389480040160e+00
1.079646017699114946e+00 2.312301721009396793e+00
1.081120943952802449e+00 2.283652877537707848e+00
1.082595870206489730e+00 2.255487450799000371e+00
1.084070796460177011e+00 2.227796231818635508e+00
1.085545722713864292e+00 2.200570206357968850e+00
1.087020648967551573e+00 2.173800550470261772e+00
1.088495575221238854e+00 2.147478626164585069e+00
1.089970501474926134e+00 2.121595977174953962e+00
1.091445427728613637e+00 2.096144324832339478e+00
1.092920353982300918e+00 2.071115564036486667e+00
1.094395280235988199e+00 2.046501759325369374e+00
1.095870206489675480e+00 2.022295141039447852e+00
1.097345132743362761e+00 1.998488101578581588e+00
1.098820058997050264e+00 1.975073191749165069e+00
1.100294985250737545e+00 1.952043117198912991e+00
1.101769911504424826e+00 1.929390734937774354e+00
1.103244837758112107e+00 1.907109049941801304e+00
1.104719764011799388e+00 1.885191211838769476e+00
1.106194690265486669e+00 1.863630511672937695e+00
1.107669616519173950e+00 1.842420378747204657e+00
1.109144542772861453e+00 1.821554377540481440e+00
1.110619469026548733e+00 1.801026204698716660e+00
1.112094395280236014e+00 1.780829686097334497e+00
1.113569321533923295e+00 1.760958773973601454e+00
1.115044247787610576e+00 1.741407544126965634e+00
1.116519174041297857e+00 1.722170193185816878e+00
1.117994100294985138e+00 1.703241035938839909e+00
1.119469026548672641e+00 1.684614502729467889e+00
1.120943952802359922e+00 1.666285136911798803e+00
1.122418879056047203e+00 1.648247592366573588e+00
1.123893805309734484e+00 1.630496631075353475e+00
1.125368731563421765e+00 1.613027120751957311e+00
1.126843657817109268e+00 1.595834032529404478e+00
1.128318584070796549e+00 1.578912438700876830e+00
1.129793510324483830e+00 1.562257510513899161e+00
1.131268436578171110e+00 1.545864516015619250e+00
1.132743362831858391e+00 1.529728817948784680e+00
1.134218289085545672e+00 1.513845871696456458e+00
1.135693215339232953e+00 1.498211223274643844e+00
1.137168141592920456e+00 1.482820507371552354e+00
1.138643067846607737e+00 1.467669445432422171e+00
1.140117994100295018e+00 1.452753843788589627e+00
1.141592920353982299e+00 1.438069591829859606e+00
1.143067846607669580e+00 1.423612660219274462e+00
1.144542772861356861e+00 1.409379099148783343e+00
1.146017699115044142e+00 1.395365036635322298e+00
1.147492625368731645e+00 1.381566676855999320e+00
1.148967551622418926e+00 1.367980298521575211e+00
1.150442477876106206e+00 1.354602253287098490e+00
1.151917404129793487e+00 1.341428964199178120e+00
1.153392330383480768e+00 1.328456924178565979e+00
1.154867256637168049e+00 1.315682694537549935e+00
1.156342182890855330e+00 1.303102903531043966e+00
1.157817109144542833e+00 1.290714244940695865e+00
1.159292035398230114e+00 1.278513476691334416e+00
1.160766961651917395e+00 1.266497419498598509e+00
1.162241887905604676e+00 1.254662955547412917e+00
1.163716814159291957e+00 1.243007027200345727e+00
1.165191740412979460e+00 1.231526635735109121e+00
1.166666666666666741e+00 1.220218840110661951e+00
1.168141592920354022e+00 1.209080755761042791e+00
1.169616519174041303e+00 1.198109553416372153e+00
1.171091445427728583e+00 1.187302457950484502e+00
1.172566371681415864e+00 1.176656747254187341e+00
1.174041297935103145e+00 1.166169751133997901e+00
1.175516224188790648e+00 1.155838850235420212e+00
1.176991150442477929e+00 1.145661474990314899e+00
1.178466076696165210e+00 1.135635104587724875e+00
1.179941002949852491e+00 1.125757265967721077e+00
1.181415929203539772e+00 1.116025532837493506e+00
1.182890855457227053e+00 1.106437524709480202e+00
1.184365781710914334e+00 1.096990905960685714e+00
1.185840707964601837e+00 1.087683384912941253e+00
1.187315634218289118e+00 1.078512712933435536e+00
1.188790560471976399e+00 1.069476683555172558e+00
1.190265486725663679e+00 1.060573131616787235e+00
1.191740412979350960e+00 1.051799932421332961e+00
1.193215339233038463e+00 1.043155000913572161e+00
1.194690265486725744e+00 1.034636290875291964e+00
1.196165191740413025e+00 1.026241794138313290e+00
1.197640117994100306e+00 1.017969539814703506e+00
1.199115044247787587e+00 1.009817593543785419e+00
1.200589970501474868e+00 1.001784056755706365e+00
1.202064896755162149e+00 9.938670659508702654e-01
1.203539823008849652e+00 9.860647919952620910e-01
1.205014749262536933e+00 9.783754394308576963e-01
1.206489675516224214e+00 9.707972458012094075e-01
1.207964601769911495e+00 9.633284809915345637e-01
1.209439528023598776e+00 9.559674465830615420e-01
1.210914454277286056e+00 9.487124752213857981e-01
1.212389380530973337e+00 9.415619299984302470e-01
1.213864306784660840e+00 9.345142038476665913e-01
1.215339233038348121e+00 9.275677189524470512e-01
1.216814159292035402e+00 9.207209261669359046e-01
1.218289085545722683e+00 9.139723044494530990e-01
1.219764011799409964e+00 9.073203603080778334e-01
1.221238938053097467e+00 9.007636272579730985e-01
1.222713864306784748e+00 8.943006652903014997e-01
1.224188790560472029e+00 8.879300603525146496e-01
1.225663716814159310e+00 8.816504238396764004e-01
1.227138643067846591e+00 8.754603920965832176e-01
1.228613569321533872e+00 8.693586259304356689e-01
1.230088495575221152e+00 8.633438101338337667e-01
1.231563421828908655e+00 8.574146530178878844e-01
1.233038348082595936e+00 8.515698859551772415e-01
1.234513274336283217e+00 8.458082629322770662e-01
1.235988200589970498e+00 8.401285601118011481e-01
1.237463126843657779e+00 8.345295754035695346e-01
1.238938053097345060e+00 8.290101280448268772e-01
1.240412979351032341e+00 8.235690581892202156e-01
1.241887905604719844e+00 8.182052265043889827e-01
1.243362831858407125e+00 8.129175137779315330e-01
1.244837758112094406e+00 8.077048205316428309e-01
1.246312684365781687e+00 8.025660666436621460e-01
1.247787610619468968e+00 7.975001909786924026e-01
1.249262536873156249e+00 7.925061510256043995e-01
1.250737463126843529e+00 7.875829225427714020e-01
1.252212389380531032e+00 7.827294992106956784e-01
1.253687315634218313e+00 7.779448922916847309e-01
1.255162241887905594e+00 7.732281302966780290e-01
1.256637168141592875e+00 7.685782586589046117e-01
1.258112094395280156e+00 7.639943394141820443e-01
1.259587020648967659e+00 7.594754508878266419e-01
1.261061946902654940e+00 7.550206873879733438e-01
1.262536873156342221e+00 7.506291589051571345e-01
1.264011799410029502e+00 7.462999908179802633e-01
1.265486725663716783e+00 7.420323236048781412e-01
1.266961651917404064e+00 7.378253125616208719e-01
1.268436578171091345e+00 7.336781275246793133e-01
1.269911504424778848e+00 7.295899526001048407e-01
1.271386430678466128e+00 7.255599858978891703e-01
1.272861356932153409e+00 7.215874392718205632e-01
1.274336283185840690e+00 7.176715380643892139e-01
1.275811209439527971e+00 7.138115208570094961e-01
1.277286135693215474e+00 7.100066392251193070e-01
1.278761061946902533e+00 7.062561574983035051e-01
1.280235988200590036e+00 7.025593525251475624e-01
1.281710914454277317e+00 6.989155134428041150e-01
1.283185840707964598e+00 6.953239414511861449e-01
1.284660766961651879e+00 6.917839495916200399e-01
1.286135693215339160e+00 6.882948625299273315e-01
1.287610619469026663e+00 6.848560163437934500e-01
1.289085545722713722e+00 6.814667583143507734e-01
1.290560471976401224e+00 6.781264467218760528e-01
1.292035398230088505e+00 6.748344506455355996e-01
1.293510324483775786e+00 6.715901497670534459e-01
1.294985250737463067e+00 6.683929341782511857e-01
1.296460176991150348e+00 6.652422041923519158e-01
1.297935103244837851e+00 6.621373701589867711e-01
1.299410029498525132e+00 6.590778522828192321e-01
1.300884955752212413e+00 6.560630804456848431e-01
1.302359882005899694e+00 6.530924940322352379e-01
1.303834808259586975e+00 6.501655417588895203e-01
1.305309734513274256e+00 6.472816815062036877e-01
1.306784660766961537e+00 6.444403801544151822e-01
1.308259587020649040e+00 6.416411134221218227e-01
1.309734513274336321e+00 6.388833657082164663e-01
1.311209439528023601e+00 6.361666299366712796e-01
1.312684365781710882e+00 6.334904074044174216e-01
1.314159292035398163e+00 6.308542076321439485e-01
1.315634218289085666e+00 6.282575482178510695e-01
1.317109144542772725e+00 6.256999546932976441e-01
1.318584070796460228e+00 6.231809603830832378e-01
1.320058997050147509e+00 6.207001062664708746e-01
1.321533923303834790e+00 6.182569408417974977e-01
1.323008849557522071e+00 6.158510199934436047e-01
1.324483775811209352e+00 6.134819068613144299e-01
1.325958702064896855e+00 6.111491717127223167e-01
1.327433628318584136e+00 6.088523918167565441e-01
1.328908554572271417e+00 6.065911513209695238e-01
1.330383480825958697e+00 6.043650411302933234e-01
1.331858407079645978e+00 6.021736587882767777e-01
1.333333333333333259e+00 6.000166083605463774e-01
1.334808259587020540e+00 5.978935003203593723e-01
1.336283185840708043e+00 5.958039514362756250e-01
1.337758112094395324e+00 5.937475846619207909e-01
1.339233038348082605e+00 5.917240290277917536e-01
1.340707964601769886e+00 5.897329195349757525e-01
1.342182890855457167e+00 5.877738970508669114e-01
1.343657817109144670e+00 5.858466082067439462e-01
1.345132743362831729e+00 5.839507052972161549e-01
1.346607669616519232e+00 5.820858461814918394e-01
1.348082595870206513e+00 5.802516941864316324e-01
1.349557522123893794e+00 5.784479180112976904e-01
1.351032448377581074e+00 5.766741916343037788e-01
1.352507374631268355e+00 5.749301942207022398e-01
1.353982300884955858e+00 5.732156100326355475e-01
1.355457227138643139e+00 5.715301283404935484e-01
1.356932153392330420e+00 5.698734433358777496e-01
1.358407079646017701e+00 5.682452540461097046e-01
1.359882005899704982e+00 5.666452642501855763e-01
1.361356932153392263e+00 5.650731823962725775e-01
1.362831858407079544e+00 5.635287215205897482e-01
1.364306784660767047e+00 5.620115991676938316e-01
1.365781710914454328e+00 5.605215373121935629e-01
1.367256637168141609e+00 5.590582622817525937e-01
1.368731563421828890e+00 5.576215046814622101e-01
1.370206489675516170e+00 5.562109993194681579e-01
1.371681415929203673e+00 5.548264851338823300e-01
1.373156342182890732e+00 5.534677051209236920e-01
1.374631268436578235e+00 5.521344062642871142e-01
1.376106194690265516e+00 5.508263394656888190e-01
1.377581120943952797e+00 5.495432594765333745e-01
1.379056047197640078e+00 5.482849248308112600e-01
1.380530973451327359e+00 5.470510977790054019e-01
1.382005899705014862e+00 5.458415442231691062e-01
1.383480825958701921e+00 5.446560336529809865e-01
1.384955752212389424e+00 5.434943390829938270e-01
1.386430678466076705e+00 5.423562369906641534e-01
1.387905604719763986e+00 5.412415072556515661e-01
1.389380530973451267e+00 5.401499330998825732e-01
1.390855457227138547e+00 5.390813010287267559e-01
1.392330383480826050e+00 5.380354007729252208e-01
1.393805309734513331e+00 5.370120252316761267e-01
1.395280235988200612e+00 5.360109704163824595e-01
1.396755162241887893e+00 5.350320353954465258e-01
1.398230088495575174e+00 5.340750222398107372e-01
1.399705014749262455e+00 5.331397359694045601e-01
1.401179941002949736e+00 5.322259845004128076e-01
1.402654867256637239e+00 5.313335785932715716e-01
1.404129793510324520e+00 5.304623318015520006e-01
1.405604719764011801e+00 5.296120604215536209e-01
1.407079646017699082e+00 5.287825834426453930e-01
1.408554572271386363e+00 5.279737224983968025e-01
1.410029498525073866e+00 5.271853018183270123e-01
1.411504424778760924e+00 5.264171481804692521e-01
1.412979351032448427e+00 5.256690908645885729e-01
1.414454277286135708e+00 5.249409616060415340e-01
1.415929203539822989e+00 5.242325945502621654e-01
1.417404129793510270e+00 5.235438262080147620e-01
1.418879056047197551e+00 5.228744954111754772e-01
1.420353982300885054e+00 5.222244432691589555e-01
1.421828908554572335e+00 5.215935131259505919e-01
1.423303834808259616e+00 5.209815505176754735e-01
1.424778761061946897e+00 5.203884031308347868e-01
1.426253687315634178e+00 5.198139207610560364e-01
1.427728613569321459e+00 5.192579552723780578e-01
1.429203539823008740e+00 5.187203605570559484e-01
1.430678466076696242e+00 5.182009924960002678e-01
1.432153392330383523e+00 5.176997089195426449e-01
1.433628318584070804e+00 5.172163695689090401e-01
1.435103244837758085e+00 5.167508360580158611e-01
1.436578171091445366e+00 5.163029718358296272e-01
1.438053097345132869e+00 5.158726421491779401e-01
1.439528023598819928e+00 5.154597140060191984e-01
1.441002949852507431e+00 5.150640561391008898e-01
1.442477876106194712e+00 5.146855389701531225e-01
1.443952802359881993e+00 5.143240345744420905e-01
1.445427728613569274e+00 5.139794166457190006e-01
1.446902654867256555e+00 5.136515604616433972e-01
1.448377581120944058e+00 5.133403428495229015e-01
1.449852507374631339e+00 5.130456421525118049e-01
1.451327433628318619e+00 5.127673381961260768e-01
1.452802359882005900e+00 5.125053122551499474e-01
1.454277286135693181e+00 5.122594470209229645e-01
1.455752212389380462e+00 5.120296265689008308e-01
1.457227138643067743e+00 5.118157363266681026e-01
1.458702064896755246e+00 5.116176630421896965e-01
1.460176991150442527e+00 5.114352947524148929e-01
1.461651917404129808e+00 5.112685207522161823e-01
1.463126843657817089e+00 5.111172315636083319e-01
1.464601769911504370e+00 5.109813189052905269e-01
1.466076696165191873e+00 5.108606756624650691e-01
1.467551622418878932e+00 5.107551958569440664e-01
1.469026548672566435e+00 5.106647746175529967e-01
1.470501474926253715e+00 5.105893081507507647e-01
1.471976401179940996e+00 5.105286937115859347e-01
1.473451327433628277e+00 5.104828295748466971e-01
1.474926253687315558e+00 5.104516150065117053e-01
1.476401179941003061e+00 5.104349502354085244e-01
1.477876106194690120e+00 5.104327364251024512e-01
1.479351032448377623e+00 5.104448756460738812e-01
1.480825958702064904e+00 5.104712708480583228e-01
1.482300884955752185e+00 5.105118258325991309e-01
1.483775811209439466e+00 5.105664452259148778e-01
1.485250737463126747e+00 5.106350344517963658e-01
1.486725663716814250e+00 5.107174997049259701e-01
1.488200589970501531e+00 5.108137479241720014e-01
1.489675516224188812e+00 5.109236867662295678e-01
1.491150442477876092e+00 5.110472245793872270e-01
1.492625368731563373e+00 5.111842703774582830e-01
1.494100294985250654e+00 5.113347338139466736e-01
1.495575221238937935e+00 5.114985251563192170e-01
1.497050147492625438e+00 5.116755552604703716e-01
1.498525073746312719e+00 5.118657355453531954e-01
1.500000000000000000e+00 5.120689779677390918e-01
1.501474926253687281e+00 5.122851949972131447e-01
1.502949852507374562e+00 5.125142995911919908e-01
1.504424778761062065e+00 5.127562051701546331e-01
1.505899705014749124e+00 5.130108255930507788e-01
1.507374631268436627e+00 5.132780751327672419e-01
1.508849557522123908e+00 5.135578684517844161e-01
1.510324483775811188e+00 5.138501205778837067e-01
1.511799410029498469e+00 5.141547468800987675e-01
1.513274336283185750e+00 5.144716630447283556e-01
1.514749262536873253e+00 5.148007850513963701e-01
1.516224188790560312e+00 5.151420291493308268e-01
1.517699115044247815e+00 5.154953118337252116e-01
1.519174041297935096e+00 5.158605498222157415e-01
1.520648967551622377e+00 5.162376600314050323e-01
1.522123893805309880e+00 5.166265595535521893e-01
1.523598820058996939e+00 5.170271656333750299e-01
1.525073746312684442e+00 5.174393956448672949e-01
1.526548672566371723e+00 5.178631670683332411e-01
1.528023598820059004e+00 5.182983974673818217e-01
1.529498525073746285e+00 5.187450044661302551e-01
1.530973451327433565e+00 5.192029057263948255e-01
1.532448377581121068e+00 5.196720189250894073e-01
1.533923303834808127e+00 5.201522617315579300e-01
1.535398230088495630e+00 5.206435517851695227e-01
1.536873156342182911e+00 5.211458066728010818e-01
1.538348082595870192e+00 5.216589439065449918e-01
1.539823008849557473e+00 5.221828809014894546e-01
1.541297935103244754e+00 5.227175349534576299e-01
1.542772861356932257e+00 5.232628232169450611e-01
1.544247787610619316e+00 5.238186626831276005e-01
1.545722713864306819e+00 5.243849701578494615e-01
1.547197640117994100e+00 5.249616622397561549e-01
1.548672566371681381e+00 5.255486552985231263e-01
1.550147492625368884e+00 5.261458654530802859e-01
1.551622418879055942e+00 5.267532085500009620e-01
1.553097345132743445e+00 5.273706001418823064e-01
1.554572271386430726e+00 5.279979554658089658e-01
1.556047197640118007e+00 5.286351894219608605e-01
1.557522123893805288e+00 5.292822165522202971e-01
1.558997050147492569e+00 5.299389510188462493e-01
1.560471976401180072e+00 5.306053065832863069e-01
1.561946902654867131e+00 5.312811965850068319e-01
1.563421828908554634e+00 5.319665339204117105e-01
1.564896755162241915e+00 5.326612310217796464e-01
1.566371681415929196e+00 5.333651998364584701e-01
1.567846607669616477e+00 5.340783518058813684e-01
1.569321533923303758e+00 5.348005978448147069e-01
1.570796460176991260e+00 5.355318483207107683e-01
1.572271386430678319e+00 5.362720130330045354e-01
1.573746312684365822e+00 5.370210011926129789e-01
1.575221238938053103e+00 5.377787214014353445e-01
1.576696165191740384e+00 5.385450816319953260e-01
1.578171091445427665e+00 5.393199892071526280e-01
1.579646017699114946e+00 5.401033507798166378e-01
1.581120943952802449e+00 5.408950723129256621e-01
1.582595870206489508e+00 5.416950590593319070e-01
1.584070796460177011e+00 5.425032155418955115e-01
1.585545722713864292e+00 5.433194455336269879e-01
1.587020648967551573e+00 5.441436520379144826e-01
1.588495575221239076e+00 5.449757372689255641e-01
1.589970501474926134e+00 5.458156026320047927e-01
1.591445427728613637e+00 5.466631487043037696e-01
1.592920353982300918e+00 5.475182752152951693e-01
1.594395280235988199e+00 5.483808810277506218e-01
1.595870206489675480e+00 5.492508641184885576e-01
1.597345132743362761e+00 5.501281215594241436e-01
1.598820058997050264e+00 5.510125494987166972e-01
1.600294985250737323e+00 5.519040431420101367e-01
1.601769911504424826e+00 5.528024967338216467e-01
1.603244837758112107e+00 5.537078035390438080e-01
1.604719764011799388e+00 5.546198558246466792e-01
1.606194690265486669e+00 5.555385448413973082e-01
1.607669616519173950e+00 5.564637608058760065e-01
1.609144542772861453e+00 5.573953928825388093e-01
1.610619469026548511e+00 5.583333291659324793e-01
1.612094395280236014e+00 5.592774566631592004e-01
1.613569321533923295e+00 5.602276612763648078e-01
1.615044247787610576e+00 5.611838277855606405e-01
1.616519174041298079e+00 5.621458398315077876e-01
1.617994100294985138e+00 5.631135798987557672e-01
1.619469026548672641e+00 5.640869292989598716e-01
1.620943952802359922e+00 5.650657681543762578e-01
1.622418879056047203e+00 5.660499753814501878e-01
1.623893805309734484e+00 5.670394286747233448e-01
1.625368731563421765e+00 5.680340044909172326e-01
1.626843657817109268e+00 5.690335780331375881e-01
1.628318584070796327e+00 5.700380232354935739e-01
1.629793510324483830e+00 5.710472127477177473e-01
1.631268436578171110e+00 5.720610179201770507e-01
1.632743362831858391e+00 5.730793087890758697e-01
1.634218289085545672e+00 5.741019540619013428e-01
1.635693215339232953e+00 5.751288211030274322e-01
1.637168141592920456e+00 5.761597759198598956e-01
1.638643067846607515e+00 5.771946831488868890e-01
1.640117994100295018e+00 5.782334060422332778e-01
1.641592920353982299e+00 5.792758064544368812e-01
1.643067846607669580e+00 5.803217448295394654e-01
1.644542772861357083e+00 5.813710801884302004e-01
1.646017699115044142e+00 5.824236701164762220e-01
1.647492625368731645e+00 5.834793707515496530e-01
1.648967551622418926e+00 5.845380367722881054e-01
1.650442477876106206e+00 5.855995213867308813e-01
1.651917404129793487e+00 5.866636763213148864e-01
1.653392330383480768e+00 5.877303518100919222e-01
1.654867256637168271e+00 5.887993965844603439e-01
1.656342182890855330e+00 5.898706578631844888e-01
1.657817109144542833e+00 5.909439813426811128e-01
1.659292035398230114e+00 5.920192111879506447e-01
1.660766961651917395e+00 5.930961900235725004e-01
1.662241887905604676e+00 5.941747589253114636e-01
1.663716814159291957e+00 5.952547574121267449e-01
1.665191740412979460e+00 5.963360234384722514e-01
1.666666666666666519e+00 5.974183933870774732e-01
1.668141592920354022e+00 5.985017020622531714e-01
1.669616519174041303e+00 5.995857826834598558e-01
1.671091445427728583e+00 6.006704668795207480e-01
1.672566371681415864e+00 6.017555846831166289e-01
1.674041297935103145e+00 6.028409645259275029e-01
1.675516224188790648e+00 6.039264332340745778e-01
1.676991150442477707e+00 6.050118160241764187e-01
1.678466076696165210e+00 6.060969364999719833e-01
1.679941002949852491e+00 6.071816166491939004e-01
1.681415929203539772e+00 6.082656768412093573e-01
1.682890855457227275e+00 6.093489358251256149e-01
1.684365781710914334e+00 6.104312107283569322e-01
1.685840707964601837e+00 6.115123170558840471e-01
1.687315634218289118e+00 6.125920686899241074e-01
1.688790560471976399e+00 6.136702778902788369e-01
1.690265486725663679e+00 6.147467552951930703e-01
1.691740412979350960e+00 6.158213099228858622e-01
1.693215339233038463e+00 6.168937491736627976e-01
1.694690265486725522e+00 6.179638788324777199e-01
1.696165191740413025e+00 6.190315030725017653e-01
1.697640117994100306e+00 6.200964244587756635e-01
1.699115044247787587e+00 6.211584439531014912e-01
1.700589970501474868e+00 6.222173609191335997e-01
1.702064896755162149e+00 6.232729731283460639e-01
1.703539823008849652e+00 6.243250767666443934e-01
1.705014749262536711e+00 6.253734664415897537e-01
1.706489675516224214e+00 6.264179351905014848e-01
1.707964601769911495e+00 6.274582744890196961e-01
1.709439528023598776e+00 6.284942742605719168e-01
1.710914454277286278e+00 6.295257228864922228e-01
1.712389380530973337e+00 6.305524072168693372e-01
1.713864306784660840e+00 6.315741125822421642e-01
1.715339233038348121e+00 6.325906228058362224e-01
1.716814159292035402e+00 6.336017202168247042e-01
1.718289085545722683e+00 6.346071856641594122e-01
1.719764011799409964e+00 6.356067985313397228e-01
1.721238938053097467e+00 6.366003367519096345e-01
1.722713864306784526e+00 6.375875768256157317e-01
1.724188790560472029e+00 6.385682938357843952e-01
1.725663716814159310e+00 6.395422614670552841e-01
1.727138643067846591e+00 6.405092520242491316e-01
1.728613569321533872e+00 6.414690364519772814e-01
1.730088495575221152e+00 6.424213843550694580e-01
1.731563421828908655e+00 6.433660640200257186e-01
1.733038348082595714e+00 6.443028424370561558e-01
1.734513274336283217e+00 6.452314853233122038e-01
1.735988200589970498e+00 6.461517571467642052e-01
1.737463126843657779e+00 6.470634211510088996e-01
1.738938053097345282e+00 6.479662393812436472e-01
1.740412979351032341e+00 6.488599727107092763e-01
1.741887905604719844e+00 6.497443808683188715e-01
1.743362831858407125e+00 6.506192224672896485e-01
1.744837758112094406e+00 6.514842550344646099e-01
1.746312684365781687e+00 6.523392350407306584e-01
1.747787610619468968e+00 6.531839179323092326e-01
1.749262536873156471e+00 6.540180581630473666e-01
1.750737463126843529e+00 6.548414092276844123e-01
1.752212389380531032e+00 6.556537236959002479e-01
1.753687315634218313e+00 6.564547532476504577e-01
1.755162241887905594e+00 6.572442487090929264e-01
1.756637168141592875e+00 6.580219600898346011e-01
1.758112094395280156e+00 6.587876366208974543e-01
1.759587020648967659e+00 6.595410267938451865e-01
1.761061946902654718e+00 6.602818784007803421e-01
1.762536873156342221e+00 6.610099385754515389e-01
1.764011799410029502e+00 6.617249538351001048e-01
1.765486725663716783e+00 6.624266701236696253e-01
1.766961651917404064e+00 6.631148328557248117e-01
1.768436578171091345e+00 6.637891869614649387e-01
1.769911504424778848e+00 6.644494769327310424e-01
1.771386430678465906e+00 6.650954468700985833e-01
1.772861356932153409e+00 6.657268405306741021e-01
1.774336283185840690e+00 6.663434013773605891e-01
1.775811209439527971e+00 6.669448726286253404e-01
1.777286135693215474e+00 6.675309973097218741e-01
1.778761061946902533e+00 6.681015183044387573e-01
1.780235988200590036e+00 6.686561784083623339e-01
1.781710914454277317e+00 6.691947203825387991e-01
1.783185840707964598e+00 6.697168870087618631e-01
1.784660766961651879e+00 6.702224211452859626e-01
1.786135693215339160e+00 6.707110657837909162e-01
1.787610619469026663e+00 6.711825641073527748e-01
1.789085545722713722e+00 6.716366595492662128e-01
1.790560471976401224e+00 6.720730958528549071e-01
1.792035398230088505e+00 6.724916171322233849e-01
1.793510324483775786e+00 6.728919679340721327e-01
1.794985250737463067e+00 6.732738933002606618e-01
1.796460176991150348e+00 6.736371388314773556e-01
1.797935103244837851e+00 6.739814507517172260e-01
1.799410029498524910e+00 6.743065759736461828e-01
1.800884955752212413e+00 6.746122621651264861e-01
1.802359882005899694e+00 6.748982578161787371e-01
1.803834808259586975e+00 6.751643123072398334e-01
1.805309734513274478e+00 6.754101759781080405e-01
1.806784660766961537e+00 6.756356001976816517e-01
1.808259587020649040e+00 6.758403374346375614e-01
1.809734513274336321e+00 6.760241413289488355e-01
1.811209439528023601e+00 6.761867667641304758e-01
1.812684365781710882e+00 6.763279699402873213e-01
1.814159292035398163e+00 6.764475084479610878e-01
1.815634218289085666e+00 6.765451413427896465e-01
1.817109144542772725e+00 6.766206292207672668e-01
1.818584070796460228e+00 6.766737342943979217e-01
1.820058997050147509e+00 6.767042204694012630e-01
1.821533923303834790e+00 6.767118534221528980e-01
1.823008849557522071e+00 6.766964006777991258e-01
1.824483775811209352e+00 6.766576316890277054e-01
1.825958702064896855e+00 6.765953179153747499e-01
1.827433628318583914e+00 6.765092329031766605e-01
1.828908554572271417e+00 6.763991523662019612e-01
1.830383480825958697e+00 6.762648542664456697e-01
1.831858407079645978e+00 6.761061188959764934e-01
1.833333333333333481e+00 6.759227289588113363e-01
1.834808259587020540e+00 6.757144696535558603e-01
1.836283185840708043e+00 6.754811287562592081e-01
1.837758112094395324e+00 6.752224967038948922e-01
1.839233038348082605e+00 6.749383666779317226e-01
1.840707964601769886e+00 6.746285346885910750e-01
1.842182890855457167e+00 6.742927996592005258e-01
1.843657817109144670e+00 6.739309635107426644e-01
1.845132743362831729e+00 6.735428312469731171e-01
1.846607669616519232e+00 6.731282110394454232e-01
1.848082595870206513e+00 6.726869143129206030e-01
1.849557522123893794e+00 6.722187558307023414e-01
1.851032448377581074e+00 6.717235537805081869e-01
1.852507374631268355e+00 6.712011298597576614e-01
1.853982300884955858e+00 6.706513093616311982e-01
1.855457227138642917e+00 6.700739212605516526e-01
1.856932153392330420e+00 6.694687982979621310e-01
1.858407079646017701e+00 6.688357770678609038e-01
1.859882005899704982e+00 6.681746981022455012e-01
1.861356932153392263e+00 6.674854059566646125e-01
1.862831858407079544e+00 6.667677492950053741e-01
1.864306784660767047e+00 6.660215809745999582e-01
1.865781710914454106e+00 6.652467581308437738e-01
1.867256637168141609e+00 6.644431422613262805e-01
1.868731563421828890e+00 6.636105993098416755e-01
1.870206489675516170e+00 6.627489997499336205e-01
1.871681415929203673e+00 6.618582186678206858e-01
1.873156342182890732e+00 6.609381358451045241e-01
1.874631268436578235e+00 6.599886358405547826e-01
1.876106194690265516e+00 6.590096080717063876e-01
1.877581120943952797e+00 6.580009468955329011e-01
1.879056047197640078e+00 6.569625516885566618e-01
1.880530973451327359e+00 6.558943269261684472e-01
1.882005899705014862e+00 6.547961822611502170e-01
1.883480825958701921e+00 6.536680326015860132e-01
1.884955752212389424e+00 6.525097981874639075e-01
1.886430678466076705e+00 6.513214046667464840e-01
1.887905604719763986e+00 6.501027831703095616e-01
1.889380530973451267e+00 6.488538703858347523e-01
1.890855457227138547e+00 6.475746086306157778e-01
1.892330383480826050e+00 6.462649459234252047e-01
1.893805309734513109e+00 6.449248360547977788e-01
1.895280235988200612e+00 6.435542386565100692e-01
1.896755162241887893e+00 6.421531192696110502e-01
1.898230088495575174e+00 6.407214494110469172e-01
1.899705014749262677e+00 6.392592066390656580e-01
1.901179941002949736e+00 6.377663746169506265e-01
1.902654867256637239e+00 6.362429431755949327e-01
1.904129793510324520e+00 6.346889083742333071e-01
1.905604719764011801e+00 6.331042725598977627e-01
1.907079646017699082e+00 6.314890444248337786e-01
1.908554572271386363e+00 6.298432390626536037e-01
1.910029498525073866e+00 6.281668780225118098e-01
1.911504424778760924e+00 6.264599893615466764e-01
1.912979351032448427e+00 6.247226076954061069e-01
1.914454277286135708e+00 6.229547742471329697e-01
1.915929203539822989e+00 6.211565368938235521e-01
1.917404129793510270e+00 6.193279502114155122e-01
1.918879056047197551e+00 6.174690755175900048e-01
1.920353982300885054e+00 6.155799809123487787e-01
1.921828908554572113e+00 6.136607413165995339e-01
1.923303834808259616e+00 6.117114385085143935e-01
1.924778761061946897e+00 6.097321611577398714e-01
1.926253687315634178e+00 6.077230048573403209e-01
1.927728613569321681e+00 6.056840721531716598e-01
1.929203539823008740e+00 6.036154725713276381e-01
1.930678466076696242e+00 6.015173226428904840e-01
1.932153392330383523e+00 5.993897459262415017e-01
1.933628318584070804e+00 5.972328730269996777e-01
1.935103244837758085e+00 5.950468416153732454e-01
1.936578171091445366e+00 5.928317964410168006e-01
1.938053097345132869e+00 5.905878893450356992e-01
1.939528023598819928e+00 5.883152792697300404e-01
1.941002949852507431e+00 5.860141322653107387e-01
1.942477876106194712e+00 5.836846214940558664e-01
1.943952802359881993e+00 5.813269272316671232e-01
1.945427728613569274e+00 5.789412368659245800e-01
1.946902654867256555e+00 5.765277448923620263e-01
1.948377581120944058e+00 5.740866529072177205e-01
1.949852507374631116e+00 5.716181695974166255e-01
1.951327433628318619e+00 5.691225107276767226e-01
1.952802359882005900e+00 5.665998991248013539e-01
1.954277286135693181e+00 5.640505646585975974e-01
1.955752212389380462e+00 5.614747442203913419e-01
1.957227138643067743e+00 5.588726816979593393e-01
1.958702064896755246e+00 5.562446279478625577e-01
1.960176991150442305e+00 5.535908407644136719e-01
1.961651917404129808e+00 5.509115848457736275e-01
1.963126843657817089e+00 5.482071317568388835e-01
1.964601769911504370e+00 5.454777598891095147e-01
1.966076696165191873e+00 5.427237544173015849e-01
1.967551622418878932e+00 5.399454072529724646e-01
1.969026548672566435e+00 5.371430169949868993e-01
1.970501474926253715e+00 5.343168888766732794e-01
1.971976401179940996e+00 5.314673347101126488e-01
1.973451327433628277e+00 5.285946728269268480e-01
1.974926253687315558e+00 5.256992280161767450e-01
1.976401179941003061e+00 5.227813314590272764e-01
1.977876106194690120e+00 5.198413206602006120e-01
1.979351032448377623e+00 5.168795393762736223e-01
1.980825958702064904e+00 5.138963375408659440e-01
1.982300884955752185e+00 5.108920711867458442e-01
1.983775811209439466e+00 5.078671023646327276e-01
1.985250737463126747e+00 5.048217990590464499e-01
1.986725663716814250e+00 5.017565351010289110e-01
1.988200589970501309e+00 4.986716900776264616e-01
1.989675516224188812e+00 4.955676492385587273e-01
1.991150442477876092e+00 4.924448033995457719e-01
1.992625368731563373e+00 4.893035488429058333e-01
1.994100294985250876e+00 4.861442872149497330e-01
1.995575221238937935e+00 4.829674254204304185e-01
1.997050147492625438e+00 4.797733755141218026e-01
1.998525073746312719e+00 4.765625545894968118e-01
2.000000000000000000e+00 4.733353846643654772e-01
2.001474926253687059e+00 4.700922925639394179e-01
2.002949852507374562e+00 4.668337098007998009e-01
2.004424778761062065e+00 4.635600724523867844e-01
2.005899705014749124e+00 4.602718210355448147e-01
2.007374631268436627e+00 4.569694003785480518e-01
2.008849557522124130e+00 4.536532594904572058e-01
2.010324483775811188e+00 4.503238514278039561e-01
2.011799410029498247e+00 4.469816331589567815e-01
2.013274336283185750e+00 4.436270654258304691e-01
2.014749262536873253e+00 4.402606126033035694e-01
2.016224188790560312e+00 4.368827425561926936e-01
2.017699115044247815e+00 4.334939264940606551e-01
2.019174041297935318e+00 4.300946388236353002e-01
2.020648967551622377e+00 4.266853569992053452e-01
2.022123893805309436e+00 4.232665613707984886e-01
2.023598820058996939e+00 4.198387350305157750e-01
2.025073746312684442e+00 4.164023636566434039e-01
2.026548672566371501e+00 4.129579353561015354e-01
2.028023598820059004e+00 4.095059405050038848e-01
2.029498525073746507e+00 4.060468715874283041e-01
2.030973451327433565e+00 4.025812230327199259e-01
2.032448377581120624e+00 3.991094910509068172e-01
2.033923303834808571e+00 3.956321734669586143e-01
2.035398230088495630e+00 3.921497695533611716e-01
2.036873156342182689e+00 3.886627798616153484e-01
2.038348082595870192e+00 3.851717060522913960e-01
2.039823008849557695e+00 3.816770507239722332e-01
2.041297935103244754e+00 3.781793172412755144e-01
2.042772861356931813e+00 3.746790095617684169e-01
2.044247787610619760e+00 3.711766320620365489e-01
2.045722713864306819e+00 3.676726893629860271e-01
2.047197640117993878e+00 3.641676861545046773e-01
2.048672566371681381e+00 3.606621270194695916e-01
2.050147492625368884e+00 3.571565162571729291e-01
2.051622418879055942e+00 3.536513577066536795e-01
2.053097345132743445e+00 3.501471545694092025e-01
2.054572271386430948e+00 3.466444092320520309e-01
2.056047197640118007e+00 3.431436230889280958e-01
2.057522123893805066e+00 3.396452963646455214e-01
2.058997050147492569e+00 3.361499279367262671e-01
2.060471976401180072e+00 3.326580151585296630e-01
2.061946902654867131e+00 3.291700536824935241e-01
2.063421828908554634e+00 3.256865372836708072e-01
2.064896755162242137e+00 3.222079576839964044e-01
2.066371681415929196e+00 3.187348043769546724e-01
2.067846607669616255e+00 3.152675644531934274e-01
2.069321533923303758e+00 3.118067224268541993e-01
2.070796460176991260e+00 3.083527600628638288e-01
2.072271386430678319e+00 3.049061562053140828e-01
2.073746312684365822e+00 3.014673866069224051e-01
2.075221238938053325e+00 2.980369237598607390e-01
2.076696165191740384e+00 2.946152367278450090e-01
2.078171091445427443e+00 2.912027909797157421e-01
2.079646017699114946e+00 2.878000482246091951e-01
2.081120943952802449e+00 2.844074662487832139e-01
2.082595870206489508e+00 2.810254987542593064e-01
2.084070796460177011e+00 2.776545951992175909e-01
2.085545722713864514e+00 2.742952006404646426e-01
2.087020648967551573e+00 2.709477555779872260e-01
2.088495575221238632e+00 2.676126958015925816e-01
2.089970501474926134e+00 2.642904522398550338e-01
2.091445427728613637e+00 2.609814508114192688e-01
2.092920353982300696e+00 2.576861122787729719e-01
2.094395280235988199e+00 2.544048521045131350e-01
2.095870206489675702e+00 2.511380803103246961e-01
2.097345132743362761e+00 2.478862013385942364e-01
2.098820058997049820e+00 2.446496139169278550e-01
2.100294985250737767e+00 2.414287109255024988e-01
2.101769911504424826e+00 2.382238792674018502e-01
2.103244837758111885e+00 2.350354997420677217e-01
2.104719764011799388e+00 2.318639469218486127e-01
2.106194690265486891e+00 2.287095890317531188e-01
2.107669616519173950e+00 2.255727878325414493e-01
2.109144542772861453e+00 2.224538985072413433e-01
2.110619469026548956e+00 2.193532695508960961e-01
2.112094395280236014e+00 2.162712426640863161e-01
2.113569321533923073e+00 2.132081526498430801e-01
2.115044247787610576e+00 2.101643273142641266e-01
2.116519174041298079e+00 2.071400873708449109e-01
2.117994100294985138e+00 2.041357463485100887e-01
2.119469026548672641e+00 2.011516105035217883e-01
2.120943952802360144e+00 1.981879787351825406e-01
2.122418879056047203e+00 1.952451425055531098e-01
2.123893805309734262e+00 1.923233857630246013e-01
2.125368731563421765e+00 1.894229848699551244e-01
2.126843657817109268e+00 1.865442085343477219e-01
2.128318584070796327e+00 1.836873177456144757e-01
2.129793510324483830e+00 1.808525657144151866e-01
2.131268436578171332e+00 1.780401978167246990e-01
2.132743362831858391e+00 1.752504515420015840e-01
2.134218289085545450e+00 1.724835564456352610e-01
2.135693215339232953e+00 1.697397341055253694e-01
2.137168141592920456e+00 1.670191980830064982e-01
2.138643067846607515e+00 1.643221538879805488e-01
2.140117994100295018e+00 1.616487989482979504e-01
2.141592920353982521e+00 1.589993225834905044e-01
2.143067846607669580e+00 1.563739059827237710e-01
2.144542772861356639e+00 1.537727221870754668e-01
2.146017699115044142e+00 1.511959360761157556e-01
2.147492625368731645e+00 1.486437043586890383e-01
2.148967551622418704e+00 1.461161755681302521e-01
2.150442477876106206e+00 1.436134900615253784e-01
2.151917404129793709e+00 1.411357800234762927e-01
2.153392330383480768e+00 1.386831694738761001e-01
2.154867256637167827e+00 1.362557742800301341e-01
2.156342182890855330e+00 1.338537021729064858e-01
2.157817109144542833e+00 1.314770527675939715e-01
2.159292035398229892e+00 1.291259175878587961e-01
2.160766961651917395e+00 1.268003800947726800e-01
2.162241887905604898e+00 1.245005157194536971e-01
2.163716814159291957e+00 1.222263918998215820e-01
2.165191740412979016e+00 1.199780681212845035e-01
2.166666666666666963e+00 1.177555959613758169e-01
2.168141592920354022e+00 1.155590191383176757e-01
2.169616519174041080e+00 1.133883735633468559e-01
2.171091445427728583e+00 1.112436873968571521e-01
2.172566371681416086e+00 1.091249811082423415e-01
2.174041297935103145e+00 1.070322675393872158e-01
2.175516224188790648e+00 1.049655519717963142e-01
2.176991150442478151e+00 1.029248321971592550e-01
2.178466076696165210e+00 1.009100985914961751e-01
2.179941002949852269e+00 9.892133419257444216e-02
2.181415929203539772e+00 9.695851478073036489e-02
2.182890855457227275e+00 9.502160896284542191e-02
2.184365781710914334e+00 9.311057825958252154e-02
2.185840707964601837e+00 9.122537719560357139e-02
2.187315634218289340e+00 8.936595339285605122e-02
2.188790560471976399e+00 8.753224766673832480e-02
2.190265486725663457e+00 8.572419412510146053e-02
2.191740412979350960e+00 8.394172027001473024e-02
2.193215339233038463e+00 8.218474710211527701e-02
2.194690265486725522e+00 8.045318922761086899e-02
2.196165191740413025e+00 7.874695496767110392e-02
2.197640117994100528e+00 7.706594647022523004e-02
2.199115044247787587e+00 7.541005982402076979e-02
2.200589970501474646e+00 7.377918517489008565e-02
2.202064896755162149e+00 7.217320684405799380e-02
2.203539823008849652e+00 7.059200344846797148e-02
2.205014749262536711e+00 6.903544802294679650e-02
2.206489675516224214e+00 6.750340814421051938e-02
2.207964601769911717e+00 6.599574605647604009e-02
2.209439528023598776e+00 6.451231879872433572e-02
2.210914454277285834e+00 6.305297833336602487e-02
2.212389380530973337e+00 6.161757167633227783e-02
2.213864306784660840e+00 6.020594102839942757e-02
2.215339233038347899e+00 5.881792390769113171e-02
2.216814159292035402e+00 5.745335328323233903e-02
2.218289085545722905e+00 5.611205770945709020e-02
2.219764011799409964e+00 5.479386146156570159e-02
2.221238938053097023e+00 5.349858467163142589e-02
2.222713864306784970e+00 5.222604346534825970e-02
2.224188790560472029e+00 5.097605009932500153e-02
2.225663716814159088e+00 4.974841309878752504e-02
2.227138643067846591e+00 4.854293739565845173e-02
2.228613569321534094e+00 4.735942446682962770e-02
2.230088495575221152e+00 4.619767247260420789e-02
2.231563421828908211e+00 4.505747639513052460e-02
2.233038348082596158e+00 4.393862817680833227e-02
2.234513274336283217e+00 4.284091685850493353e-02
2.235988200589970276e+00 4.176412871751955525e-02
2.237463126843657779e+00 4.070804740519766429e-02
2.238938053097345282e+00 3.967245408407706758e-02
2.240412979351032341e+00 3.865712756451071541e-02
2.241887905604719844e+00 3.766184444066002224e-02
2.243362831858407347e+00 3.668637922572694221e-02
2.244837758112094406e+00 3.573050448642095533e-02
2.246312684365781465e+00 3.479399097649859413e-02
2.247787610619468968e+00 3.387660776933387741e-02
2.249262536873156471e+00 3.297812238941415230e-02
2.250737463126843529e+00 3.209830094270468143e-02
2.252212389380531032e+00 3.123690824577647282e-02
2.253687315634218535e+00 3.039370795362613190e-02
2.255162241887905594e+00 2.956846268615938647e-02
2.256637168141592653e+00 2.876093415316869489e-02
2.258112094395280156e+00 2.797088327783834455e-02
2.259587020648967659e+00 2.719807031864844571e-02
2.261061946902654718e+00 2.644225498961939522e-02
2.262536873156342221e+00 2.570319657885426767e-02
2.264011799410029724e+00 2.498065406530021806e-02
2.265486725663716783e+00 2.427438623366537720e-02
2.266961651917403842e+00 2.358415178747174865e-02
2.268436578171091345e+00 2.290970946012334600e-02
2.269911504424778848e+00 2.225081812402269002e-02
2.271386430678465906e+00 2.160723689761383584e-02
2.272861356932153409e+00 2.097872525033790334e-02
2.274336283185840912e+00 2.036504310547194996e-02
2.275811209439527971e+00 1.976595094077566658e-02
2.277286135693215030e+00 1.918120988693150161e-02
2.278761061946902533e+00 1.861058182373828002e-02
2.280235988200590036e+00 1.805382947401653129e-02
2.281710914454277095e+00 1.751071649521072221e-02
2.283185840707964598e+00 1.698100756863556160e-02
2.284660766961652101e+00 1.646446848637750718e-02
2.286135693215339160e+00 1.596086623577862296e-02
2.287610619469026219e+00 1.546996908154060421e-02
2.289085545722714166e+00 1.499154664537820023e-02
2.290560471976401224e+00 1.452536998324433469e-02
2.292035398230088283e+00 1.407121166008863840e-02
2.293510324483775786e+00 1.362884582215283767e-02
2.294985250737463289e+00 1.319804826680216238e-02
2.296460176991150348e+00 1.277859650986029431e-02
2.297935103244837851e+00 1.237026985046816782e-02
2.299410029498525354e+00 1.197284943346671980e-02
2.300884955752212413e+00 1.158611830928359294e-02
2.302359882005899472e+00 1.120986149135062317e-02
2.303834808259586975e+00 1.084386601104130390e-02
2.305309734513274478e+00 1.048792097015377803e-02
2.306784660766961537e+00 1.014181759092666439e-02
2.308259587020649040e+00 9.805349263622512371e-03
2.309734513274336543e+00 9.478311591677286707e-03
2.311209439528023601e+00 9.160502434442418726e-03
2.312684365781710660e+00 8.851721947529473181e-03
2.314159292035398163e+00 8.551772620784912210e-03
2.315634218289085666e+00 8.260459313912591611e-03
2.317109144542772725e+00 7.977589289768520150e-03
2.318584070796460228e+00 7.702972245351095114e-03
2.320058997050147731e+00 7.436420340522151284e-03
2.321533923303834790e+00 7.177748224474387283e-03
2.323008849557521849e+00 6.926773059987476576e-03
2.324483775811209352e+00 6.683314545497339235e-03
2.325958702064896855e+00 6.447194935014209129e-03
2.327433628318583914e+00 6.218239055921292308e-03
2.328908554572271417e+00 5.996274324697302253e-03
2.330383480825958920e+00 5.781130760583015615e-03
2.331858407079645978e+00 5.572640997254960267e-03
2.333333333333333037e+00 5.370640292516532140e-03
2.334808259587020540e+00 5.174966536072198378e-03
2.336283185840708043e+00 4.985460255405103902e-03
2.337758112094395102e+00 4.801964619817177329e-03
2.339233038348082605e+00 4.624325442660153634e-03
2.340707964601770108e+00 4.452391181811100017e-03
2.342182890855457167e+00 4.286012938427310320e-03
2.343657817109144226e+00 4.125044454034770304e-03
2.345132743362831729e+00 3.969342105988930142e-03
2.346607669616519232e+00 3.818764901353208750e-03
2.348082595870206291e+00 3.673174469247413466e-03
2.349557522123893794e+00 3.532435051702003358e-03
2.351032448377581296e+00 3.396413493077553650e-03
2.352507374631268355e+00 3.264979228085640537e-03
2.353982300884955414e+00 3.138004268463774442e-03
2.355457227138643361e+00 3.015363188350491525e-03
2.356932153392330420e+00 2.896933108408038162e-03
2.358407079646017479e+00 2.782593678737497501e-03
2.359882005899704982e+00 2.672227060639686524e-03
2.361356932153392485e+00 2.565717907259863501e-03
2.362831858407079544e+00 2.462953343174524318e-03
2.364306784660767047e+00 2.363822942954107824e-03
2.365781710914454550e+00 2.268218708761977724e-03
2.367256637168141609e+00 2.176035047022424358e-03
2.368731563421828668e+00 2.087168744215080977e-03
2.370206489675516170e+00 2.001518941833372450e-03
2.371681415929203673e+00 1.918987110556549412e-03
2.373156342182890732e+00 1.839477023677629254e-03
2.374631268436578235e+00 1.762894729831381620e-03
2.376106194690265738e+00 1.689148525068358058e-03
2.377581120943952797e+00 1.618148924314033324e-03
2.379056047197639856e+00 1.549808632259661468e-03
2.380530973451327359e+00 1.484042513721783299e-03
2.382005899705014862e+00 1.420767563516300977e-03
2.383480825958701921e+00 1.359902875883936199e-03
2.384955752212389424e+00 1.301369613507415797e-03
2.386430678466076927e+00 1.245090976160003219e-03
2.387905604719763986e+00 1.190992169023085768e-03
2.389380530973451044e+00 1.139000370708552652e-03
2.390855457227138547e+00 1.089044701024920138e-03
2.392330383480826050e+00 1.041056188520080679e-03
2.393805309734513109e+00 9.949677378370532042e-04
2.395280235988200612e+00 9.507140969156659951e-04
2.396755162241888115e+00 9.082318240731087006e-04
2.398230088495575174e+00 8.674592549959421169e-04
2.399705014749262233e+00 8.283364696728479689e-04
2.401179941002949736e+00 7.908052593006901880e-04
2.402654867256637239e+00 7.548090931902326061e-04
2.404129793510324298e+00 7.202930857026363905e-04
2.405604719764011801e+00 6.872039632412320570e-04
2.407079646017699304e+00 6.554900313263657642e-04
2.408554572271386363e+00 6.251011417791700869e-04
2.410029498525073421e+00 5.959886600366284207e-04
2.411504424778761368e+00 5.681054326231823508e-04
2.412979351032448427e+00 5.414057548009119968e-04
2.414454277286135486e+00 5.158453384191968730e-04
2.415929203539822989e+00 4.913812799850285871e-04
2.417404129793510492e+00 4.679720289737304630e-04
2.418879056047197551e+00 4.455773563979100512e-04
2.420353982300884610e+00 4.241583236538367502e-04
2.421828908554572557e+00 4.036772516607143126e-04
2.423303834808259616e+00 3.840976903099798789e-04
2.424778761061946675e+00 3.653843882385824065e-04
2.426253687315634178e+00 3.475032629418168487e-04
2.427728613569321681e+00 3.304213712377735541e-04
2.429203539823008740e+00 3.141068800966195828e-04
2.430678466076696242e+00 2.985290378461742883e-04
2.432153392330383745e+00 2.836581457646308890e-04
2.433628318584070804e+00 2.694655300704015084e-04
2.435103244837757863e+00 2.559235143182180287e-04
2.436578171091445366e+00 2.430053922103409144e-04
2.438053097345132869e+00 2.306854008302033161e-04
2.439528023598819928e+00 2.189386943051555880e-04
2.441002949852507431e+00 2.077413179057090837e-04
2.442477876106194934e+00 1.970701825852464915e-04
2.443952802359881993e+00 1.869030399664305380e-04
2.445427728613569052e+00 1.772184577776192611e-04
2.446902654867256555e+00 1.679957957432005465e-04
2.448377581120944058e+00 1.592151819308016271e-04
2.449852507374631116e+00 1.508574895574677616e-04
2.451327433628318619e+00 1.429043142566803156e-04
2.452802359882006122e+00 1.353379518074842235e-04
2.454277286135693181e+00 1.281413763260859807e-04
2.455752212389380240e+00 1.212982189203136430e-04
2.457227138643067743e+00 1.147927468063324267e-04
2.458702064896755246e+00 1.086098428867363628e-04
2.460176991150442305e+00 1.027349857889358150e-04
2.461651917404129808e+00 9.715423036165963719e-05
2.463126843657817311e+00 9.185418862768875050e-05
2.464601769911504370e+00 8.682201119002292409e-05
2.466076696165191429e+00 8.204536908850443375e-05
2.467551622418878932e+00 7.751243610374529186e-05
2.469026548672566435e+00 7.321187150430214288e-05
2.470501474926253493e+00 6.913280323338451066e-05
2.471976401179940996e+00 6.526481153061326193e-05
2.473451327433628499e+00 6.159791298422455765e-05
2.474926253687315558e+00 5.812254500885794635e-05
2.476401179941002617e+00 5.482955074377199165e-05
2.477876106194690564e+00 5.171016436609831229e-05
2.479351032448377623e+00 4.875599681354800805e-05
2.480825958702064682e+00 4.595902191074589381e-05
2.482300884955752185e+00 4.331156289329835766e-05
2.483775811209439688e+00 4.080627932328490860e-05
2.485250737463126747e+00 3.843615439006623847e-05
2.486725663716814250e+00 3.619448258973508644e-05
2.488200589970501753e+00 3.407485777685563435e-05
2.489675516224188812e+00 3.207116158167560275e-05
2.491150442477875870e+00 3.017755218605338818e-05
2.492625368731563373e+00 2.838845345129277693e-05
2.494100294985250876e+00 2.669854439090275981e-05
2.495575221238937935e+00 2.510274898127898632e-05
2.497050147492625438e+00 2.359622630334112361e-05
2.498525073746312941e+00 2.217436100796505973e-05
2.500000000000000000e+00 2.083275409818133617e-05
2.501474926253687059e+00 1.956721402098133433e-05
2.502949852507374562e+00 1.837374806164924452e-05
2.504424778761062065e+00 1.724855403348033621e-05
2.505899705014749124e+00 1.618801225581495236e-05
2.507374631268436627e+00 1.518867781329551946e-05
2.508849557522124130e+00 1.424727308932332693e-05
2.510324483775811188e+00 1.336068056670157860e-05
2.511799410029498247e+00 1.252593588851269502e-05
2.513274336283185750e+00 1.174022117232896556e-05
2.514749262536873253e+00 1.100085857092478067e-05
2.516224188790560312e+00 1.030530407269767540e-05
2.517699115044247815e+00 9.651141535116347829e-06
2.519174041297935318e+00 9.036076944558759668e-06
2.520648967551622377e+00 8.457932895992374854e-06
2.522123893805309436e+00 7.914643286066729361e-06
2.523598820058996939e+00 7.404248213225031733e-06
2.525073746312684442e+00 6.924889078581880244e-06
2.526548672566371501e+00 6.474803881404501675e-06
2.528023598820059004e+00 6.052322703102856414e-06
2.529498525073746507e+00 5.655863373807376919e-06
2.530973451327433565e+00 5.283927315632665440e-06
2.532448377581120624e+00 4.935095556923668206e-06
2.533923303834808127e+00 4.608024911821697364e-06
2.535398230088495630e+00 4.301444319647284320e-06
2.536873156342182689e+00 4.014151338689423745e-06
2.538348082595870192e+00 3.745008789111927512e-06
2.539823008849557695e+00 3.492941539810341663e-06
2.541297935103244754e+00 3.256933434162214907e-06
2.542772861356931813e+00 3.036024349740401185e-06
2.544247787610619760e+00 2.829307387170432736e-06
2.545722713864306819e+00 2.635926183438924682e-06
2.547197640117993878e+00 2.455072345071821574e-06
2.548672566371681381e+00 2.285982996727685954e-06
2.550147492625368884e+00 2.127938440861170444e-06
2.551622418879055942e+00 1.980259924237450666e-06
2.553097345132743445e+00 1.842307507184996172e-06
2.554572271386430948e+00 1.713478031605489239e-06
2.556047197640118007e+00 1.593203183854866365e-06
2.557522123893805066e+00 1.480947648740720281e-06
2.558997050147492569e+00 1.376207350982571171e-06
2.560471976401180072e+00 1.278507780598042079e-06
2.561946902654867131e+00 1.187402398785368600e-06
2.563421828908554634e+00 1.102471120979906673e-06
2.564896755162242137e+00 1.023318873871762255e-06
2.566371681415929196e+00 9.495742232723415983e-07
2.567846607669616255e+00 8.808880698232410939e-07
2.569321533923303758e+00 8.169324096403913194e-07
2.570796460176991260e+00 7.573991570855467859e-07
2.572271386430678319e+00 7.019990269551182424e-07
2.573746312684365822e+00 6.504604734695905506e-07
2.575221238938053325e+00 6.025286835427674066e-07
2.576696165191740384e+00 5.579646218949153843e-07
2.578171091445427443e+00 5.165441256725743619e-07
2.579646017699114946e+00 4.780570463136384716e-07
2.581120943952802449e+00 4.423064364884389916e-07
2.582595870206489508e+00 4.091077800271563352e-07
2.584070796460177011e+00 3.782882628240925188e-07
2.585545722713864514e+00 3.496860827879614304e-07
2.587020648967551573e+00 3.231497969839428328e-07
2.588495575221238632e+00 2.985377041851217054e-07
2.589970501474926134e+00 2.757172611256378563e-07
2.591445427728613637e+00 2.545645308145228624e-07
2.592920353982300696e+00 2.349636613390353662e-07
2.594395280235988199e+00 2.168063936504687466e-07
2.595870206489675702e+00 1.999915968892449652e-07
2.597345132743362761e+00 1.844248298680209154e-07
2.598820058997049820e+00 1.700179273896782029e-07
2.600294985250737767e+00 1.566886101361532894e-07
2.601769911504424826e+00 1.443601169181333437e-07
2.603244837758111885e+00 1.329608581302124523e-07
2.604719764011799388e+00 1.224240893072851470e-07
2.606194690265486891e+00 1.126876037283229461e-07
2.607669616519173950e+00 1.036934430613760534e-07
2.609144542772861008e+00 9.538762509011436269e-08
2.610619469026548956e+00 8.771988760722560585e-08
2.612094395280236014e+00 8.064344760224159987e-08
2.613569321533923073e+00 7.411477491337664372e-08
2.615044247787610576e+00 6.809337955216676063e-08
2.616519174041298079e+00 6.254161194811012690e-08
2.617994100294985138e+00 5.742447539712409276e-08
2.619469026548672641e+00 5.270945003250170987e-08
2.620943952802360144e+00 4.836632767137479751e-08
2.622418879056047203e+00 4.436705692114070766e-08
2.623893805309734262e+00 4.068559796222448989e-08
2.625368731563421765e+00 3.729778645234523881e-08
2.626843657817109268e+00 3.418120602646385663e-08
2.628318584070796327e+00 3.131506889334505069e-08
2.629793510324483830e+00 2.868010405580809530e-08
2.631268436578171332e+00 2.625845270651259115e-08
2.632743362831858391e+00 2.403357037465879656e-08
2.634218289085545450e+00 2.199013542186689390e-08
2.635693215339232953e+00 2.011396350678269302e-08
2.637168141592920456e+00 1.839192765872121777e-08
2.638643067846607515e+00 1.681188362017312317e-08
2.640117994100295018e+00 1.536260013670204007e-08
2.641592920353982521e+00 1.403369389050545731e-08
2.643067846607669580e+00 1.281556879091949440e-08
2.644542772861356639e+00 1.169935935112397531e-08
2.646017699115044142e+00 1.067687789571288274e-08
2.647492625368731645e+00 9.740565358281223335e-09
2.648967551622418704e+00 8.883445441978730094e-09
2.650442477876106206e+00 8.099081929166993792e-09
2.651917404129793709e+00 7.381538938647158477e-09
2.653392330383480768e+00 6.725343940827582246e-09
2.654867256637167827e+00 6.125453352317886646e-09
2.656342182890855330e+00 5.577220542050552021e-09
2.657817109144542833e+00 5.076366091097272941e-09
2.659292035398229892e+00 4.618950157779960092e-09
2.660766961651917395e+00 4.201346808740978406e-09
2.662241887905604898e+00 3.820220185063231924e-09
2.663716814159291957e+00 3.472502380628578276e-09
2.665191740412979016e+00 3.155372917434652992e-09
2.666666666666666963e+00 2.866239709797227395e-09
2.668141592920354022e+00 2.602721416109682313e-09
2.669616519174041080e+00 2.362631083218694999e-09
2.671091445427728583e+00 2.143960994490132586e-09
2.672566371681416086e+00 1.944868638307281858e-09
2.674041297935103145e+00 1.763663719096353069e-09
2.675516224188790648e+00 1.598796137993077307e-09
2.676991150442478151e+00 1.448844875008177338e-09
2.678466076696165210e+00 1.312507708997503816e-09
2.679941002949852269e+00 1.188591715939668300e-09
2.681415929203539772e+00 1.076004489947893154e-09
2.682890855457227275e+00 9.737460351566416318e-10
2.684365781710914334e+00 8.809012800842176804e-10
2.685840707964601837e+00 7.966331693370892119e-10
2.687315634218289340e+00 7.201762905806043844e-10
2.688790560471976399e+00 6.508309975644439488e-10
2.690265486725663457e+00 5.879579926827264777e-10
2.691740412979350960e+00 5.309733350633342684e-10
2.693215339233038463e+00 4.793438425394447545e-10
2.694690265486725522e+00 4.325828580652897818e-10
2.696165191740413025e+00 3.902463531980828519e-10
2.697640117994100528e+00 3.519293432033489978e-10
2.699115044247787587e+00 3.172625901426006198e-10
2.700589970501474646e+00 2.859095719880862047e-10
2.702064896755162149e+00 2.575636973857215529e-10
2.703539823008849652e+00 2.319457471539511510e-10
2.705014749262536711e+00 2.088015249801208727e-10
2.706489675516224214e+00 1.878997010519112644e-10
2.707964601769911717e+00 1.690298335554262008e-10
2.709439528023598776e+00 1.520005540796154765e-10
2.710914454277285834e+00 1.366379040031281494e-10
2.712389380530973337e+00 1.227838099004536766e-10
2.713864306784660840e+00 1.102946869004812534e-10
2.715339233038347899e+00 9.904015976392900236e-11
2.716814159292035402e+00 8.890189221953547102e-11
2.718289085545722905e+00 7.977251581923433814e-11
2.719764011799409964e+00 7.155465023997514814e-11
2.721238938053097023e+00 6.416000758066909200e-11
2.722713864306784526e+00 5.750857377792688019e-11
2.724188790560472029e+00 5.152786079849314327e-11
2.725663716814159088e+00 4.615222376064276058e-11
2.727138643067846591e+00 4.132223759598023671e-11
2.728613569321534094e+00 3.698412828736884832e-11
2.730088495575221152e+00 3.308925411224257491e-11
2.731563421828908211e+00 2.959363268425372981e-11
2.733038348082596158e+00 2.645750992300572689e-11
2.734513274336283217e+00 2.364496739259726674e-11
2.735988200589970276e+00 2.112356473751244045e-11
2.737463126843657779e+00 1.886401420973304058e-11
2.738938053097345282e+00 1.683988452663171768e-11
2.740412979351032341e+00 1.502733152504354211e-11
2.741887905604719844e+00 1.340485328617674938e-11
2.743362831858407347e+00 1.195306759821511216e-11
2.744837758112094406e+00 1.065450980104573471e-11
2.746312684365781465e+00 9.493449220910885209e-12
2.747787610619468968e+00 8.455722553320269152e-12
2.749262536873156471e+00 7.528582691056813780e-12
2.750737463126843529e+00 6.700561621503688098e-12
2.752212389380531032e+00 5.961346134714312606e-12
2.753687315634218535e+00 5.301665191322059929e-12
2.755162241887905594e+00 4.713187898311104826e-12
2.756637168141592653e+00 4.188431131525640373e-12
2.758112094395280156e+00 3.720675927172708953e-12
2.759587020648967659e+00 3.303891841076316814e-12
2.761061946902654718e+00 2.932668544574762918e-12
2.762536873156342221e+00 2.602153990282407837e-12
2.764011799410029724e+00 2.307998539825859645e-12
2.765486725663716783e+00 2.046304499609314728e-12
2.766961651917403842e+00 1.813580560075972816e-12
2.768436578171091345e+00 1.606700679075005723e-12
2.769911504424778848e+00 1.422866991295188310e-12
2.771386430678465906e+00 1.259576363472579306e-12
2.772861356932153409e+00 1.114590249605685812e-12
2.774336283185840912e+00 9.859075319165667906e-13
2.775811209439527971e+00 8.717400620745429185e-13
2.777286135693215030e+00 7.704906434398993079e-13
2.778761061946902533e+00 6.807332190373520723e-13
2.780235988200590036e+00 6.011950517797591333e-13
2.781710914454277095e+00 5.307407033584001577e-13
2.783185840707964598e+00 4.683576363240937787e-13
2.784660766961652101e+00 4.131432803662798664e-13
2.786135693215339160e+00 3.642934188061369174e-13
2.787610619469026219e+00 3.210917649571208302e-13
2.789085545722714166e+00 2.829006104174584408e-13
2.790560471976401224e+00 2.491524386231100778e-13
2.792035398230088283e+00 2.193424072319296292e-13
2.793510324483775786e+00 1.930216121997217664e-13
2.794985250737463289e+00 1.697910548440877835e-13
2.796460176991150348e+00 1.492962408396425200e-13
2.797935103244837407e+00 1.312223470213207853e-13
2.799410029498525354e+00 1.152898981579065900e-13
2.800884955752212413e+00 1.012509015471100691e-13
2.802359882005899472e+00 8.888539243634092555e-14
2.803834808259586975e+00 7.799834793627321892e-14
2.805309734513274478e+00 6.841693130962957515e-14
2.806784660766961537e+00 5.998803233155494999e-14
2.808259587020649040e+00 5.257607286151757776e-14
2.809734513274336543e+00 4.606104987941019249e-14
2.811209439528023601e+00 4.033679104646919453e-14
2.812684365781710660e+00 3.530940038750773493e-14
2.814159292035398163e+00 3.089587397661674690e-14
2.815634218289085666e+00 2.702286757003869608e-14
2.817109144542772725e+00 2.362559998712472305e-14
2.818584070796460228e+00 2.064687771348047124e-14
2.820058997050147731e+00 1.803622770626865995e-14
2.821533923303834790e+00 1.574912673697453402e-14
2.823008849557521849e+00 1.374631682606861097e-14
2.824483775811209352e+00 1.199319741968374387e-14
2.825958702064896855e+00 1.045928594321306473e-14
2.827433628318583914e+00 9.117739251245748495e-15
2.828908554572271417e+00 7.944929287185397572e-15
2.830383480825958920e+00 6.920066978414682449e-15
2.831858407079645978e+00 6.024869031882729158e-15
2.833333333333333037e+00 5.243262867827762046e-15
2.834808259587020540e+00 4.561125442711303943e-15
2.836283185840708043e+00 3.966052172090165292e-15
2.837758112094395102e+00 3.447152575799123931e-15
2.839233038348082605e+00 2.994869635988695698e-15
2.840707964601770108e+00 2.600820187964537204e-15
2.842182890855457167e+00 2.257653958130725839e-15
2.843657817109144226e+00 1.958929126435810292e-15
2.845132743362831729e+00 1.699002525633099665e-15
2.846607669616519232e+00 1.472932799372606244e-15
2.848082595870206291e+00 1.276395028246597782e-15
2.849557522123893794e+00 1.105605499797273254e-15
2.851032448377581296e+00 9.572554471988167814e-16
2.852507374631268355e+00 8.284527138648803211e-16
2.853982300884955414e+00 7.166704192393727137e-16
2.855457227138643361e+00 6.197018060572960346e-16
2.856932153392330420e+00 5.356205428230602495e-16
2.858407079646017479e+00 4.627458383459029793e-16
2.859882005899704982e+00 3.996117990331397021e-16
2.861356932153392485e+00 3.449405252593884055e-16
2.862831858407079544e+00 2.976185013891429508e-16
2.864306784660767047e+00 2.566758857450204171e-16
2.865781710914454550e+00 2.212683526808420189e-16
2.867256637168141609e+00 1.906611795971540881e-16
2.868731563421828668e+00 1.642153077788378171e-16
2.870206489675516170e+00 1.413751378663840361e-16
2.871681415929203673e+00 1.216578490421491700e-16
2.873156342182890732e+00 1.046440560300005181e-16
2.874631268436578235e+00 8.996964013608234083e-17
2.876106194690265738e+00 7.731861012051059102e-17
2.877581120943952797e+00 6.641686597889726302e-17
2.879056047197639856e+00 5.702675397926003028e-17
2.880530973451327359e+00 4.894231478039220728e-17
2.882005899705014862e+00 4.198513835027863194e-17
2.883480825958701921e+00 3.600074989220717401e-17
2.884955752212389424e+00 3.085546023223109933e-17
2.886430678466076927e+00 2.643362226831985354e-17
2.887905604719763986e+00 2.263524225458323960e-17
2.889380530973451044e+00 1.937390100912268573e-17
2.890855457227138547e+00 1.657494568863397700e-17
2.892330383480826050e+00 1.417391765787140925e-17
2.893805309734513109e+00 1.211518627527122172e-17
2.895280235988200612e+00 1.035076218723459867e-17
2.896755162241888115e+00 8.839267035092746574e-18
2.898230088495575174e+00 7.545039384551511034e-18
2.899705014749262233e+00 6.437359236536126114e-18
2.901179941002949736e+00 5.489775713003783782e-18
2.902654867256637239e+00 4.679524469477325294e-18
2.904129793510324298e+00 3.987023101204740457e-18
2.905604719764011801e+00 3.395434311222654658e-18
2.907079646017699304e+00 2.890287922237002452e-18
2.908554572271386363e+00 2.459153963097200194e-18
2.910029498525073421e+00 2.091360064796206777e-18
2.911504424778760924e+00 1.777747278257172722e-18
2.912979351032448427e+00 1.510459192199520171e-18
2.914454277286135486e+00 1.282759898018133031e-18
2.915929203539822989e+00 1.088876931817376558e-18
2.917404129793510492e+00 9.238658322909248475e-19
2.918879056047197551e+00 7.834933962771862542e-19
2.920353982300884610e+00 6.641370998174730382e-19
2.921828908554572557e+00 5.626984885798290583e-19
2.923303834808259616e+00 4.765286338946123139e-19
2.924778761061946675e+00 4.033640049430733619e-19
2.926253687315634178e+00 3.412713286809937080e-19
2.927728613569321681e+00 2.886002011099462717e-19
2.929203539823008740e+00 2.439423802794431106e-19
2.930678466076696242e+00 2.060968361278503662e-19
2.932153392330383745e+00 1.740397578255889860e-19
2.933628318584070804e+00 1.468988281409333950e-19
2.935103244837757863e+00 1.239311686837978481e-19
2.936578171091445366e+00 1.045044415874173257e-19
2.938053097345132869e+00 8.808066392330915720e-20
2.939528023598819928e+00 7.420235234543458125e-20
2.941002949852507431e+00 6.248066838767875005e-20
2.942477876106194934e+00 5.258528058772224293e-20
2.943952802359881993e+00 4.423569913252848816e-20
2.945427728613569052e+00 3.719387284771541306e-20
2.946902654867256555e+00 3.125786780546705790e-20
2.948377581120944058e+00 2.625647222911697867e-20
2.949852507374631116e+00 2.204459427536462023e-20
2.951327433628318619e+00 1.849933814682348144e-20
2.952802359882006122e+00 1.551666024106102210e-20
2.954277286135693181e+00 1.300852103301599314e-20
2.955752212389380240e+00 1.090046042398141757e-20
2.957227138643067743e+00 9.129534640427776537e-21
2.958702064896755246e+00 7.642561661042643059e-21
2.960176991150442305e+00 6.394629791019408657e-21
2.961651917404129808e+00 5.347830562412085600e-21
2.963126843657817311e+00 4.470182768262075003e-21
2.964601769911504370e+00 3.734719265580714441e-21
2.966076696165191429e+00 3.118712320228863143e-21
2.967551622418878932e+00 2.603016811893269512e-21
2.969026548672566435e+00 2.171513652851243150e-21
2.970501474926253493e+00 1.810638372184071929e-21
2.971976401179940996e+00 1.508982039200241976e-21
2.973451327433628499e+00 1.256953599613672685e-21
2.974926253687315558e+00 1.046494321266050559e-21
2.976401179941002617e+00 8.708364324557937568e-22
2.977876106194690564e+00 7.242992191828478764e-22
2.979351032448377623e+00 6.021168570535561482e-22
2.980825958702064682e+00 5.002931142534566604e-22
2.982300884955752185e+00 4.154787954675382635e-22
2.983775811209439688e+00 3.448684213119845475e-22
2.985250737463126747e+00 2.861131696515602139e-22
2.986725663716813806e+00 2.372475576217265599e-22
2.988200589970501753e+00 1.966277279319384842e-22
2.989675516224188812e+00 1.628795300219391795e-22
2.991150442477875870e+00 1.348548644098756983e-22
2.992625368731563373e+00 1.115949943917483556e-22
2.994100294985250876e+00 9.229972934909863967e-23
2.995575221238937935e+00 7.630155361805808195e-23
2.997050147492625438e+00 6.304391870995270549e-23
2.998525073746312941e+00 5.206303852230705749e-23
3.000000000000000000e+00 4.297263034896654573e-23
