1.000000000000000000e+00 3.562507093285371553e-08
1.001474926253687281e+00 3.596197016880815245e-08
1.002949852507374562e+00 3.630558052246343413e-08
1.004424778761061843e+00 3.665603269100815265e-08
1.005899705014749346e+00 3.701346057354628744e-08
1.007374631268436627e+00 3.737800135206434356e-08
1.008849557522123908e+00 3.774979557468414884e-08
1.010324483775811188e+00 3.812898724126878131e-08
1.011799410029498469e+00 3.851572389145088514e-08
1.013274336283185750e+00 3.891015669516315500e-08
1.014749262536873253e+00 3.931244054572402768e-08
1.016224188790560534e+00 3.972273415558147550e-08
1.017699115044247815e+00 4.014120015476749056e-08
1.019174041297935096e+00 4.056800519216553224e-08
1.020648967551622377e+00 4.100332003965921026e-08
1.022123893805309658e+00 4.144731969925442390e-08
1.023598820058996939e+00 4.190018351326701939e-08
1.025073746312684442e+00 4.236209527765707545e-08
1.026548672566371723e+00 4.283324335861200346e-08
1.028023598820059004e+00 4.331382081248276662e-08
1.029498525073746285e+00 4.380402550915306405e-08
1.030973451327433565e+00 4.430406025896446505e-08
1.032448377581120846e+00 4.481413294329786041e-08
1.033923303834808349e+00 4.533445664891700383e-08
1.035398230088495630e+00 4.586524980619530913e-08
1.036873156342182911e+00 4.640673633134361402e-08
1.038348082595870192e+00 4.695914577274603396e-08
1.039823008849557473e+00 4.752271346155520717e-08
1.041297935103244754e+00 4.809768066664431974e-08
1.042772861356932257e+00 4.868429475408278305e-08
1.044247787610619538e+00 4.928280935124242190e-08
1.045722713864306819e+00 4.989348451569803456e-08
1.047197640117994100e+00 5.051658690905794930e-08
1.048672566371681381e+00 5.115238997587751971e-08
1.050147492625368661e+00 5.180117412781742161e-08
1.051622418879055942e+00 5.246322693319997174e-08
1.053097345132743445e+00 5.313884331213731534e-08
1.054572271386430726e+00 5.382832573739017528e-08
1.056047197640118007e+00 5.453198444116088103e-08
1.057522123893805288e+00 5.525013762796947056e-08
1.058997050147492569e+00 5.598311169383261742e-08
1.060471976401179850e+00 5.673124145191962675e-08
1.061946902654867353e+00 5.749487036489853583e-08
1.063421828908554634e+00 5.827435078417806202e-08
1.064896755162241915e+00 5.907004419625304031e-08
1.066371681415929196e+00 5.988232147639636289e-08
1.067846607669616477e+00 6.071156314989196707e-08
1.069321533923303758e+00 6.155815966108581153e-08
1.070796460176991260e+00 6.242251165046023984e-08
1.072271386430678541e+00 6.330503024002282601e-08
1.073746312684365822e+00 6.420613732723830825e-08
1.075221238938053103e+00 6.512626588778653998e-08
1.076696165191740384e+00 6.606586028743230507e-08
1.078171091445427665e+00 6.702537660328156834e-08
1.079646017699114946e+00 6.800528295472218470e-08
1.081120943952802449e+00 6.900605984436998643e-08
1.082595870206489730e+00 7.002820050931492341e-08
1.084070796460177011e+00 7.107221128302128969e-08
1.085545722713864292e+00 7.213861196819029015e-08
1.087020648967551573e+00 7.322793622096608559e-08
1.088495575221238854e+00 7.434073194681600334e-08
1.089970501474926134e+00 7.547756170848537443e-08
1.091445427728613637e+00 7.663900314639228062e-08
1.092920353982300918e+00 7.782564941187053375e-08
1.094395280235988199e+00 7.903810961367423977e-08
1.095870206489675480e+00 8.027700927816048905e-08
1.097345132743362761e+00 8.154299082359902088e-08
1.098820058997050264e+00 8.283671404906316324e-08
1.100294985250737545e+00 8.415885663835499852e-08
1.101769911504424826e+00 8.551011467948835394e-08
1.103244837758112107e+00 8.689120320018066178e-08
1.104719764011799388e+00 8.830285671991421340e-08
1.106194690265486669e+00 8.974582981908861910e-08
1.107669616519173950e+00 9.122089772581358932e-08
1.109144542772861453e+00 9.272885692091043611e-08
1.110619469026548733e+00 9.427052576174389783e-08
1.112094395280236014e+00 9.584674512546292979e-08
1.113569321533923295e+00 9.745837907229482780e-08
1.115044247787610576e+00 9.910631552956600977e-08
1.116519174041297857e+00 1.007914669970793037e-07
1.117994100294985138e+00 1.025147712746241535e-07
1.119469026548672641e+00 1.042771922122428154e-07
1.120943952802359922e+00 1.060797204841077953e-07
1.122418879056047203e+00 1.079233743866879176e-07
1.123893805309734484e+00 1.098092006620783385e-07
1.125368731563421765e+00 1.117382753472741606e-07
1.126843657817109268e+00 1.137117046502698846e-07
1.128318584070796549e+00 1.157306258538399112e-07
1.129793510324483830e+00 1.177962082479700251e-07
1.131268436578171110e+00 1.199096540918144096e-07
1.132743362831858391e+00 1.220721996062166000e-07
1.134218289085545672e+00 1.242851159977767517e-07
1.135693215339232953e+00 1.265497105155355507e-07
1.137168141592920456e+00 1.288673275413149935e-07
1.138643067846607737e+00 1.312393497148945073e-07
1.140117994100295018e+00 1.336671990951362879e-07
1.141592920353982299e+00 1.361523383582914649e-07
1.143067846607669580e+00 1.386962720346927166e-07
1.144542772861356861e+00 1.413005477851573496e-07
1.146017699115044142e+00 1.439667577184065737e-07
1.147492625368731645e+00 1.466965397508601401e-07
1.148967551622418926e+00 1.494915790102822464e-07
1.150442477876106206e+00 1.523536092846745652e-07
1.151917404129793487e+00 1.552844145180140854e-07
1.153392330383480768e+00 1.582858303543635763e-07
1.154867256637168049e+00 1.613597457319815854e-07
1.156342182890855330e+00 1.645081045291725972e-07
1.157817109144542833e+00 1.677329072635579980e-07
1.159292035398230114e+00 1.710362128466029971e-07
1.160766961651917395e+00 1.744201403952975985e-07
1.162241887905604676e+00 1.778868711028603379e-07
1.163716814159291957e+00 1.814386501705580665e-07
1.165191740412979460e+00 1.850777888026079584e-07
1.166666666666666741e+00 1.888066662664007133e-07
1.168141592920354022e+00 1.926277320202346676e-07
1.169616519174041303e+00 1.965435079108273673e-07
1.171091445427728583e+00 2.005565904430399830e-07
1.172566371681415864e+00 2.046696531242337707e-07
1.174041297935103145e+00 2.088854488858429029e-07
1.175516224188790648e+00 2.132068125847738295e-07
1.176991150442477929e+00 2.176366635873906942e-07
1.178466076696165210e+00 2.221780084389118751e-07
1.179941002949852491e+00 2.268339436211174380e-07
1.181415929203539772e+00 2.316076584014440609e-07
1.182890855457227053e+00 2.365024377766153986e-07
1.184365781710914334e+00 2.415216655139800286e-07
1.185840707964601837e+00 2.466688272940241987e-07
1.187315634218289118e+00 2.519475139574897568e-07
1.188790560471976399e+00 2.573614248607050122e-07
1.190265486725663679e+00 2.629143713429413959e-07
1.191740412979350960e+00 2.686102803095087814e-07
1.193215339233038463e+00 2.744531979348178827e-07
1.194690265486725744e+00 2.804472934893487484e-07
1.196165191740413025e+00 2.865968632949980585e-07
1.197640117994100306e+00 2.929063348131190018e-07
1.199115044247787587e+00 2.993802708699843089e-07
1.200589970501474868e+00 3.060233740243711431e-07
1.202064896755162149e+00 3.128404910822551265e-07
1.203539823008849652e+00 3.198366177636914111e-07
1.205014749262536933e+00 3.270169035273178879e-07
1.206489675516224214e+00 3.343866565577521488e-07
1.207964601769911495e+00 3.419513489218610366e-07
1.209439528023598776e+00 3.497166218995402110e-07
1.210914454277286056e+00 3.576882914953045441e-07
1.212389380530973337e+00 3.658723541369109604e-07
1.213864306784660840e+00 3.742749925676333911e-07
1.215339233038348121e+00 3.829025819389781219e-07
1.216814159292035402e+00 3.917616961108034173e-07
1.218289085545722683e+00 4.008591141662630579e-07
1.219764011799409964e+00 4.102018271490302231e-07
1.221238938053097467e+00 4.197970450307115764e-07
1.222713864306784748e+00 4.296522039163995822e-07
1.224188790560472029e+00 4.397749734970464643e-07
1.225663716814159310e+00 4.501732647570650204e-07
1.227138643067846591e+00 4.608552379464100216e-07
1.228613569321533872e+00 4.718293108263301870e-07
1.230088495575221152e+00 4.831041671985743340e-07
1.231563421828908655e+00 4.946887657280859217e-07
1.233038348082595936e+00 5.065923490694995129e-07
1.234513274336283217e+00 5.188244533082992303e-07
1.235988200589970498e+00 5.313949177278447093e-07
1.237463126843657779e+00 5.443138949137138414e-07
1.238938053097345060e+00 5.575918612074124083e-07
1.240412979351032341e+00 5.712396275219902961e-07
1.241887905604719844e+00 5.852683505322317719e-07
1.243362831858407125e+00 5.996895442530183023e-07
1.244837758112094406e+00 6.145150920194466160e-07
1.246312684365781687e+00 6.297572588832456723e-07
1.247787610619468968e+00 6.454287044403453642e-07
1.249262536873156249e+00 6.615424961047565166e-07
1.250737463126843529e+00 6.781121228450917033e-07
1.252212389380531032e+00 6.951515094000333278e-07
1.253687315634218313e+00 7.126750309898997946e-07
1.255162241887905594e+00 7.306975285423030816e-07
1.256637168141592875e+00 7.492343244500713352e-07
1.258112094395280156e+00 7.683012388806624401e-07
1.259587020648967659e+00 7.879146066569034304e-07
1.261061946902654940e+00 8.080912947295445151e-07
1.262536873156342221e+00 8.288487202628211178e-07
1.264011799410029502e+00 8.502048693552759095e-07
1.265486725663716783e+00 8.721783164185318944e-07
1.266961651917404064e+00 8.947882442377206603e-07
1.268436578171091345e+00 9.180544647383557998e-07
1.269911504424778848e+00 9.419974404848228877e-07
1.271386430678466128e+00 9.666383069370607190e-07
1.272861356932153409e+00 9.919988954929006521e-07
1.274336283185840690e+00 1.018101757344127634e-06
1.275811209439527971e+00 1.044970188176169525e-06
1.277286135693215474e+00 1.072628253741357970e-06
1.278761061946902533e+00 1.101100816337868024e-06
1.280235988200590036e+00 1.130413562226903900e-06
1.281710914454277317e+00 1.160593030022032463e-06
1.283185840707964598e+00 1.191666640086218918e-06
1.284660766961651879e+00 1.223662724972787186e-06
1.286135693215339160e+00 1.256610560948324053e-06
1.287610619469026663e+00 1.290540400636931490e-06
1.289085545722713722e+00 1.325483506826321027e-06
1.290560471976401224e+00 1.361472187478181247e-06
1.292035398230088505e+00 1.398539831986451603e-06
1.293510324483775786e+00 1.436720948728940793e-06
1.294985250737463067e+00 1.476051203959598182e-06
1.296460176991150348e+00 1.516567462089733968e-06
1.297935103244837851e+00 1.558307827409427233e-06
1.299410029498525132e+00 1.601311687300946110e-06
1.300884955752212413e+00 1.645619756999223224e-06
1.302359882005899694e+00 1.691274125955421465e-06
1.303834808259586975e+00 1.738318305861950001e-06
1.305309734513274256e+00 1.786797280400115354e-06
1.306784660766961537e+00 1.836757556772954959e-06
1.308259587020649040e+00 1.888247219088281011e-06
1.309734513274336321e+00 1.941315983660127936e-06
1.311209439528023601e+00 1.996015256298366402e-06
1.312684365781710882e+00 2.052398191658973353e-06
1.314159292035398163e+00 2.110519754731192122e-06
1.315634218289085666e+00 2.170436784538517745e-06
1.317109144542772725e+00 2.232208060136023756e-06
1.318584070796460228e+00 2.295894368987026969e-06
1.320058997050147509e+00 2.361558577806262239e-06
1.321533923303834790e+00 2.429265705961432136e-06
1.323008849557522071e+00 2.499083001524486178e-06
1.324483775811209352e+00 2.571080020072121664e-06
1.325958702064896855e+00 2.645328706334844885e-06
1.327433628318584136e+00 2.721903478799618430e-06
1.328908554572271417e+00 2.800881317374916301e-06
1.330383480825958697e+00 2.882341854229313328e-06
1.331858407079645978e+00 2.966367467921831809e-06
1.333333333333333259e+00 3.053043380943601962e-06
1.334808259587020540e+00 3.142457760796606181e-06
1.336283185840708043e+00 3.234701824739597379e-06
1.337758112094395324e+00 3.329869948335478326e-06
1.339233038348082605e+00 3.428059777940946817e-06
1.340707964601769886e+00 3.529372347281575981e-06
1.342182890855457167e+00 3.633912198264196821e-06
1.343657817109144670e+00 3.741787506181429484e-06
1.345132743362831729e+00 3.853110209470307931e-06
1.346607669616519232e+00 3.967996144192419148e-06
1.348082595870206513e+00 4.086565183408764959e-06
1.349557522123893794e+00 4.208941381630580164e-06
1.351032448377581074e+00 4.335253124531710978e-06
1.352507374631268355e+00 4.465633284116509488e-06
1.353982300884955858e+00 4.600219379544217516e-06
1.355457227138643139e+00 4.739153743818385341e-06
1.356932153392330420e+00 4.882583696555859228e-06
1.358407079646017701e+00 5.030661723060507084e-06
1.359882005899704982e+00 5.183545659932952727e-06
1.361356932153392263e+00 5.341398887457408060e-06
1.362831858407079544e+00 5.504390529014786685e-06
1.364306784660767047e+00 5.672695657779886676e-06
1.365781710914454328e+00 5.846495510972840071e-06
1.367256637168141609e+00 6.025977711941362480e-06
1.368731563421828890e+00 6.211336500361132485e-06
1.370206489675516170e+00 6.402772970855880120e-06
1.371681415929203673e+00 6.600495320344754818e-06
1.373156342182890732e+00 6.804719104437927145e-06
1.374631268436578235e+00 7.015667503216868363e-06
1.376106194690265516e+00 7.233571596738354769e-06
1.377581120943952797e+00 7.458670650626449785e-06
1.379056047197640078e+00 7.691212412119633103e-06
1.380530973451327359e+00 7.931453416958390460e-06
1.382005899705014862e+00 8.179659307512904381e-06
1.383480825958701921e+00 8.436105162562291268e-06
1.384955752212389424e+00 8.701075839156899861e-06
1.386430678466076705e+00 8.974866327002269803e-06
1.387905604719763986e+00 9.257782115832220176e-06
1.389380530973451267e+00 9.550139576242162314e-06
1.390855457227138547e+00 9.852266354479694471e-06
1.392330383480826050e+00 1.016450178170441997e-05
1.393805309734513331e+00 1.048719729825038748e-05
1.395280235988200612e+00 1.082071689343744740e-05
1.396755162241887893e+00 1.116543756150515526e-05
1.398230088495575174e+00 1.152174977426226223e-05
1.399705014749262455e+00 1.189005797106013002e-05
1.401179941002949736e+00 1.227078106672768773e-05
1.402654867256637239e+00 1.266435297813005146e-05
1.404129793510324520e+00 1.307122317002226794e-05
1.405604719764011801e+00 1.349185722092020535e-05
1.407079646017699082e+00 1.392673740970602617e-05
1.408554572271386363e+00 1.437636332373934388e-05
1.410029498525073866e+00 1.484125248925017756e-05
1.411504424778760924e+00 1.532194102484013424e-05
1.412979351032448427e+00 1.581898431892490465e-05
1.414454277286135708e+00 1.633295773199980829e-05
1.415929203539822989e+00 1.686445732463346105e-05
1.417404129793510270e+00 1.741410061212748857e-05
1.418879056047197551e+00 1.798252734681405211e-05
1.420353982300885054e+00 1.857040032900551750e-05
1.421828908554572335e+00 1.917840624762944411e-05
1.423303834808259616e+00 1.980725655163834405e-05
1.424778761061946897e+00 2.045768835331490082e-05
1.426253687315634178e+00 2.113046536462700057e-05
1.427728613569321459e+00 2.182637886783976079e-05
1.429203539823008740e+00 2.254624872162632352e-05
1.430678466076696242e+00 2.329092440396744097e-05
1.432153392330383523e+00 2.406128609317661376e-05
1.433628318584070804e+00 2.485824578843265505e-05
1.435103244837758085e+00 2.568274847124767660e-05
1.436578171091445366e+00 2.653577330935920779e-05
1.438053097345132869e+00 2.741833490458113248e-05
1.439528023598819928e+00 2.833148458619636883e-05
1.441002949852507431e+00 2.927631175154739708e-05
1.442477876106194712e+00 3.025394525552125273e-05
1.443952802359881993e+00 3.126555485069707131e-05
1.445427728613569274e+00 3.231235267998064983e-05
1.446902654867256555e+00 3.339559482362019713e-05
1.448377581120944058e+00 3.451658290255909937e-05
1.449852507374631339e+00 3.567666574014818497e-05
1.451327433628318619e+00 3.687724108431832034e-05
1.452802359882005900e+00 3.811975739239408727e-05
1.454277286135693181e+00 3.940571568076823563e-05
1.455752212389380462e+00 4.073667144178750265e-05
1.457227138643067743e+00 4.211423663025194996e-05
1.458702064896755246e+00 4.354008172200090428e-05
1.460176991150442527e+00 4.501593784717576884e-05
1.461651917404129808e+00 4.654359900083616041e-05
1.463126843657817089e+00 4.812492433365145799e-05
1.464601769911504370e+00 4.976184052556024506e-05
1.466076696165191873e+00 5.145634424532084431e-05
1.467551622418878932e+00 5.321050469903035774e-05
1.469026548672566435e+00 5.502646627074544804e-05
1.470501474926253715e+00 5.690645125848366485e-05
1.471976401179940996e+00 5.885276270900083366e-05
1.473451327433628277e+00 6.086778735479962947e-05
1.474926253687315558e+00 6.295399865701180038e-05
1.476401179941003061e+00 6.511395995790313768e-05
1.477876106194690120e+00 6.735032774680922230e-05
1.479351032448377623e+00 6.966585504356538811e-05
1.480825958702064904e+00 7.206339490351081599e-05
1.482300884955752185e+00 7.454590404834884887e-05
1.483775811209439466e+00 7.711644662730768622e-05
1.485250737463126747e+00 7.977819811309413403e-05
1.486725663716814250e+00 8.253444933744310088e-05
1.488200589970501531e+00 8.538861067105077158e-05
1.489675516224188812e+00 8.834421635300196743e-05
1.491150442477876092e+00 9.140492897482182600e-05
1.492625368731563373e+00 9.457454412460743795e-05
1.494100294985250654e+00 9.785699519672268513e-05
1.495575221238937935e+00 1.012563583728338034e-04
1.497050147492625438e+00 1.047768577802178690e-04
1.498525073746312719e+00 1.084228708334279240e-04
1.500000000000000000e+00 1.121989337657025083e-04
1.501474926253687281e+00 1.161097473565946968e-04
1.502949852507374562e+00 1.201601828625885982e-04
1.504424778761062065e+00 1.243552881576677417e-04
1.505899705014749124e+00 1.287002940910254964e-04
1.507374631268436627e+00 1.332006210693567898e-04
1.508849557522123908e+00 1.378618858713607511e-04
1.510324483775811188e+00 1.426899087023873866e-04
1.511799410029498469e+00 1.476907204974113705e-04
1.513274336283185750e+00 1.528705704807186187e-04
1.514749262536873253e+00 1.582359339910295419e-04
1.516224188790560312e+00 1.637935205810248432e-04
1.517699115044247815e+00 1.695502824005333791e-04
1.519174041297935096e+00 1.755134228729383786e-04
1.520648967551622377e+00 1.816904056745987891e-04
1.522123893805309880e+00 1.880889640275553668e-04
1.523598820058996939e+00 1.947171103158700043e-04
1.525073746312684442e+00 2.015831460365259144e-04
1.526548672566371723e+00 2.086956720959245212e-04
1.528023598820059004e+00 2.160635994635291715e-04
1.529498525073746285e+00 2.236961601944472875e-04
1.530973451327433565e+00 2.316029188332764416e-04
1.532448377581121068e+00 2.397937842115450394e-04
1.533923303834808127e+00 2.482790216520013851e-04
1.535398230088495630e+00 2.570692655929108518e-04
1.536873156342182911e+00 2.661755326461154249e-04
1.538348082595870192e+00 2.756092351032108354e-04
1.539823008849557473e+00 2.853821949042028433e-04
1.541297935103244754e+00 2.955066580838294679e-04
1.542772861356932257e+00 3.059953097109993463e-04
1.544247787610619316e+00 3.168612893372493508e-04
1.545722713864306819e+00 3.281182069706692459e-04
1.547197640117994100e+00 3.397801595921017708e-04
1.548672566371681381e+00 3.518617482312037456e-04
1.550147492625368884e+00 3.643780956199367733e-04
1.551622418879055942e+00 3.773448644421988096e-04
1.553097345132743445e+00 3.907782761983878824e-04
1.554572271386430726e+00 4.046951307042181739e-04
1.556047197640118007e+00 4.191128262442163506e-04
1.557522123893805288e+00 4.340493804001442093e-04
1.558997050147492569e+00 4.495234515755227016e-04
1.560471976401180072e+00 4.655543612383130476e-04
1.561946902654867131e+00 4.821621169038384528e-04
1.563421828908554634e+00 4.993674358810400475e-04
1.564896755162241915e+00 5.171917698056573316e-04
1.566371681415929196e+00 5.356573299847413932e-04
1.567846607669616477e+00 5.547871135771759296e-04
1.569321533923303758e+00 5.746049306359590726e-04
1.570796460176991260e+00 5.951354320385177001e-04
1.572271386430678319e+00 6.164041383320570475e-04
1.573746312684365822e+00 6.384374695214673325e-04
1.575221238938053103e+00 6.612627758283413752e-04
1.576696165191740384e+00 6.849083694504152706e-04
1.578171091445427665e+00 7.094035573508838130e-04
1.579646017699114946e+00 7.347786751087066271e-04
1.581120943952802449e+00 7.610651218612294461e-04
1.582595870206489508e+00 7.882953963711705325e-04
1.584070796460177011e+00 8.165031342512607147e-04
1.585545722713864292e+00 8.457231463803379116e-04
1.587020648967551573e+00 8.759914585454144304e-04
1.588495575221239076e+00 9.073453523458455822e-04
1.589970501474926134e+00 9.398234073948538584e-04
1.591445427728613637e+00 9.734655448572092275e-04
1.592920353982300918e+00 1.008313072359615960e-03
1.594395280235988199e+00 1.044408730314279029e-03
1.595870206489675480e+00 1.081796739694593223e-03
1.597345132743362761e+00 1.120522851303999180e-03
1.598820058997050264e+00 1.160634396580510199e-03
1.600294985250737323e+00 1.202180339978311521e-03
1.601769911504424826e+00 1.245211332971412135e-03
1.603244837758112107e+00 1.289779769722934491e-03
1.604719764011799388e+00 1.335939844466302187e-03
1.606194690265486669e+00 1.383747610644550175e-03
1.607669616519173950e+00 1.433261041855123444e-03
1.609144542772861453e+00 1.484540094648837500e-03
1.610619469026548511e+00 1.537646773232616325e-03
1.612094395280236014e+00 1.592645196126135686e-03
1.613569321533923295e+00 1.649601664823811559e-03
1.615044247787610576e+00 1.708584734515194515e-03
1.616519174041298079e+00 1.769665286916346277e-03
1.617994100294985138e+00 1.832916605266741647e-03
1.619469026548672641e+00 1.898414451548195714e-03
1.620943952802359922e+00 1.966237145980725791e-03
1.622418879056047203e+00 2.036465648853843374e-03
1.623893805309734484e+00 2.109183644750572961e-03
1.625368731563421765e+00 2.184477629225575496e-03
1.626843657817109268e+00 2.262436997994631428e-03
1.628318584070796327e+00 2.343154138700117434e-03
1.629793510324483830e+00 2.426724525312109679e-03
1.631268436578171110e+00 2.513246815229210323e-03
1.632743362831858391e+00 2.602822949143838473e-03
1.634218289085545672e+00 2.695558253736031560e-03
1.635693215339232953e+00 2.791561547260994897e-03
1.637168141592920456e+00 2.890945248100184727e-03
1.638643067846607515e+00 2.993825486338701387e-03
1.640117994100295018e+00 3.100322218441778528e-03
1.641592920353982299e+00 3.210559345096340375e-03
1.643067846607669580e+00 3.324664832289900371e-03
1.644542772861357083e+00 3.442770835695799832e-03
1.646017699115044142e+00 3.565013828435283170e-03
1.647492625368731645e+00 3.691534732291739188e-03
1.648967551622418926e+00 3.822479052444372350e-03
1.650442477876106206e+00 3.957997015799824547e-03
1.651917404129793487e+00 4.098243712991151907e-03
1.653392330383480768e+00 4.243379244118894618e-03
1.654867256637168271e+00 4.393568868310159491e-03
1.656342182890855330e+00 4.548983157168796573e-03
1.657817109144542833e+00 4.709798152191066456e-03
1.659292035398230114e+00 4.876195526223586242e-03
1.660766961651917395e+00 5.048362749037370138e-03
1.662241887905604676e+00 5.226493257091714695e-03
1.663716814159291957e+00 5.410786627566681675e-03
1.665191740412979460e+00 5.601448756736341315e-03
1.666666666666666519e+00 5.798692042755577980e-03
1.668141592920354022e+00 6.002735572941278117e-03
1.669616519174041303e+00 6.213805315612682886e-03
1.671091445427728583e+00 6.432134316573017742e-03
1.672566371681415864e+00 6.657962900298183134e-03
1.674041297935103145e+00 6.891538875908594791e-03
1.675516224188790648e+00 7.133117747992193808e-03
1.676991150442477707e+00 7.382962932348885454e-03
1.678466076696165210e+00 7.641345976730613831e-03
1.679941002949852491e+00 7.908546786631649381e-03
1.681415929203539772e+00 8.184853856207711248e-03
1.682890855457227275e+00 8.470564504382886023e-03
1.684365781710914334e+00 8.765985116203328653e-03
1.685840707964601837e+00 9.071431389504598305e-03
1.687315634218289118e+00 9.387228586944332612e-03
1.688790560471976399e+00 9.713711793462129207e-03
1.690265486725663679e+00 1.005122617921209299e-02
1.691740412979350960e+00 1.040012726802879220e-02
1.693215339233038463e+00 1.076078121146297091e-02
1.694690265486725522e+00 1.113356506843793392e-02
1.696165191740413025e+00 1.151886709056855300e-02
1.697640117994100306e+00 1.191708701317245427e-02
1.699115044247787587e+00 1.232863635201625688e-02
1.700589970501474868e+00 1.275393870581812729e-02
1.702064896755162149e+00 1.319343006453578548e-02
1.703539823008849652e+00 1.364755912345829922e-02
1.705014749262536711e+00 1.411678760311566895e-02
1.706489675516224214e+00 1.460159057502107005e-02
1.707964601769911495e+00 1.510245679324166181e-02
1.709439528023598776e+00 1.561988903180404516e-02
1.710914454277286278e+00 1.615440442792187570e-02
1.712389380530973337e+00 1.670653483103402837e-02
1.713864306784660840e+00 1.727682715763071558e-02
1.715339233038348121e+00 1.786584375184020052e-02
1.716814159292035402e+00 1.847416275174017242e-02
1.718289085545722683e+00 1.910237846134735240e-02
1.719764011799409964e+00 1.975110172824226171e-02
1.721238938053097467e+00 2.042096032675615874e-02
1.722713864306784526e+00 2.111259934665827426e-02
1.724188790560472029e+00 2.182668158727118710e-02
1.725663716814159310e+00 2.256388795690422722e-02
1.727138643067846591e+00 2.332491787753246393e-02
1.728613569321533872e+00 2.411048969459127916e-02
1.730088495575221152e+00 2.492134109177159343e-02
1.731563421828908655e+00 2.575822951070130470e-02
1.733038348082595714e+00 2.662193257532902493e-02
1.734513274336283217e+00 2.751324852090196796e-02
1.735988200589970498e+00 2.843299662732496139e-02
1.737463126843657779e+00 2.938201765675108393e-02
1.738938053097345282e+00 3.036117429518847902e-02
1.740412979351032341e+00 3.137135159792284189e-02
1.741887905604719844e+00 3.241345743851531402e-02
1.743362831858407125e+00 3.348842296115786543e-02
1.744837758112094406e+00 3.459720303610799158e-02
1.746312684365781687e+00 3.574077671794762684e-02
1.747787610619468968e+00 3.692014770635753534e-02
1.749262536873156471e+00 3.813634480911672064e-02
1.750737463126843529e+00 3.939042240700877523e-02
1.752212389380531032e+00 4.068346092025399569e-02
1.753687315634218313e+00 4.201656727616064763e-02
1.755162241887905594e+00 4.339087537755979829e-02
1.756637168141592875e+00 4.480754657167931171e-02
1.758112094395280156e+00 4.626777011897048597e-02
1.759587020648967659e+00 4.777276366152191645e-02
1.761061946902654718e+00 4.932377369051294674e-02
1.762536873156342221e+00 5.092207601231030917e-02
1.764011799410029502e+00 5.256897621261280573e-02
1.765486725663716783e+00 5.426581011819756745e-02
1.766961651917404064e+00 5.601394425564340529e-02
1.768436578171091345e+00 5.781477630650465327e-02
1.769911504424778848e+00 5.966973555830053233e-02
1.771386430678465906e+00 6.158028335073028464e-02
1.772861356932153409e+00 6.354791351640974584e-02
1.774336283185840690e+00 6.557415281552879394e-02
1.775811209439527971e+00 6.766056136362440243e-02
1.777286135693215474e+00 6.980873305187598743e-02
1.778761061946902533e+00 7.202029595901607295e-02
1.780235988200590036e+00 7.429691275421010377e-02
1.781710914454277317e+00 7.664028108999737521e-02
1.783185840707964598e+00 7.905213398453254936e-02
1.784660766961651879e+00 8.153424019218330487e-02
1.786135693215339160e+00 8.408840456167346322e-02
1.787610619469026663e+00 8.671646838079491437e-02
1.789085545722713722e+00 8.942030970675916846e-02
1.790560471976401224e+00 9.220184368121080165e-02
1.792035398230088505e+00 9.506302282888327848e-02
1.793510324483775786e+00 9.800583733888253157e-02
1.794985250737463067e+00 1.010323153275446001e-01
1.796460176991150348e+00 1.041445230817136108e-01
1.797935103244837851e+00 1.073445652813791729e-01
1.799410029498524910e+00 1.106345852005235775e-01
1.800884955752212413e+00 1.140167648849498144e-01
1.802359882005899694e+00 1.174933253059603500e-01
1.803834808259586975e+00 1.210665264885473630e-01
1.805309734513274478e+00 1.247386676129583205e-01
1.806784660766961537e+00 1.285120870882601463e-01
1.808259587020649040e+00 1.323891625965822882e-01
1.809734513274336321e+00 1.363723111067922655e-01
1.811209439528023601e+00 1.404639888561276528e-01
1.812684365781710882e+00 1.446666912984302111e-01
1.814159292035398163e+00 1.489829530176297046e-01
1.815634218289085666e+00 1.534153476049274767e-01
1.817109144542772725e+00 1.579664874982856515e-01
1.818584070796460228e+00 1.626390237827836649e-01
1.820058997050147509e+00 1.674356459501957217e-01
1.821533923303834790e+00 1.723590816164508599e-01
1.823008849557522071e+00 1.774120961952428688e-01
1.824483775811209352e+00 1.825974925264442217e-01
1.825958702064896855e+00 1.879181104575479710e-01
1.827433628318583914e+00 1.933768263766843520e-01
1.828908554572271417e+00 1.989765526955726282e-01
1.830383480825958697e+00 2.047202372808077930e-01
1.831858407079645978e+00 2.106108628318408005e-01
1.833333333333333481e+00 2.166514462040860789e-01
1.834808259587020540e+00 2.228450376754390894e-01
1.836283185840708043e+00 2.291947201546589707e-01
1.837758112094395324e+00 2.357036083299960394e-01
1.839233038348082605e+00 2.423748477562516768e-01
1.840707964601769886e+00 2.492116138789578772e-01
1.842182890855457167e+00 2.562171109937956825e-01
1.843657817109144670e+00 2.633945711397006617e-01
1.845132743362831729e+00 2.707472529242044845e-01
1.846607669616519232e+00 2.782784402791936840e-01
1.848082595870206513e+00 2.859914411458227557e-01
1.849557522123893794e+00 2.938895860866877485e-01
1.851032448377581074e+00 3.019762268240614445e-01
1.852507374631268355e+00 3.102547347024638968e-01
1.853982300884955858e+00 3.187284990744104207e-01
1.855457227138642917e+00 3.274009256074770779e-01
1.856932153392330420e+00 3.362754345117435761e-01
1.858407079646017701e+00 3.453554586859573505e-01
1.859882005899704982e+00 3.546444417813117145e-01
1.861356932153392263e+00 3.641458361815982370e-01
1.862831858407079544e+00 3.738631008982672421e-01
1.864306784660767047e+00 3.837996993796822243e-01
1.865781710914454106e+00 3.939590972332661090e-01
1.867256637168141609e+00 4.043447598594375747e-01
1.868731563421828890e+00 4.149601499966684703e-01
1.870206489675516170e+00 4.258087251766978221e-01
1.871681415929203673e+00 4.368939350889614048e-01
1.873156342182890732e+00 4.482192188539483868e-01
1.874631268436578235e+00 4.597880022044242287e-01
1.876106194690265516e+00 4.716036945743005138e-01
1.877581120943952797e+00 4.836696860949173393e-01
1.879056047197640078e+00 4.959893444979011634e-01
1.880530973451327359e+00 5.085660119249041378e-01
1.882005899705014862e+00 5.214030016439589188e-01
1.883480825958701921e+00 5.345035946727182408e-01
1.884955752212389424e+00 5.478710363081472634e-01
1.886430678466076705e+00 5.615085325637744207e-01
1.887905604719763986e+00 5.754192465144777335e-01
1.889380530973451267e+00 5.896062945492853702e-01
1.890855457227138547e+00 6.040727425334169176e-01
1.892330383480826050e+00 6.188216018799544971e-01
1.893805309734513109e+00 6.338558255321083967e-01
1.895280235988200612e+00 6.491783038581282472e-01
1.896755162241887893e+00 6.647918604591226410e-01
1.898230088495575174e+00 6.806992478917520684e-01
1.899705014749262677e+00 6.969031433080322691e-01
1.901179941002949736e+00 7.134061440129214615e-01
1.902654867256637239e+00 7.302107629431884295e-01
1.904129793510324520e+00 7.473194240685784306e-01
1.905604719764011801e+00 7.647344577185004599e-01
1.907079646017699082e+00 7.824580958364216743e-01
1.908554572271386363e+00 8.004924671650825996e-01
1.910029498525073866e+00 8.188395923656917041e-01
1.911504424778760924e+00 8.375013790734574526e-01
1.912979351032448427e+00 8.564796168945713051e-01
1.914454277286135708e+00 8.757759723462442691e-01
1.915929203539822989e+00 8.953919837457697817e-01
1.917404129793510270e+00 9.153290560508448026e-01
1.918879056047197551e+00 9.355884556569781241e-01
1.920353982300885054e+00 9.561713051554339149e-01
1.921828908554572113e+00 9.770785780569806178e-01
1.923303834808259616e+00 9.983110934866363806e-01
1.924778761061946897e+00 1.019869510853711470e+00
1.926253687315634178e+00 1.041754324504188700e+00
1.927728613569321681e+00 1.063965858358911776e+00
1.929203539823008740e+00 1.086504260545567702e+00
1.930678466076696242e+00 1.109369498029315393e+00
1.932153392330383523e+00 1.132561351248650094e+00
1.933628318584070804e+00 1.156079408763447613e+00
1.935103244837758085e+00 1.179923061920952643e+00
1.936578171091445366e+00 1.204091499548301414e+00
1.938053097345132869e+00 1.228583702676759648e+00
1.939528023598819928e+00 1.253398439307158441e+00
1.941002949852507431e+00 1.278534259222229297e+00
1.942477876106194712e+00 1.303989488854896628e+00
1.943952802359881993e+00 1.329762226219910026e+00
1.945427728613569274e+00 1.355850335917762717e+00
1.946902654867256555e+00 1.382251444217253766e+00
1.948377581120944058e+00 1.408962934228740860e+00
1.949852507374631116e+00 1.435981941172232768e+00
1.951327433628318619e+00 1.463305347753576457e+00
1.952802359882005900e+00 1.490929779654638576e+00
1.954277286135693181e+00 1.518851601147741315e+00
1.955752212389380462e+00 1.547066910844306697e+00
1.957227138643067743e+00 1.575571537584881776e+00
1.958702064896755246e+00 1.604361036483513470e+00
1.960176991150442305e+00 1.633430685131513238e+00
1.961651917404129808e+00 1.662775479975040493e+00
1.963126843657817089e+00 1.692390132872098052e+00
1.964601769911504370e+00 1.722269067841685430e+00
1.966076696165191873e+00 1.752406418012735667e+00
1.967551622418878932e+00 1.782796022784426837e+00
1.969026548672566435e+00 1.813431425206250669e+00
1.970501474926253715e+00 1.844305869588738211e+00
1.971976401179940996e+00 1.875412299354012990e+00
1.973451327433628277e+00 1.906743355135658957e+00
1.974926253687315558e+00 1.938291373138503415e+00
1.976401179941003061e+00 1.970048383766992872e+00
1.977876106194690120e+00 2.002006110532779548e+00
1.979351032448377623e+00 2.034155969248700124e+00
1.980825958702064904e+00 2.066489067521036560e+00
1.982300884955752185e+00 2.098996204548119415e+00
1.983775811209439466e+00 2.131667871232359346e+00
1.985250737463126747e+00 2.164494250617482241e+00
1.986725663716814250e+00 2.197465218657317809e+00
1.988200589970501309e+00 2.230570345325543880e+00
1.989675516224188812e+00 2.263798896071953504e+00
1.991150442477876092e+00 2.297139833637429351e+00
1.992625368731563373e+00 2.330581820229470136e+00
1.994100294985250876e+00 2.364113220070591215e+00
1.995575221238937935e+00 2.397722102320903215e+00
1.997050147492625438e+00 2.431396244386412775e+00
1.998525073746312719e+00 2.465123135614988303e+00
2.000000000000000000e+00 2.498889981387231618e+00
2.001474926253687059e+00 2.532683707607091161e+00
2.002949852507374562e+00 2.566490965595397356e+00
2.004424778761062065e+00 2.600298137393669773e+00
2.005899705014749124e+00 2.634091341476550774e+00
2.007374631268436627e+00 2.667856438882051151e+00
2.008849557522124130e+00 2.701579039755865441e+00
2.010324483775811188e+00 2.735244510315759214e+00
2.011799410029498247e+00 2.768837980237116358e+00
2.013274336283185750e+00 2.802344350457711908e+00
2.014749262536873253e+00 2.835748301402427618e+00
2.016224188790560312e+00 2.869034301631537609e+00
2.017699115044247815e+00 2.902186616903995375e+00
2.019174041297935318e+00 2.935189319659875284e+00
2.020648967551622377e+00 2.968026298915954264e+00
2.022123893805309436e+00 3.000681270571745607e+00
2.023598820058996939e+00 3.033137788124027789e+00
2.025073746312684442e+00 3.065379253780811997e+00
2.026548672566371501e+00 3.097388929971838234e+00
2.028023598820059004e+00 3.129149951249950767e+00
2.029498525073746507e+00 3.160645336574310349e+00
2.030973451327433565e+00 3.191858001968841396e+00
2.032448377581120624e+00 3.222770773544711087e+00
2.033923303834808571e+00 3.253366400882931941e+00
2.035398230088495630e+00 3.283627570758465009e+00
2.036873156342182689e+00 3.313536921204704999e+00
2.038348082595870192e+00 3.343077055897548888e+00
2.039823008849557695e+00 3.372230558850389581e+00
2.041297935103244754e+00 3.400980009409496851e+00
2.042772861356931813e+00 3.429307997528585172e+00
2.044247787610619760e+00 3.457197139314839074e+00
2.045722713864306819e+00 3.484630092825037551e+00
2.047197640117993878e+00 3.511589574099090783e+00
2.048672566371681381e+00 3.538058373412798829e+00
2.050147492625368884e+00 3.564019371729405972e+00
2.051622418879055942e+00 3.589455557335638591e+00
2.053097345132743445e+00 3.614350042641037319e+00
2.054572271386430948e+00 3.638686081117471716e+00
2.056047197640118007e+00 3.662447084364954364e+00
2.057522123893805066e+00 3.685616639276217299e+00
2.058997050147492569e+00 3.708178525280218629e+00
2.060471976401180072e+00 3.730116731646243800e+00
2.061946902654867131e+00 3.751415474818592610e+00
2.063421828908554634e+00 3.772059215763241991e+00
2.064896755162242137e+00 3.792032677302894061e+00
2.066371681415929196e+00 3.811320861411348737e+00
2.067846607669616255e+00 3.829909066449626920e+00
2.069321533923303758e+00 3.847782904312617713e+00
2.070796460176991260e+00 3.864928317463559804e+00
2.072271386430678319e+00 3.881331595831403636e+00
2.073746312684365822e+00 3.896979393541219139e+00
2.075221238938053325e+00 3.911858745459709130e+00
2.076696165191740384e+00 3.925957083519241220e+00
2.078171091445427443e+00 3.939262252802129716e+00
2.079646017699114946e+00 3.951762527354921950e+00
2.081120943952802449e+00 3.963446625708339610e+00
2.082595870206489508e+00 3.974303726076348742e+00
2.084070796460177011e+00 3.984323481203103423e+00
2.085545722713864514e+00 3.993496032842518417e+00
2.087020648967551573e+00 4.001812025834714959e+00
2.088495575221238632e+00 4.009262621757449629e+00
2.089970501474926134e+00 4.015839512127786115e+00
2.091445427728613637e+00 4.021534931130489987e+00
2.092920353982300696e+00 4.026341667843723826e+00
2.094395280235988199e+00 4.030253077943910078e+00
2.095870206489675702e+00 4.033263094863474230e+00
2.097345132743362761e+00 4.035366240378288616e+00
2.098820058997049820e+00 4.036557634604224454e+00
2.100294985250737767e+00 4.036833005380481509e+00
2.101769911504424826e+00 4.036188697019553295e+00
2.103244837758111885e+00 4.034621678402946721e+00
2.104719764011799388e+00 4.032129550405989526e+00
2.106194690265486891e+00 4.028710552629018338e+00
2.107669616519173950e+00 4.024363569423088371e+00
2.109144542772861453e+00 4.019088135193952915e+00
2.110619469026548956e+00 4.012884438960435673e+00
2.112094395280236014e+00 4.005753328167013017e+00
2.113569321533923073e+00 3.997696311725786877e+00
2.115044247787610576e+00 3.988715562283921656e+00
2.116519174041298079e+00 3.978813917700882108e+00
2.117994100294985138e+00 3.967994881730275036e+00
2.119469026548672641e+00 3.956262623895517194e+00
2.120943952802360144e+00 3.943621978554774810e+00
2.122418879056047203e+00 3.930078443148416589e+00
2.123893805309734262e+00 3.915638175625810291e+00
2.125368731563421765e+00 3.900307991048437284e+00
2.126843657817109268e+00 3.884095357370934476e+00
2.128318584070796327e+00 3.867008390393867678e+00
2.129793510324483830e+00 3.849055847899320426e+00
2.131268436578171332e+00 3.830247122964167250e+00
2.132743362831858391e+00 3.810592236460221827e+00
2.134218289085545450e+00 3.790101828748348112e+00
2.135693215339232953e+00 3.768787150567523891e+00
2.137168141592920456e+00 3.746660053140534075e+00
2.138643067846607515e+00 3.723732977491021057e+00
2.140117994100295018e+00 3.700018942998340332e+00
2.141592920353982521e+00 3.675531535195101895e+00
2.143067846607669580e+00 3.650284892825557126e+00
2.144542772861356639e+00 3.624293694179995029e+00
2.146017699115044142e+00 3.597573142724455053e+00
2.147492625368731645e+00 3.570138952043091063e+00
2.148967551622418704e+00 3.542007330116035746e+00
2.150442477876106206e+00 3.513194962951370126e+00
2.151917404129793709e+00 3.483718997595974809e+00
2.153392330383480768e+00 3.453597024551600114e+00
2.154867256637167827e+00 3.422847059616719534e+00
2.156342182890855330e+00 3.391487525183999985e+00
2.157817109144542833e+00 3.359537231023030479e+00
2.159292035398229892e+00 3.327015354571110972e+00
2.160766961651917395e+00 3.293941420766551609e+00
2.162241887905604898e+00 3.260335281453870859e+00
2.163716814159291957e+00 3.226217094391724327e+00
2.165191740412979016e+00 3.191607301896344229e+00
2.166666666666666963e+00 3.156526609152665586e+00
2.168141592920354022e+00 3.120995962228624521e+00
2.169616519174041080e+00 3.085036525824675913e+00
2.171091445427728583e+00 3.048669660794413705e+00
2.172566371681416086e+00 3.011916901472205588e+00
2.174041297935103145e+00 2.974799932841751815e+00
2.175516224188790648e+00 2.937340567582556794e+00
2.176991150442478151e+00 2.899560723030132792e+00
2.178466076696165210e+00 2.861482398088880608e+00
2.179941002949852269e+00 2.823127650126175947e+00
2.181415929203539772e+00 2.784518571896212880e+00
2.182890855457227275e+00 2.745677268516900860e+00
2.184365781710914334e+00 2.706625834547492282e+00
2.185840707964601837e+00 2.667386331193673854e+00
2.187315634218289340e+00 2.627980763681603715e+00
2.188790560471976399e+00 2.588431058834292919e+00
2.190265486725663457e+00 2.548759042884349402e+00
2.191740412979350960e+00 2.508986419558101311e+00
2.193215339233038463e+00 2.469134748465343865e+00
2.194690265486725522e+00 2.429225423824895813e+00
2.196165191740413025e+00 2.389279653563880945e+00
2.197640117994100528e+00 2.349318438814560928e+00
2.199115044247787587e+00 2.309362553844914068e+00
2.200589970501474646e+00 2.269432526450990473e+00
2.202064896755162149e+00 2.229548618838278706e+00
2.203539823008849652e+00 2.189730809021423141e+00
2.205014749262536711e+00 2.149998772766005484e+00
2.206489675516224214e+00 2.110371866102216387e+00
2.207964601769911717e+00 2.070869108427503935e+00
2.209439528023598776e+00 2.031509166228835372e+00
2.210914454277285834e+00 1.992310337437469325e+00
2.212389380530973337e+00 1.953290536444703962e+00
2.213864306784660840e+00 1.914467279789478171e+00
2.215339233038347899e+00 1.875857672539615217e+00
2.216814159292035402e+00 1.837478395382940333e+00
2.218289085545722905e+00 1.799345692437397393e+00
2.219764011799409964e+00 1.761475359798299056e+00
2.221238938053097023e+00 1.723882734831920338e+00
2.222713864306784970e+00 1.686582686223023098e+00
2.224188790560472029e+00 1.649589604787443875e+00
2.225663716814159088e+00 1.612917395054999314e+00
2.227138643067846591e+00 1.576579467627128528e+00
2.228613569321534094e+00 1.540588732312980991e+00
2.230088495575221152e+00 1.504957592046706871e+00
2.231563421828908211e+00 1.469697937584657943e+00
2.233038348082596158e+00 1.434821142982430020e+00
2.234513274336283217e+00 1.400338061849069726e+00
2.235988200589970276e+00 1.366259024372925790e+00
2.237463126843657779e+00 1.332593835114982417e+00
2.238938053097345282e+00 1.299351771561892299e+00
2.240412979351032341e+00 1.266541583430486950e+00
2.241887905604719844e+00 1.234171492712289098e+00
2.243362831858407347e+00 1.202249194449828140e+00
2.244837758112094406e+00 1.170781858229363870e+00
2.246312684365781465e+00 1.139776130377960994e+00
2.247787610619468968e+00 1.109238136849487910e+00
2.249262536873156471e+00 1.079173486782617042e+00
2.250737463126843529e+00 1.049587276715572060e+00
2.252212389380531032e+00 1.020484095437360628e+00
2.253687315634218535e+00 9.918680294570838551e-01
2.255162241887905594e+00 9.637426690720871658e-01
2.256637168141592653e+00 9.361111150120745572e-01
2.258112094395280156e+00 9.089759856388820447e-01
2.259587020648967659e+00 8.823394246785821737e-01
2.261061946902654718e+00 8.562031094630936368e-01
2.262536873156342221e+00 8.305682596570457266e-01
2.264011799410029724e+00 8.054356464458324316e-01
2.265486725663716783e+00 7.808056021596991858e-01
2.266961651917403842e+00 7.566780303085410830e-01
2.268436578171091345e+00 7.330524160022010571e-01
2.269911504424778848e+00 7.099278367294238334e-01
2.271386430678465906e+00 6.873029734703600679e-01
2.272861356932153409e+00 6.651761221150814807e-01
2.274336283185840912e+00 6.435452051631395110e-01
2.275811209439527971e+00 6.224077836761479077e-01
2.277286135693215030e+00 6.017610694579734743e-01
2.278761061946902533e+00 5.816019374362421113e-01
2.280235988200590036e+00 5.619269382180858141e-01
2.281710914454277095e+00 5.427323107954733494e-01
2.283185840707964598e+00 5.240139953729899824e-01
2.284660766961652101e+00 5.057676462942098938e-01
2.286135693215339160e+00 4.879886450401702547e-01
2.287610619469026219e+00 4.706721132768869609e-01
2.289085545722714166e+00 4.538129259263754545e-01
2.290560471976401224e+00 4.374057242389654543e-01
2.292035398230088283e+00 4.214449288427529750e-01
2.293510324483775786e+00 4.059247527489125984e-01
2.294985250737463289e+00 3.908392142901247479e-01
2.296460176991150348e+00 3.761821499719081308e-01
2.297935103244837851e+00 3.619472272160864090e-01
2.299410029498525354e+00 3.481279569768918059e-01
2.300884955752212413e+00 3.347177062111431622e-01
2.302359882005899472e+00 3.217097101842059659e-01
2.303834808259586975e+00 3.090970845948016743e-01
2.305309734513274478e+00 2.968728375024979327e-01
2.306784660766961537e+00 2.850298810418512852e-01
2.308259587020649040e+00 2.735610429094526563e-01
2.309734513274336543e+00 2.624590776096976108e-01
2.311209439528023601e+00 2.517166774466311763e-01
2.312684365781710660e+00 2.413264832499630863e-01
2.314159292035398163e+00 2.312810948244982678e-01
2.315634218289085666e+00 2.215730811127483713e-01
2.317109144542772725e+00 2.121949900618357587e-01
2.318584070796460228e+00 2.031393581859917696e-01
2.320058997050147731e+00 1.943987198180112397e-01
2.321533923303834790e+00 1.859656160426998717e-01
2.323008849557521849e+00 1.778326033069260181e-01
2.324483775811209352e+00 1.699922617017011195e-01
2.325958702064896855e+00 1.624372029123024586e-01
2.327433628318583914e+00 1.551600778335089359e-01
2.328908554572271417e+00 1.481535838477972544e-01
2.330383480825958920e+00 1.414104717649956322e-01
2.331858407079645978e+00 1.349235524229967231e-01
2.333333333333333037e+00 1.286857029493468918e-01
2.334808259587020540e+00 1.226898726847867743e-01
2.336283185840708043e+00 1.169290887703307302e-01
2.337758112094395102e+00 1.113964613999589293e-01
2.339233038348082605e+00 1.060851887417861295e-01
2.340707964601770108e+00 1.009885615313825258e-01
2.342182890855457167e+00 9.609996734103475047e-02
2.343657817109144226e+00 9.141289452978261509e-02
2.345132743362831729e+00 8.692093587922754272e-02
2.346607669616519232e+00 8.261779192077513267e-02
2.348082595870206291e+00 7.849727396044244021e-02
2.349557522123893794e+00 7.455330680759632289e-02
2.351032448377581296e+00 7.077993121468083293e-02
2.352507374631268355e+00 6.717130603508274234e-02
2.353982300884955414e+00 6.372171010674858305e-02
2.355457227138643361e+00 6.042554386945078737e-02
2.356932153392330420e+00 5.727733072389010888e-02
2.358407079646017479e+00 5.427171814087029117e-02
2.359882005899704982e+00 5.140347852938530193e-02
2.361356932153392485e+00 4.866750987207304341e-02
2.362831858407079544e+00 4.605883613731063392e-02
2.364306784660767047e+00 4.357260747659989081e-02
2.365781710914454550e+00 4.120410021666761485e-02
2.367256637168141609e+00 3.894871665528865101e-02
2.368731563421828668e+00 3.680198467010431518e-02
2.370206489675516170e+00 3.475955714966640075e-02
2.371681415929203673e+00 3.281721125590890409e-02
2.373156342182890732e+00 3.097084752724336629e-02
2.374631268436578235e+00 2.921648883136290092e-02
2.376106194690265738e+00 2.755027917685986399e-02
2.377581120943952797e+00 2.596848239254653454e-02
2.379056047197639856e+00 2.446748068335265897e-02
2.380530973451327359e+00 2.304377307141855860e-02
2.382005899705014862e+00 2.169397373106463772e-02
2.383480825958701921e+00 2.041481022585061103e-02
2.384955752212389424e+00 1.920312165605373225e-02
2.386430678466076927e+00 1.805585672449601387e-02
2.387905604719763986e+00 1.697007172855862986e-02
2.389380530973451044e+00 1.594292848595671788e-02
2.390855457227138547e+00 1.497169220162278443e-02
2.392330383480826050e+00 1.405372928286449316e-02
2.393805309734513109e+00 1.318650510963804111e-02
2.395280235988200612e+00 1.236758176662534382e-02
2.396755162241888115e+00 1.159461574346633966e-02
2.398230088495575174e+00 1.086535560931608212e-02
2.399705014749262233e+00 1.017763966757429493e-02
2.401179941002949736e+00 9.529393596424167584e-03
2.402654867256637239e+00 8.918628080516549650e-03
2.404129793510324298e+00 8.343436438905454597e-03
2.405604719764011801e+00 7.801992254039663219e-03
2.407079646017699304e+00 7.292547006399069560e-03
2.408554572271386363e+00 6.813427719061447042e-03
2.410029498525073421e+00 6.363034616249954763e-03
2.411504424778761368e+00 5.939838799658829840e-03
2.412979351032448427e+00 5.542379946095861432e-03
2.414454277286135486e+00 5.169264029725468418e-03
2.415929203539822989e+00 4.819161071976215543e-03
2.417404129793510492e+00 4.490802921925926561e-03
2.418879056047197551e+00 4.182981069737586911e-03
2.420353982300884610e+00 3.894544495514148160e-03
2.421828908554572557e+00 3.624397555711446599e-03
2.423303834808259616e+00 3.371497909031935004e-03
2.424778761061946675e+00 3.134854483521274521e-03
2.426253687315634178e+00 2.913525486400800855e-03
2.427728613569321681e+00 2.706616457960274967e-03
2.429203539823008740e+00 2.513278370666734585e-03
2.430678466076696242e+00 2.332705774465382905e-03
2.432153392330383745e+00 2.164134989077992101e-03
2.433628318584070804e+00 2.006842343953721842e-03
2.435103244837757863e+00 1.860142466361685773e-03
2.436578171091445366e+00 1.723386617985096184e-03
2.438053097345132869e+00 1.595961080228809614e-03
2.439528023598819928e+00 1.477285588333075890e-03
2.441002949852507431e+00 1.366811814258526818e-03
2.442477876106194934e+00 1.264021898198763351e-03
2.443952802359881993e+00 1.168427028470179216e-03
2.445427728613569052e+00 1.079566069429736819e-03
2.446902654867256555e+00 9.970042369806615592e-04
2.448377581120944058e+00 9.203318211438990060e-04
2.449852507374631116e+00 8.491629550927963944e-04
2.451327433628318619e+00 7.831344299804865461e-04
2.452802359882006122e+00 7.219045548252139757e-04
2.454277286135693181e+00 6.651520606592855548e-04
2.455752212389380240e+00 6.125750480981723319e-04
2.457227138643067743e+00 5.638899774372099815e-04
2.458702064896755246e+00 5.188307003462915576e-04
2.460176991150442305e+00 4.771475321944189905e-04
2.461651917404129808e+00 4.386063640083045861e-04
2.463126843657817311e+00 4.029878130427626682e-04
2.464601769911504370e+00 3.700864109196929058e-04
2.466076696165191429e+00 3.397098282771544332e-04
2.467551622418878932e+00 3.116781348566093524e-04
2.469026548672566435e+00 2.858230939481593014e-04
2.470501474926253493e+00 2.619874901086324272e-04
2.471976401179940996e+00 2.400244890668983661e-04
2.473451327433628499e+00 2.197970287301061133e-04
2.474926253687315558e+00 2.011772402116604333e-04
2.476401179941002617e+00 1.840458978068497018e-04
2.477876106194690564e+00 1.682918968528874658e-04
2.479351032448377623e+00 1.538117584214529271e-04
2.480825958702064682e+00 1.405091598061391123e-04
2.482300884955752185e+00 1.282944897831553462e-04
2.483775811209439688e+00 1.170844276402740011e-04
2.485250737463126747e+00 1.068015449896766203e-04
2.486725663716814250e+00 9.737392939867475122e-05
2.488200589970501753e+00 8.873482889593381896e-05
2.489675516224188812e+00 8.082231643155270628e-05
2.491150442477875870e+00 7.357897339386252190e-05
2.492625368731563373e+00 6.695159130960904128e-05
2.494100294985250876e+00 6.089089087868738439e-05
2.495575221238937935e+00 5.535125752006668504e-05
2.497050147492625438e+00 5.029049263100734539e-05
2.498525073746312941e+00 4.566957978725949557e-05
2.500000000000000000e+00 4.145246513800600156e-05
2.501474926253687059e+00 3.760585127520215434e-05
2.502949852507374562e+00 3.409900388286747722e-05
2.504424778761062065e+00 3.090357049760422085e-05
2.505899705014749124e+00 2.799341073729259464e-05
2.507374631268436627e+00 2.534443738014836506e-05
2.508849557522124130e+00 2.293446770133186413e-05
2.510324483775811188e+00 2.074308449894099427e-05
2.511799410029498247e+00 1.875150626537625724e-05
2.513274336283185750e+00 1.694246598374216428e-05
2.514749262536873253e+00 1.530009805227126101e-05
2.516224188790560312e+00 1.380983286223543905e-05
2.517699115044247815e+00 1.245829857709031323e-05
2.519174041297935318e+00 1.123322968194694966e-05
2.520648967551622377e+00 1.012338189343825886e-05
2.522123893805309436e+00 9.118453040249271564e-06
2.523598820058996939e+00 8.209009544224257464e-06
2.525073746312684442e+00 7.386418150899949744e-06
2.526548672566371501e+00 6.642782576627591761e-06
2.528023598820059004e+00 5.970884757093302749e-06
2.529498525073746507e+00 5.364130399035069569e-06
2.530973451327433565e+00 4.816498553249716862e-06
2.532448377581120624e+00 4.322494942719890955e-06
2.533923303834808127e+00 3.877108794653868817e-06
2.535398230088495630e+00 3.475772939669303010e-06
2.536873156342182689e+00 3.114326955089017691e-06
2.538348082595870192e+00 2.788983142486669919e-06
2.539823008849557695e+00 2.496295142135609220e-06
2.541297935103244754e+00 2.233128998995900898e-06
2.542772861356931813e+00 1.996636506233268369e-06
2.544247787610619760e+00 1.784230663089292049e-06
2.545722713864306819e+00 1.593563094201242995e-06
2.547197640117993878e+00 1.422503287202380627e-06
2.548672566371681381e+00 1.269119514694853005e-06
2.550147492625368884e+00 1.131661315406340196e-06
2.551622418879055942e+00 1.008543417634164049e-06
2.553097345132743445e+00 8.983309958773852421e-07
2.554572271386430948e+00 7.997261589439396190e-07
2.556047197640118007e+00 7.115555747608615184e-07
2.557522123893805066e+00 6.327591436717935013e-07
2.558997050147492569e+00 5.623796381629830566e-07
2.560471976401180072e+00 4.995532327523125559e-07
2.561946902654867131e+00 4.435008532144981682e-07
2.563421828908554634e+00 3.935202794204963236e-07
2.564896755162242137e+00 3.489789408506859473e-07
2.566371681415929196e+00 3.093073483228942766e-07
2.567846607669616255e+00 2.739931096671261491e-07
2.569321533923303758e+00 2.425754809969339635e-07
2.570796460176991260e+00 2.146404088858235549e-07
2.572271386430678319e+00 1.898160221721418814e-07
2.573746312684365822e+00 1.677685352969533457e-07
2.575221238938053325e+00 1.481985280455585381e-07
2.576696165191740384e+00 1.308375693195419832e-07
2.578171091445427443e+00 1.154451551333410173e-07
2.579646017699114946e+00 1.018059334091573597e-07
2.581120943952802449e+00 8.972719035740747881e-08
2.582595870206489508e+00 7.903657527879337894e-08
2.584070796460177011e+00 6.958004252479107975e-08
2.585545722713864514e+00 6.121999111174144208e-08
2.587020648967551573e+00 5.383358411061330193e-08
2.588495575221238632e+00 4.731123143768321559e-08
2.589970501474926134e+00 4.155522106008074659e-08
2.591445427728613637e+00 3.647848491038721287e-08
2.592920353982300696e+00 3.200348698570601312e-08
2.594395280235988199e+00 2.806122219383326626e-08
2.595870206489675702e+00 2.459031551028835018e-08
2.597345132743362761e+00 2.153621193024976815e-08
2.598820058997049820e+00 1.885044854511894610e-08
2.600294985250737767e+00 1.649000084991097075e-08
2.601769911504424826e+00 1.441669609977852411e-08
2.603244837758111885e+00 1.259668718681447116e-08
2.604719764011799388e+00 1.099998110602963861e-08
2.606194690265486891e+00 9.600016626603769891e-09
2.607669616519173950e+00 8.373286284589430182e-09
2.609144542772861008e+00 7.298998270346093681e-09
2.610619469026548956e+00 6.358774201148241719e-09
2.612094395280236014e+00 5.536379149977772832e-09
2.613569321533923073e+00 4.817480648345097380e-09
2.615044247787610576e+00 4.189433696883252540e-09
2.616519174041298079e+00 3.641089104895492275e-09
2.617994100294985138e+00 3.162622741418493763e-09
2.619469026548672641e+00 2.745383517811002425e-09
2.620943952802360144e+00 2.381758137484882736e-09
2.622418879056047203e+00 2.065050843936915706e-09
2.623893805309734262e+00 1.789376575508811018e-09
2.625368731563421765e+00 1.549566095843329796e-09
2.626843657817109268e+00 1.341081814294910217e-09
2.628318584070796327e+00 1.159943141939576984e-09
2.629793510324483830e+00 1.002660347550366900e-09
2.631268436578171332e+00 8.661759850866606143e-10
2.632743362831858391e+00 7.478130609519214227e-10
2.634218289085545450e+00 6.452291964503712336e-10
2.635693215339232953e+00 5.563761193986701759e-10
2.637168141592920456e+00 4.794638895271546891e-10
2.638643067846607515e+00 4.129293258762528768e-10
2.640117994100295018e+00 3.554081615194014233e-10
2.641592920353982521e+00 3.057105022470504299e-10
2.643067846607669580e+00 2.627992118775582932e-10
2.644542772861356639e+00 2.257708881355159479e-10
2.646017699115044142e+00 1.938391300142767511e-10
2.647492625368731645e+00 1.663198306445732991e-10
2.648967551622418704e+00 1.426182593028207451e-10
2.650442477876106206e+00 1.222177226631261231e-10
2.651917404129793709e+00 1.046696190374691155e-10
2.653392330383480768e+00 8.958472044945215303e-11
2.654867256637167827e+00 7.662553620350323883e-11
2.656342182890855330e+00 6.549962837894596448e-11
2.657817109144542833e+00 5.595376460956869598e-11
2.659292035398229892e+00 4.776880679354828492e-11
2.660766961651917395e+00 4.075524618946288128e-11
2.662241887905604898e+00 3.474930584682470032e-11
2.663716814159291957e+00 2.960954063380952909e-11
2.665191740412979016e+00 2.521387338685696221e-11
2.666666666666666963e+00 2.145701302993539877e-11
2.668141592920354022e+00 1.824820699695750746e-11
2.669616519174041080e+00 1.550928603068480903e-11
2.671091445427728583e+00 1.317296450735095076e-11
2.672566371681416086e+00 1.118136392123422651e-11
2.674041297935103145e+00 9.484731123777828487e-12
2.675516224188790648e+00 8.040326405829217581e-12
2.676991150442478151e+00 6.811459591915371266e-12
2.678466076696165210e+00 5.766655029112383692e-12
2.679941002949852269e+00 4.878928741707049653e-12
2.681415929203539772e+00 4.125163123872959095e-12
2.682890855457227275e+00 3.485566389236338535e-12
2.684365781710914334e+00 2.943205617932815865e-12
2.685840707964601837e+00 2.483603664995162987e-12
2.687315634218289340e+00 2.094391441899318837e-12
2.688790560471976399e+00 1.765008176607451366e-12
2.690265486725663457e+00 1.486443214877192793e-12
2.691740412979350960e+00 1.251013763245308199e-12
2.693215339233038463e+00 1.052173706332108851e-12
2.694690265486725522e+00 8.843492707799556938e-13
2.696165191740413025e+00 7.427978664566588234e-13
2.697640117994100528e+00 6.234869225224019559e-13
2.699115044247787587e+00 5.229899603627005567e-13
2.700589970501474646e+00 4.383975149729173871e-13
2.702064896755162149e+00 3.672408379939055725e-13
2.703539823008849652e+00 3.074265952361005376e-13
2.705014749262536711e+00 2.571810144943825901e-13
2.706489675516224214e+00 2.150021503867698149e-13
2.707964601769911717e+00 1.796191159380386020e-13
2.709439528023598776e+00 1.499572892404956457e-13
2.710914454277285834e+00 1.251086409156819724e-13
2.712389380530973337e+00 1.043064470047562775e-13
2.713864306784660840e+00 8.690375475038769837e-14
2.715339233038347899e+00 7.235505759561744262e-14
2.716814159292035402e+00 6.020071245820652112e-14
2.718289085545722905e+00 5.005369854434642664e-14
2.719764011799409964e+00 4.158837404422523863e-14
2.721238938053097023e+00 3.453093622443628638e-14
2.722713864306784526e+00 2.865133275945821938e-14
2.724188790560472029e+00 2.375640855221698873e-14
2.725663716814159088e+00 1.968410358475485975e-14
2.727138643067846591e+00 1.629854421292584645e-14
2.728613569321534094e+00 1.348589337945153075e-14
2.730088495575221152e+00 1.115084499286781336e-14
2.731563421828908211e+00 9.213664661842107619e-15
2.733038348082596158e+00 7.607693478253479840e-15
2.734513274336283217e+00 6.277243950175191311e-15
2.735988200589970276e+00 5.175827791749351849e-15
2.737463126843657779e+00 4.264664335505541678e-15
2.738938053097345282e+00 3.511426063753103048e-15
2.740412979351032341e+00 2.889184348494775047e-15
2.741887905604719844e+00 2.375524107112108853e-15
2.743362831858407347e+00 1.951800864286308196e-15
2.744837758112094406e+00 1.602517779984755323e-15
2.746312684365781465e+00 1.314803662751122941e-15
2.747787610619468968e+00 1.077975925986839907e-15
2.749262536873156471e+00 8.831749390081249614e-16
2.750737463126843529e+00 7.230583398142529005e-16
2.752212389380531032e+00 5.915456689552561928e-16
2.753687315634218535e+00 4.836052016204281363e-16
2.755162241887905594e+00 3.950761391876627493e-16
2.756637168141592653e+00 3.225204070759124581e-16
2.758112094395280156e+00 2.630992227843150525e-16
2.759587020648967659e+00 2.144703720423538279e-16
2.761061946902654718e+00 1.747027838114658976e-16
2.762536873156342221e+00 1.422055450240939428e-16
2.764011799410029724e+00 1.156689591891240616e-16
2.765486725663716783e+00 9.401564275732018339e-17
2.766961651917403842e+00 7.635998081619920133e-17
2.768436578171091345e+00 6.197453894049264783e-17
2.769911504424778848e+00 5.026225906481601156e-17
2.771386430678465906e+00 4.073346101499895629e-17
2.772861356932153409e+00 3.298683371577905147e-17
2.774336283185840912e+00 2.669373606169275548e-17
2.775811209439527971e+00 2.158524119816753063e-17
2.777286135693215030e+00 1.744145306291264694e-17
2.778761061946902533e+00 1.408270347904731242e-17
2.780235988200590036e+00 1.136230439675463057e-17
2.781710914454277095e+00 9.160585176989073061e-18
2.783185840707964598e+00 7.379990889567410203e-18
2.784660766961652101e+00 5.941055963850636047e-18
2.786135693215339160e+00 4.779099448954087050e-18
2.787610619469026219e+00 3.841514673387045356e-18
2.789085545722714166e+00 3.085548132255794765e-18
2.790560471976401224e+00 2.476480720192333365e-18
2.792035398230088283e+00 1.986139595044557383e-18
2.793510324483775786e+00 1.591681524205239450e-18
2.794985250737463289e+00 1.274598969420362493e-18
2.796460176991150348e+00 1.019908772266147578e-18
2.797935103244837407e+00 8.154904159498939987e-19
2.799410029498525354e+00 6.515467138424749551e-19
2.800884955752212413e+00 5.201646228891844089e-19
2.802359882005899472e+00 4.149578770551991449e-19
2.803834808259586975e+00 3.307764287944901391e-19
2.805309734513274478e+00 2.634703970405866387e-19
2.806784660766961537e+00 2.096984495243586910e-19
2.808259587020649040e+00 1.667723792588605541e-19
2.809734513274336543e+00 1.325311393336890389e-19
2.811209439528023601e+00 1.052388343470843258e-19
2.812684365781710660e+00 8.350217852872541603e-20
2.814159292035398163e+00 6.620375928644715799e-20
2.815634218289085666e+00 5.244812309491924271e-20
2.817109144542772725e+00 4.151825520603022695e-20
2.818584070796460228e+00 3.284047775455971173e-20
2.820058997050147731e+00 2.595616071671252264e-20
2.821533923303834790e+00 2.049894188158805604e-20
2.823008849557521849e+00 1.617639787987069031e-20
2.824483775811209352e+00 1.275530853814073173e-20
2.825958702064896855e+00 1.004981973454598582e-20
2.827433628318583914e+00 7.911942365177217662e-21
2.828908554572271417e+00 6.223932600498630417e-21
2.830383480825958920e+00 4.892185912299520613e-21
2.831858407079645978e+00 3.842348142951505436e-21
2.833333333333333037e+00 3.015404244376907925e-21
2.834808259587020540e+00 2.364551744642827661e-21
2.836283185840708043e+00 1.852703554771165553e-21
2.837758112094395102e+00 1.450495078201050370e-21
2.839233038348082605e+00 1.134695091776316983e-21
2.840707964601770108e+00 8.869396384489759783e-22
2.842182890855457167e+00 6.927241093998830697e-22
2.843657817109144226e+00 5.406015294814896699e-22
2.845132743362831729e+00 4.215453894380948696e-22
2.846607669616519232e+00 3.284436736565785482e-22
2.848082595870206291e+00 2.556974042410080381e-22
2.849557522123893794e+00 1.989023775647724691e-22
2.851032448377581296e+00 1.545970642949870201e-22
2.852507374631268355e+00 1.200630852647878402e-22
2.853982300884955414e+00 9.316743071240608899e-23
2.855457227138643361e+00 7.223779425789458850e-23
2.856932153392330420e+00 5.596415433751204638e-23
2.858407079646017479e+00 4.332114229842976869e-23
2.859882005899704982e+00 3.350685849596452853e-23
2.861356932153392485e+00 2.589469224362195399e-23
2.862831858407079544e+00 1.999541389934458798e-23
2.864306784660767047e+00 1.542737429987811539e-23
2.865781710914454550e+00 1.189309750271488961e-23
2.867256637168141609e+00 9.160910859922253005e-24
2.868731563421828668e+00 7.050540639435272520e-24
2.870206489675516170e+00 5.421826771407014179e-24
2.871681415929203673e+00 4.165888851969273723e-24
2.873156342182890732e+00 3.198216882126096004e-24
2.874631268436578235e+00 2.453272011646567936e-24
2.876106194690265738e+00 1.880270898298133036e-24
2.877581120943952797e+00 1.439897039934485416e-24
2.879056047197639856e+00 1.101737455688518841e-24
2.880530973451327359e+00 8.422864548972090106e-25
2.882005899705014862e+00 6.433923776489415185e-25
2.883480825958701921e+00 4.910500545472077108e-25
2.884955752212389424e+00 3.744628494634412933e-25
2.886430678466076927e+00 2.853147327314126390e-25
2.887905604719763986e+00 2.172058447269560263e-25
2.889380530973451044e+00 1.652152110483666707e-25
2.890855457227138547e+00 1.255622607816708163e-25
2.892330383480826050e+00 9.534505223650551253e-26
2.893805309734513109e+00 7.233799947105415466e-26
2.895280235988200612e+00 5.483571200102834475e-26
2.896755162241888115e+00 4.153254075884554720e-26
2.898230088495575174e+00 3.142974760574188381e-26
2.899705014749262233e+00 2.376402644313701403e-26
2.901179941002949736e+00 1.795251339871141812e-26
2.902654867256637239e+00 1.355051963259828375e-26
2.904129793510324298e+00 1.021907192277888130e-26
2.905604719764011801e+00 7.700007268661408700e-27
2.907079646017699304e+00 5.796880464061524635e-27
2.908554572271386363e+00 4.360340873437228455e-27
2.910029498525073421e+00 3.276942207003504396e-27
2.911504424778760924e+00 2.460586977210871750e-27
2.912979351032448427e+00 1.845991148116304592e-27
2.914454277286135486e+00 1.383696415273287795e-27
2.915929203539822989e+00 1.036267028663383804e-27
2.917404129793510492e+00 7.753924377590835711e-28
2.918879056047197551e+00 5.796819953016795739e-28
2.920353982300884610e+00 4.329879241908123517e-28
2.921828908554572557e+00 3.231311538550255460e-28
2.923303834808259616e+00 2.409341186095994235e-28
2.924778761061946675e+00 1.794872299998102925e-28
2.926253687315634178e+00 1.335930711016504088e-28
2.927728613569321681e+00 9.934563509003631534e-29
2.929203539823008740e+00 7.381208531115083634e-29
2.930678466076696242e+00 5.479227547756216916e-29
2.932153392330383745e+00 4.063719511486680517e-29
2.933628318584070804e+00 3.011202661961193297e-29
2.935103244837757863e+00 2.229294625055200742e-29
2.936578171091445366e+00 1.648942535885248658e-29
2.938053097345132869e+00 1.218578437485667562e-29
2.939528023598819928e+00 8.997269286259409025e-30
2.941002949852507431e+00 6.637072422938797887e-30
2.942477876106194934e+00 4.891593364884018555e-30
2.943952802359881993e+00 3.601898210932365177e-30
2.945427728613569052e+00 2.649837036535218906e-30
2.946902654867256555e+00 1.947658820358141809e-30
2.948377581120944058e+00 1.430249903595322961e-30
2.949852507374631116e+00 1.049338589024734996e-30
2.951327433628318619e+00 7.691718387996253212e-31
2.952802359882006122e+00 5.632931401553721285e-31
2.954277286135693181e+00 4.121433024263732621e-31
2.955752212389380240e+00 3.012756756269171444e-31
2.957227138643067743e+00 2.200296813342882847e-31
2.958702064896755246e+00 1.605458887624109482e-31
2.960176991150442305e+00 1.170353787988973670e-31
2.961651917404129808e+00 8.523825257687677669e-32
2.963126843657817311e+00 6.202269673732235488e-32
2.964601769911504370e+00 4.508840011478184942e-32
2.966076696165191429e+00 3.274736913432864803e-32
2.967551622418878932e+00 2.376209631791868940e-32
2.969026548672566435e+00 1.722618756628434229e-32
2.970501474926253493e+00 1.247639196839286023e-32
2.971976401179940996e+00 9.027834804519343223e-33
2.973451327433628499e+00 6.526378930492576771e-33
2.974926253687315558e+00 4.713618089997910840e-33
2.976401179941002617e+00 3.401177171293295341e-33
2.977876106194690564e+00 2.451863056125389314e-33
2.979351032448377623e+00 1.765853165288410508e-33
2.980825958702064682e+00 1.270584996421522460e-33
2.982300884955752185e+00 9.133620134280801318e-34
2.983775811209439688e+00 6.559512858073228284e-34
2.985250737463126747e+00 4.706401573078465861e-34
2.986725663716813806e+00 3.373606729583228608e-34
2.988200589970501753e+00 2.415946645814731530e-34
2.989675516224188812e+00 1.728490369137868903e-34
2.991150442477875870e+00 1.235471292125224716e-34
2.992625368731563373e+00 8.822339181723985323e-35
2.994100294985250876e+00 6.293896087575665066e-35
2.995575221238937935e+00 4.485795175338740233e-35
2.997050147492625438e+00 3.194057210573110889e-35
2.998525073746312941e+00 2.272106314776863244e-35
3.000000000000000000e+00 1.614717824293788323e-35
