1.000000000000000000e+00 1.579238138160046790e-06
1.001474926253687281e+00 1.587047386450539744e-06
1.002949852507374562e+00 1.595034168507453880e-06
1.004424778761061843e+00 1.603200748870373492e-06
1.005899705014749346e+00 1.611549448812440079e-06
1.007374631268436627e+00 1.620082647393629133e-06
1.008849557522123908e+00 1.628802782542322698e-06
1.010324483775811188e+00 1.637712352166418602e-06
1.011799410029498469e+00 1.646813915294000293e-06
1.013274336283185750e+00 1.656110093245063140e-06
1.014749262536873253e+00 1.665603570834023810e-06
1.016224188790560534e+00 1.675297097604689864e-06
1.017699115044247815e+00 1.685193489097923541e-06
1.019174041297935096e+00 1.695295628152703222e-06
1.020648967551622377e+00 1.705606466241836141e-06
1.022123893805309658e+00 1.716129024842762216e-06
1.023598820058996939e+00 1.726866396844298943e-06
1.025073746312684442e+00 1.737821747990580803e-06
1.026548672566371723e+00 1.748998318362401502e-06
1.028023598820059004e+00 1.760399423897760518e-06
1.029498525073746285e+00 1.772028457951705819e-06
1.030973451327433565e+00 1.783888892897082773e-06
1.032448377581120846e+00 1.795984281766749984e-06
1.033923303834808349e+00 1.808318259938631904e-06
1.035398230088495630e+00 1.820894546864362945e-06
1.036873156342182911e+00 1.833716947842918989e-06
1.038348082595870192e+00 1.846789355840060673e-06
1.039823008849557473e+00 1.860115753354957901e-06
1.041297935103244754e+00 1.873700214334923059e-06
1.042772861356932257e+00 1.887546906139965244e-06
1.044247787610619538e+00 1.901660091557651879e-06
1.045722713864306819e+00 1.916044130870473469e-06
1.047197640117994100e+00 1.930703483976031862e-06
1.048672566371681381e+00 1.945642712562409536e-06
1.050147492625368661e+00 1.960866482339336545e-06
1.051622418879055942e+00 1.976379565326995087e-06
1.053097345132743445e+00 1.992186842203829670e-06
1.054572271386430726e+00 2.008293304714813394e-06
1.056047197640118007e+00 2.024704058141964808e-06
1.057522123893805288e+00 2.041424323838398595e-06
1.058997050147492569e+00 2.058459441827718910e-06
1.060471976401179850e+00 2.075814873470649780e-06
1.061946902654867353e+00 2.093496204199978278e-06
1.063421828908554634e+00 2.111509146326844986e-06
1.064896755162241915e+00 2.129859541918452030e-06
1.066371681415929196e+00 2.148553365751035933e-06
1.067846607669616477e+00 2.167596728338485586e-06
1.069321533923303758e+00 2.186995879039232411e-06
1.070796460176991260e+00 2.206757209244073267e-06
1.072271386430678541e+00 2.226887255645430053e-06
1.073746312684365822e+00 2.247392703592271027e-06
1.075221238938053103e+00 2.268280390531003014e-06
1.076696165191740384e+00 2.289557309536097001e-06
1.078171091445427665e+00 2.311230612932057771e-06
1.079646017699114946e+00 2.333307616009283330e-06
1.081120943952802449e+00 2.355795800836374702e-06
1.082595870206489730e+00 2.378702820171689605e-06
1.084070796460177011e+00 2.402036501476388899e-06
1.085545722713864292e+00 2.425804851031827314e-06
1.087020648967551573e+00 2.450016058164548285e-06
1.088495575221238854e+00 2.474678499580797611e-06
1.089970501474926134e+00 2.499800743814578482e-06
1.091445427728613637e+00 2.525391555791556061e-06
1.092920353982300918e+00 2.551459901512148906e-06
1.094395280235988199e+00 2.578014952857410111e-06
1.095870206489675480e+00 2.605066092520257038e-06
1.097345132743362761e+00 2.632622919066051867e-06
1.098820058997050264e+00 2.660695252126130754e-06
1.100294985250737545e+00 2.689293137726952699e-06
1.101769911504424826e+00 2.718426853760157850e-06
1.103244837758112107e+00 2.748106915595585911e-06
1.104719764011799388e+00 2.778344081842706584e-06
1.106194690265486669e+00 2.809149360263184822e-06
1.107669616519173950e+00 2.840534013840110343e-06
1.109144542772861453e+00 2.872509567006909779e-06
1.110619469026548733e+00 2.905087812040918236e-06
1.112094395280236014e+00 2.938280815626308300e-06
1.113569321533923295e+00 2.972100925590735348e-06
1.115044247787610576e+00 3.006560777820324791e-06
1.116519174041297857e+00 3.041673303358413802e-06
1.117994100294985138e+00 3.077451735692655805e-06
1.119469026548672641e+00 3.113909618236161580e-06
1.120943952802359922e+00 3.151060812007442807e-06
1.122418879056047203e+00 3.188919503515371473e-06
1.123893805309734484e+00 3.227500212853912910e-06
1.125368731563421765e+00 3.266817802013879687e-06
1.126843657817109268e+00 3.306887483415978372e-06
1.128318584070796549e+00 3.347724828672783030e-06
1.129793510324483830e+00 3.389345777585393608e-06
1.131268436578171110e+00 3.431766647381119660e-06
1.132743362831858391e+00 3.475004142199579351e-06
1.134218289085545672e+00 3.519075362833125189e-06
1.135693215339232953e+00 3.563997816730384873e-06
1.137168141592920456e+00 3.609789428268084997e-06
1.138643067846607737e+00 3.656468549301028947e-06
1.140117994100295018e+00 3.704053969995697846e-06
1.141592920353982299e+00 3.752564929957768972e-06
1.143067846607669580e+00 3.802021129659764624e-06
1.144542772861356861e+00 3.852442742178912833e-06
1.146017699115044142e+00 3.903850425253037607e-06
1.147492625368731645e+00 3.956265333663213305e-06
1.148967551622418926e+00 4.009709131953632150e-06
1.150442477876106206e+00 4.064204007497303857e-06
1.151917404129793487e+00 4.119772683917122425e-06
1.153392330383480768e+00 4.176438434873416990e-06
1.154867256637168049e+00 4.234225098227443841e-06
1.156342182890855330e+00 4.293157090592082617e-06
1.157817109144542833e+00 4.353259422280054371e-06
1.159292035398230114e+00 4.414557712662068021e-06
1.160766961651917395e+00 4.477078205945653323e-06
1.162241887905604676e+00 4.540847787386791268e-06
1.163716814159291957e+00 4.605893999947170201e-06
1.165191740412979460e+00 4.672245061409414867e-06
1.166666666666666741e+00 4.739929881963124323e-06
1.168141592920354022e+00 4.808978082276517231e-06
1.169616519174041303e+00 4.879420012065134707e-06
1.171091445427728583e+00 4.951286769175079275e-06
1.172566371681415864e+00 5.024610219192010556e-06
1.174041297935103145e+00 5.099423015594818713e-06
1.175516224188790648e+00 5.175758620465413148e-06
1.176991150442477929e+00 5.253651325774984033e-06
1.178466076696165210e+00 5.333136275259659012e-06
1.179941002949852491e+00 5.414249486904781874e-06
1.181415929203539772e+00 5.497027876054962229e-06
1.182890855457227053e+00 5.581509279166955423e-06
1.184365781710914334e+00 5.667732478225071304e-06
1.185840707964601837e+00 5.755737225838330154e-06
1.187315634218289118e+00 5.845564271037781140e-06
1.188790560471976399e+00 5.937255385796234836e-06
1.190265486725663679e+00 6.030853392289234280e-06
1.191740412979350960e+00 6.126402190920634198e-06
1.193215339233038463e+00 6.223946789133714350e-06
1.194690265486725744e+00 6.323533331031699777e-06
1.196165191740413025e+00 6.425209127830262208e-06
1.197640117994100306e+00 6.529022689166422613e-06
1.199115044247787587e+00 6.635023755289912154e-06
1.200589970501474868e+00 6.743263330160968502e-06
1.202064896755162149e+00 6.853793715482531476e-06
1.203539823008849652e+00 6.966668545693204428e-06
1.205014749262536933e+00 7.081942823949362920e-06
1.206489675516224214e+00 7.199672959125552863e-06
1.207964601769911495e+00 7.319916803862550663e-06
1.209439528023598776e+00 7.442733693694489141e-06
1.210914454277286056e+00 7.568184487285250172e-06
1.212389380530973337e+00 7.696331607808736360e-06
1.213864306784660840e+00 7.827239085504610142e-06
1.215339233038348121e+00 7.960972601445765191e-06
1.216814159292035402e+00 8.097599532551363159e-06
1.218289085545722683e+00 8.237188997883213422e-06
1.219764011799409964e+00 8.379811906264494930e-06
1.221238938053097467e+00 8.525541005255177497e-06
1.222713864306784748e+00 8.674450931531550978e-06
1.224188790560472029e+00 8.826618262703057546e-06
1.225663716814159310e+00 8.982121570615299181e-06
1.227138643067846591e+00 9.141041476179618758e-06
1.228613569321533872e+00 9.303460705776097351e-06
1.230088495575221152e+00 9.469464149274497969e-06
1.231563421828908655e+00 9.639138919724631608e-06
1.233038348082595936e+00 9.812574414760110019e-06
1.234513274336283217e+00 9.989862379772441388e-06
1.235988200589970498e+00 1.017109697290305352e-05
1.237463126843657779e+00 1.035637483191007711e-05
1.238938053097345060e+00 1.054579514296305895e-05
1.240412979351032341e+00 1.073945971142596473e-05
1.241887905604719844e+00 1.093747303468568006e-05
1.243362831858407125e+00 1.113994237708533745e-05
1.244837758112094406e+00 1.134697784702858710e-05
1.246312684365781687e+00 1.155869247631654150e-05
1.247787610619468968e+00 1.177520230178611531e-05
1.249262536873156249e+00 1.199662644931529379e-05
1.250737463126843529e+00 1.222308722026944513e-05
1.252212389380531032e+00 1.245471018045990885e-05
1.253687315634218313e+00 1.269162425168695277e-05
1.255162241887905594e+00 1.293396180595056198e-05
1.256637168141592875e+00 1.318185876240341222e-05
1.258112094395280156e+00 1.343545468713022962e-05
1.259587020648967659e+00 1.369489289583614107e-05
1.261061946902654940e+00 1.396032055953460540e-05
1.262536873156342221e+00 1.423188881332196996e-05
1.264011799410029502e+00 1.450975286832992537e-05
1.265486725663716783e+00 1.479407212695534077e-05
1.266961651917404064e+00 1.508501030146065504e-05
1.268436578171091345e+00 1.538273553605097726e-05
1.269911504424778848e+00 1.568742053252710297e-05
1.271386430678466128e+00 1.599924267962435516e-05
1.272861356932153409e+00 1.631838418615011915e-05
1.274336283185840690e+00 1.664503221802788482e-05
1.275811209439527971e+00 1.697937903937328096e-05
1.277286135693215474e+00 1.732162215771414375e-05
1.278761061946902533e+00 1.767196447348803724e-05
1.280235988200590036e+00 1.803061443393925954e-05
1.281710914454277317e+00 1.839778619155155466e-05
1.283185840707964598e+00 1.877369976715080493e-05
1.284660766961651879e+00 1.915858121781821328e-05
1.286135693215339160e+00 1.955266280976279561e-05
1.287610619469026663e+00 1.995618319629570181e-05
1.289085545722713722e+00 2.036938760106739627e-05
1.290560471976401224e+00 2.079252800671849033e-05
1.292035398230088505e+00 2.122586334911670956e-05
1.293510324483775786e+00 2.166965971733845542e-05
1.294985250737463067e+00 2.212419055957632463e-05
1.296460176991150348e+00 2.258973689514785766e-05
1.297935103244837851e+00 2.306658753278832300e-05
1.299410029498525132e+00 2.355503929542067439e-05
1.300884955752212413e+00 2.405539725159475391e-05
1.302359882005899694e+00 2.456797495380003889e-05
1.303834808259586975e+00 2.509309468385767657e-05
1.305309734513274256e+00 2.563108770560619087e-05
1.306784660766961537e+00 2.618229452510211614e-05
1.308259587020649040e+00 2.674706515855845997e-05
1.309734513274336321e+00 2.732575940826225018e-05
1.311209439528023601e+00 2.791874714670848436e-05
1.312684365781710882e+00 2.852640860919192364e-05
1.314159292035398163e+00 2.914913469512925162e-05
1.315634218289085666e+00 2.978732727835528996e-05
1.317109144542772725e+00 3.044139952668278629e-05
1.318584070796460228e+00 3.111177623099647960e-05
1.320058997050147509e+00 3.179889414416310519e-05
1.321533923303834790e+00 3.250320233007717542e-05
1.323008849557522071e+00 3.322516252312169796e-05
1.324483775811209352e+00 3.396524949837952779e-05
1.325958702064896855e+00 3.472395145290758266e-05
1.327433628318584136e+00 3.550177039841521205e-05
1.328908554572271417e+00 3.629922256569637469e-05
1.330383480825958697e+00 3.711683882115502758e-05
1.331858407079645978e+00 3.795516509580667321e-05
1.333333333333333259e+00 3.881476282712562233e-05
1.334808259587020540e+00 3.969620941412850844e-05
1.336283185840708043e+00 4.060009868608762637e-05
1.337758112094395324e+00 4.152704138530061319e-05
1.339233038348082605e+00 4.247766566433056886e-05
1.340707964601769886e+00 4.345261759815239157e-05
1.342182890855457167e+00 4.445256171167142603e-05
1.343657817109144670e+00 4.547818152305589169e-05
1.345132743362831729e+00 4.653018010338536779e-05
1.346607669616519232e+00 4.760928065309310929e-05
1.348082595870206513e+00 4.871622709571180255e-05
1.349557522123893794e+00 4.985178468945243417e-05
1.351032448377581074e+00 5.101674065715007327e-05
1.352507374631268355e+00 5.221190483513083152e-05
1.353982300884955858e+00 5.343811034157209383e-05
1.355457227138643139e+00 5.469621426495334740e-05
1.356932153392330420e+00 5.598709837318620878e-05
1.358407079646017701e+00 5.731166984406650645e-05
1.359882005899704982e+00 5.867086201768139639e-05
1.361356932153392263e+00 6.006563517143464933e-05
1.362831858407079544e+00 6.149697731838248127e-05
1.364306784660767047e+00 6.296590502956156507e-05
1.365781710914454328e+00 6.447346428105709911e-05
1.367256637168141609e+00 6.602073132654133958e-05
1.368731563421828890e+00 6.760881359605738089e-05
1.370206489675516170e+00 6.923885062182744100e-05
1.371681415929203673e+00 7.091201499191722782e-05
1.373156342182890732e+00 7.262951333257231673e-05
1.374631268436578235e+00 7.439258732012626429e-05
1.376106194690265516e+00 7.620251472330729790e-05
1.377581120943952797e+00 7.806061047693172317e-05
1.379056047197640078e+00 7.996822778787289162e-05
1.380530973451327359e+00 8.192675927429431766e-05
1.382005899705014862e+00 8.393763813914709442e-05
1.383480825958701921e+00 8.600233937895845611e-05
1.384955752212389424e+00 8.812238102897050867e-05
1.386430678466076705e+00 9.029932544570281401e-05
1.387905604719763986e+00 9.253478062809599683e-05
1.389380530973451267e+00 9.483040157835757465e-05
1.390855457227138547e+00 9.718789170371380066e-05
1.392330383480826050e+00 9.960900426028000980e-05
1.393805309734513331e+00 1.020955438403372699e-04
1.395280235988200612e+00 1.046493679042661412e-04
1.396755162241887893e+00 1.072723883585191974e-04
1.398230088495575174e+00 1.099665731809699152e-04
1.399705014749262455e+00 1.127339480950696087e-04
1.401179941002949736e+00 1.155765982942562662e-04
1.402654867256637239e+00 1.184966702181311548e-04
1.404129793510324520e+00 1.214963733819067091e-04
1.405604719764011801e+00 1.245779822607584453e-04
1.407079646017699082e+00 1.277438382306652037e-04
1.408554572271386363e+00 1.309963515674536201e-04
1.410029498525073866e+00 1.343380035057398746e-04
1.411504424778760924e+00 1.377713483595707018e-04
1.412979351032448427e+00 1.412990157066002764e-04
1.414454277286135708e+00 1.449237126376090611e-04
1.415929203539822989e+00 1.486482260734150649e-04
1.417404129793510270e+00 1.524754251510894161e-04
1.418879056047197551e+00 1.564082636814871240e-04
1.420353982300885054e+00 1.604497826803383276e-04
1.421828908554572335e+00 1.646031129748991393e-04
1.423303834808259616e+00 1.688714778884839831e-04
1.424778761061946897e+00 1.732581960051998639e-04
1.426253687315634178e+00 1.777666840171012797e-04
1.427728613569321459e+00 1.824004596563410542e-04
1.429203539823008740e+00 1.871631447147144246e-04
1.430678466076696242e+00 1.920584681531685173e-04
1.432153392330383523e+00 1.970902693039491751e-04
1.433628318584070804e+00 2.022625011680435978e-04
1.435103244837758085e+00 2.075792338107228978e-04
1.436578171091445366e+00 2.130446578580417116e-04
1.438053097345132869e+00 2.186630880972626563e-04
1.439528023598819928e+00 2.244389671841318372e-04
1.441002949852507431e+00 2.303768694602800499e-04
1.442477876106194712e+00 2.364815048837349729e-04
1.443952802359881993e+00 2.427577230760180811e-04
1.445427728613569274e+00 2.492105174890630291e-04
1.446902654867256555e+00 2.558450296954665050e-04
1.448377581120944058e+00 2.626665538056785032e-04
1.449852507374631339e+00 2.696805410156613136e-04
1.451327433628318619e+00 2.768926042889417933e-04
1.452802359882005900e+00 2.843085231767837314e-04
1.454277286135693181e+00 2.919342487804919080e-04
1.455752212389380462e+00 2.997759088599220097e-04
1.457227138643067743e+00 3.078398130924267940e-04
1.458702064896755246e+00 3.161324584863994011e-04
1.460176991150442527e+00 3.246605349539785743e-04
1.461651917404129808e+00 3.334309310473775522e-04
1.463126843657817089e+00 3.424507398634416195e-04
1.464601769911504370e+00 3.517272651213571347e-04
1.466076696165191873e+00 3.612680274181664626e-04
1.467551622418878932e+00 3.710807706674765357e-04
1.469026548672566435e+00 3.811734687261403168e-04
1.470501474926253715e+00 3.915543322145042366e-04
1.471976401179940996e+00 4.022318155355750170e-04
1.473451327433628277e+00 4.132146240986078810e-04
1.474926253687315558e+00 4.245117217529696479e-04
1.476401179941003061e+00 4.361323384381174742e-04
1.477876106194690120e+00 4.480859780557047613e-04
1.479351032448377623e+00 4.603824265700487178e-04
1.480825958702064904e+00 4.730317603431801322e-04
1.482300884955752185e+00 4.860443547112237015e-04
1.483775811209439466e+00 4.994308928086957150e-04
1.485250737463126747e+00 5.132023746472386171e-04
1.486725663716814250e+00 5.273701264565060611e-04
1.488200589970501531e+00 5.419458102937100077e-04
1.489675516224188812e+00 5.569414339296843187e-04
1.491150442477876092e+00 5.723693610187828833e-04
1.492625368731563373e+00 5.882423215604401642e-04
1.494100294985250654e+00 6.045734226604624695e-04
1.495575221238937935e+00 6.213761596000073450e-04
1.497050147492625438e+00 6.386644272206823836e-04
1.498525073746312719e+00 6.564525316344055209e-04
1.500000000000000000e+00 6.747552022667106233e-04
1.501474926253687281e+00 6.935876042423940336e-04
1.502949852507374562e+00 7.129653511229672646e-04
1.504424778761062065e+00 7.329045180049361882e-04
1.505899705014749124e+00 7.534216549889809081e-04
1.507374631268436627e+00 7.745338010296632736e-04
1.508849557522123908e+00 7.962584981757245143e-04
1.510324483775811188e+00 8.186138062114680725e-04
1.511799410029498469e+00 8.416183177098561768e-04
1.513274336283185750e+00 8.652911735079842591e-04
1.514749262536873253e+00 8.896520786161461443e-04
1.516224188790560312e+00 9.147213185716700874e-04
1.517699115044247815e+00 9.405197762496337027e-04
1.519174041297935096e+00 9.670689491415545951e-04
1.520648967551622377e+00 9.943909671148972243e-04
1.522123893805309880e+00 1.022508610665382508e-03
1.523598820058996939e+00 1.051445329674999566e-03
1.525073746312684442e+00 1.081225262688769720e-03
1.526548672566371723e+00 1.111873256723112805e-03
1.528023598820059004e+00 1.143414887619885511e-03
1.529498525073746285e+00 1.175876480959747901e-03
1.530973451327433565e+00 1.209285133548648316e-03
1.532448377581121068e+00 1.243668735492788708e-03
1.533923303834808127e+00 1.279055992875425402e-03
1.535398230088495630e+00 1.315476451052409717e-03
1.536873156342182911e+00 1.352960518579826273e-03
1.538348082595870192e+00 1.391539491791241642e-03
1.539823008849557473e+00 1.431245580039317835e-03
1.541297935103244754e+00 1.472111931618998431e-03
1.542772861356932257e+00 1.514172660388110993e-03
1.544247787610619316e+00 1.557462873103556160e-03
1.545722713864306819e+00 1.602018697489121556e-03
1.547197640117994100e+00 1.647877311053590069e-03
1.548672566371681381e+00 1.695076970676919273e-03
1.550147492625368884e+00 1.743657042982596668e-03
1.551622418879055942e+00 1.793658035515265483e-03
1.553097345132743445e+00 1.845121628742797107e-03
1.554572271386430726e+00 1.898090708901349578e-03
1.556047197640118007e+00 1.952609401704810590e-03
1.557522123893805288e+00 2.008723106936971450e-03
1.558997050147492569e+00 2.066478533948752031e-03
1.560471976401180072e+00 2.125923738079575371e-03
1.561946902654867131e+00 2.187108158025447436e-03
1.563421828908554634e+00 2.250082654174955562e-03
1.564896755162241915e+00 2.314899547934832092e-03
1.566371681415929196e+00 2.381612662067903938e-03
1.567846607669616477e+00 2.450277362065908342e-03
1.569321533923303758e+00 2.520950598579643851e-03
1.570796460176991260e+00 2.593690950931428710e-03
1.572271386430678319e+00 2.668558671731761922e-03
1.573746312684365822e+00 2.745615732626016138e-03
1.575221238938053103e+00 2.824925871193802694e-03
1.576696165191740384e+00 2.906554639028320706e-03
1.578171091445427665e+00 2.990569451018416838e-03
1.579646017699114946e+00 3.077039635860154623e-03
1.581120943952802449e+00 3.166036487824620219e-03
1.582595870206489508e+00 3.257633319805340426e-03
1.584070796460177011e+00 3.351905517676367560e-03
1.585545722713864292e+00 3.448930595982415987e-03
1.587020648967551573e+00 3.548788254993252844e-03
1.588495575221239076e+00 3.651560439147921895e-03
1.589970501474926134e+00 3.757331396914422809e-03
1.591445427728613637e+00 3.866187742098257940e-03
1.592920353982300918e+00 3.978218516621811682e-03
1.594395280235988199e+00 4.093515254809225630e-03
1.595870206489675480e+00 4.212172049202933533e-03
1.597345132743362761e+00 4.334285617938479253e-03
1.598820058997050264e+00 4.459955373714503610e-03
1.600294985250737323e+00 4.589283494379429312e-03
1.601769911504424826e+00 4.722374995169437845e-03
1.603244837758112107e+00 4.859337802627879122e-03
1.604719764011799388e+00 5.000282830234576391e-03
1.606194690265486669e+00 5.145324055776068391e-03
1.607669616519173950e+00 5.294578600488640888e-03
1.609144542772861453e+00 5.448166810003362073e-03
1.610619469026548511e+00 5.606212337125031191e-03
1.612094395280236014e+00 5.768842226475673005e-03
1.613569321533923295e+00 5.936187001032727610e-03
1.615044247787610576e+00 6.108380750595853760e-03
1.616519174041298079e+00 6.285561222209953836e-03
1.617994100294985138e+00 6.467869912576173705e-03
1.619469026548672641e+00 6.655452162485044586e-03
1.620943952802359922e+00 6.848457253299554577e-03
1.622418879056047203e+00 7.047038505519025338e-03
1.623893805309734484e+00 7.251353379455375420e-03
1.625368731563421765e+00 7.461563578053941569e-03
1.626843657817109268e+00 7.677835151886299586e-03
1.628318584070796327e+00 7.900338606346181403e-03
1.629793510324483830e+00 8.129249011079404605e-03
1.631268436578171110e+00 8.364746111676209239e-03
1.632743362831858391e+00 8.607014443653826855e-03
1.634218289085545672e+00 8.856243448762757611e-03
1.635693215339232953e+00 9.112627593637062998e-03
1.637168141592920456e+00 9.376366490826326325e-03
1.638643067846607515e+00 9.647665022226076595e-03
1.640117994100295018e+00 9.926733464941290414e-03
1.641592920353982299e+00 1.021378761960319362e-02
1.643067846607669580e+00 1.050904894117115664e-02
1.644542772861357083e+00 1.081274467223477219e-02
1.646017699115044142e+00 1.112510797884649731e-02
1.647492625368731645e+00 1.144637808890950313e-02
1.648967551622418926e+00 1.177680043312795584e-02
1.650442477876106206e+00 1.211662678856341782e-02
1.651917404129793487e+00 1.246611542479512773e-02
1.653392330383480768e+00 1.282553125271119164e-02
1.654867256637168271e+00 1.319514597595248390e-02
1.656342182890855330e+00 1.357523824501559971e-02
1.657817109144542833e+00 1.396609381403205764e-02
1.659292035398230114e+00 1.436800570024322071e-02
1.660766961651917395e+00 1.478127434616761243e-02
1.662241887905604676e+00 1.520620778448436225e-02
1.663716814159291957e+00 1.564312180563081495e-02
1.665191740412979460e+00 1.609234012812519807e-02
1.666666666666666519e+00 1.655419457161325797e-02
1.668141592920354022e+00 1.702902523264370610e-02
1.669616519174041303e+00 1.751718066317040079e-02
1.671091445427728583e+00 1.801901805178164964e-02
1.672566371681415864e+00 1.853490340764054820e-02
1.674041297935103145e+00 1.906521174714591663e-02
1.675516224188790648e+00 1.961032728328291480e-02
1.676991150442477707e+00 2.017064361766520569e-02
1.678466076696165210e+00 2.074656393525369305e-02
1.679941002949852491e+00 2.133850120170855541e-02
1.681415929203539772e+00 2.194687836338835712e-02
1.682890855457227275e+00 2.257212854994118667e-02
1.684365781710914334e+00 2.321469527946909417e-02
1.685840707964601837e+00 2.387503266624246487e-02
1.687315634218289118e+00 2.455360563090222548e-02
1.688790560471976399e+00 2.525089011315080623e-02
1.690265486725663679e+00 2.596737328683144941e-02
1.691740412979350960e+00 2.670355377740990868e-02
1.693215339233038463e+00 2.745994188175763726e-02
1.694690265486725522e+00 2.823705979019684384e-02
1.696165191740413025e+00 2.903544181075891351e-02
1.697640117994100306e+00 2.985563459556040550e-02
1.699115044247787587e+00 3.069819736925697914e-02
1.700589970501474868e+00 3.156370215947320451e-02
1.702064896755162149e+00 3.245273402914482935e-02
1.703539823008849652e+00 3.336589131067391190e-02
1.705014749262536711e+00 3.430378584181037471e-02
1.706489675516224214e+00 3.526704320317016611e-02
1.707964601769911495e+00 3.625630295725488367e-02
1.709439528023598776e+00 3.727221888891459750e-02
1.710914454277286278e+00 3.831545924707285833e-02
1.712389380530973337e+00 3.938670698765586731e-02
1.713864306784660840e+00 4.048666001754292615e-02
1.715339233038348121e+00 4.161603143943592986e-02
1.716814159292035402e+00 4.277554979748188907e-02
1.718289085545722683e+00 4.396595932351764213e-02
1.719764011799409964e+00 4.518802018376321533e-02
1.721238938053097467e+00 4.644250872580493045e-02
1.722713864306784526e+00 4.773021772568292187e-02
1.724188790560472029e+00 4.905195663494052449e-02
1.725663716814159310e+00 5.040855182737073031e-02
1.727138643067846591e+00 5.180084684536221534e-02
1.728613569321533872e+00 5.322970264553762709e-02
1.730088495575221152e+00 5.469599784353727789e-02
1.731563421828908655e+00 5.620062895770494560e-02
1.733038348082595714e+00 5.774451065143069994e-02
1.734513274336283217e+00 5.932857597392239557e-02
1.735988200589970498e+00 6.095377659915059143e-02
1.737463126843657779e+00 6.262108306269298375e-02
1.738938053097345282e+00 6.433148499623499161e-02
1.740412979351032341e+00 6.608599135942586078e-02
1.741887905604719844e+00 6.788563066877811858e-02
1.743362831858407125e+00 6.973145122337588708e-02
1.744837758112094406e+00 7.162452132698871043e-02
1.746312684365781687e+00 7.356592950636815786e-02
1.747787610619468968e+00 7.555678472528451484e-02
1.749262536873156471e+00 7.759821659407524497e-02
1.750737463126843529e+00 7.969137557425917673e-02
1.752212389380531032e+00 8.183743317788365335e-02
1.753687315634218313e+00 8.403758216124855573e-02
1.755162241887905594e+00 8.629303671258271857e-02
1.756637168141592875e+00 8.860503263329017054e-02
1.758112094395280156e+00 9.097482751235498599e-02
1.759587020648967659e+00 9.340370089349440963e-02
1.761061946902654718e+00 9.589295443458069335e-02
1.762536873156342221e+00 9.844391205894763297e-02
1.764011799410029502e+00 1.010579200980641912e-01
1.765486725663716783e+00 1.037363474251745271e-01
1.766961651917404064e+00 1.064805855793320710e-01
1.768436578171091345e+00 1.092920488794154460e-01
1.769911504424778848e+00 1.121721745275993387e-01
1.771386430678465906e+00 1.151224227017395713e-01
1.772861356932153409e+00 1.181442766361410629e-01
1.774336283185840690e+00 1.212392426902390158e-01
1.775811209439527971e+00 1.244088504045411242e-01
1.777286135693215474e+00 1.276546525433522872e-01
1.778761061946902533e+00 1.309782251236425443e-01
1.780235988200590036e+00 1.343811674295368463e-01
1.781710914454277317e+00 1.378651020117589998e-01
1.783185840707964598e+00 1.414316746715163220e-01
1.784660766961651879e+00 1.450825544280821833e-01
1.786135693215339160e+00 1.488194334695723264e-01
1.787610619469026663e+00 1.526440270861985915e-01
1.789085545722713722e+00 1.565580735853922267e-01
1.790560471976401224e+00 1.605633341881159415e-01
1.792035398230088505e+00 1.646615929056617078e-01
1.793510324483775786e+00 1.688546563963950198e-01
1.794985250737463067e+00 1.731443538016163297e-01
1.796460176991150348e+00 1.775325365598586780e-01
1.797935103244837851e+00 1.820210781990384830e-01
1.799410029498524910e+00 1.866118741056353170e-01
1.800884955752212413e+00 1.913068412702489673e-01
1.802359882005899694e+00 1.961079180087957063e-01
1.803834808259586975e+00 2.010170636585517090e-01
1.805309734513274478e+00 2.060362582485272820e-01
1.806784660766961537e+00 2.111675021431280164e-01
1.808259587020649040e+00 2.164128156586218321e-01
1.809734513274336321e+00 2.217742386515836328e-01
1.811209439528023601e+00 2.272538300784996412e-01
1.812684365781710882e+00 2.328536675259230138e-01
1.814159292035398163e+00 2.385758467103446800e-01
1.815634218289085666e+00 2.444224809470932624e-01
1.817109144542772725e+00 2.503957005873700958e-01
1.818584070796460228e+00 2.564976524229810040e-01
1.820058997050147509e+00 2.627304990576988519e-01
1.821533923303834790e+00 2.690964182447639907e-01
1.823008849557522071e+00 2.755976021895657491e-01
1.824483775811209352e+00 2.822362568171005726e-01
1.825958702064896855e+00 2.890146010031663937e-01
1.827433628318583914e+00 2.959348657688076201e-01
1.828908554572271417e+00 3.029992934371728008e-01
1.830383480825958697e+00 3.102101367522309694e-01
1.831858407079645978e+00 3.175696579585782775e-01
1.833333333333333481e+00 3.250801278416995399e-01
1.834808259587020540e+00 3.327438247280628536e-01
1.836283185840708043e+00 3.405630334444408325e-01
1.837758112094395324e+00 3.485400442357370898e-01
1.839233038348082605e+00 3.566771516408797638e-01
1.840707964601769886e+00 3.649766533260953572e-01
1.842182890855457167e+00 3.734408488751767563e-01
1.843657817109144670e+00 3.820720385358762350e-01
1.845132743362831729e+00 3.908725219224642999e-01
1.846607669616519232e+00 3.998445966734341384e-01
1.848082595870206513e+00 4.089905570643443955e-01
1.849557522123893794e+00 4.183126925750701441e-01
1.851032448377581074e+00 4.278132864114298495e-01
1.852507374631268355e+00 4.374946139803279066e-01
1.853982300884955858e+00 4.473589413188442943e-01
1.855457227138642917e+00 4.574085234762270136e-01
1.856932153392330420e+00 4.676456028491844941e-01
1.858407079646017701e+00 4.780724074698414761e-01
1.859882005899704982e+00 4.886911492465660367e-01
1.861356932153392263e+00 4.995040221574160721e-01
1.862831858407079544e+00 5.105132003959949039e-01
1.864306784660767047e+00 5.217208364701442225e-01
1.865781710914454106e+00 5.331290592531260364e-01
1.867256637168141609e+00 5.447399719875425372e-01
1.868731563421828890e+00 5.565556502422418506e-01
1.870206489675516170e+00 5.685781398223745953e-01
1.871681415929203673e+00 5.808094546328119723e-01
1.873156342182890732e+00 5.932515744954094394e-01
1.874631268436578235e+00 6.059064429203594448e-01
1.876106194690265516e+00 6.187759648322684880e-01
1.877581120943952797e+00 6.318620042513997115e-01
1.879056047197640078e+00 6.451663819307664749e-01
1.880530973451327359e+00 6.586908729495947190e-01
1.882005899705014862e+00 6.724372042641986180e-01
1.883480825958701921e+00 6.864070522168829180e-01
1.884955752212389424e+00 7.006020400036321316e-01
1.886430678466076705e+00 7.150237351021976329e-01
1.887905604719763986e+00 7.296736466607295357e-01
1.889380530973451267e+00 7.445532228490513438e-01
1.890855457227138547e+00 7.596638481730887404e-01
1.892330383480826050e+00 7.750068407540603443e-01
1.893805309734513109e+00 7.905834495740300394e-01
1.895280235988200612e+00 8.063948516888259643e-01
1.896755162241887893e+00 8.224421494103953956e-01
1.898230088495575174e+00 8.387263674601699304e-01
1.899705014749262677e+00 8.552484500946778700e-01
1.901179941002949736e+00 8.720092582061106379e-01
1.902654867256637239e+00 8.890095663993937691e-01
1.904129793510324520e+00 9.062500600473785139e-01
1.905604719764011801e+00 9.237313323272527965e-01
1.907079646017699082e+00 9.414538812396485712e-01
1.908554572271386363e+00 9.594181066127198676e-01
1.910029498525073866e+00 9.776243070947796543e-01
1.911504424778760924e+00 9.960726771362057308e-01
1.912979351032448427e+00 1.014763303964805408e+00
1.914454277286135708e+00 1.033696164556863861e+00
1.915929203539822989e+00 1.052871122606137133e+00
1.917404129793510270e+00 1.072287925494850969e+00
1.918879056047197551e+00 1.091946201268519046e+00
1.920353982300885054e+00 1.111845455618609702e+00
1.921828908554572113e+00 1.131985068876088629e+00
1.923303834808259616e+00 1.152364293018423247e+00
1.924778761061946897e+00 1.172982248694531160e+00
1.926253687315634178e+00 1.193837922270773788e+00
1.927728613569321681e+00 1.214930162900848876e+00
1.929203539823008740e+00 1.236257679624543915e+00
1.930678466076696242e+00 1.257819038498040332e+00
1.932153392330383523e+00 1.279612659760400728e+00
1.933628318584070804e+00 1.301636815039068473e+00
1.935103244837758085e+00 1.323889624600150805e+00
1.936578171091445366e+00 1.346369054645787378e+00
1.938053097345132869e+00 1.369072914663556073e+00
1.939528023598819928e+00 1.391998854832324550e+00
1.941002949852507431e+00 1.415144363488797019e+00
1.942477876106194712e+00 1.438506764658168624e+00
1.943952802359881993e+00 1.462083215654998547e+00
1.945427728613569274e+00 1.485870704757146221e+00
1.946902654867256555e+00 1.509866048958334650e+00
1.948377581120944058e+00 1.534065891803829240e+00
1.949852507374631116e+00 1.558466701312535951e+00
1.951327433628318619e+00 1.583064767992510058e+00
1.952802359882005900e+00 1.607856202952512525e+00
1.954277286135693181e+00 1.632836936115066750e+00
1.955752212389380462e+00 1.658002714536236155e+00
1.957227138643067743e+00 1.683349100835527246e+00
1.958702064896755246e+00 1.708871471742337889e+00
1.960176991150442305e+00 1.734565016762318113e+00
1.961651917404129808e+00 1.760424736968837278e+00
1.963126843657817089e+00 1.786445443925159360e+00
1.964601769911504370e+00 1.812621758740022404e+00
1.966076696165191873e+00 1.838948111262991736e+00
1.967551622418878932e+00 1.865418739424297589e+00
1.969026548672566435e+00 1.892027688722562884e+00
1.970501474926253715e+00 1.918768811865018131e+00
1.971976401179940996e+00 1.945635768566922552e+00
1.973451327433628277e+00 1.972622025511360677e+00
1.974926253687315558e+00 1.999720856475400321e+00
1.976401179941003061e+00 2.026925342628523641e+00
1.977876106194690120e+00 2.054228373003321728e+00
1.979351032448377623e+00 2.081622645146786965e+00
1.980825958702064904e+00 2.109100665953316245e+00
1.982300884955752185e+00 2.136654752685045011e+00
1.983775811209439466e+00 2.164277034181770532e+00
1.985250737463126747e+00 2.191959452264497177e+00
1.986725663716814250e+00 2.219693763337208914e+00
1.988200589970501309e+00 2.247471540188288319e+00
1.989675516224188812e+00 2.275284173995649528e+00
1.991150442477876092e+00 2.303122876538343800e+00
1.992625368731563373e+00 2.330978682617416808e+00
1.994100294985250876e+00 2.358842452688646230e+00
1.995575221238937935e+00 2.386704875709058093e+00
1.997050147492625438e+00 2.414556472199432147e+00
1.998525073746312719e+00 2.442387597525855991e+00
2.000000000000000000e+00 2.470188445399524202e+00
2.001474926253687059e+00 2.497949051598959969e+00
2.002949852507374562e+00 2.525659297913952273e+00
2.004424778761062065e+00 2.553308916312793109e+00
2.005899705014749124e+00 2.580887493332956861e+00
2.007374631268436627e+00 2.608384474697416078e+00
2.008849557522124130e+00 2.635789170153977956e+00
2.010324483775811188e+00 2.663090758537959069e+00
2.011799410029498247e+00 2.690278293062212445e+00
2.013274336283185750e+00 2.717340706825032370e+00
2.014749262536873253e+00 2.744266818542996145e+00
2.016224188790560312e+00 2.771045338504562139e+00
2.017699115044247815e+00 2.797664874738957863e+00
2.019174041297935318e+00 2.824113939405161311e+00
2.020648967551622377e+00 2.850380955392624927e+00
2.022123893805309436e+00 2.876454263133961575e+00
2.023598820058996939e+00 2.902322127626092652e+00
2.025073746312684442e+00 2.927972745656342468e+00
2.026548672566371501e+00 2.953394253228032618e+00
2.028023598820059004e+00 2.978574733184711221e+00
2.029498525073746507e+00 3.003502223024522078e+00
2.030973451327433565e+00 3.028164722906240502e+00
2.032448377581120624e+00 3.052550203830684428e+00
2.033923303834808571e+00 3.076646616005477508e+00
2.035398230088495630e+00 3.100441897375969091e+00
2.036873156342182689e+00 3.123923982322829307e+00
2.038348082595870192e+00 3.147080810516787786e+00
2.039823008849557695e+00 3.169900335922435364e+00
2.041297935103244754e+00 3.192370535948428234e+00
2.042772861356931813e+00 3.214479420730685266e+00
2.044247787610619760e+00 3.236215042543129528e+00
2.045722713864306819e+00 3.257565505329931721e+00
2.047197640117993878e+00 3.278518974345121517e+00
2.048672566371681381e+00 3.299063685896222786e+00
2.050147492625368884e+00 3.319187957176017001e+00
2.051622418879055942e+00 3.338880196181219340e+00
2.053097345132743445e+00 3.358128911700059671e+00
2.054572271386430948e+00 3.376922723361285517e+00
2.056047197640118007e+00 3.395250371738624207e+00
2.057522123893805066e+00 3.413100728489374625e+00
2.058997050147492569e+00 3.430462806527728503e+00
2.060471976401180072e+00 3.447325770213388818e+00
2.061946902654867131e+00 3.463678945545838772e+00
2.063421828908554634e+00 3.479511830356270874e+00
2.064896755162242137e+00 3.494814104476372307e+00
2.066371681415929196e+00 3.509575639883310672e+00
2.067846607669616255e+00 3.523786510797223936e+00
2.069321533923303758e+00 3.537437003727804896e+00
2.070796460176991260e+00 3.550517627450009872e+00
2.072271386430678319e+00 3.563019122900896285e+00
2.073746312684365822e+00 3.574932472982773390e+00
2.075221238938053325e+00 3.586248912259121457e+00
2.076696165191740384e+00 3.596959936531553215e+00
2.078171091445427443e+00 3.607057312282818895e+00
2.079646017699114946e+00 3.616533085974000361e+00
2.081120943952802449e+00 3.625379593183751581e+00
2.082595870206489508e+00 3.633589467572342357e+00
2.084070796460177011e+00 3.641155649661568905e+00
2.085545722713864514e+00 3.648071395414950846e+00
2.087020648967551573e+00 3.654330284607083978e+00
2.088495575221238632e+00 3.659926228966400519e+00
2.089970501474926134e+00 3.664853480081420312e+00
2.091445427728613637e+00 3.669106637056046782e+00
2.092920353982300696e+00 3.672680653901492231e+00
2.094395280235988199e+00 3.675570846653784418e+00
2.095870206489675702e+00 3.677772900203697404e+00
2.097345132743362761e+00 3.679282874826407035e+00
2.098820058997049820e+00 3.680097212402514639e+00
2.100294985250737767e+00 3.680212742314691088e+00
2.101769911504424826e+00 3.679626687011826380e+00
2.103244837758111885e+00 3.678336667231708823e+00
2.104719764011799388e+00 3.676340706865561359e+00
2.106194690265486891e+00 3.673637237463144078e+00
2.107669616519173950e+00 3.670225102359178759e+00
2.109144542772861453e+00 3.666103560424534891e+00
2.110619469026548956e+00 3.661272289418760373e+00
2.112094395280236014e+00 3.655731388946968252e+00
2.113569321533923073e+00 3.649481383011450752e+00
2.115044247787610576e+00 3.642523222145265915e+00
2.116519174041298079e+00 3.634858285127481548e+00
2.117994100294985138e+00 3.626488380270952661e+00
2.119469026548672641e+00 3.617415746278227928e+00
2.120943952802360144e+00 3.607643052658235483e+00
2.122418879056047203e+00 3.597173399704173491e+00
2.123893805309734262e+00 3.586010318023197474e+00
2.125368731563421765e+00 3.574157767619054127e+00
2.126843657817109268e+00 3.561620136522262836e+00
2.128318584070796327e+00 3.548402238969974309e+00
2.129793510324483830e+00 3.534509313127666807e+00
2.131268436578171332e+00 3.519947018360144675e+00
2.132743362831858391e+00 3.504721432044885621e+00
2.134218289085545450e+00 3.488839045934176930e+00
2.135693215339232953e+00 3.472306762062485674e+00
2.137168141592920456e+00 3.455131888205673185e+00
2.138643067846607515e+00 3.437322132893589899e+00
2.140117994100295018e+00 3.418885599977287360e+00
2.141592920353982521e+00 3.399830782758010983e+00
2.143067846607669580e+00 3.380166557682576567e+00
2.144542772861356639e+00 3.359902177608872886e+00
2.146017699115044142e+00 3.339047264651610725e+00
2.147492625368731645e+00 3.317611802609510718e+00
2.148967551622418704e+00 3.295606128988982420e+00
2.150442477876106206e+00 3.273040926626816116e+00
2.151917404129793709e+00 3.249927214922609942e+00
2.153392330383480768e+00 3.226276340692797895e+00
2.154867256637167827e+00 3.202099968654390061e+00
2.156342182890855330e+00 3.177410071548752768e+00
2.157817109144542833e+00 3.152218919921339513e+00
2.159292035398229892e+00 3.126539071562176808e+00
2.160766961651917395e+00 3.100383360628947926e+00
2.162241887905604898e+00 3.073764886457099443e+00
2.163716814159291957e+00 3.046697002078817995e+00
2.165191740412979016e+00 3.019193302457848116e+00
2.166666666666666963e+00 2.991267612461137926e+00
2.168141592920354022e+00 2.962933974580001628e+00
2.169616519174041080e+00 2.934206636414952829e+00
2.171091445427728583e+00 2.905100037944516433e+00
2.172566371681416086e+00 2.875628798590379454e+00
2.174041297935103145e+00 2.845807704099128976e+00
2.175516224188790648e+00 2.815651693255335264e+00
2.176991150442478151e+00 2.785175844444861326e+00
2.178466076696165210e+00 2.754395362088473576e+00
2.179941002949852269e+00 2.723325562956321555e+00
2.181415929203539772e+00 2.691981862392931468e+00
2.182890855457227275e+00 2.660379760459436138e+00
2.184365781710914334e+00 2.628534828021689584e+00
2.185840707964601837e+00 2.596462692795508787e+00
2.187315634218289340e+00 2.564179025371690734e+00
2.188790560471976399e+00 2.531699525239763826e+00
2.190265486725663457e+00 2.499039906827319246e+00
2.191740412979350960e+00 2.466215885575598232e+00
2.193215339233038463e+00 2.433243164068137343e+00
2.194690265486725522e+00 2.400137418233641018e+00
2.196165191740413025e+00 2.366914283639760086e+00
2.197640117994100528e+00 2.333589341896378677e+00
2.199115044247787587e+00 2.300178107186812593e+00
2.200589970501474646e+00 2.266696012945718319e+00
2.202064896755162149e+00 2.233158398699270020e+00
2.203539823008849652e+00 2.199580497087973097e+00
2.205014749262536711e+00 2.165977421084511079e+00
2.206489675516224214e+00 2.132364151429558152e+00
2.207964601769911717e+00 2.098755524296129327e+00
2.209439528023598776e+00 2.065166219200888165e+00
2.210914454277285834e+00 2.031610747178527188e+00
2.212389380530973337e+00 1.998103439231930789e+00
2.213864306784660840e+00 1.964658435074540410e+00
2.215339233038347899e+00 1.931289672176922378e+00
2.216814159292035402e+00 1.898010875133328890e+00
2.218289085545722905e+00 1.864835545357762747e+00
2.219764011799409964e+00 1.831776951124604480e+00
2.221238938053097023e+00 1.798848117963974147e+00
2.222713864306784970e+00 1.766061819421365753e+00
2.224188790560472029e+00 1.733430568195230670e+00
2.225663716814159088e+00 1.700966607658208396e+00
2.227138643067846591e+00 1.668681903773154618e+00
2.228613569321534094e+00 1.636588137411266297e+00
2.230088495575221152e+00 1.604696697079796452e+00
2.231563421828908211e+00 1.573018672066085033e+00
2.233038348082596158e+00 1.541564846003326661e+00
2.234513274336283217e+00 1.510345690864155932e+00
2.235988200589970276e+00 1.479371361385427353e+00
2.237463126843657779e+00 1.448651689928447395e+00
2.238938053097345282e+00 1.418196181777852560e+00
2.240412979351032341e+00 1.388014010880002980e+00
2.241887905604719844e+00 1.358114016023542758e+00
2.243362831858407347e+00 1.328504697462787432e+00
2.244837758112094406e+00 1.299194213981827772e+00
2.246312684365781465e+00 1.270190380401966967e+00
2.247787610619468968e+00 1.241500665527238034e+00
2.249262536873156471e+00 1.213132190527716814e+00
2.250737463126843529e+00 1.185091727757887403e+00
2.252212389380531032e+00 1.157385700004738505e+00
2.253687315634218535e+00 1.130020180162252252e+00
2.255162241887905594e+00 1.103000891327131194e+00
2.256637168141592653e+00 1.076333207309815077e+00
2.258112094395280156e+00 1.050022153553831883e+00
2.259587020648967659e+00 1.024072408457751271e+00
2.261061946902654718e+00 9.984883050907229496e-01
2.262536873156342221e+00 9.732738332941961445e-01
2.264011799410029724e+00 9.484326421613448188e-01
2.265486725663716783e+00 9.239680428836850590e-01
2.266961651917403842e+00 8.998830119565601748e-01
2.268436578171091345e+00 8.761801947318691441e-01
2.269911504424778848e+00 8.528619093089803149e-01
2.271386430678465906e+00 8.299301507504477371e-01
2.272861356932153409e+00 8.073865956130420463e-01
2.274336283185840912e+00 7.852326067811914445e-01
2.275811209439527971e+00 7.634692385905464951e-01
2.277286135693215030e+00 7.420972422292875237e-01
2.278761061946902533e+00 7.211170714044750074e-01
2.280235988200590036e+00 7.005288882598749156e-01
2.281710914454277095e+00 6.803325695325054268e-01
2.283185840707964598e+00 6.605277129337496778e-01
2.284660766961652101e+00 6.411136437418876177e-01
2.286135693215339160e+00 6.220894215920909076e-01
2.287610619469026219e+00 6.034538474492981974e-01
2.289085545722714166e+00 5.852054707513396625e-01
2.290560471976401224e+00 5.673425967069828380e-01
2.292035398230088283e+00 5.498632937352639916e-01
2.293510324483775786e+00 5.327654010324860412e-01
2.294985250737463289e+00 5.160465362523914967e-01
2.296460176991150348e+00 4.997041032855168430e-01
2.297935103244837851e+00 4.837353001244803496e-01
2.299410029498525354e+00 4.681371268010112163e-01
2.300884955752212413e+00 4.529063933810701381e-01
2.302359882005899472e+00 4.380397280053271447e-01
2.303834808259586975e+00 4.235335849610428749e-01
2.305309734513274478e+00 4.093842527730773839e-01
2.306784660766961537e+00 3.955878623008063366e-01
2.308259587020649040e+00 3.821403948286808405e-01
2.309734513274336543e+00 3.690376901385786779e-01
2.311209439528023601e+00 3.562754545514876803e-01
2.312684365781710660e+00 3.438492689275569059e-01
2.314159292035398163e+00 3.317545966129043511e-01
2.315634218289085666e+00 3.199867913228365279e-01
2.317109144542772725e+00 3.085411049504299119e-01
2.318584070796460228e+00 2.974126952908950905e-01
2.320058997050147731e+00 2.865966336718190899e-01
2.321533923303834790e+00 2.760879124799480722e-01
2.323008849557521849e+00 2.658814525759598535e-01
2.324483775811209352e+00 2.559721105884694148e-01
2.325958702064896855e+00 2.463546860794540716e-01
2.327433628318583914e+00 2.370239285734577206e-01
2.328908554572271417e+00 2.279745444437166479e-01
2.330383480825958920e+00 2.192012036480404380e-01
2.331858407079645978e+00 2.106985463089446065e-01
2.333333333333333037e+00 2.024611891315565571e-01
2.334808259587020540e+00 1.944837316545663108e-01
2.336283185840708043e+00 1.867607623290809538e-01
2.337758112094395102e+00 1.792868644211313145e-01
2.339233038348082605e+00 1.720566217337580472e-01
2.340707964601770108e+00 1.650646241453321561e-01
2.342182890855457167e+00 1.583054729609286726e-01
2.343657817109144226e+00 1.517737860742172373e-01
2.345132743362831729e+00 1.454642029376785328e-01
2.346607669616519232e+00 1.393713893392743153e-01
2.348082595870206291e+00 1.334900419843439434e-01
2.349557522123893794e+00 1.278148928817062213e-01
2.351032448377581296e+00 1.223407135333934997e-01
2.352507374631268355e+00 1.170623189278958420e-01
2.353982300884955414e+00 1.119745713370339513e-01
2.355457227138643361e+00 1.070723839171147801e-01
2.356932153392330420e+00 1.023507241152432218e-01
2.358407079646017479e+00 9.780461688184081959e-02
2.359882005899704982e+00 9.342914769135436670e-02
2.361356932153392485e+00 8.921946537253788723e-02
2.362831858407079544e+00 8.517078475089664980e-02
2.364306784660767047e+00 8.127838910540856332e-02
2.365781710914454550e+00 7.753763244248434994e-02
2.367256637168141609e+00 7.394394158997022459e-02
2.368731563421828668e+00 7.049281811446633794e-02
2.370206489675516170e+00 6.717984006541111164e-02
2.371681415929203673e+00 6.400066354944937419e-02
2.373156342182890732e+00 6.095102413907967781e-02
2.374631268436578235e+00 5.802673811938116599e-02
2.376106194690265738e+00 5.522370357716167161e-02
2.377581120943952797e+00 5.253790133670661888e-02
2.379056047197639856e+00 4.996539574668312084e-02
2.380530973451327359e+00 4.750233532260283997e-02
2.382005899705014862e+00 4.514495324970138612e-02
2.383480825958701921e+00 4.288956775079989098e-02
2.384955752212389424e+00 4.073258232411932495e-02
2.386430678466076927e+00 3.867048585584503817e-02
2.387905604719763986e+00 3.669985261241905800e-02
2.389380530973451044e+00 3.481734211753537145e-02
2.390855457227138547e+00 3.301969891882160224e-02
2.392330383480826050e+00 3.130375224924165922e-02
2.393805309734513109e+00 2.966641558817404226e-02
2.395280235988200612e+00 2.810468612725300699e-02
2.396755162241888115e+00 2.661564414584908361e-02
2.398230088495575174e+00 2.519645230123116267e-02
2.399705014749262233e+00 2.384435483821631743e-02
2.401179941002949736e+00 2.255667672324797660e-02
2.402654867256637239e+00 2.133082270762277563e-02
2.404129793510324298e+00 2.016427632465080805e-02
2.405604719764011801e+00 1.905459882532377011e-02
2.407079646017699304e+00 1.799942805713387189e-02
2.408554572271386363e+00 1.699647729046197334e-02
2.410029498525073421e+00 1.604353399693175461e-02
2.411504424778761368e+00 1.513845858399884108e-02
2.412979351032448427e+00 1.427918308996331369e-02
2.414454277286135486e+00 1.346370984341940628e-02
2.415929203539822989e+00 1.269011009113342643e-02
2.417404129793510492e+00 1.195652259813260315e-02
2.418879056047197551e+00 1.126115222371171058e-02
2.420353982300884610e+00 1.060226847693510922e-02
2.421828908554572557e+00 9.978204055062915231e-03
2.423303834808259616e+00 9.387353368230136677e-03
2.424778761061946675e+00 8.828171053533508464e-03
2.426253687315634178e+00 8.299170481597228921e-03
2.427728613569321681e+00 7.798922258516628910e-03
2.429203539823008740e+00 7.326052725957078737e-03
2.430678466076696242e+00 6.879242462060660389e-03
2.432153392330383745e+00 6.457224785660820379e-03
2.433628318584070804e+00 6.058784266196101838e-03
2.435103244837757863e+00 5.682755241552342636e-03
2.436578171091445366e+00 5.328020345965403179e-03
2.438053097345132869e+00 4.993509049958343160e-03
2.439528023598819928e+00 4.678196214174859188e-03
2.441002949852507431e+00 4.381100658849742743e-03
2.442477876106194934e+00 4.101283750518629721e-03
2.443952802359881993e+00 3.837848007466360904e-03
2.445427728613569052e+00 3.589935725278778703e-03
2.446902654867256555e+00 3.356727623770845194e-03
2.448377581120944058e+00 3.137441516425515560e-03
2.449852507374631116e+00 2.931331003392067570e-03
2.451327433628318619e+00 2.737684188975365515e-03
2.452802359882006122e+00 2.555822424452011861e-03
2.454277286135693181e+00 2.385099076947234074e-03
2.455752212389380240e+00 2.224898325012854196e-03
2.457227138643067743e+00 2.074633981461568907e-03
2.458702064896755246e+00 1.933748343915189620e-03
2.460176991150442305e+00 1.801711073452527375e-03
2.461651917404129808e+00 1.678018101654007782e-03
2.463126843657817311e+00 1.562190566271114611e-03
2.464601769911504370e+00 1.453773775670554264e-03
2.466076696165191429e+00 1.352336202141286121e-03
2.467551622418878932e+00 1.257468504082958401e-03
2.469026548672566435e+00 1.168782577035258705e-03
2.470501474926253493e+00 1.085910633451395981e-03
2.471976401179940996e+00 1.008504311062869167e-03
2.473451327433628499e+00 9.362338096361543091e-04
2.474926253687315558e+00 8.687870558702206559e-04
2.476401179941002617e+00 8.058688961471010279e-04
2.477876106194690564e+00 7.472003168010518106e-04
2.479351032448377623e+00 6.925176915390865440e-04
2.480825958702064682e+00 6.415720556121298941e-04
2.482300884955752185e+00 5.941284063030223420e-04
2.483775811209439688e+00 5.499650292711889040e-04
2.485250737463126747e+00 5.088728502711098705e-04
2.486725663716814250e+00 4.706548117340719241e-04
2.488200589970501753e+00 4.351252736897831498e-04
2.489675516224188812e+00 4.021094384823442874e-04
2.491150442477875870e+00 3.714427987226174362e-04
2.492625368731563373e+00 3.429706079071363095e-04
2.494100294985250876e+00 3.165473731222066649e-04
2.495575221238937935e+00 2.920363692439485346e-04
2.497050147492625438e+00 2.693091740408174763e-04
2.498525073746312941e+00 2.482452235778794826e-04
2.500000000000000000e+00 2.287313873222647585e-04
2.501474926253687059e+00 2.106615623463074945e-04
2.502949852507374562e+00 1.939362860272172322e-04
2.504424778761062065e+00 1.784623666429070612e-04
2.505899705014749124e+00 1.641525312677522398e-04
2.507374631268436627e+00 1.509250903762647089e-04
2.508849557522124130e+00 1.387036185688653492e-04
2.510324483775811188e+00 1.274166508402679518e-04
2.511799410029498247e+00 1.169973938192094530e-04
2.513274336283185750e+00 1.073834514165507851e-04
2.514749262536873253e+00 9.851656432839716682e-05
2.516224188790560312e+00 9.034236285097391400e-05
2.517699115044247815e+00 8.281013247459245469e-05
2.519174041297935318e+00 7.587259173562258647e-05
2.520648967551622377e+00 6.948568181692894147e-05
2.522123893805309436e+00 6.360836739937163220e-05
2.523598820058996939e+00 5.820244828003362053e-05
2.525073746312684442e+00 5.323238128478799804e-05
2.526548672566371501e+00 4.866511201680984535e-05
2.528023598820059004e+00 4.446991599520357395e-05
2.529498525073746507e+00 4.061824875176252498e-05
2.530973451327433565e+00 3.708360446690116518e-05
2.532448377581120624e+00 3.384138273973637175e-05
2.533923303834808127e+00 3.086876310048340715e-05
2.535398230088495630e+00 2.814458688684351600e-05
2.536873156342182689e+00 2.564924611955466947e-05
2.538348082595870192e+00 2.336457902539391810e-05
2.539823008849557695e+00 2.127377186911799661e-05
2.541297935103244754e+00 1.936126676880793409e-05
2.542772861356931813e+00 1.761267518178984172e-05
2.544247787610619760e+00 1.601469676089581215e-05
2.545722713864306819e+00 1.455504329322318027e-05
2.547197640117993878e+00 1.322236744544680076e-05
2.548672566371681381e+00 1.200619605181218146e-05
2.550147492625368884e+00 1.089686769220990739e-05
2.551622418879055942e+00 9.885474319186840394e-06
2.553097345132743445e+00 8.963806703567302764e-06
2.554572271386430948e+00 8.124303479110980689e-06
2.556047197640118007e+00 7.360003576848862641e-06
2.557522123893805066e+00 6.664501849875587836e-06
2.558997050147492569e+00 6.031907698979245876e-06
2.560471976401180072e+00 5.456806518934888190e-06
2.561946902654867131e+00 4.934223794291217378e-06
2.563421828908554634e+00 4.459591682246776848e-06
2.564896755162242137e+00 4.028717928609246964e-06
2.566371681415929196e+00 3.637756970913779678e-06
2.567846607669616255e+00 3.283183090576823542e-06
2.569321533923303758e+00 2.961765483409720852e-06
2.570796460176991260e+00 2.670545124982606383e-06
2.572271386430678319e+00 2.406813314188034744e-06
2.573746312684365822e+00 2.168091784905524695e-06
2.575221238938053325e+00 1.952114281963075978e-06
2.576696165191740384e+00 1.756809503548417745e-06
2.578171091445427443e+00 1.580285317969766464e-06
2.579646017699114946e+00 1.420814168084712778e-06
2.581120943952802449e+00 1.276819581916966300e-06
2.582595870206489508e+00 1.146863712899508180e-06
2.584070796460177011e+00 1.029635837877018059e-06
2.585545722713864514e+00 9.239417454435898614e-07
2.587020648967551573e+00 8.286939514106808307e-07
2.588495575221238632e+00 7.429026822025805320e-07
2.589970501474926134e+00 6.656675707559309843e-07
2.591445427728613637e+00 5.961700130858675067e-07
2.592920353982300696e+00 5.336661370607128365e-07
2.594395280235988199e+00 4.774803381271568176e-07
2.595870206489675702e+00 4.269993397378127435e-07
2.597345132743362761e+00 3.816667390791432962e-07
2.598820058997049820e+00 3.409780013699703079e-07
2.600294985250737767e+00 3.044758685248298500e-07
2.601769911504424826e+00 2.717461503390560574e-07
2.603244837758111885e+00 2.424138685820627378e-07
2.604719764011799388e+00 2.161397264716336762e-07
2.606194690265486891e+00 1.926168779616243958e-07
2.607669616519173950e+00 1.715679731123320531e-07
2.609144542772861008e+00 1.527424575309822392e-07
2.610619469026548956e+00 1.359141054797953732e-07
2.612094395280236014e+00 1.208787677527189075e-07
2.613569321533923073e+00 1.074523168272787060e-07
2.615044247787610576e+00 9.546877311016476419e-08
2.616519174041298079e+00 8.477859731847041369e-08
2.617994100294985138e+00 7.524713517938589366e-08
2.619469026548672641e+00 6.675320169285559012e-08
2.620943952802360144e+00 5.918779319092845640e-08
2.622418879056047203e+00 5.245291634588227726e-08
2.623893805309734262e+00 4.646052413429860447e-08
2.625368731563421765e+00 4.113154955651311939e-08
2.626843657817109268e+00 3.639502864725336268e-08
2.628318584070796327e+00 3.218730499519082179e-08
2.629793510324483830e+00 2.845130862128210669e-08
2.631268436578171332e+00 2.513590265073837496e-08
2.632743362831858391e+00 2.219529175478115432e-08
2.634218289085545450e+00 1.958848683845489820e-08
2.635693215339232953e+00 1.727882091313842025e-08
2.637168141592920456e+00 1.523351151861570374e-08
2.638643067846607515e+00 1.342326545323533158e-08
2.640117994100295018e+00 1.182192193309734903e-08
2.641592920353982521e+00 1.040613063524122030e-08
2.643067846607669580e+00 9.155061387108434463e-09
2.644542772861356639e+00 8.050142547219213233e-09
2.646017699115044142e+00 7.074825381752636647e-09
2.647492625368731645e+00 6.214371980257259836e-09
2.648967551622418704e+00 5.455664472643262694e-09
2.650442477876106206e+00 4.787033510377626854e-09
2.651917404129793709e+00 4.198104158700336853e-09
2.653392330383480768e+00 3.679657515221607769e-09
2.654867256637167827e+00 3.223506524361219590e-09
2.656342182890855330e+00 2.822384598066325676e-09
2.657817109144542833e+00 2.469845782072995601e-09
2.659292035398229892e+00 2.160175324573853132e-09
2.660766961651917395e+00 1.888309611495473670e-09
2.662241887905604898e+00 1.649764530461907389e-09
2.663716814159291957e+00 1.440571414692986039e-09
2.665191740412979016e+00 1.257219799291725634e-09
2.666666666666666963e+00 1.096606296268656768e-09
2.668141592920354022e+00 9.559889618367858213e-10
2.669616519174041080e+00 8.329465905666508885e-10
2.671091445427728583e+00 7.253424264246728633e-10
2.672566371681416086e+00 6.312918310228656783e-10
2.674041297935103145e+00 5.491334950227760072e-10
2.675516224188790648e+00 4.774038199663119149e-10
2.676991150442478151e+00 4.148141352350978641e-10
2.678466076696165210e+00 3.602304487035373314e-10
2.679941002949852269e+00 3.126554602770917783e-10
2.681415929203539772e+00 2.712125951769513217e-10
2.682890855457227275e+00 2.351318388221551102e-10
2.684365781710914334e+00 2.037371777063716123e-10
2.685840707964601837e+00 1.764354710020893967e-10
2.687315634218289340e+00 1.527065959448911157e-10
2.688790560471976399e+00 1.320947265515031642e-10
2.690265486725663457e+00 1.142006200719213248e-10
2.691740412979350960e+00 9.867479892823903627e-11
2.693215339233038463e+00 8.521152789074515648e-11
2.694690265486725522e+00 7.354349701666644341e-11
2.696165191740413025e+00 6.343713054646613158e-11
2.697640117994100528e+00 5.468845062340716724e-11
2.699115044247787587e+00 4.711943247335383051e-11
2.700589970501474646e+00 4.057479464047525645e-11
2.702064896755162149e+00 3.491917410272148770e-11
2.703539823008849652e+00 3.003464166061243109e-11
2.705014749262536711e+00 2.581851797041913130e-11
2.706489675516224214e+00 2.218145503832048061e-11
2.707964601769911717e+00 1.904575195955988469e-11
2.709439528023598776e+00 1.634387722485346629e-11
2.710914454277285834e+00 1.401717306992997526e-11
2.712389380530973337e+00 1.201472015264060609e-11
2.713864306784660840e+00 1.029234334170016956e-11
2.715339233038347899e+00 8.811741624417260449e-12
2.716814159292035402e+00 7.539727116692205641e-12
2.718289085545722905e+00 6.447559913598769689e-12
2.719764011799409964e+00 5.510367076487183503e-12
2.721238938053097023e+00 4.706635434189169227e-12
2.722713864306784526e+00 4.017769100423846094e-12
2.724188790560472029e+00 3.427703694130486055e-12
2.725663716814159088e+00 2.922570209481192094e-12
2.727138643067846591e+00 2.490402331468124764e-12
2.728613569321534094e+00 2.120881743514753290e-12
2.730088495575221152e+00 1.805116636522631342e-12
2.731563421828908211e+00 1.535449213943090325e-12
2.733038348082596158e+00 1.305288503633298477e-12
2.734513274336283217e+00 1.108965242227975506e-12
2.735988200589970276e+00 9.416059985425432801e-13
2.737463126843657779e+00 7.990240552823790042e-13
2.738938053097345282e+00 6.776248786544219294e-13
2.740412979351032341e+00 5.743242782379460663e-13
2.741887905604719844e+00 4.864775990855590939e-13
2.743362831858407347e+00 4.118184983448473882e-13
2.744837758112094406e+00 3.484060431906402295e-13
2.746312684365781465e+00 2.945790285878191519e-13
2.747787610619468968e+00 2.489165550714950158e-13
2.749262536873156471e+00 2.102040307484843756e-13
2.750737463126843529e+00 1.774038702058733888e-13
2.752212389380531032e+00 1.496302578420265583e-13
2.753687315634218535e+00 1.261274259766311987e-13
2.755162241887905594e+00 1.062509704070912573e-13
2.756637168141592653e+00 8.945178916142546511e-14
2.758112094395280156e+00 7.526228518524575597e-14
2.759587020648967659e+00 6.328452160296759652e-14
2.761061946902654718e+00 5.318005989076119457e-14
2.762536873156342221e+00 4.466124757295819384e-14
2.764011799410029724e+00 3.748375358486569198e-14
2.765486725663716783e+00 3.144017683605887242e-14
2.766961651917403842e+00 2.635457728594674794e-14
2.768436578171091345e+00 2.207779946881702343e-14
2.769911504424778848e+00 1.848347628553323390e-14
2.771386430678465906e+00 1.546461636712552486e-14
2.772861356932153409e+00 1.293069172250056756e-14
2.774336283185840912e+00 1.080515398007360244e-14
2.775811209439527971e+00 9.023317558109451953e-15
2.777286135693215030e+00 7.530556758306985804e-15
2.778761061946902533e+00 6.280771252257248438e-15
2.780235988200590036e+00 5.235080878275666516e-15
2.781710914454277095e+00 4.360716224108678169e-15
2.783185840707964598e+00 3.630076258534594523e-15
2.784660766961652101e+00 3.019928395680931362e-15
2.786135693215339160e+00 2.510729920537995338e-15
2.787610619469026219e+00 2.086052750813244146e-15
2.789085545722714166e+00 1.732096127216433880e-15
2.790560471976401224e+00 1.437274070409427921e-15
2.792035398230088283e+00 1.191866369411893586e-15
2.793510324483775786e+00 9.877235175107105245e-16
2.794985250737463289e+00 8.180174259881601030e-16
2.796460176991150348e+00 6.770309564437328038e-16
2.797935103244837407e+00 5.599803477383481264e-16
2.799410029498525354e+00 4.628654983847244535e-16
2.800884955752212413e+00 3.823438208558580425e-16
2.802359882005899472e+00 3.156240291837749430e-16
2.803834808259586975e+00 2.603767712023279446e-16
2.805309734513274478e+00 2.146594854899970714e-16
2.806784660766961537e+00 1.768532622105677805e-16
2.808259587020649040e+00 1.456098267180084906e-16
2.809734513274336543e+00 1.198070536312485833e-16
2.811209439528023601e+00 9.851166453331125007e-17
2.812684365781710660e+00 8.094797086727531570e-17
2.814159292035398163e+00 6.647170045374650690e-17
2.815634218289085666e+00 5.454809600931623066e-17
2.817109144542772725e+00 4.473360110370696571e-17
2.818584070796460228e+00 3.666055657255462289e-17
2.820058997050147731e+00 3.002442142232868418e-17
2.821533923303834790e+00 2.457310921861879536e-17
2.823008849557521849e+00 2.009809596312872892e-17
2.824483775811209352e+00 1.642701035238409110e-17
2.825958702064896855e+00 1.341746361493882093e-17
2.827433628318583914e+00 1.095191515854215691e-17
2.828908554572271417e+00 8.933403140402740275e-18
2.830383480825958920e+00 7.281996753117572028e-18
2.831858407079645978e+00 5.931850301054179551e-18
2.833333333333333037e+00 4.828758711775805487e-18
2.834808259587020540e+00 3.928130564150529015e-18
2.836283185840708043e+00 3.193308510398956543e-18
2.837758112094395102e+00 2.594178539607921555e-18
2.839233038348082605e+00 2.106019226852776901e-18
2.840707964601770108e+00 1.708550232567013242e-18
2.842182890855457167e+00 1.385146112237220931e-18
2.843657817109144226e+00 1.122187178989944279e-18
2.845132743362831729e+00 9.085239098614411911e-19
2.846607669616519232e+00 7.350353512221831031e-19
2.848082595870206291e+00 5.942652867600894606e-19
2.849557522123893794e+00 4.801226894008394581e-19
2.851032448377581296e+00 3.876352762298322725e-19
2.852507374631268355e+00 3.127468983198144057e-19
2.853982300884955414e+00 2.521510885987588850e-19
2.855457227138643361e+00 2.031544136215691756e-19
2.856932153392330420e+00 1.635643738042782817e-19
2.858407079646017479e+00 1.315975086171829616e-19
2.859882005899704982e+00 1.058041195820122244e-19
2.861356932153392485e+00 8.500665075842879650e-20
2.862831858407079544e+00 6.824928551841325045e-20
2.864306784660767047e+00 5.475674798789499717e-20
2.865781710914454550e+00 4.390065275385096356e-20
2.867256637168141609e+00 3.517203994457578932e-20
2.868731563421828668e+00 2.815897512865370960e-20
2.870206489675516170e+00 2.252829341268193867e-20
2.871681415929203673e+00 1.801073194622079158e-20
2.873156342182890732e+00 1.438883082358976520e-20
2.874631268436578235e+00 1.148709414194974089e-20
2.876106194690265738e+00 9.163994908593253738e-21
2.877581120943952797e+00 7.305483051300377099e-21
2.879056047197639856e+00 5.819717841740878389e-21
2.880530973451327359e+00 4.632796968771619291e-21
2.882005899705014862e+00 3.685296259494141537e-21
2.883480825958701921e+00 2.929468265030111978e-21
2.884955752212389424e+00 2.326975945468506811e-21
2.886430678466076927e+00 1.847060610789241471e-21
2.887905604719763986e+00 1.465062013951592308e-21
2.889380530973451044e+00 1.161223800268562285e-21
2.890855457227138547e+00 9.197300124252567104e-22
2.892330383480826050e+00 7.279285419753444616e-22
2.893805309734513109e+00 5.757057241952060218e-22
2.895280235988200612e+00 4.549830373769611225e-22
2.896755162241888115e+00 3.593123719340622907e-22
2.898230088495575174e+00 2.835508102910945449e-22
2.899705014749262233e+00 2.235994948536881890e-22
2.901179941002949736e+00 1.761941134991896461e-22
2.902654867256637239e+00 1.387369268511973487e-22
2.904129793510324298e+00 1.091622028116170342e-22
2.905604719764011801e+00 8.582849610758222092e-23
2.907079646017699304e+00 6.743248309260639334e-23
2.908554572271386363e+00 5.294009108029525651e-23
2.910029498525073421e+00 4.153149300668559665e-23
2.911504424778760924e+00 3.255720960255657625e-23
2.912979351032448427e+00 2.550310292009767730e-23
2.914454277286135486e+00 1.996248172164070869e-23
2.915929203539822989e+00 1.561389097761405078e-23
2.917404129793510492e+00 1.220344082966981443e-23
2.918879056047197551e+00 9.530758064354389180e-24
2.920353982300884610e+00 7.437826116208239968e-24
2.921828908554572557e+00 5.800126542572883057e-24
2.923303834808259616e+00 4.519612794454339246e-24
2.924778761061946675e+00 3.519141614152361422e-24
2.926253687315634178e+00 2.738063096051624387e-24
2.927728613569321681e+00 2.128731043820392102e-24
2.929203539823008740e+00 1.653743721959083013e-24
2.930678466076696242e+00 1.283763830295522714e-24
2.932153392330383745e+00 9.957974568627459604e-25
2.933628318584070804e+00 7.718364403481082372e-25
2.935103244837757863e+00 5.977882456192829842e-25
2.936578171091445366e+00 4.626331267120844293e-25
2.938053097345132869e+00 3.577608249466081335e-25
2.939528023598819928e+00 2.764489700330820561e-25
2.941002949852507431e+00 2.134532353258488490e-25
2.942477876106194934e+00 1.646855579834082170e-25
2.943952802359881993e+00 1.269617010916737642e-25
2.945427728613569052e+00 9.780337184204953560e-26
2.946902654867256555e+00 7.528322839890399544e-26
2.948377581120944058e+00 5.790357631053920185e-26
2.949852507374631116e+00 4.450150723377142092e-26
2.951327433628318619e+00 3.417477510368688665e-26
2.952802359882006122e+00 2.622392262719910154e-26
2.954277286135693181e+00 2.010713164580563245e-26
2.955752212389380240e+00 1.540502815564237772e-26
2.957227138643067743e+00 1.179326917665563162e-26
2.958702064896755246e+00 9.021208006438589607e-27
2.960176991150442305e+00 6.895303443701762187e-27
2.961651917404129808e+00 5.266228515313861095e-27
2.963126843657817311e+00 4.018861855883174640e-27
2.964601769911504370e+00 3.064523423640701827e-27
2.966076696165191429e+00 2.334956158308669728e-27
2.967551622418878932e+00 1.777664756407044705e-27
2.969026548672566435e+00 1.352308469913690183e-27
2.970501474926253493e+00 1.027911856743684327e-27
2.971976401179940996e+00 7.807097649883843730e-28
2.973451327433628499e+00 5.924836939010025472e-28
2.974926253687315558e+00 4.492785394934620162e-28
2.976401179941002617e+00 3.404135612442182340e-28
2.977876106194690564e+00 2.577207363907899762e-28
2.979351032448377623e+00 1.949587047838524162e-28
2.980825958702064682e+00 1.473621941622170589e-28
2.982300884955752185e+00 1.112958915581171076e-28
2.983775811209439688e+00 8.398876877820873911e-29
2.985250737463126747e+00 6.333032961971615508e-29
2.986725663716813806e+00 4.771447572886687309e-29
2.988200589970501753e+00 3.591996134614125294e-29
2.989675516224188812e+00 2.701893852948959988e-29
2.991150442477875870e+00 2.030705034382811330e-29
2.992625368731563373e+00 1.525003948970964175e-29
2.994100294985250876e+00 1.144300458969467217e-29
2.995575221238937935e+00 8.579334030459310330e-30
2.997050147492625438e+00 6.427038520518440362e-30
2.998525073746312941e+00 4.810735379053321197e-30
3.000000000000000000e+00 3.597946432493692317e-30
