0.000000000000000000e+00
6.446661581779443428e-02
6.446661581779443428e-02
6.446661581779443428e-02
6.446661581779443428e-02
6.446661581779443428e-02
6.446661581779443428e-02
6.446661581779443428e-02
6.446661581779443428e-02
6.446661581779443428e-02
6.446661581779443428e-02
6.446661581779443428e-02
6.446661581779443428e-02
6.446661581779443428e-02
6.446661581779443428e-02
6.446661581779443428e-02
6.446661581779443428e-02
6.446661581779443428e-02
6.446661581779443428e-02
6.446661581779443428e-02
6.446661581779443428e-02
6.446661581779443428e-02
6.446661581779443428e-02
6.604298609577222146e-02
6.604298609577222146e-02
6.604298609577222146e-02
6.876690353256605104e-02
6.876690353256605104e-02
7.028367391048044588e-02
7.011552045935869060e-02
7.011552045935869060e-02
6.992641910945322781e-02
7.133772561930186440e-02
7.150037324852111242e-02
7.324520503541312455e-02
7.403519489682920673e-02
7.503184015420204245e-02
7.839375788762731334e-02
8.004105980624263983e-02
8.053231396555649013e-02
8.503587849615096284e-02
8.889214142619422665e-02
8.606456096469460026e-02
8.868939144779038053e-02
9.359624885497082325e-02
9.403117783721463840e-02
9.702311694024257083e-02
9.962730909167293036e-02
9.903039220742797244e-02
9.782556231434791361e-02
8.999906965895231037e-02
9.219158352467937689e-02
9.176953313608600393e-02
9.159529705352605078e-02
9.560366782689981580e-02
9.373301028006501834e-02
9.095008836217410852e-02
8.737078813788078102e-02
8.748316503096341401e-02
8.468227521196586283e-02
8.641343820207653126e-02
8.818916597301020011e-02
8.731505134873135399e-02
8.698071318029422516e-02
8.953306582826274507e-02
8.576786377353591562e-02
9.118594467258911429e-02
9.215318726719397280e-02
8.883845565050824122e-02
8.948906176633070197e-02
8.423469410003371627e-02
8.675369686068069852e-02
8.265261174786564524e-02
7.768075678540828366e-02
7.901211107325542549e-02
7.987605861290307530e-02
8.211497132816059086e-02
7.962944359744250633e-02
8.015109814126054888e-02
7.527053170672132199e-02
7.248114528424547121e-02
7.512986554099516934e-02
7.313591381594607144e-02
7.261634340883203753e-02
7.575185091968071605e-02
-7.660261427630349340e-02
-7.241974382277031885e-02
-7.222439434447799900e-02
-7.333580883598080080e-02
-7.582968189762409605e-02
-7.397524847922185010e-02
-7.028874670608940833e-02
-7.112093371415560694e-02
-7.205491990541861014e-02
-6.868920110909133847e-02
-7.020649251492951104e-02
-7.182836020027970336e-02
-6.972263526420552360e-02
-7.095112740283092412e-02
-7.880735747962511195e-02
-7.528464422657014932e-02
-7.545142600495768903e-02
-7.338647868253606044e-02
-7.361207023349111700e-02
-7.128798059987860591e-02
-7.351738200215721108e-02
-7.268524818074087457e-02
-7.192694456748770226e-02
-7.346235222824790134e-02
-7.551030142467934914e-02
-7.999235070110467805e-02
-8.572338914444256608e-02
-8.124572818308410660e-02
-8.170628091945358884e-02
-8.363170549057326320e-02
-8.789345680596070964e-02
-8.753841019550995250e-02
-8.415921740656945316e-02
-8.644244851974614008e-02
-8.396936701002898074e-02
8.370808494994930182e-02
-8.392288466212749487e-02
-8.651785014431544185e-02
-8.671314353411883891e-02
-8.932766849762883987e-02
-8.229759307857532902e-02
-8.180425722580618453e-02
-7.532200486662381234e-02
-7.518243859495100934e-02
8.274721393971969097e-02
7.944126122294790926e-02
7.783836756412046420e-02
7.881972995144653771e-02
7.801554628903845101e-02
7.756757630966197581e-02
7.397656530709231792e-02
7.456267217007588044e-02
7.459007825532366909e-02
7.501191372207485775e-02
7.483933445012345975e-02
7.568977402926138631e-02
7.664878524236769242e-02
7.774169206020149769e-02
-7.901406276576068699e-02
8.604217585400410206e-02
-8.740213359472946697e-02
-9.065054306651586236e-02
-9.327973350242602102e-02
-8.730374257941281302e-02
-8.658985954867719215e-02
-8.577502101005057833e-02
-8.568138158993181264e-02
-8.510753671132191556e-02
-8.685325639486425608e-02
-8.567727025528996954e-02
-8.453508973552757710e-02
-8.930698728132036024e-02
-8.989316127251621713e-02
-8.887327119204858905e-02
-8.698966925742868117e-02
-8.472930962347770267e-02
-8.424699248582084854e-02
8.182590259558963908e-02
-7.915812139438124784e-02
-7.857623797253761311e-02
-7.804006151259802737e-02
-7.977713026732449753e-02
-8.185624087661309833e-02
-8.319286921615913488e-02
-8.220457991394326813e-02
-7.842177925105696390e-02
-8.177163482914291681e-02
-8.174436682975748381e-02
-8.161702437142898114e-02
-7.758813581914435209e-02
-7.802121388323746132e-02
-7.327139700731288841e-02
-7.207554323370517213e-02
-7.452685797684124869e-02
-7.502719649929005807e-02
-7.753419956797118207e-02
-8.055708453266366420e-02
-8.117204798809378452e-02
-8.233050830370113038e-02
-8.374757975616135830e-02
-8.147922281924914467e-02
-8.124847471804240440e-02
-8.066875122173060297e-02
-8.066875122173060297e-02
-7.851567325442875001e-02
-8.212787067957515175e-02
-8.742727056156247845e-02
-8.640317649781659171e-02
-8.653858589011985403e-02
-8.360360194385942079e-02
-8.825804986347929315e-02
-9.177484372464800311e-02
-1.014235757253533071e-01
-1.008021405276219445e-01
-1.013453177977480801e-01
-1.003415930912430615e-01
-1.016594712194580641e-01
-1.027722519407825441e-01
-9.626121194047725094e-02
-9.675712275317716049e-02
-9.602872371862720968e-02
-9.310419766866094571e-02
-9.305301733273318998e-02
-8.881651360308952248e-02
-8.609584870686896874e-02
-8.605970234570477218e-02
-8.795059358402812499e-02
-8.911963020688760950e-02
-8.329852816436450480e-02
-8.442992966901537166e-02
-8.660083235631453602e-02
-7.993882970353642647e-02
-8.515925286187002452e-02
-8.525716057337913434e-02
-8.584758426028211986e-02
-8.448526414485624247e-02
-8.588681092223397762e-02
-8.696270009383601229e-02
-8.783305635918613186e-02
-8.919229444404519480e-02
-8.909797800878134499e-02
-8.980305252652381887e-02
-8.980887507403791103e-02
-8.995834456840312576e-02
-9.125628192817274165e-02
-9.207929067675757473e-02
-8.982358245651543560e-02
-9.162016588270395501e-02
-9.334342467794461140e-02
-9.445256428265180748e-02
-9.662838902336157165e-02
-9.543826405822647407e-02
-9.523165152836660097e-02
-9.709349558281200887e-02
-9.716895114800161437e-02
-9.429566983481137143e-02
-9.494192256198095980e-02
-9.643843101625000636e-02
-9.173826064887309617e-02
-9.153315030036997257e-02
-8.957643107356505485e-02
-9.604156519829161465e-02
-9.895351002520667849e-02
-1.003353637139115934e-01
-9.561630555884853555e-02
