1.000000000000000000e+00
9.999999999999997780e-01
9.999999999999997780e-01
9.999999999999997780e-01
9.872564923720641428e-01
9.756950953649109470e-01
9.756950953649109470e-01
9.693779645518829646e-01
9.685243453236563882e-01
9.691938671194533228e-01
9.691938671194533228e-01
9.685466925295840301e-01
9.710347596422340688e-01
9.698868810700639331e-01
9.695049209612458530e-01
9.695049209612458530e-01
9.695049209612458530e-01
9.701520955511151456e-01
9.701520955511151456e-01
9.701520955511151456e-01
9.701520955511151456e-01
9.701520955511151456e-01
9.699210191719390695e-01
9.699210191719390695e-01
9.699210191719390695e-01
9.695341850194025834e-01
9.695341850194025834e-01
9.695341850194025834e-01
9.695341850194025834e-01
9.695341850194025834e-01
9.695341850194025834e-01
9.695341850194025834e-01
9.695341850194025834e-01
9.695341850194025834e-01
9.695341850194025834e-01
9.695341850194025834e-01
9.695341850194025834e-01
9.695341850194025834e-01
9.695341850194025834e-01
9.695341850194025834e-01
9.695341850194025834e-01
9.695341850194025834e-01
9.695341850194025834e-01
9.695341850194025834e-01
9.695341850194025834e-01
9.695341850194025834e-01
9.695341850194025834e-01
9.695341850194025834e-01
9.695341850194025834e-01
9.695341850194025834e-01
9.695341850194025834e-01
9.695341850194025834e-01
9.695341850194025834e-01
9.695341850194025834e-01
9.695341850194025834e-01
9.695341850194025834e-01
9.695341850194025834e-01
9.695341850194025834e-01
9.695341850194025834e-01
9.695341850194025834e-01
9.695341850194025834e-01
9.695341850194025834e-01
9.695341850194025834e-01
9.695341850194025834e-01
9.695341850194025834e-01
9.695341850194025834e-01
9.695341850194025834e-01
9.695341850194025834e-01
9.695341850194025834e-01
9.695341850194025834e-01
9.695341850194025834e-01
9.695341850194025834e-01
9.695341850194025834e-01
9.695341850194025834e-01
9.695341850194025834e-01
9.695341850194025834e-01
9.695341850194025834e-01
9.695341850194025834e-01
9.695341850194025834e-01
9.695341850194025834e-01
9.695341850194025834e-01
9.695341850194025834e-01
9.695341850194025834e-01
9.695341850194025834e-01
9.695341850194025834e-01
9.695341850194025834e-01
9.695341850194025834e-01
9.695341850194025834e-01
9.695341850194025834e-01
9.695341850194025834e-01
9.695341850194025834e-01
9.695341850194025834e-01
9.695341850194025834e-01
9.695341850194025834e-01
9.695341850194025834e-01
9.695341850194025834e-01
9.695341850194025834e-01
9.695341850194025834e-01
9.695341850194025834e-01
9.695341850194025834e-01
9.695341850194025834e-01
9.695341850194025834e-01
9.695341850194025834e-01
9.695341850194025834e-01
9.695341850194025834e-01
9.695341850194025834e-01
9.695341850194025834e-01
9.695341850194025834e-01
9.695341850194025834e-01
9.695341850194025834e-01
9.695341850194025834e-01
9.695341850194025834e-01
9.695341850194025834e-01
9.695341850194025834e-01
9.695341850194025834e-01
9.695341850194025834e-01
9.695341850194025834e-01
9.695341850194025834e-01
9.695341850194025834e-01
9.695341850194025834e-01
9.695341850194025834e-01
9.695341850194025834e-01
9.695341850194025834e-01
9.695341850194025834e-01
9.695341850194025834e-01
9.695341850194025834e-01
9.695341850194025834e-01
9.695341850194025834e-01
9.695341850194025834e-01
9.695341850194025834e-01
9.695341850194025834e-01
9.695341850194025834e-01
9.695341850194025834e-01
9.695341850194025834e-01
9.695341850194025834e-01
9.695341850194025834e-01
9.695341850194025834e-01
9.695341850194025834e-01
9.695341850194025834e-01
9.695341850194025834e-01
9.695341850194025834e-01
9.695341850194025834e-01
9.695341850194025834e-01
9.695341850194025834e-01
9.695341850194025834e-01
9.695341850194025834e-01
9.695341850194025834e-01
9.695341850194025834e-01
9.695341850194025834e-01
9.695341850194025834e-01
9.695341850194025834e-01
9.695341850194025834e-01
9.695341850194025834e-01
9.695341850194025834e-01
9.695341850194025834e-01
9.695341850194025834e-01
9.695341850194025834e-01
9.695341850194025834e-01
9.695341850194025834e-01
9.695341850194025834e-01
9.695341850194025834e-01
9.695341850194025834e-01
9.695341850194025834e-01
9.695341850194025834e-01
9.695341850194025834e-01
9.695341850194025834e-01
9.695341850194025834e-01
9.695341850194025834e-01
9.695341850194025834e-01
9.695341850194025834e-01
9.695341850194025834e-01
9.695341850194025834e-01
9.695341850194025834e-01
9.695341850194025834e-01
9.695341850194025834e-01
9.695341850194025834e-01
9.695341850194025834e-01
9.695341850194025834e-01
9.695341850194025834e-01
9.695341850194025834e-01
9.695341850194025834e-01
9.695341850194025834e-01
9.695341850194025834e-01
9.695341850194025834e-01
9.695341850194025834e-01
9.695341850194025834e-01
9.695341850194025834e-01
9.695341850194025834e-01
9.695341850194025834e-01
9.695341850194025834e-01
9.695341850194025834e-01
9.695341850194025834e-01
9.695341850194025834e-01
9.695341850194025834e-01
9.695341850194025834e-01
9.695341850194025834e-01
9.695341850194025834e-01
9.695341850194025834e-01
9.695341850194025834e-01
9.695341850194025834e-01
9.695341850194025834e-01
9.695341850194025834e-01
9.695341850194025834e-01
9.695341850194025834e-01
9.695341850194025834e-01
9.695341850194025834e-01
9.695341850194025834e-01
9.695341850194025834e-01
9.695341850194025834e-01
9.695341850194025834e-01
9.695341850194025834e-01
9.695341850194025834e-01
9.695341850194025834e-01
9.695341850194025834e-01
9.695341850194025834e-01
9.695341850194025834e-01
9.695341850194025834e-01
9.695341850194025834e-01
9.695341850194025834e-01
9.695341850194025834e-01
9.695341850194025834e-01
9.695341850194025834e-01
9.695341850194025834e-01
9.695341850194025834e-01
9.695341850194025834e-01
9.695341850194025834e-01
9.695341850194025834e-01
9.695341850194025834e-01
9.695341850194025834e-01
9.695341850194025834e-01
9.695341850194025834e-01
9.695341850194025834e-01
9.695341850194025834e-01
9.695341850194025834e-01
9.695341850194025834e-01
9.695341850194025834e-01
9.695341850194025834e-01
9.695341850194025834e-01
9.695341850194025834e-01
9.695341850194025834e-01
9.695341850194025834e-01
9.695341850194025834e-01
9.695341850194025834e-01
9.695341850194025834e-01
9.695341850194025834e-01
9.695341850194025834e-01
9.695341850194025834e-01
9.695341850194025834e-01
9.695341850194025834e-01
9.695341850194025834e-01
