-1.899999999999999911e+00 0.000000000000000000e+00
-1.896386430678465906e+00 0.000000000000000000e+00
-1.892772861356932124e+00 0.000000000000000000e+00
-1.889159292035398119e+00 0.000000000000000000e+00
-1.885545722713864114e+00 0.000000000000000000e+00
-1.881932153392330331e+00 0.000000000000000000e+00
-1.878318584070796327e+00 0.000000000000000000e+00
-1.874705014749262544e+00 0.000000000000000000e+00
-1.871091445427728539e+00 0.000000000000000000e+00
-1.867477876106194534e+00 0.000000000000000000e+00
-1.863864306784660752e+00 0.000000000000000000e+00
-1.860250737463126747e+00 0.000000000000000000e+00
-1.856637168141592742e+00 0.000000000000000000e+00
-1.853023598820058959e+00 0.000000000000000000e+00
-1.849410029498524954e+00 0.000000000000000000e+00
-1.845796460176990950e+00 0.000000000000000000e+00
-1.842182890855457167e+00 0.000000000000000000e+00
-1.838569321533923162e+00 0.000000000000000000e+00
-1.834955752212389379e+00 0.000000000000000000e+00
-1.831342182890855375e+00 0.000000000000000000e+00
-1.827728613569321370e+00 0.000000000000000000e+00
-1.824115044247787587e+00 0.000000000000000000e+00
-1.820501474926253582e+00 0.000000000000000000e+00
-1.816887905604719577e+00 0.000000000000000000e+00
-1.813274336283185795e+00 0.000000000000000000e+00
-1.809660766961651790e+00 0.000000000000000000e+00
-1.806047197640118007e+00 0.000000000000000000e+00
-1.802433628318584002e+00 0.000000000000000000e+00
-1.798820058997049998e+00 0.000000000000000000e+00
-1.795206489675516215e+00 0.000000000000000000e+00
-1.791592920353982210e+00 0.000000000000000000e+00
-1.787979351032448205e+00 0.000000000000000000e+00
-1.784365781710914423e+00 0.000000000000000000e+00
-1.780752212389380418e+00 0.000000000000000000e+00
-1.777138643067846413e+00 0.000000000000000000e+00
-1.773525073746312630e+00 0.000000000000000000e+00
-1.769911504424778625e+00 0.000000000000000000e+00
-1.766297935103244843e+00 0.000000000000000000e+00
-1.762684365781710838e+00 0.000000000000000000e+00
-1.759070796460176833e+00 0.000000000000000000e+00
-1.755457227138643050e+00 0.000000000000000000e+00
-1.751843657817109046e+00 0.000000000000000000e+00
-1.748230088495575041e+00 0.000000000000000000e+00
-1.744616519174041258e+00 0.000000000000000000e+00
-1.741002949852507253e+00 0.000000000000000000e+00
-1.737389380530973249e+00 0.000000000000000000e+00
-1.733775811209439466e+00 0.000000000000000000e+00
-1.730162241887905461e+00 0.000000000000000000e+00
-1.726548672566371678e+00 0.000000000000000000e+00
-1.722935103244837673e+00 0.000000000000000000e+00
-1.719321533923303669e+00 0.000000000000000000e+00
-1.715707964601769886e+00 0.000000000000000000e+00
-1.712094395280235881e+00 0.000000000000000000e+00
-1.708480825958701876e+00 0.000000000000000000e+00
-1.704867256637168094e+00 0.000000000000000000e+00
-1.701253687315634089e+00 0.000000000000000000e+00
-1.697640117994100084e+00 0.000000000000000000e+00
-1.694026548672566301e+00 0.000000000000000000e+00
-1.690412979351032297e+00 0.000000000000000000e+00
-1.686799410029498514e+00 0.000000000000000000e+00
-1.683185840707964509e+00 0.000000000000000000e+00
-1.679572271386430504e+00 0.000000000000000000e+00
-1.675958702064896721e+00 0.000000000000000000e+00
-1.672345132743362717e+00 0.000000000000000000e+00
-1.668731563421828712e+00 0.000000000000000000e+00
-1.665117994100294929e+00 0.000000000000000000e+00
-1.661504424778760924e+00 0.000000000000000000e+00
-1.657890855457226920e+00 0.000000000000000000e+00
-1.654277286135693137e+00 0.000000000000000000e+00
-1.650663716814159132e+00 0.000000000000000000e+00
-1.647050147492625349e+00 0.000000000000000000e+00
-1.643436578171091345e+00 0.000000000000000000e+00
-1.639823008849557340e+00 0.000000000000000000e+00
-1.636209439528023557e+00 0.000000000000000000e+00
-1.632595870206489552e+00 0.000000000000000000e+00
-1.628982300884955770e+00 0.000000000000000000e+00
-1.625368731563421765e+00 0.000000000000000000e+00
-1.621755162241887760e+00 0.000000000000000000e+00
-1.618141592920353755e+00 0.000000000000000000e+00
-1.614528023598819972e+00 0.000000000000000000e+00
-1.610914454277285968e+00 0.000000000000000000e+00
-1.607300884955752185e+00 0.000000000000000000e+00
-1.603687315634218180e+00 0.000000000000000000e+00
-1.600073746312684175e+00 0.000000000000000000e+00
-1.596460176991150393e+00 0.000000000000000000e+00
-1.592846607669616388e+00 0.000000000000000000e+00
-1.589233038348082605e+00 0.000000000000000000e+00
-1.585619469026548600e+00 0.000000000000000000e+00
-1.582005899705014595e+00 0.000000000000000000e+00
-1.578392330383480591e+00 0.000000000000000000e+00
-1.574778761061946808e+00 0.000000000000000000e+00
-1.571165191740412803e+00 0.000000000000000000e+00
-1.567551622418879020e+00 0.000000000000000000e+00
-1.563938053097345016e+00 0.000000000000000000e+00
-1.560324483775811011e+00 0.000000000000000000e+00
-1.556710914454277228e+00 0.000000000000000000e+00
-1.553097345132743223e+00 0.000000000000000000e+00
-1.549483775811209441e+00 0.000000000000000000e+00
-1.545870206489675436e+00 0.000000000000000000e+00
-1.542256637168141431e+00 0.000000000000000000e+00
-1.538643067846607426e+00 0.000000000000000000e+00
-1.535029498525073643e+00 0.000000000000000000e+00
-1.531415929203539639e+00 0.000000000000000000e+00
-1.527802359882005856e+00 0.000000000000000000e+00
-1.524188790560471851e+00 0.000000000000000000e+00
-1.520575221238937846e+00 0.000000000000000000e+00
-1.516961651917404064e+00 0.000000000000000000e+00
-1.513348082595870059e+00 0.000000000000000000e+00
-1.509734513274336276e+00 0.000000000000000000e+00
-1.506120943952802271e+00 0.000000000000000000e+00
-1.502507374631268267e+00 0.000000000000000000e+00
-1.498893805309734262e+00 0.000000000000000000e+00
-1.495280235988200479e+00 0.000000000000000000e+00
-1.491666666666666474e+00 0.000000000000000000e+00
-1.488053097345132691e+00 0.000000000000000000e+00
-1.484439528023598687e+00 0.000000000000000000e+00
-1.480825958702064682e+00 0.000000000000000000e+00
-1.477212389380530899e+00 0.000000000000000000e+00
-1.473598820058996894e+00 0.000000000000000000e+00
-1.469985250737463112e+00 0.000000000000000000e+00
-1.466371681415929107e+00 0.000000000000000000e+00
-1.462758112094395102e+00 0.000000000000000000e+00
-1.459144542772861097e+00 0.000000000000000000e+00
-1.455530973451327315e+00 0.000000000000000000e+00
-1.451917404129793310e+00 0.000000000000000000e+00
-1.448303834808259527e+00 0.000000000000000000e+00
-1.444690265486725522e+00 0.000000000000000000e+00
-1.441076696165191517e+00 0.000000000000000000e+00
-1.437463126843657735e+00 0.000000000000000000e+00
-1.433849557522123730e+00 0.000000000000000000e+00
-1.430235988200589947e+00 0.000000000000000000e+00
-1.426622418879055942e+00 0.000000000000000000e+00
-1.423008849557521938e+00 0.000000000000000000e+00
-1.419395280235987933e+00 0.000000000000000000e+00
-1.415781710914454150e+00 0.000000000000000000e+00
-1.412168141592920145e+00 0.000000000000000000e+00
-1.408554572271386363e+00 0.000000000000000000e+00
-1.404941002949852358e+00 0.000000000000000000e+00
-1.401327433628318353e+00 0.000000000000000000e+00
-1.397713864306784570e+00 0.000000000000000000e+00
-1.394100294985250565e+00 0.000000000000000000e+00
-1.390486725663716783e+00 0.000000000000000000e+00
-1.386873156342182778e+00 0.000000000000000000e+00
-1.383259587020648773e+00 0.000000000000000000e+00
-1.379646017699114768e+00 0.000000000000000000e+00
-1.376032448377580986e+00 0.000000000000000000e+00
-1.372418879056047203e+00 0.000000000000000000e+00
-1.368805309734513198e+00 0.000000000000000000e+00
-1.365191740412979193e+00 0.000000000000000000e+00
-1.361578171091445189e+00 0.000000000000000000e+00
-1.357964601769911406e+00 0.000000000000000000e+00
-1.354351032448377401e+00 0.000000000000000000e+00
-1.350737463126843618e+00 0.000000000000000000e+00
-1.347123893805309613e+00 0.000000000000000000e+00
-1.343510324483775609e+00 0.000000000000000000e+00
-1.339896755162241604e+00 0.000000000000000000e+00
-1.336283185840707821e+00 0.000000000000000000e+00
-1.332669616519174038e+00 0.000000000000000000e+00
-1.329056047197640034e+00 0.000000000000000000e+00
-1.325442477876106029e+00 0.000000000000000000e+00
-1.321828908554572024e+00 0.000000000000000000e+00
-1.318215339233038241e+00 0.000000000000000000e+00
-1.314601769911504237e+00 0.000000000000000000e+00
-1.310988200589970454e+00 0.000000000000000000e+00
-1.307374631268436449e+00 0.000000000000000000e+00
-1.303761061946902444e+00 0.000000000000000000e+00
-1.300147492625368439e+00 0.000000000000000000e+00
-1.296533923303834657e+00 0.000000000000000000e+00
-1.292920353982300874e+00 0.000000000000000000e+00
-1.289306784660766869e+00 0.000000000000000000e+00
-1.285693215339232864e+00 0.000000000000000000e+00
-1.282079646017698860e+00 0.000000000000000000e+00
-1.278466076696165077e+00 0.000000000000000000e+00
-1.274852507374631072e+00 0.000000000000000000e+00
-1.271238938053097289e+00 0.000000000000000000e+00
-1.267625368731563285e+00 0.000000000000000000e+00
-1.264011799410029280e+00 0.000000000000000000e+00
-1.260398230088495275e+00 0.000000000000000000e+00
-1.256784660766961492e+00 0.000000000000000000e+00
-1.253171091445427709e+00 0.000000000000000000e+00
-1.249557522123893705e+00 0.000000000000000000e+00
-1.245943952802359700e+00 0.000000000000000000e+00
-1.242330383480825695e+00 0.000000000000000000e+00
-1.238716814159291912e+00 0.000000000000000000e+00
-1.235103244837757908e+00 0.000000000000000000e+00
-1.231489675516224125e+00 0.000000000000000000e+00
-1.227876106194690120e+00 0.000000000000000000e+00
-1.224262536873156115e+00 0.000000000000000000e+00
-1.220648967551622111e+00 0.000000000000000000e+00
-1.217035398230088328e+00 0.000000000000000000e+00
-1.213421828908554545e+00 0.000000000000000000e+00
-1.209808259587020540e+00 0.000000000000000000e+00
-1.206194690265486535e+00 0.000000000000000000e+00
-1.202581120943952531e+00 0.000000000000000000e+00
-1.198967551622418748e+00 0.000000000000000000e+00
-1.195353982300884743e+00 0.000000000000000000e+00
-1.191740412979350960e+00 0.000000000000000000e+00
-1.188126843657816956e+00 0.000000000000000000e+00
-1.184513274336282951e+00 0.000000000000000000e+00
-1.180899705014748946e+00 0.000000000000000000e+00
-1.177286135693215163e+00 0.000000000000000000e+00
-1.173672566371681381e+00 0.000000000000000000e+00
-1.170058997050147376e+00 0.000000000000000000e+00
-1.166445427728613371e+00 0.000000000000000000e+00
-1.162831858407079366e+00 0.000000000000000000e+00
-1.159218289085545583e+00 0.000000000000000000e+00
-1.155604719764011579e+00 0.000000000000000000e+00
-1.151991150442477796e+00 0.000000000000000000e+00
-1.148377581120943791e+00 0.000000000000000000e+00
-1.144764011799409786e+00 0.000000000000000000e+00
-1.141150442477875782e+00 0.000000000000000000e+00
-1.137536873156341999e+00 0.000000000000000000e+00
-1.133923303834808216e+00 0.000000000000000000e+00
-1.130309734513274211e+00 0.000000000000000000e+00
-1.126696165191740207e+00 0.000000000000000000e+00
-1.123082595870206202e+00 0.000000000000000000e+00
-1.119469026548672419e+00 0.000000000000000000e+00
-1.115855457227138636e+00 0.000000000000000000e+00
-1.112241887905604631e+00 0.000000000000000000e+00
-1.108628318584070627e+00 0.000000000000000000e+00
-1.105014749262536622e+00 0.000000000000000000e+00
-1.101401179941002617e+00 0.000000000000000000e+00
-1.097787610619468834e+00 0.000000000000000000e+00
-1.094174041297935052e+00 0.000000000000000000e+00
-1.090560471976401047e+00 0.000000000000000000e+00
-1.086946902654867042e+00 0.000000000000000000e+00
-1.083333333333333037e+00 0.000000000000000000e+00
-1.079719764011799255e+00 0.000000000000000000e+00
-1.076106194690265472e+00 0.000000000000000000e+00
-1.072492625368731467e+00 0.000000000000000000e+00
-1.068879056047197462e+00 0.000000000000000000e+00
-1.065265486725663457e+00 0.000000000000000000e+00
-1.061651917404129453e+00 0.000000000000000000e+00
-1.058038348082595670e+00 0.000000000000000000e+00
-1.054424778761061887e+00 0.000000000000000000e+00
-1.050811209439527882e+00 0.000000000000000000e+00
-1.047197640117993878e+00 0.000000000000000000e+00
-1.043584070796459873e+00 0.000000000000000000e+00
-1.039970501474926090e+00 0.000000000000000000e+00
-1.036356932153392307e+00 0.000000000000000000e+00
-1.032743362831858303e+00 0.000000000000000000e+00
-1.029129793510324298e+00 0.000000000000000000e+00
-1.025516224188790293e+00 0.000000000000000000e+00
-1.021902654867256510e+00 0.000000000000000000e+00
-1.018289085545722505e+00 0.000000000000000000e+00
-1.014675516224188723e+00 0.000000000000000000e+00
-1.011061946902654718e+00 0.000000000000000000e+00
-1.007448377581120713e+00 0.000000000000000000e+00
-1.003834808259586708e+00 0.000000000000000000e+00
-1.000221238938052926e+00 0.000000000000000000e+00
-9.966076696165190318e-01 0.000000000000000000e+00
-9.929941002949850271e-01 0.000000000000000000e+00
-9.893805309734511333e-01 0.000000000000000000e+00
-9.857669616519172395e-01 0.000000000000000000e+00
-9.821533923303833458e-01 0.000000000000000000e+00
-9.785398230088493410e-01 0.000000000000000000e+00
-9.749262536873154472e-01 0.000000000000000000e+00
-9.713126843657815535e-01 0.000000000000000000e+00
-9.676991150442475487e-01 0.000000000000000000e+00
-9.640855457227136549e-01 0.000000000000000000e+00
-9.604719764011797611e-01 0.000000000000000000e+00
-9.568584070796458674e-01 0.000000000000000000e+00
-9.532448377581118626e-01 0.000000000000000000e+00
-9.496312684365779688e-01 0.000000000000000000e+00
-9.460176991150440751e-01 0.000000000000000000e+00
-9.424041297935101813e-01 0.000000000000000000e+00
-9.387905604719761765e-01 0.000000000000000000e+00
-9.351769911504422828e-01 0.000000000000000000e+00
-9.315634218289083890e-01 0.000000000000000000e+00
-9.279498525073743842e-01 0.000000000000000000e+00
-9.243362831858404904e-01 0.000000000000000000e+00
-9.207227138643065967e-01 0.000000000000000000e+00
-9.171091445427727029e-01 0.000000000000000000e+00
-9.134955752212386981e-01 0.000000000000000000e+00
-9.098820058997048044e-01 0.000000000000000000e+00
-9.062684365781709106e-01 0.000000000000000000e+00
-9.026548672566370168e-01 0.000000000000000000e+00
-8.990412979351030121e-01 0.000000000000000000e+00
-8.954277286135692293e-01 0.000000000000000000e+00
-8.918141592920352245e-01 0.000000000000000000e+00
-8.882005899705012197e-01 0.000000000000000000e+00
-8.845870206489674370e-01 0.000000000000000000e+00
-8.809734513274334322e-01 0.000000000000000000e+00
-8.773598820058994274e-01 0.000000000000000000e+00
-8.737463126843656447e-01 0.000000000000000000e+00
-8.701327433628316399e-01 0.000000000000000000e+00
-8.665191740412976351e-01 0.000000000000000000e+00
-8.629056047197638524e-01 0.000000000000000000e+00
-8.592920353982298476e-01 0.000000000000000000e+00
-8.556784660766960648e-01 0.000000000000000000e+00
-8.520648967551620601e-01 0.000000000000000000e+00
-8.484513274336280553e-01 0.000000000000000000e+00
-8.448377581120942725e-01 0.000000000000000000e+00
-8.412241887905602677e-01 0.000000000000000000e+00
-8.376106194690262630e-01 0.000000000000000000e+00
-8.339970501474924802e-01 0.000000000000000000e+00
-8.303834808259584754e-01 0.000000000000000000e+00
-8.267699115044244706e-01 0.000000000000000000e+00
-8.231563421828906879e-01 0.000000000000000000e+00
-8.195427728613566831e-01 0.000000000000000000e+00
-8.159292035398229004e-01 0.000000000000000000e+00
-8.123156342182888956e-01 0.000000000000000000e+00
-8.087020648967548908e-01 0.000000000000000000e+00
-8.050884955752211081e-01 0.000000000000000000e+00
-8.014749262536871033e-01 0.000000000000000000e+00
-7.978613569321530985e-01 0.000000000000000000e+00
-7.942477876106193158e-01 0.000000000000000000e+00
-7.906342182890853110e-01 0.000000000000000000e+00
-7.870206489675513062e-01 0.000000000000000000e+00
-7.834070796460175234e-01 0.000000000000000000e+00
-7.797935103244835187e-01 0.000000000000000000e+00
-7.761799410029497359e-01 0.000000000000000000e+00
-7.725663716814157311e-01 0.000000000000000000e+00
-7.689528023598817263e-01 0.000000000000000000e+00
-7.653392330383479436e-01 0.000000000000000000e+00
-7.617256637168139388e-01 0.000000000000000000e+00
-7.581120943952799340e-01 0.000000000000000000e+00
-7.544985250737461513e-01 0.000000000000000000e+00
-7.508849557522121465e-01 0.000000000000000000e+00
-7.472713864306783638e-01 0.000000000000000000e+00
-7.436578171091443590e-01 0.000000000000000000e+00
-7.400442477876103542e-01 0.000000000000000000e+00
-7.364306784660765715e-01 0.000000000000000000e+00
-7.328171091445425667e-01 0.000000000000000000e+00
-7.292035398230085619e-01 0.000000000000000000e+00
-7.255899705014747791e-01 0.000000000000000000e+00
-7.219764011799407744e-01 0.000000000000000000e+00
-7.183628318584067696e-01 0.000000000000000000e+00
-7.147492625368729868e-01 0.000000000000000000e+00
-7.111356932153389820e-01 0.000000000000000000e+00
-7.075221238938051993e-01 0.000000000000000000e+00
-7.039085545722711945e-01 0.000000000000000000e+00
-7.002949852507371897e-01 0.000000000000000000e+00
-6.966814159292034070e-01 0.000000000000000000e+00
-6.930678466076694022e-01 0.000000000000000000e+00
-6.894542772861353974e-01 0.000000000000000000e+00
-6.858407079646016147e-01 0.000000000000000000e+00
-6.822271386430676099e-01 0.000000000000000000e+00
-6.786135693215336051e-01 0.000000000000000000e+00
-6.749999999999998224e-01 0.000000000000000000e+00
-6.713864306784658176e-01 0.000000000000000000e+00
-6.677728613569320348e-01 0.000000000000000000e+00
-6.641592920353980301e-01 0.000000000000000000e+00
-6.605457227138640253e-01 0.000000000000000000e+00
-6.569321533923302425e-01 0.000000000000000000e+00
-6.533185840707962377e-01 0.000000000000000000e+00
-6.497050147492622330e-01 0.000000000000000000e+00
-6.460914454277284502e-01 0.000000000000000000e+00
-6.424778761061944454e-01 0.000000000000000000e+00
-6.388643067846604406e-01 0.000000000000000000e+00
-6.352507374631266579e-01 0.000000000000000000e+00
-6.316371681415926531e-01 0.000000000000000000e+00
-6.280235988200588704e-01 0.000000000000000000e+00
-6.244100294985248656e-01 0.000000000000000000e+00
-6.207964601769908608e-01 0.000000000000000000e+00
-6.171828908554570781e-01 0.000000000000000000e+00
-6.135693215339230733e-01 0.000000000000000000e+00
-6.099557522123890685e-01 0.000000000000000000e+00
-6.063421828908552857e-01 0.000000000000000000e+00
-6.027286135693212810e-01 0.000000000000000000e+00
-5.991150442477872762e-01 0.000000000000000000e+00
-5.955014749262534934e-01 0.000000000000000000e+00
-5.918879056047194887e-01 0.000000000000000000e+00
-5.882743362831857059e-01 0.000000000000000000e+00
-5.846607669616517011e-01 0.000000000000000000e+00
-5.810471976401176963e-01 0.000000000000000000e+00
-5.774336283185839136e-01 0.000000000000000000e+00
-5.738200589970499088e-01 0.000000000000000000e+00
-5.702064896755159040e-01 0.000000000000000000e+00
-5.665929203539821213e-01 0.000000000000000000e+00
-5.629793510324481165e-01 0.000000000000000000e+00
-5.593657817109143338e-01 0.000000000000000000e+00
-5.557522123893803290e-01 7.846856089098760196e-308
-5.521386430678463242e-01 5.128268952419549135e-290
-5.485250737463125414e-01 3.238516704097716764e-273
-5.449115044247785367e-01 2.255345014713244159e-257
-5.412979351032445319e-01 1.962145196974306410e-242
-5.376843657817107491e-01 2.398889222436314375e-228
-5.340707964601767443e-01 4.605540186538082105e-215
-5.304572271386427396e-01 1.541895817080847617e-202
-5.268436578171089568e-01 9.937588789052998202e-191
-5.232300884955749520e-01 1.353582200282180469e-179
-5.196165191740411693e-01 4.255067138460007364e-169
-5.160029498525071645e-01 3.354514278802597381e-159
-5.123893805309731597e-01 7.173009895235521709e-150
-5.087758112094393770e-01 4.479680876621438855e-141
-5.051622418879053722e-01 8.761492011482821734e-133
-5.015486725663713674e-01 5.731839787162624236e-125
-4.979351032448375847e-01 1.334685914814645257e-117
-4.943215339233035799e-01 1.172985454053127839e-110
-4.907079646017695751e-01 4.112021512900433414e-104
-4.870943952802357924e-01 6.058014718858950943e-98
-4.834808259587017876e-01 3.940027973504434860e-92
-4.798672566371680048e-01 1.185046177686744001e-86
-4.762536873156340000e-01 1.722148162785248083e-81
-4.726401179940999953e-01 1.260262542636591284e-76
-4.690265486725662125e-01 4.828890189137946903e-72
-4.654129793510322077e-01 1.005105819098327579e-67
-4.617994100294982029e-01 1.176610630884115745e-63
-4.581858407079644202e-01 8.004527707603672875e-60
-4.545722713864304154e-01 3.263933741409736594e-56
-4.509587020648964106e-01 8.213175351243706485e-53
-4.473451327433626279e-01 1.310962025641161451e-49
-4.437315634218286231e-01 1.362221190121912742e-46
-4.401179941002948404e-01 9.443113784305690730e-44
-4.365044247787608356e-01 4.469128056857255660e-41
-4.328908554572268308e-01 1.475817336468339615e-38
-4.292772861356930481e-01 3.471133301816450371e-36
-4.256637168141590433e-01 5.928709066837281359e-34
-4.220501474926250385e-01 7.489341166105720861e-32
-4.184365781710912557e-01 7.118955603302536606e-30
-4.148230088495572510e-01 5.175451130877314724e-28
-4.112094395280232462e-01 2.922193160648704484e-26
-4.075958702064894634e-01 1.300139628892338144e-24
-4.039823008849554586e-01 4.620898431120404573e-23
-4.003687315634216759e-01 1.328974661872464320e-21
-3.967551622418876711e-01 3.130702764460183151e-20
-3.931415929203536663e-01 6.110591587507087368e-19
-3.895280235988198836e-01 9.989407193148293803e-18
-3.859144542772858788e-01 1.381793801512038513e-16
-3.823008849557518740e-01 1.632954871626217380e-15
-3.786873156342180913e-01 1.663701566043164881e-14
-3.750737463126840865e-01 1.473892396610334630e-13
-3.714601769911500817e-01 1.144597061786742626e-12
-3.678466076696162990e-01 7.851341410695968312e-12
-3.642330383480822942e-01 4.791363803658682438e-11
-3.606194690265485114e-01 2.619030386001274484e-10
-3.570058997050145067e-01 1.290513373685897414e-09
-3.533923303834805019e-01 5.766886828647667511e-09
-3.497787610619467191e-01 2.350414590796564847e-08
-3.461651917404127143e-01 8.784116142173196108e-08
-3.425516224188787096e-01 3.025490767477642354e-07
-3.389380530973449268e-01 9.649528256769723942e-07
-3.353244837758109220e-01 2.862720338746213589e-06
-3.317109144542771393e-01 7.933282644920753679e-06
-3.280973451327431345e-01 2.061870767122431214e-05
-3.244837758112091297e-01 5.044737129177372749e-05
-3.208702064896753470e-01 1.166070072016403157e-04
-3.172566371681413422e-01 2.554887822973000229e-04
-3.136430678466073374e-01 5.322906355135416812e-04
-3.100294985250735547e-01 1.057659107800506008e-03
-3.064159292035395499e-01 2.009918400242600642e-03
-3.028023598820055451e-01 3.662628957934459858e-03
-2.991887905604717623e-01 6.416071208428189392e-03
-2.955752212389377576e-01 1.082991112827015601e-02
-2.919616519174039748e-01 1.765302256346089338e-02
-2.883480825958699700e-01 2.784552079027055940e-02
-2.847345132743359652e-01 4.258778813089408866e-02
-2.811209439528021825e-01 6.327183368998641477e-02
-2.775073746312681777e-01 9.147175665771681285e-02
-2.738938053097341729e-01 1.288922288023409690e-01
-2.702802359882003902e-01 1.772964743917757047e-01
-2.666666666666663854e-01 2.384178091747045924e-01
-2.630530973451323806e-01 3.138609975752718606e-01
-2.594395280235985979e-01 4.050011623017495954e-01
-2.558259587020645931e-01 5.128885269410635717e-01
-2.522123893805308104e-01 6.381668421890479559e-01
-2.485988200589968056e-01 7.810120449379509555e-01
-2.449852507374628008e-01 9.410957496165791580e-01
-2.413716814159290180e-01 1.117575863750621012e+00
-2.377581120943950133e-01 1.309114258875204939e+00
-2.341445427728610085e-01 1.513919284162906109e+00
-2.305309734513272257e-01 1.729809187280843652e+00
-2.269174041297932209e-01 1.954291326224014913e+00
-2.233038348082592162e-01 2.184651455308761925e+00
-2.196902654867254334e-01 2.418047314889637089e+00
-2.160766961651914286e-01 2.651601161966566700e+00
-2.124631268436576459e-01 2.882486630995765520e+00
-2.088495575221236411e-01 3.108006283519284096e+00
-2.052359882005896363e-01 3.325657270125585541e+00
-2.016224188790558536e-01 3.533183584601967464e+00
-1.980088495575218488e-01 3.728614357717389360e+00
-1.943952802359878440e-01 3.910288462651227093e+00
-1.907817109144540613e-01 4.076866356083241882e+00
-1.871681415929200565e-01 4.227330549874661614e+00
-1.835545722713860517e-01 4.360976405936020761e+00
-1.799410029498522690e-01 4.477395090447577886e+00
-1.763274336283182642e-01 4.576450538893722886e+00
-1.727138643067844814e-01 4.658252198938668265e+00
-1.691002949852504766e-01 4.723125162257341358e+00
-1.654867256637164719e-01 4.771579094887995254e+00
-1.618731563421826891e-01 4.804277150651953932e+00
-1.582595870206486843e-01 4.822005821590885866e+00
-1.546460176991146795e-01 4.825646456755124269e+00
-1.510324483775808968e-01 4.816148975554460421e+00
-1.474188790560468920e-01 4.794508120236076643e+00
-1.438053097345131093e-01 4.761742436943156243e+00
-1.401917404129791045e-01 4.718876047028634169e+00
-1.365781710914450997e-01 4.666923168960130042e+00
-1.329646017699113170e-01 4.606875274238486639e+00
-1.293510324483773122e-01 4.539690705538238724e+00
-1.257374631268433074e-01 4.466286548715070026e+00
-1.221238938053095247e-01 4.387532529273142856e+00
-1.185103244837755199e-01 4.304246695334347450e+00
-1.148967551622415151e-01 4.217192650326524905e+00
-1.112831858407077323e-01 4.127078107045603517e+00
-1.076696165191737276e-01 4.034554548335892221e+00
-1.040560471976399448e-01 3.940217796604538858e+00
-1.004424778761059400e-01 3.844609313309751197e+00
-9.682890855457193524e-02 3.748218069309599887e+00
-9.321533923303815250e-02 3.651482846666522342e+00
-8.960176991150414771e-02 3.554794851545127088e+00
-8.598820058997014293e-02 3.458500535775669960e+00
-8.237463126843636019e-02 3.362904541201568343e+00
-7.876106194690235540e-02 3.268272695927194160e+00
-7.514749262536835062e-02 3.174835004967194951e+00
-7.153392330383456788e-02 3.082788589578148386e+00
-6.792035398230056309e-02 2.992300539786084901e+00
-6.430678466076678035e-02 2.903510653400735109e+00
-6.069321533923277556e-02 2.816534042244470903e+00
-5.707964601769877078e-02 2.731463592547498376e+00
-5.346607669616498804e-02 2.648372271599294336e+00
-4.985250737463098325e-02 2.567315276929846402e+00
-4.623893805309697846e-02 2.488332027646329436e+00
-4.262536873156319572e-02 2.411448000185134166e+00
-3.901179941002919094e-02 2.336676412764463695e+00
-3.539823008849518615e-02 2.264019764332055207e+00
-3.178466076696140341e-02 2.193471234883769938e+00
-2.817109144542739863e-02 2.125015954755364866e+00
-2.455752212389361588e-02 2.058632150928237259e+00
-2.094395280235961110e-02 1.994292178596886567e+00
-1.733038348082560631e-02 1.931963446268504914e+00
-1.371681415929182357e-02 1.871609242546447893e+00
-1.010324483775781879e-02 1.813189472520860823e+00
-6.489675516223814000e-03 1.756661311383028501e+00
-2.876106194690031259e-03 1.701979782515947059e+00
7.374631268439735265e-04 1.649098232223107807e+00
4.351032448377978312e-03 1.597962161535800840e+00
7.964601769911761053e-03 1.548503528615375879e+00
1.157817109144576584e-02 1.500655758237618542e+00
1.519174041297954858e-02 1.454355676396949626e+00
1.880530973451355337e-02 1.409543300603546268e+00
2.241887905604755815e-02 1.366161644620630389e+00
2.603244837758134089e-02 1.324156536542752560e+00
2.964601769911534568e-02 1.283476449206654602e+00
3.325958702064935046e-02 1.244072342008834209e+00
3.687315634218313321e-02 1.205897513278968658e+00
4.048672566371713799e-02 1.168907462426922894e+00
4.410029498525114278e-02 1.133059761143627497e+00
4.771386430678492552e-02 1.098313932992796893e+00
5.132743362831893030e-02 1.064631340782832503e+00
5.494100294985271304e-02 1.031975081155806828e+00
5.855457227138671783e-02 1.000309885873628568e+00
6.216814159292072262e-02 9.696020293219087538e-01
6.578171091445450536e-02 9.398192417879611682e-01
6.939528023598851014e-02 9.109306281033777708e-01
7.300884955752251493e-02 8.829065912720498455e-01
7.662241887905629767e-02 8.557187607328925472e-01
8.023598820059030245e-02 8.293399249325307254e-01
8.384955752212408520e-02 8.037439679071592957e-01
8.746312684365808998e-02 7.789058095948153682e-01
9.107669616519209477e-02 7.548013496198821004e-01
9.469026548672587751e-02 7.314074143103160841e-01
9.830383480825988229e-02 7.087017067257466163e-01
1.019174041297938871e-01 6.866627594908719656e-01
1.055309734513278919e-01 6.652698902435844053e-01
1.091445427728614526e-01 6.445031595214829601e-01
1.127581120943954573e-01 6.243433309236433582e-01
1.163716814159294621e-01 6.047718333969344107e-01
1.199852507374634669e-01 5.857707255077219122e-01
1.235988200589974717e-01 5.673226615711284282e-01
1.272123893805314765e-01 5.494108595202030765e-01
1.308259587020650372e-01 5.320190704076175336e-01
1.344395280235990420e-01 5.151315494420318775e-01
1.380530973451330468e-01 4.987330284705301930e-01
1.416666666666670515e-01 4.828086898276437999e-01
1.452802359882010563e-01 4.673441414802732008e-01
1.488938053097346170e-01 4.523253934065452064e-01
1.525073746312686218e-01 4.377388351553797574e-01
1.561209439528026266e-01 4.235712145422410035e-01
1.597345132743366314e-01 4.098096174453646490e-01
1.633480825958706362e-01 3.964414486758471301e-01
1.669616519174046410e-01 3.834544139042189714e-01
1.705752212389382017e-01 3.708365026359072836e-01
1.741887905604722064e-01 3.585759722379955883e-01
1.778023598820062112e-01 3.466613330305114982e-01
1.814159292035402160e-01 3.350813344666508931e-01
1.850294985250742208e-01 3.238249524385317657e-01
1.886430678466077815e-01 3.128813777578144384e-01
1.922566371681417863e-01 3.022400058742970574e-01
1.958702064896757911e-01 2.918904279103148314e-01
1.994837758112097958e-01 2.818224231043114925e-01
2.030973451327438006e-01 2.720259527735904292e-01
2.067109144542778054e-01 2.624911559237494418e-01
2.103244837758113661e-01 2.532083466505211100e-01
2.139380530973453709e-01 2.441680134985951822e-01
2.175516224188793757e-01 2.353608209610542068e-01
2.211651917404133805e-01 2.267776133219501777e-01
2.247787610619473853e-01 2.184094210625101840e-01
2.283923303834809460e-01 2.102474700679360931e-01
2.320058997050149507e-01 2.022831938852010791e-01
2.356194690265489555e-01 1.945082492918996653e-01
2.392330383480829603e-01 1.869145354396553882e-01
2.428466076696169651e-01 1.794942168313362896e-01
2.464601769911509699e-01 1.722397503764682702e-01
2.500737463126845306e-01 1.651439167408600972e-01
2.536873156342185354e-01 1.581998561612348309e-01
2.573008849557525402e-01 1.514011088294963947e-01
2.609144542772865449e-01 1.447416598599480519e-01
2.645280235988205497e-01 1.382159887317467029e-01
2.681415929203541104e-01 1.318191229433340050e-01
2.717551622418881152e-01 1.255466954211148789e-01
2.753687315634221200e-01 1.193950049873190311e-01
2.789823008849561248e-01 1.133610789089275483e-01
2.825958702064901296e-01 1.074427362199323471e-01
2.862094395280241343e-01 1.016386501345999116e-01
2.898230088495576950e-01 9.594840745541637073e-02
2.934365781710916998e-01 9.037256243617466933e-02
2.970501474926257046e-01 8.491268210482960654e-02
3.006637168141597094e-01 7.957137960586774250e-02
3.042772861356937142e-01 7.435233172029694082e-02
3.078908554572272749e-01 6.926027640391790863e-02
3.115044247787612797e-01 6.430098600128825170e-02
3.151179941002952845e-01 5.948121180162433547e-02
3.187315634218292892e-01 5.480859586674180495e-02
3.223451327433632940e-01 5.029154664447079565e-02
3.259587020648972988e-01 4.593907584263198784e-02
3.295722713864308595e-01 4.176059542422585341e-02
3.331858407079648643e-01 3.776567541539813805e-02
3.367994100294988691e-01 3.396376547990011263e-02
3.404129793510328739e-01 3.036388584553811540e-02
3.440265486725668787e-01 2.697429605019550231e-02
3.476401179941004393e-01 2.380215292417092385e-02
3.512536873156344441e-01 2.085317199509548192e-02
3.548672566371684489e-01 1.813130879151616734e-02
3.584808259587024537e-01 1.563847799948782716e-02
3.620943952802364585e-01 1.337432876404935113e-02
3.657079646017700192e-01 1.133609334306040148e-02
3.693215339233040240e-01 9.518523634085238397e-03
3.729351032448380288e-01 7.913925778322639451e-03
3.765486725663720335e-01 6.512297266680553733e-03
3.801622418879060383e-01 5.301564115603419995e-03
3.837758112094400431e-01 4.267908332651768055e-03
3.873893805309736038e-01 3.396168798303151638e-03
3.910029498525076086e-01 2.670292663785542048e-03
3.946165191740416134e-01 2.073810170662499040e-03
3.982300884955756182e-01 1.590304028440864314e-03
4.018436578171096230e-01 1.203845447345096558e-03
4.054572271386431837e-01 8.993725604501809009e-04
4.090707964601771884e-01 6.629928552886540797e-04
4.126843657817111932e-01 4.821986249889579734e-04
4.162979351032451980e-01 3.459923984306992849e-04
4.199115044247792028e-01 2.449268314162262499e-04
4.235250737463132076e-01 1.710697726412845684e-04
4.271386430678467683e-01 1.179095536263944017e-04
4.307522123893807731e-01 8.021772143381352132e-05
4.343657817109147778e-01 5.388651148083995341e-05
4.379793510324487826e-01 3.575670479273812210e-05
4.415929203539827874e-01 2.344866993138960544e-05
4.452064896755163481e-01 1.520595386035406623e-05
4.488200589970503529e-01 9.757306489782626132e-06
4.524336283185843577e-01 6.199920777457173340e-06
4.560471976401183625e-01 3.904200708663947895e-06
4.596607669616523673e-01 2.438630021085281173e-06
4.632743362831863720e-01 1.512273665647323313e-06
4.668879056047199327e-01 9.319869309354614436e-07
4.705014749262539375e-01 5.713811723383756217e-07
4.741150442477879423e-01 3.488459493995295852e-07
4.777286135693219471e-01 2.123229833232696803e-07
4.813421828908559519e-01 1.289686908532882148e-07
4.849557522123895126e-01 7.826435003868161668e-08
4.885693215339235174e-01 4.750072482225038549e-08
4.921828908554575222e-01 2.886348340878843370e-08
4.957964601769915269e-01 1.757732604204927035e-08
4.994100294985255317e-01 1.073840434267759931e-08
5.030235988200595365e-01 6.587455258577393168e-09
5.066371681415930972e-01 4.061370936616883466e-09
5.102507374631271020e-01 2.518641509644205430e-09
5.138643067846611068e-01 1.572295380165260486e-09
5.174778761061951116e-01 9.887434239086643209e-10
5.210914454277291163e-01 6.267489730228058112e-10
5.247050147492626770e-01 4.006948677176376396e-10
5.283185840707966818e-01 2.585021680061410375e-10
5.319321533923306866e-01 1.683587854419414215e-10
5.355457227138646914e-01 1.107365083251462657e-10
5.391592920353986962e-01 7.358067169622944208e-11
5.427728613569327010e-01 4.940401194040621340e-11
5.463864306784662617e-01 3.352496827111440681e-11
5.500000000000002665e-01 2.299535975603463449e-11
5.536135693215342712e-01 1.594457741482330075e-11
5.572271386430682760e-01 1.117637345634492841e-11
5.608407079646022808e-01 7.919510484600543662e-12
5.644542772861358415e-01 5.672592878116461734e-12
5.680678466076698463e-01 4.106864408624838821e-12
5.716814159292038511e-01 3.004892686092176230e-12
5.752949852507378559e-01 2.221610573283080202e-12
5.789085545722718606e-01 1.659377636951360335e-12
5.825221238938058654e-01 1.251894012261352864e-12
5.861356932153394261e-01 9.537434816668226150e-13
5.897492625368734309e-01 7.335422214762854069e-13
5.933628318584074357e-01 5.694142256458184456e-13
5.969764011799414405e-01 4.459793988208504431e-13
6.005899705014754453e-01 3.523325718675739482e-13
6.042035398230090060e-01 2.806766123642195292e-13
6.078171091445430108e-01 2.253905987284145131e-13
6.114306784660770155e-01 1.823895849467948394e-13
6.150442477876110203e-01 1.486812818645540846e-13
6.186578171091450251e-01 1.220567281442025823e-13
6.222713864306790299e-01 1.008728143365775285e-13
6.258849557522125906e-01 8.389824221035216044e-14
6.294985250737465954e-01 7.020361401463787513e-14
6.331120943952806002e-01 5.908244318491650093e-14
6.367256637168146050e-01 4.999398539134946383e-14
6.403392330383486097e-01 4.252157514297717554e-14
6.439528023598821704e-01 3.634205626578452000e-14
6.475663716814161752e-01 3.120320323733686838e-14
6.511799410029501800e-01 2.690693627807266295e-14
6.547935103244841848e-01 2.329676434943290637e-14
6.584070796460181896e-01 2.024833292238831354e-14
6.620206489675521944e-01 1.766226584787561465e-14
6.656342182890857551e-01 1.545871258352367386e-14
6.692477876106197598e-01 1.357317061619091207e-14
6.728613569321537646e-01 1.195326692819614730e-14
6.764749262536877694e-01 1.055626480177255152e-14
6.800884955752217742e-01 9.347122224380164289e-15
6.837020648967553349e-01 8.296972023345260154e-15
6.873156342182893397e-01 7.381926123691859112e-15
6.909292035398233445e-01 6.582130185598979220e-15
6.945427728613573493e-01 5.881012618060201297e-15
6.981563421828913540e-01 5.264685225139382289e-15
7.017699115044253588e-01 4.721462699943849191e-15
7.053834808259589195e-01 4.241475699901331281e-15
7.089970501474929243e-01 3.816357940459612382e-15
7.126106194690269291e-01 3.438992086062798688e-15
7.162241887905609339e-01 3.103302559567864453e-15
7.198377581120949387e-01 2.804085928816353770e-15
7.234513274336284994e-01 2.536871523245826832e-15
7.270648967551625041e-01 2.297806467823253115e-15
7.306784660766965089e-01 2.083560505942745763e-15
7.342920353982305137e-01 1.891246927805477981e-15
7.379056047197645185e-01 1.718356651947668577e-15
7.415191740412985233e-01 1.562703087523652385e-15
7.451327433628320840e-01 1.422375863634781743e-15
7.487463126843660888e-01 1.295701876468473636e-15
7.523598820059000936e-01 1.181212395687509714e-15
7.559734513274340983e-01 1.077615204157076703e-15
7.595870206489681031e-01 9.837709319553460149e-16
7.632005899705016638e-01 8.986728962049052971e-16
7.668141592920356686e-01 8.214298800322704656e-16
7.704277286135696734e-01 7.512513827492441305e-16
7.740412979351036782e-01 6.874349537450057271e-16
7.776548672566376830e-01 6.293552882116844691e-16
7.812684365781712437e-01 5.764548165703875242e-16
7.848820058997052485e-01 5.282355636057525342e-16
7.884955752212392532e-01 4.842520896757390683e-16
7.921091445427732580e-01 4.441053563974258564e-16
7.957227138643072628e-01 4.074373840882360425e-16
7.993362831858412676e-01 3.739265889062947104e-16
8.029498525073748283e-01 3.432837048434340882e-16
8.065634218289088331e-01 3.152482100942328093e-16
8.101769911504428379e-01 2.895851893540324878e-16
8.137905604719768426e-01 2.660825736939174197e-16
8.174041297935108474e-01 2.445487081536062025e-16
8.210176991150444081e-01 2.248102043546779681e-16
8.246312684365784129e-01 2.067100414900011957e-16
8.282448377581124177e-01 1.901058841733869710e-16
8.318584070796464225e-01 1.748685899877746548e-16
8.354719764011804273e-01 1.608808832753088931e-16
8.390855457227144321e-01 1.480361748722997478e-16
8.426991150442479928e-01 1.362375101919636074e-16
8.463126843657819975e-01 1.253966303698268836e-16
8.499262536873160023e-01 1.154331331703721851e-16
8.535398230088500071e-01 1.062737220560947621e-16
8.571533923303840119e-01 9.785153330860745953e-17
8.607669616519175726e-01 9.010553229971367863e-17
8.643805309734515774e-01 8.297997120656502240e-17
8.679941002949855822e-01 7.642390131261756492e-17
8.716076696165195870e-01 7.039073392150719798e-17
8.752212389380535917e-01 6.483784460587996707e-17
8.788348082595875965e-01 5.972621613944735851e-17
8.824483775811211572e-01 5.502011600521695631e-17
8.860619469026551620e-01 5.068680483874015979e-17
8.896755162241891668e-01 4.669627260730863075e-17
8.932890855457231716e-01 4.302099964455017159e-17
8.969026548672571764e-01 3.963574002519843428e-17
9.005162241887907371e-01 3.651732501739898125e-17
9.041297935103247418e-01 3.364448460636207794e-17
9.077433628318587466e-01 3.099768529948530102e-17
9.113569321533927514e-01 2.855898261515347185e-17
9.149705014749267562e-01 2.631188682724344725e-17
9.185840707964607610e-01 2.424124068758532348e-17
9.221976401179943217e-01 2.233310798180663283e-17
9.258112094395283265e-01 2.057467189209469676e-17
9.294247787610623313e-01 1.895414224538017141e-17
9.330383480825963360e-01 1.746067081877330343e-17
9.366519174041303408e-01 1.608427395721909664e-17
9.402654867256639015e-01 1.481576183244530994e-17
9.438790560471979063e-01 1.364667373842830114e-17
9.474926253687319111e-01 1.256921887771273853e-17
9.511061946902659159e-01 1.157622214580038185e-17
9.547197640117999207e-01 1.066107446817643161e-17
9.583333333333339255e-01 9.817687286996773941e-18
9.619469026548674861e-01 9.040450832551928240e-18
9.655604719764014909e-01 8.324195848845890097e-18
9.691740412979354957e-01 7.664158473402670826e-18
9.727876106194695005e-01 7.055947999100549899e-18
9.764011799410035053e-01 6.495517270792443182e-18
9.800147492625370660e-01 5.979135491963310458e-18
9.836283185840710708e-01 5.503363236980942527e-18
9.872418879056050756e-01 5.065029482840777570e-18
9.908554572271390803e-01 4.661210490881885522e-18
9.944690265486730851e-01 4.289210383961246883e-18
9.980825958702070899e-01 3.946543278156305989e-18
1.001696165191740651e+00 3.630916840382038372e-18
1.005309734513274655e+00 3.340217154475686486e-18
1.008923303834808660e+00 3.072494788441988364e-18
1.012536873156342665e+00 2.825951964757609938e-18
1.016150442477876670e+00 2.598930744005651773e-18
1.019764011799410230e+00 2.389902139724011578e-18
1.023377581120944235e+00 2.197456089282069660e-18
1.026991150442478240e+00 2.020292211913073539e-18
1.030604719764012245e+00 1.857211290782092662e-18
1.034218289085546250e+00 1.707107421217875171e-18
1.037831858407080254e+00 1.568960772023914668e-18
1.041445427728613815e+00 1.441830911157135344e-18
1.045058997050147820e+00 1.324850651055948016e-18
1.048672566371681825e+00 1.217220372551873827e-18
1.052286135693215829e+00 1.118202789637013711e-18
1.055899705014749834e+00 1.027118120416623500e-18
1.059513274336283395e+00 9.433396323730273323e-19
1.063126843657817400e+00 8.662895326298477451e-19
1.066740412979351404e+00 7.954351762542252146e-19
1.070353982300885409e+00 7.302855677870061607e-19
1.073967551622419414e+00 6.703881331665890480e-19
1.077581120943953419e+00 6.153257410232144884e-19
1.081194690265486980e+00 5.647139539846794860e-19
1.084808259587020984e+00 5.181984921615146468e-19
1.088421828908554989e+00 4.754528923832891061e-19
1.092035398230088994e+00 4.361763480471029028e-19
1.095648967551622999e+00 4.000917156252712461e-19
1.099262536873156559e+00 3.669436749692140069e-19
1.102876106194690564e+00 3.364970315497450975e-19
1.106489675516224569e+00 3.085351496969450389e-19
1.110103244837758574e+00 2.828585067521492731e-19
1.113716814159292579e+00 2.592833588270656608e-19
1.117330383480826583e+00 2.376405095851590637e-19
1.120943952802360144e+00 2.177741741242083380e-19
1.124557522123894149e+00 1.995409306502803624e-19
1.128171091445428154e+00 1.828087531970178674e-19
1.131784660766962158e+00 1.674561191634418759e-19
1.135398230088496163e+00 1.533711859225736708e-19
1.139011799410029724e+00 1.404510311947785032e-19
1.142625368731563729e+00 1.286009522871271149e-19
1.146238938053097733e+00 1.177338196759286823e-19
1.149852507374631738e+00 1.077694807562559589e-19
1.153466076696165743e+00 9.863420990233209995e-20
1.157079646017699748e+00 9.026020127790459253e-20
1.160693215339233308e+00 8.258510110833324367e-20
1.164306784660767313e+00 7.555157637774264939e-20
1.167920353982301318e+00 6.910691714689942548e-20
1.171533923303835323e+00 6.320266990198562977e-20
1.175147492625369328e+00 5.779429954252113455e-20
1.178761061946902888e+00 5.284087779960387930e-20
1.182374631268436893e+00 4.830479604458678501e-20
1.185988200589970898e+00 4.415150060436118513e-20
1.189601769911504903e+00 4.034924884352278942e-20
1.193215339233038907e+00 3.686888440686759040e-20
1.196828908554572468e+00 3.368363013863153555e-20
1.200442477876106473e+00 3.076889730851721650e-20
1.204056047197640478e+00 2.810210987951514510e-20
1.207669616519174483e+00 2.566254264948356202e-20
1.211283185840708487e+00 2.343117218806379189e-20
1.214896755162242492e+00 2.139053957324409343e-20
1.218510324483776053e+00 1.952462400837640250e-20
1.222123893805310058e+00 1.781872647107574856e-20
1.225737463126844062e+00 1.625936261071089479e-20
1.229351032448378067e+00 1.483416417147412629e-20
1.232964601769912072e+00 1.353178827373471366e-20
1.236578171091445633e+00 1.234183393782230462e-20
1.240191740412979637e+00 1.125476528193043067e-20
1.243805309734513642e+00 1.026184086973314628e-20
1.247418879056047647e+00 9.355048723865646363e-21
1.251032448377581652e+00 8.527046558881316525e-21
1.254646017699115657e+00 7.771106821895643949e-21
1.258259587020649217e+00 7.081066161081301010e-21
1.261873156342183222e+00 6.451278971685515647e-21
1.265486725663717227e+00 5.876574696493198853e-21
1.269100294985251232e+00 5.352218582814420546e-21
1.272713864306785236e+00 4.873875621311780047e-21
1.276327433628318797e+00 4.437577413425769784e-21
1.279941002949852802e+00 4.039691733956287037e-21
1.283554572271386807e+00 3.676894573635969867e-21
1.287168141592920811e+00 3.346144463395792456e-21
1.290781710914454816e+00 3.044658897594452488e-21
1.294395280235988821e+00 2.769892687846999689e-21
1.298008849557522382e+00 2.519518092344699494e-21
1.301622418879056386e+00 2.291406577789072300e-21
1.305235988200590391e+00 2.083612082344713785e-21
1.308849557522124396e+00 1.894355658424049499e-21
1.312463126843658401e+00 1.722011383716341629e-21
1.316076696165191962e+00 1.565093437725346973e-21
1.319690265486725966e+00 1.422244249244363578e-21
1.323303834808259971e+00 1.292223627723161340e-21
1.326917404129793976e+00 1.173898798420384571e-21
1.330530973451327981e+00 1.066235267631106817e-21
1.334144542772861985e+00 9.682884501741328627e-22
1.337758112094395546e+00 8.791959967564615254e-22
1.341371681415929551e+00 7.981707638376365209e-22
1.344985250737463556e+00 7.244943732291238657e-22
1.348598820058997561e+00 6.575113129117259217e-22
1.352212389380531565e+00 5.966235344672318368e-22
1.355825958702065126e+00 5.412855061241934755e-22
1.359439528023599131e+00 4.909996837357004203e-22
1.363053097345133136e+00 4.453123650622525493e-22
1.366666666666667140e+00 4.038098955448340078e-22
1.370280235988201145e+00 3.661151963418464818e-22
1.373893805309735150e+00 3.318845877855354446e-22
1.377507374631268711e+00 3.008048836053480499e-22
1.381120943952802715e+00 2.725907332820580804e-22
1.384734513274336720e+00 2.469821917514060068e-22
1.388348082595870725e+00 2.237424973818141615e-22
1.391961651917404730e+00 2.026560407196020767e-22
1.395575221238938290e+00 1.835265079373502763e-22
1.399188790560472295e+00 1.661751842470190687e-22
1.402802359882006300e+00 1.504394037581858316e-22
1.406415929203540305e+00 1.361711333816749518e-22
1.410029498525074310e+00 1.232356794080256829e-22
1.413643067846608314e+00 1.115105063356284693e-22
1.417256637168141875e+00 1.008841583918582904e-22
1.420870206489675880e+00 9.125527498800799824e-23
1.424483775811209885e+00 8.253169208128277299e-23
1.428097345132743889e+00 7.462962208945195386e-23
1.431710914454277894e+00 6.747290562094480668e-23
1.435324483775811455e+00 6.099232884971779697e-23
1.438938053097345460e+00 5.512500088394572403e-23
1.442551622418879465e+00 4.981378595458469483e-23
1.446165191740413469e+00 4.500678568727254572e-23
1.449778761061947474e+00 4.065686712233809748e-23
1.453392330383481479e+00 3.672123251561173919e-23
1.457005899705015040e+00 3.316102729007716633e-23
1.460619469026549044e+00 2.994098281768092352e-23
1.464233038348083049e+00 2.702909099403131713e-23
1.467846607669617054e+00 2.439630782846049317e-23
1.471460176991151059e+00 2.201628350990216076e-23
1.475073746312684619e+00 1.986511662702168944e-23
1.478687315634218624e+00 1.792113042070175828e-23
1.482300884955752629e+00 1.616466912981929381e-23
1.485914454277286634e+00 1.457791265863837480e-23
1.489528023598820639e+00 1.314470794738869266e-23
1.493141592920354643e+00 1.185041556783595273e-23
1.496755162241888204e+00 1.068177019399024918e-23
1.500368731563422209e+00 9.626753715510101470e-24
1.503982300884956214e+00 8.674479868770115282e-24
1.507595870206490218e+00 7.815089358781921465e-24
1.511209439528024223e+00 7.039654534988696326e-24
1.514823008849557784e+00 6.340092766068284772e-24
1.518436578171091789e+00 5.709087733947637958e-24
1.522050147492625793e+00 5.140017935831735195e-24
1.525663716814159798e+00 4.626891745736594899e-24
1.529277286135693803e+00 4.164288444282823485e-24
1.532890855457227808e+00 3.747304677816389515e-24
1.536504424778761368e+00 3.371505855694234175e-24
1.540117994100295373e+00 3.032882038189190653e-24
1.543731563421829378e+00 2.727807907291575321e-24
1.547345132743363383e+00 2.453006449026123308e-24
1.550958702064897388e+00 2.205516009072953550e-24
1.554572271386430948e+00 1.982660413741564968e-24
1.558185840707964953e+00 1.782021875953187468e-24
1.561799410029498958e+00 1.601416431064787420e-24
1.565412979351032963e+00 1.438871670327347854e-24
1.569026548672566967e+00 1.292606560704445856e-24
1.572640117994100972e+00 1.161013158858035015e-24
1.576253687315634533e+00 1.042640044498680743e-24
1.579867256637168538e+00 9.361773141438797854e-25
1.583480825958702543e+00 8.404429907645606545e-25
1.587094395280236547e+00 7.543707179493276038e-25
1.590707964601770552e+00 6.769986191919648486e-25
1.594321533923304113e+00 6.074592138111401063e-25
1.597935103244838118e+00 5.449702909379070392e-25
1.601548672566372122e+00 4.888266520416477897e-25
1.605162241887906127e+00 4.383926406863976646e-25
1.608775811209440132e+00 3.930953856905998789e-25
1.612389380530973693e+00 3.524186906678098257e-25
1.616002949852507697e+00 3.158975091148117971e-25
1.619616519174041702e+00 2.831129498414936082e-25
1.623230088495575707e+00 2.536877626531465648e-25
1.626843657817109712e+00 2.272822588466547794e-25
1.630457227138643717e+00 2.035906253087263954e-25
1.634070796460177277e+00 1.823375948447234469e-25
1.637684365781711282e+00 1.632754388555591995e-25
1.641297935103245287e+00 1.461812516491700213e-25
1.644911504424779292e+00 1.308544985506934889e-25
1.648525073746313296e+00 1.171148025884917914e-25
1.652138643067846857e+00 1.047999469049272169e-25
1.655752212389380862e+00 9.376407219354661591e-26
1.659365781710914867e+00 8.387605041779603847e-26
1.662979351032448871e+00 7.501801783855440362e-26
1.666592920353982876e+00 6.708405198542472139e-26
1.670206489675516881e+00 5.997897866462110420e-26
1.673820058997050442e+00 5.361729641820625719e-26
1.677433628318584447e+00 4.792220704791612964e-26
1.681047197640118451e+00 4.282474190300788714e-26
1.684660766961652456e+00 3.826297461594340953e-26
1.688274336283186461e+00 3.418131186161893158e-26
1.691887905604720022e+00 3.052985452376028500e-26
1.695501474926254026e+00 2.726382238383671868e-26
1.699115044247788031e+00 2.434303611047908363e-26
1.702728613569322036e+00 2.173145092723929150e-26
1.706342182890856041e+00 1.939673687956761966e-26
1.709955752212390045e+00 1.730990111328981061e-26
1.713569321533923606e+00 1.544494802153152592e-26
1.717182890855457611e+00 1.377857351929087200e-26
1.720796460176991616e+00 1.228989006871099321e-26
1.724410029498525621e+00 1.096017940711816688e-26
1.728023598820059625e+00 9.772670227383273249e-27
1.731637168141593186e+00 8.712338329080532265e-27
1.735250737463127191e+00 7.765727001958240371e-27
1.738864306784661196e+00 6.920785622861635773e-27
1.742477876106195200e+00 6.166724645659323460e-27
1.746091445427729205e+00 5.493885342952941141e-27
1.749705014749263210e+00 4.893622820204540973e-27
1.753318584070796771e+00 4.358200969063565806e-27
1.756932153392330775e+00 3.880698158608822815e-27
1.760545722713864780e+00 3.454922582304357044e-27
1.764159292035398785e+00 3.075336285926526436e-27
1.767772861356932790e+00 2.736986998676929655e-27
1.771386430678466350e+00 2.435446977155310013e-27
1.775000000000000355e+00 2.166758150745547296e-27
1.778613569321534360e+00 1.927382928096316883e-27
1.782227138643068365e+00 1.714160088502237995e-27
1.785840707964602370e+00 1.524265239791577013e-27
1.789454277286136374e+00 1.355175376417623898e-27
1.793067846607669935e+00 1.204637118384572274e-27
1.796681415929203940e+00 1.070638253920681318e-27
1.800294985250737945e+00 9.513822468942671502e-28
1.803908554572271949e+00 8.452654042610149828e-28
1.807522123893805954e+00 7.508564297080220916e-28
1.811135693215339515e+00 6.668781174530253488e-28
1.814749262536873520e+00 5.921909651718807002e-28
1.818362831858407525e+00 5.257785075359319729e-28
1.821976401179941529e+00 4.667341920901528627e-28
1.825589970501475534e+00 4.142496374179627339e-28
1.829203539823009539e+00 3.676041299184413354e-28
1.832817109144543100e+00 3.261552302500357229e-28
1.836430678466077104e+00 2.893303737348548494e-28
1.840044247787611109e+00 2.566193609178665272e-28
1.843657817109145114e+00 2.275676451688663584e-28
1.847271386430679119e+00 2.017703338230409071e-28
1.850884955752212679e+00 1.788668279862578439e-28
1.854498525073746684e+00 1.585360338823310792e-28
1.858112094395280689e+00 1.404920855795639206e-28
1.861725663716814694e+00 1.244805251820945563e-28
1.865339233038348699e+00 1.102748921803154979e-28
1.868952802359882703e+00 9.767367868769118277e-29
1.872566371681416264e+00 8.649761180743008709e-29
1.876179941002950269e+00 7.658722842372289878e-29
1.879793510324484274e+00 6.780071134586286364e-29
1.883407079646018278e+00 6.001195899192292165e-29
1.887020648967552283e+00 5.310886372009609730e-29
1.890634218289085844e+00 4.699177653443585952e-29
1.894247787610619849e+00 4.157213823872560603e-29
1.897861356932153853e+00 3.677125921515138258e-29
1.901474926253687858e+00 3.251923188850134285e-29
1.905088495575221863e+00 2.875396162416187020e-29
1.908702064896755868e+00 2.542030331943474160e-29
1.912315634218289429e+00 2.246929230085830756e-29
1.915929203539823433e+00 1.985745935154518811e-29
1.919542772861357438e+00 1.754622077673685253e-29
1.923156342182891443e+00 1.550133538596151334e-29
1.926769911504425448e+00 1.369242113820394113e-29
1.930383480825959008e+00 1.209252497296446040e-29
1.933997050147493013e+00 1.067774004449524512e-29
1.937610619469027018e+00 9.426865197463661666e-30
1.941224188790561023e+00 8.321102077404525077e-30
1.944837758112095027e+00 7.343785765527246601e-30
1.948451327433629032e+00 6.480145270878715434e-30
1.952064896755162593e+00 5.717090609063190830e-30
1.955678466076696598e+00 5.043023550677001686e-30
1.959292035398230603e+00 4.447669438735588309e-30
1.962905604719764607e+00 3.921927756675780526e-30
1.966519174041298612e+00 3.457739380560664251e-30
1.970132743362832173e+00 3.047968674098006807e-30
1.973746312684366178e+00 2.686298785885239202e-30
1.977359882005900182e+00 2.367138687464992274e-30
1.980973451327434187e+00 2.085540650624362313e-30
1.984587020648968192e+00 1.837127004953765963e-30
1.988200589970502197e+00 1.618025143834433794e-30
1.991814159292035757e+00 1.424809860400480438e-30
1.995427728613569762e+00 1.254452196091070173e-30
1.999041297935103767e+00 1.104274074493894369e-30
2.002654867256637772e+00 9.719080734563574562e-31
2.006268436578171777e+00 8.552617599655533440e-31
2.009882005899705337e+00 7.524860760099440884e-31
2.013495575221239342e+00 6.619473203798622772e-31
2.017109144542773347e+00 5.822023218914610745e-31
2.020722713864307352e+00 5.119764445036845049e-31
2.024336283185841356e+00 4.501441048382189791e-31
2.027949852507374917e+00 3.957115182482594399e-31
2.031563421828908922e+00 3.478014212880799933e-31
2.035176991150442927e+00 3.056395466434325767e-31
2.038790560471976931e+00 2.685426516706748765e-31
2.042404129793510936e+00 2.359079240040799677e-31
2.046017699115044941e+00 2.072036075269451221e-31
2.049631268436578502e+00 1.819607096362560463e-31
2.053244837758112507e+00 1.597656664027359873e-31
2.056858407079646511e+00 1.402538561549237852e-31
2.060471976401180516e+00 1.231038643885793226e-31
2.064085545722714521e+00 1.080324138933796836e-31
2.067699115044248082e+00 9.478988374946073827e-32
2.071312684365782086e+00 8.315634951318431762e-32
2.074926253687316091e+00 7.293808460574638888e-32
2.078539823008850096e+00 6.396446974747282770e-32
2.082153392330384101e+00 5.608526334131982549e-32
2.085766961651918106e+00 4.916819108638308976e-32
2.089380530973451666e+00 4.309681787248938757e-32
2.092994100294985671e+00 3.776866923782018941e-32
2.096607669616519676e+00 3.309357342331312351e-32
2.100221238938053236e+00 2.899219838390211871e-32
2.103834808259587685e+00 2.539476106526724024e-32
2.107448377581121246e+00 2.223988886793397678e-32
2.111061946902655695e+00 1.947361553614720706e-32
2.114675516224189256e+00 1.704849576037381544e-32
2.118289085545722816e+00 1.492282459934443015e-32
2.121902654867257265e+00 1.305994943679023236e-32
2.125516224188790826e+00 1.142766361283119162e-32
2.129129793510325275e+00 9.997672131357243985e-33
2.132743362831858835e+00 8.745120961175000007e-33
2.136356932153393284e+00 7.648182436638609193e-33
2.139970501474926845e+00 6.687690137630623685e-33
2.143584070796460406e+00 5.846817401979005830e-33
2.147197640117994855e+00 5.110794307300669311e-33
2.150811209439528415e+00 4.466658563991658838e-33
2.154424778761062864e+00 3.903036295735878057e-33
2.158038348082596425e+00 3.409949156507385337e-33
2.161651917404129986e+00 2.978644650702318230e-33
2.165265486725664434e+00 2.601446892097666964e-33
2.168879056047197995e+00 2.271625363366796926e-33
2.172492625368732444e+00 1.983279525862608745e-33
2.176106194690266005e+00 1.731237383699956128e-33
2.179719764011799565e+00 1.510966330712881769e-33
2.183333333333334014e+00 1.318494807092924570e-33
2.186946902654867575e+00 1.150343467469549943e-33
2.190560471976402024e+00 1.003464716583918268e-33
2.194174041297935585e+00 8.751896049263410478e-34
2.197787610619469145e+00 7.631811968623968362e-34
2.201401179941003594e+00 6.653936297502407835e-34
2.205014749262537155e+00 5.800361759969126615e-34
2.208628318584071604e+00 5.055417023857122614e-34
2.212241887905605164e+00 4.405389936272828728e-34
2.215855457227138725e+00 3.838284710833176534e-34
2.219469026548673174e+00 3.343608940044832067e-34
2.223082595870206735e+00 2.912186803010111947e-34
2.226696165191741184e+00 2.535995276219805570e-34
2.230309734513274744e+00 2.208020540524427195e-34
2.233923303834809193e+00 1.922132116653158125e-34
2.237536873156342754e+00 1.672972560319922215e-34
2.241150442477876314e+00 1.455860810821742025e-34
2.244764011799410763e+00 1.266707518359189989e-34
2.248377581120944324e+00 1.101940878823373017e-34
2.251991150442478773e+00 9.584416838204581754e-35
2.255604719764012334e+00 8.334864511551098726e-35
2.259218289085545894e+00 7.246976394409018878e-35
2.262831858407080343e+00 6.300000722276686587e-35
2.266445427728613904e+00 5.475828040226684516e-35
2.270058997050148353e+00 4.758657546099332080e-35
2.273672566371681913e+00 4.134705206898304701e-35
2.277286135693215474e+00 3.591948464395153348e-35
2.280899705014749923e+00 3.119902983457334492e-35
2.284513274336283484e+00 2.709427456441833803e-35
2.288126843657817933e+00 2.352552968538622317e-35
2.291740412979351493e+00 2.042333860451090727e-35
2.295353982300885054e+00 1.772717403516392215e-35
2.298967551622419503e+00 1.538429934709930767e-35
2.302581120943953064e+00 1.334877390553178164e-35
2.306194690265487512e+00 1.158058434716735236e-35
2.309808259587021073e+00 1.004488598431786148e-35
2.313421828908555522e+00 8.711340495209011359e-36
2.317035398230089083e+00 7.553537783101866688e-36
2.320648967551622643e+00 6.548491398401833174e-36
2.324262536873157092e+00 5.676198242687673800e-36
2.327876106194690653e+00 4.919254434324028350e-36
2.331489675516225102e+00 4.262520232210644882e-36
2.335103244837758663e+00 3.692827804912524885e-36
2.338716814159292223e+00 3.198726412401513504e-36
2.342330383480826672e+00 2.770260250593221032e-36
2.345943952802360233e+00 2.398774806713302861e-36
2.349557522123894682e+00 2.076748096791257158e-36
2.353171091445428242e+00 1.797643614489492645e-36
2.356784660766961803e+00 1.555782221095389595e-36
2.360398230088496252e+00 1.346230556962580545e-36
2.364011799410029813e+00 1.164703861187676795e-36
2.367625368731564262e+00 1.007481354328037575e-36
2.371238938053097822e+00 8.713325732858769383e-37
2.374852507374631383e+00 7.534532523052334414e-37
2.378466076696165832e+00 6.514095230321871317e-37
2.382079646017699393e+00 5.630893629984028341e-37
2.385693215339233841e+00 4.866603585332792562e-37
2.389306784660767402e+00 4.205329674629629349e-37
2.392920353982301851e+00 3.633285711859721081e-37
2.396533923303835412e+00 3.138516967246844559e-37
2.400147492625368972e+00 2.710658687995586887e-37
2.403761061946903421e+00 2.340726213181158708e-37
2.407374631268436982e+00 2.020932581834823920e-37
2.410988200589971431e+00 1.744530061253611986e-37
2.414601769911504991e+00 1.505672483134642423e-37
2.418215339233038552e+00 1.299295676829122015e-37
2.421828908554573001e+00 1.121013639300003483e-37
2.425442477876106562e+00 9.670283867586045792e-38
2.429056047197641011e+00 8.340516991670941675e-38
2.432669616519174571e+00 7.192372008035000228e-38
2.436283185840708132e+00 6.201214222486672226e-38
2.439896755162242581e+00 5.345726652839230613e-38
2.443510324483776142e+00 4.607466456024680718e-38
2.447123893805310590e+00 3.970480218428434850e-38
2.450737463126844151e+00 3.420970357897217425e-38
2.454351032448377712e+00 2.947005898611314475e-38
2.457964601769912161e+00 2.538271761544898958e-38
2.461578171091445721e+00 2.185851480357038793e-38
2.465191740412980170e+00 1.882038920025441815e-38
2.468805309734513731e+00 1.620175156178545736e-38
2.472418879056048180e+00 1.394507178099356930e-38
2.476032448377581741e+00 1.200065517542774342e-38
2.479646017699115301e+00 1.032558287336115891e-38
2.483259587020649750e+00 8.882794456496867357e-39
2.486873156342183311e+00 7.640293902987818571e-39
2.490486725663717760e+00 6.570462381127228488e-39
2.494100294985251320e+00 5.649463621929832431e-39
2.497713864306784881e+00 4.856729490575620890e-39
2.501327433628319330e+00 4.174515019680720216e-39
2.504941002949852891e+00 3.587513593966392196e-39
2.508554572271387340e+00 3.082524214445908682e-39
2.512168141592920900e+00 2.648163845304071770e-39
2.515781710914454461e+00 2.274618779615304748e-39
2.519395280235988910e+00 1.953429769583436717e-39
2.523008849557522471e+00 1.677306369263143567e-39
2.526622418879056919e+00 1.439966546863488595e-39
2.530235988200590480e+00 1.235998151978126130e-39
2.533849557522124041e+00 1.060739281096899587e-39
2.537463126843658490e+00 9.101749818020691428e-40
2.541076696165192050e+00 7.808480801763409030e-40
2.544690265486726499e+00 6.697822141635285237e-40
2.548303834808260060e+00 5.744154139939115046e-40
2.551917404129794509e+00 4.925427946001658882e-40
2.555530973451328070e+00 4.222671187944926950e-40
2.559144542772861630e+00 3.619561578314118263e-40
2.562758112094396079e+00 3.102059213060119812e-40
2.566371681415929640e+00 2.658089541313783697e-40
2.569985250737464089e+00 2.277270072088980006e-40
2.573598820058997649e+00 1.950674826091272361e-40
2.577212389380531210e+00 1.670631355809399401e-40
2.580825958702065659e+00 1.430545862018716521e-40
2.584439528023599220e+00 1.224752544486965182e-40
2.588053097345133668e+00 1.048383851818747082e-40
2.591666666666667229e+00 8.972587510997755624e-41
2.595280235988200790e+00 7.677865318997528144e-41
2.598893805309735239e+00 6.568839995969665439e-41
2.602507374631268799e+00 5.619042071071413616e-41
2.606120943952803248e+00 4.805751281761503778e-41
2.609734513274336809e+00 4.109468948498190592e-41
2.613348082595870370e+00 3.513464112413313150e-41
2.616961651917404819e+00 3.003383193373141513e-41
2.620575221238938379e+00 2.566914338269539804e-41
2.624188790560472828e+00 2.193498848425208420e-41
2.627802359882006389e+00 1.874083126938035792e-41
2.631415929203539950e+00 1.600905494354468901e-41
2.635029498525074398e+00 1.367313003950168407e-41
2.638643067846607959e+00 1.167604063076667590e-41
2.642256637168142408e+00 9.968932492513319058e-42
2.645870206489675969e+00 8.509952116073114628e-42
2.649483775811210418e+00 7.263249809826617541e-42
2.653097345132743978e+00 6.198123848052836559e-42
2.656710914454277539e+00 5.288285842206593070e-42
2.660324483775811988e+00 4.511230277047405227e-42
2.663938053097345549e+00 3.847693538194216144e-42
2.667551622418879997e+00 3.281189810873891630e-42
2.671165191740413558e+00 2.797612997516549390e-42
2.674778761061947119e+00 2.384895323749155844e-42
2.678392330383481568e+00 2.032714612284413511e-42
2.682005899705015128e+00 1.732243331467836537e-42
2.685619469026549577e+00 1.475933495164276943e-42
2.689233038348083138e+00 1.257332325020991201e-42
2.692846607669616699e+00 1.070924303766918025e-42
2.696460176991151148e+00 9.119958653173619054e-43
2.700073746312684708e+00 7.765194980225503462e-43
2.703687315634219157e+00 6.610544934870872287e-43
2.707300884955752718e+00 5.626619653798351958e-43
2.710914454277286278e+00 4.788320994897129603e-43
2.714528023598820727e+00 4.074218856791348140e-43
2.718141592920354288e+00 3.466018309714818951e-43
2.721755162241888737e+00 2.948103665048654819e-43
2.725368731563422298e+00 2.507148444068799440e-43
2.728982300884956747e+00 2.131781780313345677e-43
2.732595870206490307e+00 1.812303140936819186e-43
2.736209439528023868e+00 1.540438411807687485e-43
2.739823008849558317e+00 1.309131385930765718e-43
2.743436578171091877e+00 1.112365548229012356e-43
2.747050147492626326e+00 9.450117817581995702e-44
2.750663716814159887e+00 8.026982482146910199e-44
2.754277286135693448e+00 6.816992338749486023e-44
2.757890855457227897e+00 5.788402135576929397e-44
2.761504424778761457e+00 4.914167807172064392e-44
2.765117994100295906e+00 4.171254307167340733e-44
2.768731563421829467e+00 3.540044747384556436e-44
2.772345132743363028e+00 3.003836105612067057e-44
2.775958702064897476e+00 2.548408895120647774e-44
2.779572271386431037e+00 2.161660013603882464e-44
2.783185840707965486e+00 1.833289551436770287e-44
2.786799410029499047e+00 1.554533676444864165e-44
2.790412979351032607e+00 1.317936856909620325e-44
2.794026548672567056e+00 1.117157663943532990e-44
2.797640117994100617e+00 9.468032322974120650e-45
2.801253687315635066e+00 8.022881754350262706e-45
2.804867256637168627e+00 6.797143637218321963e-45
2.808480825958703075e+00 5.757684987591067063e-45
2.812094395280236636e+00 4.876348650375920852e-45
2.815707964601770197e+00 4.129210231468650016e-45
2.819321533923304646e+00 3.495945361538833633e-45
2.822935103244838206e+00 2.959291004953710217e-45
2.826548672566372655e+00 2.504586917090967724e-45
2.830162241887906216e+00 2.119385394555631538e-45
2.833775811209439777e+00 1.793119206064158353e-45
2.837389380530974226e+00 1.516819080236871042e-45
2.841002949852507786e+00 1.282873397241107178e-45
2.844616519174042235e+00 1.084823815816007080e-45
2.848230088495575796e+00 9.171914927952899487e-46
2.851843657817109357e+00 7.753293419648872226e-46
2.855457227138643805e+00 6.552964527958287240e-46
2.859070796460177366e+00 5.537513642007751741e-46
2.862684365781711815e+00 4.678613784725305518e-46
2.866297935103245376e+00 3.952255183490613837e-46
2.869911504424778936e+00 3.338090862937859275e-46
2.873525073746313385e+00 2.818880886238503068e-46
2.877138643067846946e+00 2.380020457815127405e-46
2.880752212389381395e+00 2.009139304234575679e-46
2.884365781710914955e+00 1.695761627306063303e-46
2.887979351032449404e+00 1.431017522251955481e-46
2.891592920353982965e+00 1.207398115288873229e-46
2.895206489675516526e+00 1.018547834069176559e-46
2.898820058997050975e+00 8.590882111067049180e-47
2.902433628318584535e+00 7.244684600225357585e-47
2.906047197640118984e+00 6.108387789802843879e-47
2.909660766961652545e+00 5.149429435686474949e-47
2.913274336283186106e+00 4.340272684658063690e-47
2.916887905604720554e+00 3.657634569662780020e-47
2.920501474926254115e+00 3.081832313684174404e-47
2.924115044247788564e+00 2.596229551005830354e-47
2.927728613569322125e+00 2.186767276622241732e-47
2.931342182890855685e+00 1.841566630769577669e-47
2.934955752212390134e+00 1.550592576619377114e-47
2.938569321533923695e+00 1.305369186647744015e-47
2.942182890855458144e+00 1.098738661019357422e-47
2.945796460176991705e+00 9.246573968749575801e-48
2.949410029498525265e+00 7.780234425117886619e-48
2.953023598820059714e+00 6.545305321844992243e-48
2.956637168141593275e+00 5.505446286561212719e-48
2.960250737463127724e+00 4.629995213075064466e-48
2.963864306784661284e+00 3.893085542275958219e-48
2.967477876106195733e+00 3.272900054331819591e-48
2.971091445427729294e+00 2.751040172571412256e-48
2.974705014749262855e+00 2.311992992417527763e-48
2.978318584070797304e+00 1.942680972795039263e-48
2.981932153392330864e+00 1.632081536622269925e-48
2.985545722713865313e+00 1.370905784079040857e-48
2.989159292035398874e+00 1.151327180756808596e-48
2.992772861356932435e+00 9.667524878419134999e-49
2.996386430678466883e+00 8.116283916619913418e-49
3.000000000000000000e+00 6.812782979171626775e-49
