-7.000000000000000888e+00 7.961959892816507329e-48
-6.987389829497858251e+00 1.428068728293369105e-47
-6.974779658995713838e+00 2.557329154240800820e-47
-6.962169488493571201e+00 4.572277250208024140e-47
-6.949559317991428564e+00 8.161817879032150734e-47
-6.936949147489284151e+00 1.454620385172616853e-46
-6.924338976987141514e+00 2.588337320067424021e-46
-6.911728806484998877e+00 4.598334119709162651e-46
-6.899118635982854464e+00 8.156214328765992738e-46
-6.886508465480711827e+00 1.444392417859072051e-45
-6.873898294978569190e+00 2.553819774386086731e-45
-6.861288124476424777e+00 4.508206241515343340e-45
-6.848677953974282140e+00 7.945583603856929479e-45
-6.836067783472139503e+00 1.398158260218762116e-44
-6.823457612969995090e+00 2.456379021016506172e-44
-6.810847442467852453e+00 4.308667216567434687e-44
-6.798237271965709816e+00 7.545691776387248946e-44
-6.785627101463565403e+00 1.319361227364761421e-43
-6.773016930961422766e+00 2.303227992973720067e-43
-6.760406760459280129e+00 4.014382134563334531e-43
-6.747796589957135716e+00 6.985686162729616734e-43
-6.735186419454993079e+00 1.213690687108579443e-42
-6.722576248952850442e+00 2.105307649280057117e-42
-6.709966078450706028e+00 3.646126467161357396e-42
-6.697355907948563392e+00 6.304585081471314759e-42
-6.684745737446420755e+00 1.088403487429185550e-41
-6.672135566944276341e+00 1.875996325461093886e-41
-6.659525396442133705e+00 3.228365498224653828e-41
-6.646915225939991068e+00 5.546794518980171421e-41
-6.634305055437846654e+00 9.515029431138838847e-41
-6.621694884935704017e+00 1.629622016293695472e-40
-6.609084714433561381e+00 2.786585234198323519e-40
-6.596474543931416967e+00 4.757365205514126144e-40
-6.583864373429274330e+00 8.109038758499800389e-40
-6.571254202927131693e+00 1.380006068392854586e-39
-6.558644032424987280e+00 2.344776018021510569e-39
-6.546033861922844643e+00 3.977685940785045979e-39
-6.533423691420702006e+00 6.737028558980387005e-39
-6.520813520918557593e+00 1.139239592599997080e-38
-6.508203350416414956e+00 1.923404141273774007e-38
-6.495593179914272319e+00 3.242162897384162873e-38
-6.482983009412127906e+00 5.456421811260043698e-38
-6.470372838909985269e+00 9.168322333874718775e-38
-6.457762668407842632e+00 1.538086129629461158e-37
-6.445152497905698219e+00 2.576204268479708898e-37
-6.432542327403555582e+00 4.308130054863570269e-37
-6.419932156901412945e+00 7.192936036025702566e-37
-6.407321986399268532e+00 1.199036729997074382e-36
-6.394711815897125895e+00 1.995573299312754934e-36
-6.382101645394983258e+00 3.315979245755855011e-36
-6.369491474892838845e+00 5.501294034456868783e-36
-6.356881304390696208e+00 9.112275886405671051e-36
-6.344271133888551795e+00 1.506946464224088269e-35
-6.331660963386409158e+00 2.488156897095060179e-35
-6.319050792884266521e+00 4.101726413295264866e-35
-6.306440622382123884e+00 6.750945754427841798e-35
-6.293830451879979471e+00 1.109357599960346483e-34
-6.281220281377836834e+00 1.820067677463662572e-34
-6.268610110875692421e+00 2.981347192183879941e-34
-6.255999940373549784e+00 4.875808382009164850e-34
-6.243389769871407147e+00 7.961406079849363518e-34
-6.230779599369264510e+00 1.297902318974931696e-33
-6.218169428867120097e+00 2.112532216468381845e-33
-6.205559258364977460e+00 3.432999874828483222e-33
-6.192949087862833046e+00 5.569976508043194562e-33
-6.180338917360690409e+00 9.022815627990879889e-33
-6.167728746858547773e+00 1.459284471677223930e-32
-6.155118576356405136e+00 2.356389139968329134e-32
-6.142508405854260722e+00 3.798947153207271092e-32
-6.129898235352118085e+00 6.114890650987149896e-32
-6.117288064849973672e+00 9.827054323831585997e-32
-6.104677894347831035e+00 1.576766020822273826e-31
-6.092067723845688398e+00 2.525924685518571684e-31
-6.079457553343545761e+00 4.040013412960785409e-31
-6.066847382841401348e+00 6.451407834784320424e-31
-6.054237212339258711e+00 1.028573862169024176e-30
-6.041627041837114298e+00 1.637290654321522970e-30
-6.029016871334971661e+00 2.602108552213625689e-30
-6.016406700832829024e+00 4.128900162810112382e-30
-6.003796530330684611e+00 6.541128999860864619e-30
-5.991186359828541974e+00 1.034618937923017036e-29
-5.978576189326399337e+00 1.633870109108957138e-29
-5.965966018824254924e+00 2.576107850501416686e-29
-5.953355848322112287e+00 4.055271931235326958e-29
-5.940745677819969650e+00 6.373608249377659024e-29
-5.928135507317827013e+00 1.000138652711298212e-28
-5.915525336815682600e+00 1.566911744917209711e-28
-5.902915166313539963e+00 2.450972030935320564e-28
-5.890304995811395550e+00 3.827733454416633708e-28
-5.877694825309252913e+00 5.968353678609684343e-28
-5.865084654807110276e+00 9.291310245907285478e-28
-5.852474484304965863e+00 1.444138810675109644e-27
-5.839864313802823226e+00 2.241044610330030904e-27
-5.827254143300680589e+00 3.472175482828912027e-27
-5.814643972798536176e+00 5.371090269025985183e-27
-5.802033802296393539e+00 8.295314876317424573e-27
-5.789423631794250902e+00 1.279124913944272380e-26
-5.776813461292106489e+00 1.969258445035896378e-26
-5.764203290789963852e+00 3.026928557205195007e-26
-5.751593120287821215e+00 4.645274036873650113e-26
-5.738982949785676801e+00 7.117545326054953230e-26
-5.726372779283534165e+00 1.088827038836333472e-25
-5.713762608781391528e+00 1.663019436241409577e-25
-5.701152438279247114e+00 2.535978370277501597e-25
-5.688542267777104477e+00 3.861033566413581412e-25
-5.675932097274961841e+00 5.869099084506385631e-25
-5.663321926772818315e+00 8.907363153340360103e-25
-5.650711756270674790e+00 1.349698443826366913e-24
-5.638101585768532154e+00 2.041898873189776646e-24
-5.625491415266388628e+00 3.084193557090942598e-24
-5.612881244764245103e+00 4.651135119617108721e-24
-5.600271074262102466e+00 7.003034127069964041e-24
-5.587660903759958941e+00 1.052745772305151205e-23
-5.575050733257815416e+00 1.580049771886912562e-23
-5.562440562755672779e+00 2.367707494568821700e-23
-5.549830392253529254e+00 3.542381830793768255e-23
-5.537220221751385729e+00 5.291426377761282882e-23
-5.524610051249243092e+00 7.891512155185597015e-23
-5.511999880747099567e+00 1.175053983528797933e-22
-5.499389710244956042e+00 1.746889880253266130e-22
-5.486779539742813405e+00 2.592885814953971378e-22
-5.474169369240669880e+00 3.842478361788418391e-22
-5.461559198738526355e+00 5.685251326515008242e-22
-5.448949028236382830e+00 8.398430412151673357e-22
-5.436338857734240193e+00 1.238673463453587800e-21
-5.423728687232096668e+00 1.824004093137221531e-21
-5.411118516729953143e+00 2.681668414147318945e-21
-5.398508346227810506e+00 3.936358660257622400e-21
-5.385898175725666981e+00 5.768920967138412822e-21
-5.373288005223523456e+00 8.441213454004677033e-21
-5.360677834721380819e+00 1.233177408087439716e-20
-5.348067664219237294e+00 1.798691407261488925e-20
-5.335457493717093769e+00 2.619378153468335062e-20
-5.322847323214951132e+00 3.808467101883071098e-20
-5.310237152712807607e+00 5.528568663678401914e-20
-5.297626982210664082e+00 8.012826238031673640e-20
-5.285016811708520557e+00 1.159496083308346872e-19
-5.272406641206377920e+00 1.675187474588496401e-19
-5.259796470704234395e+00 2.416396204866137884e-19
-5.247186300202090870e+00 3.480034074103782517e-19
-5.234576129699948233e+00 5.003910094280162329e-19
-5.221965959197804708e+00 7.183666756756191143e-19
-5.209355788695661182e+00 1.029659337923508560e-18
-5.196745618193518546e+00 1.473505225301317449e-18
-5.184135447691375020e+00 2.105331842753161083e-18
-5.171525277189231495e+00 3.003310450572536697e-18
-5.158915106687088858e+00 4.277506846224656895e-18
-5.146304936184945333e+00 6.082639052708422123e-18
-5.133694765682801808e+00 8.635833376270148095e-18
-5.121084595180659171e+00 1.224129510107187195e-17
-5.108474424678515646e+00 1.732452817150524094e-17
-5.095864254176372121e+00 2.447971898459717881e-17
-5.083254083674229484e+00 3.453523655360404383e-17
-5.070643913172085959e+00 4.864402100042566280e-17
-5.058033742669942434e+00 6.840810425413454814e-17
-5.045423572167799797e+00 9.604985865853399746e-17
-5.032813401665656272e+00 1.346471058789389179e-16
-5.020203231163512747e+00 1.884553477217027596e-16
-5.007593060661370110e+00 2.633486461849075140e-16
-4.994982890159226585e+00 3.674218066169086071e-16
-4.982372719657083060e+00 5.118114680595747953e-16
-4.969762549154940423e+00 7.118137558950098691e-16
-4.957152378652796898e+00 9.884029948044690911e-16
-4.944542208150653373e+00 1.370291851455172159e-15
-4.931932037648510736e+00 1.896721105074716943e-15
-4.919321867146367211e+00 2.621230978229679789e-15
-4.906711696644223686e+00 3.616750542289296584e-15
-4.894101526142081049e+00 4.982454042797052670e-15
-4.881491355639937524e+00 6.852981602066488282e-15
-4.868881185137793999e+00 9.410818200826404842e-15
-4.856271014635651362e+00 1.290288394294123359e-14
-4.843660844133507837e+00 1.766272973586371967e-14
-4.831050673631364312e+00 2.414018079929843206e-14
-4.818440503129221675e+00 3.294085839756907748e-14
-4.805830332627078150e+00 4.487877996465280804e-14
-4.793220162124934625e+00 6.104624354679089993e-14
-4.780609991622791988e+00 8.290651515129848530e-14
-4.767999821120648463e+00 1.124165431665743160e-13
-4.755389650618504938e+00 1.521891464925503054e-13
-4.742779480116362301e+00 2.057069971661651745e-13
-4.730169309614218776e+00 2.776044448189389787e-13
-4.717559139112075250e+00 3.740380413478564659e-13
-4.704948968609932614e+00 5.031728284247803539e-13
-4.692338798107789088e+00 6.758194346815536386e-13
-4.679728627605645563e+00 9.062672845658036497e-13
-4.667118457103502926e+00 1.213372367394523670e-12
-4.654508286601359401e+00 1.621974835517239358e-12
-4.641898116099215876e+00 2.164743179490834771e-12
-4.629287945597073239e+00 2.884569102430116873e-12
-4.616677775094929714e+00 3.837672031776535907e-12
-4.604067604592786189e+00 5.097616433330407710e-12
-4.591457434090643552e+00 6.760501007302060746e-12
-4.578847263588500027e+00 8.951649831547792526e-12
-4.566237093086356502e+00 1.183422465934892806e-11
-4.553626922584213865e+00 1.562029029386282356e-11
-4.541016752082070340e+00 2.058500632624571992e-11
-4.528406581579926815e+00 2.708479598130583890e-11
-4.515796411077784178e+00 3.558056492615232441e-11
-4.503186240575640653e+00 4.666732038295517743e-11
-4.490576070073497128e+00 6.111188684055842299e-11
-4.477965899571354491e+00 7.990084509247739006e-11
-4.465355729069210966e+00 1.043013557684698446e-10
-4.452745558567067441e+00 1.359381907338009428e-10
-4.440135388064924804e+00 1.768911145455254130e-10
-4.427525217562781279e+00 2.298177685019361863e-10
-4.414915047060637754e+00 2.981084538861883402e-10
-4.402304876558495117e+00 3.860807396198180326e-10
-4.389694706056351592e+00 4.992236938055234621e-10
-4.377084535554208067e+00 6.445038318045930424e-10
-4.364474365052065430e+00 8.307476731631265775e-10
-4.351864194549921905e+00 1.069119210362692148e-09
-4.339254024047778380e+00 1.373714738329454600e-09
-4.326643853545635743e+00 1.762302522380464773e-09
-4.314033683043492218e+00 2.257240868336800662e-09
-4.301423512541348693e+00 2.886615507837241743e-09
-4.288813342039206056e+00 3.685646066795952763e-09
-4.276203171537062531e+00 4.698422029850818122e-09
-4.263593001034919006e+00 5.980041381299303776e-09
-4.250982830532776369e+00 7.599240381615695442e-09
-4.238372660030632844e+00 9.641621179744775003e-09
-4.225762489528489319e+00 1.221360568852249289e-08
-4.213152319026346682e+00 1.544726996911837252e-08
-4.200542148524203157e+00 1.950624397768073259e-08
-4.187931978022059631e+00 2.459289772440081832e-08
-4.175321807519916995e+00 3.095707759881669046e-08
-4.162711637017773469e+00 3.890670687109611881e-08
-4.150101466515629944e+00 4.882062337572537902e-08
-4.137491296013487307e+00 6.116409646754201208e-08
-4.124881125511343782e+00 7.650754602826816963e-08
-4.112270955009200257e+00 9.554908030046810641e-08
-4.099660784507057620e+00 1.191415785428157176e-07
-4.087050614004914095e+00 1.483251710649370245e-07
-4.074440443502770570e+00 1.843661154641812200e-07
-4.061830273000627933e+00 2.288032364558760670e-07
-4.049220102498484408e+00 2.835032904208126260e-07
-4.036609931996340883e+00 3.507268431381681740e-07
-4.023999761494198246e+00 4.332064665173384398e-07
-4.011389590992054721e+00 5.342394553359941273e-07
-3.998779420489911196e+00 6.577974208045057909e-07
-3.986169249987768559e+00 8.086556575495367235e-07
-3.973559079485625034e+00 9.925455017221398606e-07
-3.960948908983481509e+00 1.216333401826342939e-06
-3.948338738481338872e+00 1.488230948469195297e-06
-3.935728567979194459e+00 1.818040700331812284e-06
-3.923118397477051822e+00 2.217443301701733332e-06
-3.910508226974909185e+00 2.700332116731376356e-06
-3.897898056472764772e+00 3.283202411905084485e-06
-3.885287885970622135e+00 3.985602992971175216e-06
-3.872677715468479498e+00 4.830659265598617784e-06
-3.860067544966335085e+00 5.845677468700615466e-06
-3.847457374464192448e+00 7.062841460231372557e-06
-3.834847203962049811e+00 8.520014191414888676e-06
-3.822237033459905398e+00 1.026165763975147547e-05
-3.809626862957762761e+00 1.233988630052419149e-05
-3.797016692455620124e+00 1.481567086953960782e-05
-3.784406521953475711e+00 1.776021035262069736e-05
-3.771796351451333074e+00 2.125649251688683340e-05
-3.759186180949190437e+00 2.540106434488029766e-05
-3.746576010447046023e+00 3.030603595157397716e-05
-3.733965839944903387e+00 3.610134325932994195e-05
-3.721355669442760750e+00 4.293729657581341302e-05
-3.708745498940616336e+00 5.098744405946798716e-05
-3.696135328438473699e+00 6.045178085623678838e-05
-3.683525157936331063e+00 7.156033641476315221e-05
-3.670914987434186649e+00 8.457717409456176497e-05
-3.658304816932044012e+00 9.980483862663383011e-05
-3.645694646429901375e+00 1.175892882168201765e-04
-3.633084475927756962e+00 1.383253490403629250e-04
-3.620474305425614325e+00 1.624627304985236951e-04
-3.607864134923471688e+00 1.905126398244716922e-04
-3.595253964421327275e+00 2.230550343604796018e-04
-3.582643793919184638e+00 2.607465489990133645e-04
-3.570033623417041113e+00 3.043291348145050926e-04
-3.557423452914897588e+00 3.546394427009316491e-04
-3.544813282412754951e+00 4.126189827870510802e-04
-3.532203111910611426e+00 4.793252334517332687e-04
-3.519592941408467901e+00 5.559426927787703560e-04
-3.506982770906325264e+00 6.437969752447334675e-04
-3.494372600404181739e+00 7.443668170957428408e-04
-3.481762429902038214e+00 8.592991353979965259e-04
-3.469152259399895577e+00 9.904240437787874014e-04
-3.456542088897752052e+00 1.139770832586212449e-03
-3.443931918395608527e+00 1.309584732397741117e-03
-3.431321747893465890e+00 1.502344412521335092e-03
-3.418711577391322365e+00 1.720780150326269757e-03
-3.406101406889178840e+00 1.967892589932781176e-03
-3.393491236387036203e+00 2.246971990007440561e-03
-3.380881065884892678e+00 2.561617840225678937e-03
-3.368270895382749153e+00 2.915758704468491419e-03
-3.355660724880606516e+00 3.313672126152332215e-03
-3.343050554378462991e+00 3.760004407423031027e-03
-3.330440383876319466e+00 4.259790049479910030e-03
-3.317830213374176829e+00 4.818470652413500005e-03
-3.305220042872033304e+00 5.441912800477317382e-03
-3.292609872369889779e+00 6.136425158739641263e-03
-3.279999701867747142e+00 6.908773801098147885e-03
-3.267389531365603617e+00 7.766195920472233200e-03
-3.254779360863460091e+00 8.716411372655785000e-03
-3.242169190361317455e+00 9.767631705448547377e-03
-3.229559019859173929e+00 1.092856627588099927e-02
-3.216948849357030404e+00 1.220842504335772905e-02
-3.204338678854887767e+00 1.361691761511428338e-02
-3.191728508352744242e+00 1.516424811316340916e-02
-3.179118337850600717e+00 1.686110542941945956e-02
-3.166508167348458080e+00 1.871864843861754252e-02
-3.153897996846314555e+00 2.074848574747336499e-02
-3.141287826344171030e+00 2.296264964224179264e-02
-3.128677655842028393e+00 2.537356347926787020e-02
-3.116067485339884868e+00 2.799400299877496945e-02
-3.103457314837741343e+00 3.083705025180626461e-02
-3.090847144335598706e+00 3.391604052973914984e-02
-3.078236973833455181e+00 3.724450184593389168e-02
-3.065626803331311656e+00 4.083608684778711195e-02
-3.053016632829169019e+00 4.470449707367726150e-02
-3.040406462327025494e+00 4.886339954738126712e-02
-3.027796291824881969e+00 5.332633578831788568e-02
-3.015186121322739332e+00 5.810662340872864429e-02
-3.002575950820595807e+00 6.321725056820168276e-02
-2.989965780318452282e+00 6.867076366064728266e-02
-2.977355609816309645e+00 7.447914871822892968e-02
-2.964745439314166120e+00 8.065370712937044995e-02
-2.952135268812022595e+00 8.720492638268746710e-02
-2.939525098309879958e+00 9.414234666390859652e-02
-2.926914927807736433e+00 1.014744242456714629e-01
-2.914304757305592908e+00 1.092083931000907698e-01
-2.901694586803450271e+00 1.173501236834966627e-01
-2.889084416301306746e+00 1.259039855323855761e-01
-2.876474245799163221e+00 1.348727080782968768e-01
-2.863864075297020584e+00 1.442572461278760765e-01
-2.851253904794877059e+00 1.540566495869461205e-01
-2.838643734292733534e+00 1.642679392904287383e-01
-2.826033563790590897e+00 1.748859905326199393e-01
-2.813423393288447372e+00 1.859034259133975353e-01
-2.800813222786303847e+00 1.973105191178166629e-01
-2.788203052284161210e+00 2.090951112280602930e-01
-2.775592881782017685e+00 2.212425411270080577e-01
-2.762982711279874160e+00 2.337355914904227783e-01
-2.750372540777731523e+00 2.465544517805077218e-01
-2.737762370275587998e+00 2.596766995460452199e-01
-2.725152199773444472e+00 2.730773012049426685e-01
-2.712542029271301836e+00 2.867286333239894569e-01
-2.699931858769158310e+00 3.006005252353020074e-01
-2.687321688267014785e+00 3.146603237196874403e-01
-2.674711517764872148e+00 3.288729801466750979e-01
-2.662101347262728623e+00 3.432011603008356393e-01
-2.649491176760585098e+00 3.576053768888536322e-01
-2.636881006258442461e+00 3.720441444656358843e-01
-2.624270835756298936e+00 3.864741562615811588e-01
-2.611660665254155411e+00 4.008504821331453916e-01
-2.599050494752012774e+00 4.151267865981673189e-01
-2.586440324249869249e+00 4.292555656600156588e-01
-2.573830153747725724e+00 4.431884008737377867e-01
-2.561219983245583087e+00 4.568762288675472516e-01
-2.548609812743439562e+00 4.702696243070292881e-01
-2.535999642241296037e+00 4.833190940816128323e-01
-2.523389471739152512e+00 4.959753803064949618e-01
-2.510779301237009875e+00 5.081897695711260488e-01
-2.498169130734866350e+00 5.199144057311079203e-01
-2.485558960232722825e+00 5.311026034275402319e-01
-2.472948789730580188e+00 5.417091593970300156e-01
-2.460338619228436663e+00 5.516906588199034234e-01
-2.447728448726293138e+00 5.610057737004234824e-01
-2.435118278224150501e+00 5.696156567598923415e-01
-2.422508107722006976e+00 5.774836831339363874e-01
-2.409897937219863451e+00 5.845767719387743311e-01
-2.397287766717720814e+00 5.908645605062665673e-01
-2.384677596215577289e+00 5.963201535141732235e-01
-2.372067425713433764e+00 6.009202100386858980e-01
-2.359457255211291127e+00 6.046451114915636360e-01
-2.346847084709147602e+00 6.074791023196800532e-01
-2.334236914207004077e+00 6.094104020204367256e-01
-2.321626743704861440e+00 6.104312873124674299e-01
-2.309016573202717915e+00 6.105381438640367087e-01
-2.296406402700574390e+00 6.097314869045966645e-01
-2.283796232198431753e+00 6.080159505771367545e-01
-2.271186061696288228e+00 6.054002462364456161e-01
-2.258575891194144702e+00 6.018970901997896528e-01
-2.245965720692002066e+00 5.975231017611499773e-01
-2.233355550189858540e+00 5.922986725782757311e-01
-2.220745379687715015e+00 5.862478090144821463e-01
-2.208135209185572378e+00 5.793979489940040972e-01
-2.195525038683428853e+00 5.717797553116108489e-01
-2.182914868181285328e+00 5.634268876259221903e-01
-2.170304697679142691e+00 5.543757555074664278e-01
-2.157694527176999166e+00 5.446652550576105423e-01
-2.145084356674855641e+00 5.343364916767235906e-01
-2.132474186172713004e+00 5.234324918338065791e-01
-2.119864015670569479e+00 5.119979066962676573e-01
-2.107253845168425954e+00 5.000787103128403466e-01
-2.094643674666283317e+00 4.877218952284646525e-01
-2.082033504164139792e+00 4.749751683075705277e-01
-2.069423333661996267e+00 4.618866493763614800e-01
-2.056813163159853630e+00 4.485045755378352372e-01
-2.044202992657710105e+00 4.348770135268652526e-01
-2.031592822155566580e+00 4.210515822574182887e-01
-2.018982651653423943e+00 4.070751878795835776e-01
-2.006372481151280418e+00 3.929937729580201267e-01
-1.993762310649136893e+00 3.788520819486703717e-01
-1.981152140146994256e+00 3.646934440438470704e-01
-1.968541969644850731e+00 3.505595746911066568e-01
-1.955931799142707206e+00 3.364903971768827828e-01
-1.943321628640564569e+00 3.225238846846171792e-01
-1.930711458138421044e+00 3.086959233112723799e-01
-1.918101287636277519e+00 2.950401963939023320e-01
-1.905491117134134882e+00 2.815880901877064746e-01
-1.892880946631991357e+00 2.683686207161169457e-01
-1.880270776129847832e+00 2.554083814052545698e-01
-1.867660605627705195e+00 2.427315108677942368e-01
-1.855050435125561670e+00 2.303596800332004535e-01
-1.842440264623418145e+00 2.183120981523024862e-01
-1.829830094121275508e+00 2.066055361463842444e-01
-1.817219923619131983e+00 1.952543661948634712e-01
-1.804609753116988458e+00 1.842706163488515569e-01
-1.791999582614845821e+00 1.736640388187907502e-01
-1.779389412112702296e+00 1.634421908196305173e-01
-1.766779241610558771e+00 1.536105244746059362e-01
-1.754169071108415245e+00 1.441724904409166230e-01
-1.741558900606272609e+00 1.351296434248864808e-01
-1.728948730104129083e+00 1.264817580698752442e-01
-1.716338559601985558e+00 1.182269525401268284e-01
-1.703728389099842921e+00 1.103618047479517084e-01
-1.691118218597699396e+00 1.028814858259754494e-01
-1.678508048095555871e+00 9.577988349690352843e-02
-1.665897877593413234e+00 8.904972994604488934e-02
-1.653287707091269709e+00 8.268272727146527834e-02
-1.640677536589126184e+00 7.666967153537859736e-02
-1.628067366086983547e+00 7.100057325053063528e-02
-1.615457195584840022e+00 6.566477476443792483e-02
-1.602847025082696497e+00 6.065106512491817009e-02
-1.590236854580553860e+00 5.594777051328014839e-02
-1.577626684078410335e+00 5.154289086523827779e-02
-1.565016513576266810e+00 4.742416032530211156e-02
-1.552406343074124173e+00 4.357915416341863468e-02
-1.539796172571980648e+00 3.999536792068889013e-02
-1.527186002069837123e+00 3.666029388440891768e-02
-1.514575831567694486e+00 3.356149046334264141e-02
-1.501965661065550961e+00 3.068664511974434836e-02
-1.489355490563407436e+00 2.802363040910525738e-02
-1.476745320061264799e+00 2.556055404962000177e-02
-1.464135149559121274e+00 2.328580234730878024e-02
-1.451524979056977749e+00 2.118807775702006083e-02
-1.438914808554835112e+00 1.925643036427195087e-02
-1.426304638052691587e+00 1.748028439230128392e-02
-1.413694467550548062e+00 1.584945921531407190e-02
-1.401084297048405425e+00 1.435418570607750396e-02
-1.388474126546261900e+00 1.298511822653076499e-02
-1.375863956044118375e+00 1.173334116493611815e-02
-1.363253785541975738e+00 1.059037568401318720e-02
-1.350643615039832213e+00 9.548177509077371977e-03
-1.338033444537688688e+00 8.599135940489761529e-03
-1.325423274035546051e+00 7.736068543472846178e-03
-1.312813103533402526e+00 6.952213722327510795e-03
-1.300202933031259001e+00 6.241221232243672132e-03
-1.287592762529116364e+00 5.597141071883632649e-03
-1.274982592026972839e+00 5.014410854655158671e-03
-1.262372421524829313e+00 4.487841973675472940e-03
-1.249762251022686677e+00 4.012604985270138390e-03
-1.237152080520543151e+00 3.584213840545644528e-03
-1.224541910018399626e+00 3.198510558752307772e-03
-1.211931739516256989e+00 2.851648537522781957e-03
-1.199321569014113464e+00 2.540076285029510030e-03
-1.186711398511969939e+00 2.260521109794735948e-03
-1.174101228009827302e+00 2.009972831349359206e-03
-1.161491057507683777e+00 1.785667842882259328e-03
-1.148880887005540252e+00 1.585073443994510639e-03
-1.136270716503397615e+00 1.405872660529784799e-03
-1.123660546001254090e+00 1.245949458015558958e-03
-1.111050375499110565e+00 1.103374675496351411e-03
-1.098440204996967928e+00 9.763923537667817910e-04
-1.085830034494824403e+00 8.634068001570844100e-04
-1.073219863992680878e+00 7.629702732526944193e-04
-1.060609693490538241e+00 6.737712965027636228e-04
-1.047999522988394716e+00 5.946236463076029922e-04
-1.035389352486251191e+00 5.244559976383862416e-04
-1.022779181984108554e+00 4.623022045652137738e-04
-1.010169011481965029e+00 4.072922212705029675e-04
-9.975588409798215039e-01 3.586436359859991770e-04
-9.849486704776788670e-01 3.156538124477907873e-04
-9.723384999755353419e-01 2.776926005505167701e-04
-9.597283294733918169e-01 2.441955973923880556e-04
-9.471181589712491800e-01 2.146579319025016333e-04
-9.345079884691056549e-01 1.886285722165474850e-04
-9.218978179669621298e-01 1.657049651760532003e-04
-9.092876474648186047e-01 1.455284616280038551e-04
-8.966774769626759678e-01 1.277796956055630431e-04
-8.840673064605324427e-01 1.121746971727606844e-04
-8.714571359583889176e-01 9.846122650068153724e-05
-8.588469654562462807e-01 8.641546587151668923e-05
-8.462367949541027556e-01 7.583902107456070630e-05
-8.336266244519592306e-01 6.655620855690600249e-05
-8.210164539498165936e-01 5.841160522883861750e-05
-8.084062834476730686e-01 5.126783965960602730e-05
-7.957961129455295435e-01 4.500360428723633460e-05
-7.831859424433869066e-01 3.951186895597956776e-05
-7.705757719412433815e-01 3.469827900566493131e-05
-7.579656014390998564e-01 3.047971853195281650e-05
-7.453554309369572195e-01 2.678302950761291690e-05
-7.327452604348136944e-01 2.354386367029837640e-05
-7.201350899326701693e-01 2.070565992814402454e-05
-7.075249194305275324e-01 1.821873531460083831e-05
-6.949147489283840073e-01 1.603947459496808865e-05
-6.823045784262404823e-01 1.412961130634098786e-05
-6.696944079240978454e-01 1.245558978740290829e-05
-6.570842374219543203e-01 1.098799985355988780e-05
-6.444740669198107952e-01 9.701076500389057533e-06
-6.318638964176681583e-01 8.572257527617846003e-06
-6.192537259155246332e-01 7.581792873512148165e-06
-6.066435554133811081e-01 6.712400024598286874e-06
-5.940333849112384712e-01 5.948960234512276721e-06
-5.814232144090949461e-01 5.278251045192864437e-06
-5.688130439069514210e-01 4.688711191288790948e-06
-5.562028734048087841e-01 4.170233086513724065e-06
-5.435927029026652590e-01 3.713981912774554418e-06
-5.309825324005217340e-01 3.312235768448816467e-06
-5.183723618983790971e-01 2.958245940848875773e-06
-5.057621913962355720e-01 2.646114249168349787e-06
-4.931520208940920469e-01 2.370685818095858327e-06
-4.805418503919494100e-01 2.127455062517379372e-06
-4.679316798898058849e-01 1.912483557337708511e-06
-4.553215093876623598e-01 1.722328038866134038e-06
-4.427113388855197229e-01 1.553977679413329943e-06
-4.301011683833761978e-01 1.404799177485935137e-06
-4.174909978812326727e-01 1.272488838654336606e-06
-4.048808273790900358e-01 1.155030731577377830e-06
-3.922706568769465107e-01 1.050660177699177225e-06
-3.796604863748029857e-01 9.578318919895476421e-07
-3.670503158726603488e-01 8.751921929248849641e-07
-3.544401453705168237e-01 8.015547657027677791e-07
-3.418299748683732986e-01 7.358795278626984780e-07
-3.292198043662306617e-01 6.772542029221892830e-07
-3.166096338640871366e-01 6.248782562630307766e-07
-3.039994633619436115e-01 5.780488891827492753e-07
-2.913892928598009746e-01 5.361488310182127316e-07
-2.787791223576574495e-01 4.986356975357012015e-07
-2.661689518555139244e-01 4.650327138357015757e-07
-2.535587813533712875e-01 4.349206284015529435e-07
-2.409486108512277625e-01 4.079306649366352693e-07
-2.283384403490842374e-01 3.837383790755271914e-07
-2.157282698469416005e-01 3.620583044405171027e-07
-2.031180993447980754e-01 3.426392874389090846e-07
-1.907296212577645478e-01 3.255494775412359038e-07
-1.790751809198734557e-01 3.111044557092961128e-07
-1.681328766829025823e-01 2.988584135301944279e-07
-1.578591939883211837e-01 2.884297622791487930e-07
-1.482132772030496648e-01 2.795132372104420889e-07
-1.391567671477560997e-01 2.718625238077067898e-07
-1.306536485528615454e-01 2.652772781044719614e-07
-1.226701068356443602e-01 2.595933328941680284e-07
-1.151743936288669723e-01 2.546752373958180548e-07
-1.081367005261812397e-01 2.504105226212132931e-07
-1.015290405422311915e-01 2.467052548063184618e-07
-9.532513681604738720e-02 2.434805587717608016e-07
-8.950031811513789459e-02 2.406698778530867721e-07
-8.403142072473115953e-02 2.382167977476888730e-07
-7.889669633199995757e-02 2.360733054851404965e-07
-7.407572553895482026e-02 2.341983866864495967e-07
-6.954933666007066806e-02 2.325568877540587162e-07
-6.529952948172380867e-02 2.311185870133199675e-07
-6.130940368025181858e-02 2.298574317868457704e-07
-5.756309161397969026e-02 2.287509081171350135e-07
-5.404569522193657799e-02 2.277795172135450400e-07
-5.074322677833183887e-02 2.269263383019588135e-07
-4.764255326718694339e-02 2.261766618465967406e-07
-4.473134415591366320e-02 2.255176804203242169e-07
-4.199802236014917034e-02 2.249382270635460282e-07
-3.943171820485173729e-02 2.244285529709607167e-07
-3.702222619856760516e-02 2.239801379132817947e-07
-3.475996444897584692e-02 2.235855281047602768e-07
-3.263593655831751456e-02 2.232381967388074416e-07
-3.064169584717604811e-02 2.229324245340424977e-07
-2.876931176433708895e-02 2.226631963951596730e-07
-2.701133834915109624e-02 2.224261117103042156e-07
-2.536078462097863737e-02 2.222173071897976230e-07
-2.381108677796769241e-02 2.220333895785395390e-07
-2.235608209460499679e-02 2.218713772031787788e-07
-2.098998441423788677e-02 2.217286490662607243e-07
-1.970736113910750986e-02 2.216029004529079449e-07
-1.850311162639044910e-02 2.214921041700424357e-07
-1.737244690433337180e-02 2.213944766668476617e-07
-1.631087062781888183e-02 2.213084483932211981e-07
-1.531416119762810286e-02 2.212326378437826038e-07
-1.437835497229224616e-02 2.211658288118125974e-07
-1.349973050577157364e-02 2.211069504426059226e-07
-1.267479374828037013e-02 2.210550598016928275e-07
-1.190026415140387275e-02 2.210093261563058041e-07
-1.117306162225225469e-02 2.209690181845009919e-07
-1.049029427477177374e-02 2.209334914101299829e-07
-9.849246929502866038e-03 2.209021781306390153e-07
-9.247370316051994887e-03 2.208745782503117375e-07
-8.682270935339195597e-03 2.208502509339737350e-07
-8.151701541304996398e-03 2.208288079375471391e-07
-7.653552204225974771e-03 2.208099070820950521e-07
-7.185841920100037063e-03 2.207932468296306847e-07
-6.746710732733945948e-03 2.207785614456480584e-07
-6.334412337204842376e-03 2.207656167397974542e-07
-5.947307135282262590e-03 2.207542063150881290e-07
-5.583855715193143839e-03 2.207441482644915853e-07
-5.242612729801200168e-03 2.207352822612817798e-07
-4.922221148855803613e-03 2.207274669959133722e-07
-4.621406862452884928e-03 2.207205779179967149e-07
-4.338973614247355545e-03 2.207145052468995749e-07
-4.073798244268176869e-03 2.207091522188908532e-07
-3.824826222417472815e-03 2.207044335426328620e-07
-3.591067454892035368e-03 2.207002740381702152e-07
-3.371592346850472034e-03 2.206966074375673850e-07
-3.165528105668122608e-03 2.206933753279642089e-07
-2.972055270078842893e-03 2.206905262200795697e-07
-2.790404451401243442e-03 2.206880147272786831e-07
-2.619853273889739126e-03 2.206858008420411810e-07
-2.459723502043294555e-03 2.206838492982608686e-07
-2.309378343447928035e-03 2.206821290091935452e-07
-2.168219916426995363e-03 2.206806125720585088e-07
-2.035686872428882702e-03 2.206792758313864540e-07
-1.911252163696946192e-03 2.206780974941427627e-07
-1.794420947344431763e-03 2.206770587904808289e-07
-1.684728617499294890e-03 2.206761431747158444e-07
-1.581738957693386684e-03 2.206753360617412741e-07
-1.485042406148618429e-03 2.206746245946933834e-07
-1.394254427061488973e-03 2.206739974401483860e-07
-1.309013981409089993e-03 2.206734446075989968e-07
-1.228982091195453740e-03 2.206729572903199434e-07
-1.153840491428526288e-03 2.206725277251014278e-07
-1.083290364467113165e-03 2.206721490685921624e-07
-1.017051151704679570e-03 2.206718152883091004e-07
-9.548594378642998991e-04 2.206715210665563171e-07
-8.964679034679587247e-04 2.206712617157279098e-07
-8.416443413144891576e-04 2.206710331036506724e-07
-7.901707330548732918e-04 2.206708315877762529e-07
-7.418423821927417998e-04 2.206706539571563258e-07
-6.964671000622763746e-04 2.206704973813149956e-07
-6.538644415463101345e-04 2.206703593651626355e-07
-6.138649874953195544e-04 2.206702377092536047e-07
-5.763096709937077546e-04 2.206701304747626271e-07
-5.410491447940707658e-04 2.206700359526024731e-07
-5.079431874039339089e-04 2.206699526362051906e-07
-4.768601454631505969e-04 2.206698791975168480e-07
-4.476764101943878299e-04 2.206698144658587940e-07
-4.202759258447686459e-04 2.206697574092750923e-07
-3.945497281637799845e-04 2.206697071180925122e-07
-3.703955110821903832e-04 2.206696627904348888e-07
-3.477172198687347553e-04 2.206696237194513217e-07
-3.264246691466341703e-04 2.206695892820519077e-07
-3.064331842509692436e-04 2.206695589289916316e-07
-2.876632645006474724e-04 2.206695321761089227e-07
-2.700402670458676067e-04 2.206695085966210951e-07
-2.534941100338807115e-04 2.206694878143282328e-07
-2.379589939125882462e-04 2.206694694976083078e-07
-2.233731397636618432e-04 2.206694533541484765e-07
-2.096785436246481258e-04 2.206694391262743548e-07
-1.968207458230403738e-04 2.206694265868557783e-07
-1.847486144050079770e-04 2.206694155356808665e-07
-1.734141417975726429e-04 2.206694057962695106e-07
-1.627722538955931274e-04 2.206693972130593188e-07
-1.527806308143372189e-04 2.206693896489262185e-07
-1.433995385948514170e-04 2.206693829830034784e-07
-1.345916711928507147e-04 2.206693771087488329e-07
-1.263220021227506255e-04 2.206693719322529301e-07
-1.185576451668948804e-04 2.206693673707377813e-07
-1.112677235960431003e-04 2.206693633512403653e-07
-1.044232473810362147e-04 2.206693598094487793e-07
-9.799699790736354202e-05 2.206693566886742316e-07
-9.196341973416139544e-05 2.206693539389511484e-07
-8.629851896719176359e-05 2.206693515162390047e-07
-8.097976784167412539e-05 2.206693493817196305e-07
-7.598601513551331310e-05 2.206693475011780033e-07
-7.129740205665540287e-05 2.206693458444581090e-07
-6.689528327009240302e-05 2.206693443849796569e-07
-6.276215275045356852e-05 2.206693430993151448e-07
-5.888157416531500463e-05 2.206693419668189918e-07
-5.523811551239205268e-05 2.206693409692907891e-07
-5.181728775067791524e-05 2.206693400906908033e-07
-4.860548718147756638e-05 2.206693393168867130e-07
-4.558994135021126844e-05 2.206693386354164668e-07
-4.275865825384858419e-05 2.206693380353024381e-07
-4.010037865198160146e-05 2.206693375068672491e-07
-3.760453129189908716e-05 2.206693370415847455e-07
-3.526119086959958525e-05 2.206693366319382246e-07
-3.306103855956327154e-05 2.206693362713046564e-07
-3.099532495632644548e-05 2.206693359538496780e-07
-2.905583528048395544e-05 2.206693356744272730e-07
-2.723485671075096226e-05 2.206693354285088327e-07
-2.552514771217800657e-05 2.206693352120980292e-07
-2.391990923854284747e-05 2.206693350216775581e-07
-2.241275769439721272e-05 2.206693348541475967e-07
-2.099769954925015053e-05 2.206693347067740282e-07
-1.966910750293300909e-05 2.206693345771500352e-07
-1.842169810736080741e-05 2.206693344631573470e-07
-1.725051075570132930e-05 2.206693343629249473e-07
-1.615088795539561633e-05 2.206693342748081363e-07
-1.511845680657980123e-05 2.206693341973561053e-07
-1.414911161225593266e-05 2.206693341292925875e-07
-1.323899755105558475e-05 2.206693340694909762e-07
-1.238449534766613459e-05 2.206693340169619103e-07
-1.158220687996078599e-05 2.206693339708308549e-07
-1.082894166559426607e-05 2.206693339303299216e-07
-1.012170417432434343e-05 2.206693338947829399e-07
-9.457681915605696142e-06 2.206693338635917192e-07
-8.834234254082606896e-06 2.206693338362321580e-07
-8.248881908502043135e-06 2.206693338122409556e-07
-7.699297092288845179e-06 2.206693337912135744e-07
-7.183294256573823982e-06 2.206693337727901579e-07
-6.698821398861734940e-06 2.206693337566543920e-07
-6.243951902777456888e-06 2.206693337425303029e-07
-5.816876876438485798e-06 2.206693337301728863e-07
-5.415897958985060038e-06 2.206693337193665723e-07
-5.039420566662596439e-06 2.206693337099232137e-07
-4.685947551597296836e-06 2.206693337016757862e-07
-4.354073248047161842e-06 2.206693336944781238e-07
-4.042477882453245495e-06 2.206693336882012126e-07
-3.749922325059951160e-06 2.206693336827322120e-07
-3.475243162234227762e-06 2.206693336779703516e-07
-3.217348069887064443e-06 2.206693336738301869e-07
-2.975211469598384632e-06 2.206693336702329174e-07
-2.747870450171603521e-06 2.206693336671118921e-07
-2.534420938398601179e-06 2.206693336644060189e-07
-2.334014103807039897e-06 2.206693336620662492e-07
-2.145852983093271333e-06 2.206693336600435875e-07
-1.969189310816785935e-06 2.206693336582996261e-07
-1.803320543752548581e-06 2.206693336567987101e-07
-1.647587067068355029e-06 2.206693336555090760e-07
-1.501369571216668681e-06 2.206693336544036715e-07
-1.364086589109387048e-06 2.206693336534605533e-07
-1.235192183781944781e-06 2.206693336526561896e-07
-1.114173777351006344e-06 2.206693336519745134e-07
-1.000550112631961414e-06 2.206693336513982928e-07
-8.938693393104654022e-07 2.206693336509122282e-07
-7.937072170570570337e-07 2.206693336505073200e-07
-6.996654284390261791e-07 2.206693336501702009e-07
-6.113699949207071113e-07 2.206693336498926652e-07
-5.284697896529079203e-07 2.206693336496665074e-07
-4.506351411371571005e-07 2.206693336494834424e-07
-3.775565222121384326e-07 2.206693336493388116e-07
-3.089433191486484405e-07 2.206693336492255209e-07
-2.445226759580218821e-07 2.206693336491396794e-07
-1.840384093183425875e-07 2.206693336490777401e-07
-1.272499898032904365e-07 2.206693336490350179e-07
-7.393158536218592144e-08 2.206693336490091305e-07
-2.387116324756687046e-08 2.206693336489973779e-07
2.387116324756687046e-08 2.206693336489973779e-07
7.393158536217865548e-08 2.206693336490091305e-07
1.272499898032904365e-07 2.206693336490350179e-07
1.840384093183425875e-07 2.206693336490777401e-07
2.445226759580130942e-07 2.206693336491396794e-07
3.089433191486484405e-07 2.206693336492255209e-07
3.775565222121384326e-07 2.206693336493388116e-07
4.506351411371465126e-07 2.206693336494834424e-07
5.284697896529079203e-07 2.206693336496665074e-07
6.113699949207071113e-07 2.206693336498926652e-07
6.996654284390133677e-07 2.206693336501702009e-07
7.937072170570570337e-07 2.206693336505073200e-07
8.938693393104654022e-07 2.206693336509122282e-07
1.000550112631946167e-06 2.206693336513982928e-07
1.114173777351006344e-06 2.206693336519745134e-07
1.235192183781944781e-06 2.206693336526561896e-07
1.364086589109368413e-06 2.206693336534605533e-07
1.501369571216668681e-06 2.206693336544036715e-07
1.647587067068355029e-06 2.206693336555090760e-07
1.803320543752526134e-06 2.206693336567987101e-07
1.969189310816785935e-06 2.206693336582996261e-07
2.145852983093271333e-06 2.206693336600435875e-07
2.334014103807012369e-06 2.206693336620662492e-07
2.534420938398601179e-06 2.206693336644060189e-07
2.747870450171603521e-06 2.206693336671118921e-07
2.975211469598351597e-06 2.206693336702329174e-07
3.217348069887064443e-06 2.206693336738301869e-07
3.475243162234227762e-06 2.206693336779703516e-07
3.749922325059911349e-06 2.206693336827322120e-07
4.042477882453245495e-06 2.206693336882012126e-07
4.354073248047161842e-06 2.206693336944781238e-07
4.685947551597248555e-06 2.206693337016757862e-07
5.039420566662596439e-06 2.206693337099232137e-07
5.415897958985004981e-06 2.206693337193665723e-07
5.816876876438427352e-06 2.206693337301728863e-07
6.243951902777456888e-06 2.206693337425303029e-07
6.698821398861668871e-06 2.206693337566543920e-07
7.183294256573753678e-06 2.206693337727901579e-07
7.699297092288845179e-06 2.206693337912135744e-07
8.248881908501963514e-06 2.206693338122409556e-07
8.834234254082522193e-06 2.206693338362321580e-07
9.457681915605696142e-06 2.206693338635917192e-07
1.012170417432424687e-05 2.206693338947829399e-07
1.082894166559416273e-05 2.206693339303299216e-07
1.158220687996078599e-05 2.206693339708308549e-07
1.238449534766601939e-05 2.206693340169619103e-07
1.323899755105545939e-05 2.206693340694909762e-07
1.414911161225593266e-05 2.206693341292925875e-07
1.511845680657965724e-05 2.206693341973561053e-07
1.615088795539546725e-05 2.206693342748081363e-07
1.725051075570132930e-05 2.206693343629249473e-07
1.842169810736063801e-05 2.206693344631573470e-07
1.966910750293282952e-05 2.206693345771500352e-07
2.099769954925015053e-05 2.206693347067740282e-07
2.241275769439700604e-05 2.206693348541475967e-07
2.391990923854262385e-05 2.206693350216775581e-07
2.552514771217800657e-05 2.206693352120980292e-07
2.723485671075071492e-05 2.206693354285088327e-07
2.905583528048369117e-05 2.206693356744272730e-07
3.099532495632644548e-05 2.206693359538496780e-07
3.306103855956297338e-05 2.206693362713046564e-07
3.526119086959926676e-05 2.206693366319382246e-07
3.760453129189908716e-05 2.206693370415847455e-07
4.010037865198123555e-05 2.206693375068672491e-07
4.275865825384819795e-05 2.206693380353024381e-07
4.558994135021126844e-05 2.206693386354164668e-07
4.860548718147712592e-05 2.206693393168867130e-07
5.181728775067744768e-05 2.206693400906908033e-07
5.523811551239205268e-05 2.206693409692907891e-07
5.888157416531447608e-05 2.206693419668189918e-07
6.276215275045299931e-05 2.206693430993151448e-07
6.689528327009240302e-05 2.206693443849796569e-07
7.129740205665476590e-05 2.206693458444581090e-07
7.598601513551263547e-05 2.206693475011780033e-07
8.097976784167412539e-05 2.206693493817196305e-07
8.629851896719099109e-05 2.206693515162390047e-07
9.196341973416056873e-05 2.206693539389511484e-07
9.799699790736354202e-05 2.206693566886742316e-07
1.044232473810352796e-04 2.206693598094487793e-07
1.112677235960420974e-04 2.206693633512403653e-07
1.185576451668948804e-04 2.206693673707377813e-07
1.263220021227494871e-04 2.206693719322529301e-07
1.345916711928494950e-04 2.206693771087488329e-07
1.433995385948514170e-04 2.206693829830034784e-07
1.527806308143358637e-04 2.206693896489262185e-07
1.627722538955916909e-04 2.206693972130593188e-07
1.734141417975726429e-04 2.206694057962695106e-07
1.847486144050063236e-04 2.206694155356808665e-07
1.968207458230386390e-04 2.206694265868557783e-07
2.096785436246481258e-04 2.206694391262743548e-07
2.233731397636598375e-04 2.206694533541484765e-07
2.379589939125861320e-04 2.206694694976083078e-07
2.534941100338807115e-04 2.206694878143282328e-07
2.700402670458652214e-04 2.206695085966210951e-07
2.876632645006474724e-04 2.206695321761089227e-07
3.064331842509692436e-04 2.206695589289916316e-07
3.264246691466312429e-04 2.206695892820519077e-07
3.477172198687347553e-04 2.206696237194513217e-07
3.703955110821903832e-04 2.206696627904348888e-07
3.945497281637764609e-04 2.206697071180925122e-07
4.202759258447686459e-04 2.206697574092750923e-07
4.476764101943878299e-04 2.206698144658587940e-07
4.768601454631463685e-04 2.206698791975168480e-07
5.079431874039339089e-04 2.206699526362051906e-07
5.410491447940683806e-04 2.206700359526024731e-07
5.763096709937052609e-04 2.206701304747626271e-07
6.138649874953195544e-04 2.206702377092536047e-07
6.538644415463072072e-04 2.206703593651626355e-07
6.964671000622733388e-04 2.206704973813149956e-07
7.418423821927417998e-04 2.206706539571563258e-07
7.901707330548697139e-04 2.206708315877762529e-07
8.416443413144852545e-04 2.206710331036506724e-07
8.964679034679587247e-04 2.206712617157279098e-07
9.548594378642956708e-04 2.206715210665563171e-07
1.017051151704675017e-03 2.206718152883091004e-07
1.083290364467113165e-03 2.206721490685921624e-07
1.153840491428521084e-03 2.206725277251014278e-07
1.228982091195448319e-03 2.206729572903199434e-07
1.309013981409089993e-03 2.206734446075989968e-07
1.394254427061482901e-03 2.206739974401483860e-07
1.485042406148611707e-03 2.206746245946933834e-07
1.581738957693386684e-03 2.206753360617412741e-07
1.684728617499287517e-03 2.206761431747158444e-07
1.794420947344423523e-03 2.206770587904808289e-07
1.911252163696946192e-03 2.206780974941427627e-07
2.035686872428873594e-03 2.206792758313864540e-07
2.168219916426985822e-03 2.206806125720585088e-07
2.309378343447928035e-03 2.206821290091935452e-07
2.459723502043281544e-03 2.206838492982608686e-07
2.619853273889716141e-03 2.206858008420411810e-07
2.790404451401243442e-03 2.206880147272786831e-07
2.972055270078832485e-03 2.206905262200795697e-07
3.165528105668094852e-03 2.206933753279642089e-07
3.371592346850472034e-03 2.206966074375673850e-07
3.591067454892016286e-03 2.207002740381702152e-07
3.824826222417438987e-03 2.207044335426328620e-07
4.073798244268176869e-03 2.207091522188908532e-07
4.338973614247340800e-03 2.207145052468995749e-07
4.621406862452843295e-03 2.207205779179967149e-07
4.922221148855803613e-03 2.207274669959133722e-07
5.242612729801172412e-03 2.207352822612817798e-07
5.583855715193094399e-03 2.207441482644915853e-07
5.947307135282262590e-03 2.207542063150881290e-07
6.334412337204820692e-03 2.207656167397974542e-07
6.746710732733886100e-03 2.207785614456480584e-07
7.185841920100037063e-03 2.207932468296306847e-07
7.653552204225934005e-03 2.208099070820950521e-07
8.151701541304925275e-03 2.208288079375471391e-07
8.682270935339195597e-03 2.208502509339737350e-07
9.247370316051963662e-03 2.208745782503117375e-07
9.849246929502777567e-03 2.209021781306390153e-07
1.049029427477177374e-02 2.209334914101299829e-07
1.117306162225219397e-02 2.209690181845005948e-07
1.190026415140376694e-02 2.210093261563058041e-07
1.267479374828037013e-02 2.210550598016928275e-07
1.349973050577152334e-02 2.211069504426059226e-07
1.437835497229211779e-02 2.211658288118129944e-07
1.531416119762810286e-02 2.212326378437826038e-07
1.631087062781879510e-02 2.213084483932211981e-07
1.737244690433321567e-02 2.213944766668476617e-07
1.850311162639044910e-02 2.214921041700424357e-07
1.970736113910743700e-02 2.216029004529079449e-07
2.098998441423769942e-02 2.217286490662599302e-07
2.235608209460499679e-02 2.218713772031787788e-07
2.381108677796757098e-02 2.220333895785391420e-07
2.536078462097841185e-02 2.222173071897976230e-07
2.701133834915109624e-02 2.224261117103042156e-07
2.876931176433698834e-02 2.226631963951596730e-07
3.064169584717577749e-02 2.229324245340428947e-07
3.263593655831751456e-02 2.232381967388074416e-07
3.475996444897566651e-02 2.235855281047602768e-07
3.702222619856727903e-02 2.239801379132813977e-07
3.943171820485173729e-02 2.244285529709607167e-07
4.199802236014902462e-02 2.249382270635460282e-07
4.473134415591326768e-02 2.255176804203238199e-07
4.764255326718694339e-02 2.261766618465967406e-07
5.074322677833156825e-02 2.269263383019588135e-07
5.404569522193609227e-02 2.277795172135450400e-07
5.756309161397969026e-02 2.287509081171350135e-07
6.130940368025160347e-02 2.298574317868457704e-07
6.529952948172323968e-02 2.311185870133203910e-07
6.954933666007066806e-02 2.325568877540587162e-07
7.407572553895443168e-02 2.341983866864495967e-07
7.889669633199926368e-02 2.360733054851400730e-07
8.403142072473115953e-02 2.382167977476888730e-07
8.950031811513757540e-02 2.406698778530867721e-07
9.532513681604654066e-02 2.434805587717603780e-07
1.015290405422311915e-01 2.467052548063184618e-07
1.081367005261806707e-01 2.504105226212123931e-07
1.151743936288659592e-01 2.546752373958180548e-07
1.226701068356443602e-01 2.595933328941680284e-07
1.306536485528610736e-01 2.652772781044719614e-07
1.391567671477548507e-01 2.718625238077063133e-07
1.482132772030496648e-01 2.795132372104420889e-07
1.578591939883203232e-01 2.884297622791482636e-07
1.681328766829011112e-01 2.988584135301933691e-07
1.790751809198728173e-01 3.111044557092950011e-07
1.907296212577638539e-01 3.255494775412341568e-07
2.031180993447962990e-01 3.426392874389060141e-07
2.157282698469407123e-01 3.620583044405145086e-07
2.283384403490833492e-01 3.837383790755244915e-07
2.409486108512259861e-01 4.079306649366309283e-07
2.535587813533703994e-01 4.349206284015529435e-07
2.661689518555130363e-01 4.650327138356974464e-07
2.787791223576556732e-01 4.986356975356977075e-07
2.913892928598000864e-01 5.361488310182079670e-07
3.039994633619427233e-01 5.780488891827462048e-07
3.166096338640853602e-01 6.248782562630207181e-07
3.292198043662297735e-01 6.772542029221844125e-07
3.418299748683724104e-01 7.358795278626919135e-07
3.544401453705150473e-01 8.015547657027606852e-07
3.670503158726594606e-01 8.751921929248787173e-07
3.796604863748020975e-01 9.578318919895374777e-07
3.922706568769447344e-01 1.050660177699169813e-06
4.048808273790891477e-01 1.155030731577365548e-06
4.174909978812317846e-01 1.272488838654332159e-06
4.301011683833744215e-01 1.404799177485922644e-06
4.427113388855188347e-01 1.553977679413313426e-06
4.553215093876614716e-01 1.722328038866118791e-06
4.679316798898041085e-01 1.912483557337674630e-06
4.805418503919485218e-01 2.127455062517360313e-06
4.931520208940911587e-01 2.370685818095841386e-06
5.057621913962337956e-01 2.646114249168312094e-06
5.183723618983782089e-01 2.958245940848860103e-06
5.309825324005208458e-01 3.312235768448781315e-06
5.435927029026652590e-01 3.713981912774554418e-06
5.562028734048078960e-01 4.170233086513694419e-06
5.688130439069505329e-01 4.688711191288757066e-06
5.814232144090949461e-01 5.278251045192864437e-06
5.940333849112375830e-01 5.948960234512223358e-06
6.066435554133802199e-01 6.712400024598215723e-06
6.192537259155246332e-01 7.581792873512148165e-06
6.318638964176672701e-01 8.572257527617785017e-06
6.444740669198099070e-01 9.701076500388988076e-06
6.570842374219543203e-01 1.098799985355988780e-05
6.696944079240969572e-01 1.245558978740282020e-05
6.823045784262395941e-01 1.412961130634088792e-05
6.949147489283840073e-01 1.603947459496808865e-05
7.075249194305266442e-01 1.821873531460045206e-05
7.201350899326692812e-01 2.070565992814387546e-05
7.327452604348136944e-01 2.354386367029837640e-05
7.453554309369563313e-01 2.678302950761253743e-05
7.579656014390989682e-01 3.047971853195243703e-05
7.705757719412433815e-01 3.469827900566493131e-05
7.831859424433860184e-01 3.951186895597922217e-05
7.957961129455286553e-01 4.500360428723609743e-05
8.084062834476730686e-01 5.126783965960602730e-05
8.210164539498157055e-01 5.841160522883809573e-05
8.336266244519583424e-01 6.655620855690529776e-05
8.462367949541027556e-01 7.583902107456070630e-05
8.588469654562453925e-01 8.641546587151545595e-05
8.714571359583880295e-01 9.846122650068030396e-05
8.840673064605324427e-01 1.121746971727606844e-04
8.966774769626750796e-01 1.277796956055614710e-04
9.092876474648177165e-01 1.455284616280033401e-04
9.218978179669621298e-01 1.657049651760532003e-04
9.345079884691047667e-01 1.886285722165471598e-04
9.471181589712474036e-01 2.146579319024981909e-04
9.597283294733918169e-01 2.441955973923880556e-04
9.723384999755344538e-01 2.776926005505157944e-04
9.849486704776770907e-01 3.156538124477840652e-04
9.975588409798215039e-01 3.586436359859991770e-04
1.010169011481964141e+00 4.072922212705015039e-04
1.022779181984106778e+00 4.623022045652039076e-04
1.035389352486251191e+00 5.244559976383862416e-04
1.047999522988393828e+00 5.946236463076020164e-04
1.060609693490536465e+00 6.737712965027516966e-04
1.073219863992680878e+00 7.629702732526944193e-04
1.085830034494823515e+00 8.634068001570767122e-04
1.098440204996966152e+00 9.763923537667644438e-04
1.111050375499110565e+00 1.103374675496351411e-03
1.123660546001253202e+00 1.245949458015543562e-03
1.136270716503395839e+00 1.405872660529753574e-03
1.148880887005540252e+00 1.585073443994510639e-03
1.161491057507682889e+00 1.785667842882251305e-03
1.174101228009825526e+00 2.009972831349325379e-03
1.186711398511969939e+00 2.260521109794735948e-03
1.199321569014112576e+00 2.540076285029476202e-03
1.211931739516255213e+00 2.851648537522706063e-03
1.224541910018399626e+00 3.198510558752307772e-03
1.237152080520542263e+00 3.584213840545609833e-03
1.249762251022684900e+00 4.012604985270070736e-03
1.262372421524829313e+00 4.487841973675472940e-03
1.274982592026971950e+00 5.014410854655091884e-03
1.287592762529114587e+00 5.597141071883552851e-03
1.300202933031259001e+00 6.241221232243672132e-03
1.312813103533401637e+00 6.952213722327492580e-03
1.325423274035544274e+00 7.736068543472715206e-03
1.338033444537688688e+00 8.599135940489761529e-03
1.350643615039831325e+00 9.548177509077339017e-03
1.363253785541973961e+00 1.059037568401303801e-02
1.375863956044118375e+00 1.173334116493611815e-02
1.388474126546261012e+00 1.298511822653068519e-02
1.401084297048403648e+00 1.435418570607727498e-02
1.413694467550548062e+00 1.584945921531407190e-02
1.426304638052690699e+00 1.748028439230106881e-02
1.438914808554833336e+00 1.925643036427163168e-02
1.451524979056977749e+00 2.118807775702006083e-02
1.464135149559120386e+00 2.328580234730866574e-02
1.476745320061263023e+00 2.556055404961972768e-02
1.489355490563407436e+00 2.802363040910525738e-02
1.501965661065550073e+00 3.068664511974412978e-02
1.514575831567692710e+00 3.356149046334205854e-02
1.527186002069837123e+00 3.666029388440891768e-02
1.539796172571979760e+00 3.999536792068833502e-02
1.552406343074122397e+00 4.357915416341832937e-02
1.565016513576266810e+00 4.742416032530211156e-02
1.577626684078409447e+00 5.154289086523757002e-02
1.590236854580552084e+00 5.594777051327950307e-02
1.602847025082696497e+00 6.065106512491817009e-02
1.615457195584839134e+00 6.566477476443705052e-02
1.628067366086981771e+00 7.100057325053019119e-02
1.640677536589126184e+00 7.666967153537859736e-02
1.653287707091268821e+00 8.268272727146554202e-02
1.665897877593411458e+00 8.904972994604345993e-02
1.678508048095555871e+00 9.577988349690352843e-02
1.691118218597698508e+00 1.028814858259739923e-01
1.703728389099841145e+00 1.103618047479511671e-01
1.716338559601985558e+00 1.182269525401268284e-01
1.728948730104128195e+00 1.264817580698755772e-01
1.741558900606270832e+00 1.351296434248857037e-01
1.754169071108415245e+00 1.441724904409166230e-01
1.766779241610557882e+00 1.536105244746048815e-01
1.779389412112700519e+00 1.634421908196288520e-01
1.791999582614844932e+00 1.736640388187885853e-01
1.804609753116987569e+00 1.842706163488503079e-01
1.817219923619130206e+00 1.952543661948611398e-01
1.829830094121274620e+00 2.066055361463814688e-01
1.842440264623417256e+00 2.183120981523070103e-01
1.855050435125559893e+00 2.303596800331995931e-01
1.867660605627704307e+00 2.427315108677920164e-01
1.880270776129846944e+00 2.554083814052552914e-01
1.892880946631989580e+00 2.683686207161115056e-01
1.905491117134133994e+00 2.815880901877052533e-01
1.918101287636276631e+00 2.950401963938986127e-01
1.930711458138419268e+00 3.086959233112700485e-01
1.943321628640563681e+00 3.225238846846135710e-01
1.955931799142706318e+00 3.364903971768811175e-01
1.968541969644848955e+00 3.505595746911039923e-01
1.981152140146993368e+00 3.646934440438461822e-01
1.993762310649136005e+00 3.788520819486682067e-01
2.006372481151278642e+00 3.929937729580169625e-01
2.018982651653423055e+00 4.070751878795821344e-01
2.031592822155565692e+00 4.210515822574198430e-01
2.044202992657708329e+00 4.348770135268624215e-01
2.056813163159852742e+00 4.485045755378367915e-01
2.069423333661995379e+00 4.618866493763595926e-01
2.082033504164138016e+00 4.749751683075715825e-01
2.094643674666282429e+00 4.877218952284632647e-01
2.107253845168425066e+00 5.000787103128399025e-01
2.119864015670569479e+00 5.119979066962676573e-01
2.132474186172712116e+00 5.234324918338093546e-01
2.145084356674854753e+00 5.343364916767192607e-01
2.157694527176999166e+00 5.446652550576105423e-01
2.170304697679141803e+00 5.543757555074616539e-01
2.182914868181284440e+00 5.634268876259219683e-01
2.195525038683428853e+00 5.717797553116108489e-01
2.208135209185571490e+00 5.793979489939998784e-01
2.220745379687714127e+00 5.862478090144791487e-01
2.233355550189858540e+00 5.922986725782757311e-01
2.245965720692001177e+00 5.975231017611499773e-01
2.258575891194143814e+00 6.018970901997938716e-01
2.271186061696288228e+00 6.054002462364456161e-01
2.283796232198430864e+00 6.080159505771376427e-01
2.296406402700573501e+00 6.097314869046021046e-01
2.309016573202717915e+00 6.105381438640367087e-01
2.321626743704860552e+00 6.104312873124723149e-01
2.334236914207003188e+00 6.094104020204375027e-01
2.346847084709147602e+00 6.074791023196800532e-01
2.359457255211290239e+00 6.046451114915681879e-01
2.372067425713432876e+00 6.009202100386821233e-01
2.384677596215577289e+00 5.963201535141732235e-01
2.397287766717719926e+00 5.908645605062676776e-01
2.409897937219862563e+00 5.845767719387801042e-01
2.422508107722006976e+00 5.774836831339363874e-01
2.435118278224149613e+00 5.696156567598871234e-01
2.447728448726292250e+00 5.610057737004242595e-01
2.460338619228436663e+00 5.516906588199034234e-01
2.472948789730579300e+00 5.417091593970342345e-01
2.485558960232721937e+00 5.311026034275397878e-01
2.498169130734866350e+00 5.199144057311079203e-01
2.510779301237008987e+00 5.081897695711272700e-01
2.523389471739151624e+00 4.959753803064968491e-01
2.535999642241296037e+00 4.833190940816128323e-01
2.548609812743438674e+00 4.702696243070287885e-01
2.561219983245581311e+00 4.568762288675519145e-01
2.573830153747725724e+00 4.431884008737377867e-01
2.586440324249868361e+00 4.292555656600186564e-01
2.599050494752010998e+00 4.151267865981734251e-01
2.611660665254155411e+00 4.008504821331453916e-01
2.624270835756298048e+00 3.864741562615865988e-01
2.636881006258440685e+00 3.720441444656372720e-01
2.649491176760585098e+00 3.576053768888536322e-01
2.662101347262727735e+00 3.432011603008358058e-01
2.674711517764870372e+00 3.288729801466820923e-01
2.687321688267014785e+00 3.146603237196874403e-01
2.699931858769157422e+00 3.006005252353040058e-01
2.712542029271300059e+00 2.867286333239918439e-01
2.725152199773444472e+00 2.730773012049426685e-01
2.737762370275587109e+00 2.596766995460487726e-01
2.750372540777729746e+00 2.465544517805078883e-01
2.762982711279874160e+00 2.337355914904227783e-01
2.775592881782016796e+00 2.212425411270055042e-01
2.788203052284159433e+00 2.090951112280644841e-01
2.800813222786303847e+00 1.973105191178166629e-01
2.813423393288446483e+00 1.859034259134004219e-01
2.826033563790589120e+00 1.748859905326214659e-01
2.838643734292733534e+00 1.642679392904287383e-01
2.851253904794876171e+00 1.540566495869468422e-01
2.863864075297018807e+00 1.442572461278766316e-01
2.876474245799163221e+00 1.348727080782968768e-01
2.889084416301305858e+00 1.259039855323857426e-01
2.901694586803448495e+00 1.173501236834980782e-01
2.914304757305592908e+00 1.092083931000907698e-01
2.926914927807735545e+00 1.014744242456718237e-01
2.939525098309878182e+00 9.414234666390892958e-02
2.952135268812022595e+00 8.720492638268746710e-02
2.964745439314165232e+00 8.065370712937171283e-02
2.977355609816307869e+00 7.447914871822991500e-02
2.989965780318452282e+00 6.867076366064728266e-02
3.002575950820594919e+00 6.321725056820173827e-02
3.015186121322737556e+00 5.810662340872949777e-02
3.027796291824881969e+00 5.332633578831788568e-02
3.040406462327024606e+00 4.886339954738203040e-02
3.053016632829167243e+00 4.470449707367781661e-02
3.065626803331311656e+00 4.083608684778711195e-02
3.078236973833454293e+00 3.724450184593374596e-02
3.090847144335596930e+00 3.391604052973969108e-02
3.103457314837741343e+00 3.083705025180626461e-02
3.116067485339883980e+00 2.799400299877539272e-02
3.128677655842026617e+00 2.537356347926846695e-02
3.141287826344171030e+00 2.296264964224179264e-02
3.153897996846313667e+00 2.074848574747336499e-02
3.166508167348456304e+00 1.871864843861754946e-02
3.179118337850600717e+00 1.686110542941945956e-02
3.191728508352743354e+00 1.516424811316357049e-02
3.204338678854885991e+00 1.361691761511430766e-02
3.216948849357030404e+00 1.220842504335772905e-02
3.229559019859173041e+00 1.092856627588122305e-02
3.242169190361315678e+00 9.767631705448573398e-03
3.254779360863460091e+00 8.716411372655785000e-03
3.267389531365602728e+00 7.766195920472254016e-03
3.279999701867745365e+00 6.908773801098258907e-03
3.292609872369889779e+00 6.136425158739641263e-03
3.305220042872032415e+00 5.441912800477307841e-03
3.317830213374175052e+00 4.818470652413508679e-03
3.330440383876319466e+00 4.259790049479910030e-03
3.343050554378462103e+00 3.760004407423044037e-03
3.355660724880604739e+00 3.313672126152370379e-03
3.368270895382749153e+00 2.915758704468491419e-03
3.380881065884891790e+00 2.561617840225685876e-03
3.393491236387034427e+00 2.246971990007494337e-03
3.406101406889178840e+00 1.967892589932781176e-03
3.418711577391321477e+00 1.720780150326271275e-03
3.431321747893464114e+00 1.502344412521385833e-03
3.443931918395608527e+00 1.309584732397741117e-03
3.456542088897751164e+00 1.139770832586213534e-03
3.469152259399893801e+00 9.904240437788164580e-04
3.481762429902038214e+00 8.592991353979965259e-04
3.494372600404180851e+00 7.443668170957467439e-04
3.506982770906323488e+00 6.437969752447345517e-04
3.519592941408467901e+00 5.559426927787703560e-04
3.532203111910610538e+00 4.793252334517481765e-04
3.544813282412753175e+00 4.126189827870624643e-04
3.557423452914897588e+00 3.546394427009316491e-04
3.570033623417040225e+00 3.043291348145088873e-04
3.582643793919182862e+00 2.607465489990133645e-04
3.595253964421327275e+00 2.230550343604796018e-04
3.607864134923469912e+00 1.905126398244716922e-04
3.620474305425612549e+00 1.624627304985288992e-04
3.633084475927756962e+00 1.383253490403629250e-04
3.645694646429899599e+00 1.175892882168218571e-04
3.658304816932042236e+00 9.980483862663683877e-05
3.670914987434186649e+00 8.457717409456176497e-05
3.683525157936329286e+00 7.156033641476518509e-05
3.696135328438471923e+00 6.045178085623872640e-05
3.708745498940616336e+00 5.098744405946798716e-05
3.721355669442758973e+00 4.293729657581493768e-05
3.733965839944901610e+00 3.610134325933051793e-05
3.746576010447046023e+00 3.030603595157397716e-05
3.759186180949188660e+00 2.540106434488110742e-05
3.771796351451333074e+00 2.125649251688683340e-05
3.784406521953475711e+00 1.776021035262069736e-05
3.797016692455618347e+00 1.481567086954002795e-05
3.809626862957762761e+00 1.233988630052419149e-05
3.822237033459905398e+00 1.026165763975147547e-05
3.834847203962048034e+00 8.520014191415176667e-06
3.847457374464192448e+00 7.062841460231372557e-06
3.860067544966335085e+00 5.845677468700615466e-06
3.872677715468477722e+00 4.830659265598763474e-06
3.885287885970622135e+00 3.985602992971175216e-06
3.897898056472764772e+00 3.283202411905084485e-06
3.910508226974907409e+00 2.700332116731472070e-06
3.923118397477051822e+00 2.217443301701733332e-06
3.935728567979194459e+00 1.818040700331812284e-06
3.948338738481337096e+00 1.488230948469240401e-06
3.960948908983481509e+00 1.216333401826342939e-06
3.973559079485624146e+00 9.925455017220852270e-07
3.986169249987766783e+00 8.086556575495539818e-07
3.998779420489911196e+00 6.577974208045057909e-07
4.011389590992053833e+00 5.342394553360046093e-07
4.023999761494196470e+00 4.332064665173484454e-07
4.036609931996340883e+00 3.507268431381681740e-07
4.049220102498483520e+00 2.835032904208126260e-07
4.061830273000626157e+00 2.288032364558817580e-07
4.074440443502770570e+00 1.843661154641812200e-07
4.087050614004913207e+00 1.483251710649393803e-07
4.099660784507055844e+00 1.191415785428199527e-07
4.112270955009200257e+00 9.554908030046810641e-08
4.124881125511342894e+00 7.650754602826926813e-08
4.137491296013485531e+00 6.116409646754288558e-08
4.150101466515629944e+00 4.882062337572537902e-08
4.162711637017772581e+00 3.890670687109639013e-08
4.175321807519915218e+00 3.095707759881757058e-08
4.187931978022059631e+00 2.459289772440081832e-08
4.200542148524202268e+00 1.950624397768156308e-08
4.213152319026344905e+00 1.544726996911875633e-08
4.225762489528489319e+00 1.221360568852249289e-08
4.238372660030631955e+00 9.641621179745014885e-09
4.250982830532774592e+00 7.599240381615991573e-09
4.263593001034919006e+00 5.980041381299303776e-09
4.276203171537061642e+00 4.698422029851034843e-09
4.288813342039204279e+00 3.685646066796044166e-09
4.301423512541348693e+00 2.886615507837241743e-09
4.314033683043491330e+00 2.257240868336864768e-09
4.326643853545633966e+00 1.762302522380508613e-09
4.339254024047778380e+00 1.373714738329454600e-09
4.351864194549921017e+00 1.069119210362680774e-09
4.364474365052063654e+00 8.307476731631531506e-10
4.377084535554208067e+00 6.445038318045930424e-10
4.389694706056350704e+00 4.992236938055394887e-10
4.402304876558493341e+00 3.860807396198275968e-10
4.414915047060635978e+00 2.981084538862063314e-10
4.427525217562778614e+00 2.298177685019435275e-10
4.440135388064924804e+00 1.768911145455254130e-10
4.452745558567067441e+00 1.359381907338009428e-10
4.465355729069210078e+00 1.043013557684716929e-10
4.477965899571352715e+00 7.990084509248221098e-11
4.490576070073495352e+00 6.111188684056211945e-11
4.503186240575637989e+00 4.666732038295683825e-11
4.515796411077784178e+00 3.558056492615232441e-11
4.528406581579926815e+00 2.708479598130583890e-11
4.541016752082069452e+00 2.058500632624608504e-11
4.553626922584212089e+00 1.562029029386310144e-11
4.566237093086354726e+00 1.183422465934909608e-11
4.578847263588500915e+00 8.951649831547664895e-12
4.591457434090643552e+00 6.760501007302060746e-12
4.604067604592786189e+00 5.097616433330407710e-12
4.616677775094928826e+00 3.837672031776849331e-12
4.629287945597071463e+00 2.884569102430219463e-12
4.641898116099214100e+00 2.164743179490996330e-12
4.654508286601360290e+00 1.621974835517216336e-12
4.667118457103502926e+00 1.213372367394523670e-12
4.679728627605645563e+00 9.062672845658036497e-13
4.692338798107788200e+00 6.758194346815632311e-13
4.704948968609930837e+00 5.031728284247893406e-13
4.717559139112073474e+00 3.740380413478684313e-13
4.730169309614219664e+00 2.776044448189330717e-13
4.742779480116362301e+00 2.057069971661651745e-13
4.755389650618504938e+00 1.521891464925503054e-13
4.767999821120647574e+00 1.124165431665795036e-13
4.780609991622790211e+00 8.290651515130466997e-14
4.793220162124932848e+00 6.104624354679219997e-14
4.805830332627079038e+00 4.487877996465232842e-14
4.818440503129221675e+00 3.294085839756907748e-14
4.831050673631364312e+00 2.414018079929843206e-14
4.843660844133506949e+00 1.766272973586390585e-14
4.856271014635649586e+00 1.290288394294178421e-14
4.868881185137792222e+00 9.410818200827073797e-15
4.881491355639938412e+00 6.852981602066391252e-15
4.894101526142081049e+00 4.982454042797052670e-15
4.906711696644223686e+00 3.616750542289296584e-15
4.919321867146366323e+00 2.621230978229735404e-15
4.931932037648508960e+00 1.896721105074730353e-15
4.944542208150651597e+00 1.370291851455279247e-15
4.957152378652797786e+00 9.884029948044479891e-16
4.969762549154940423e+00 7.118137558950098691e-16
4.982372719657083060e+00 5.118114680595747953e-16
4.994982890159225697e+00 3.674218066169242364e-16
5.007593060661368334e+00 2.633486461849206288e-16
5.020203231163510971e+00 1.884553477217121274e-16
5.032813401665657160e+00 1.346471058789283915e-16
5.045423572167799797e+00 9.604985865853399746e-17
5.058033742669942434e+00 6.840810425413454814e-17
5.070643913172085071e+00 4.864402100042773356e-17
5.083254083674227708e+00 3.453523655360674321e-17
5.095864254176370345e+00 2.447971898459752702e-17
5.108474424678516534e+00 1.732452817150450447e-17
5.121084595180659171e+00 1.224129510107187195e-17
5.133694765682801808e+00 8.635833376270148095e-18
5.146304936184944445e+00 6.082639052708681739e-18
5.158915106687087082e+00 4.277506846224961192e-18
5.171525277189229719e+00 3.003310450572664579e-18
5.184135447691375909e+00 2.105331842753131424e-18
5.196745618193518546e+00 1.473505225301317449e-18
5.209355788695661182e+00 1.029659337923508560e-18
5.221965959197803819e+00 7.183666756756344255e-19
5.234576129699946456e+00 5.003910094280518626e-19
5.247186300202089093e+00 3.480034074103980406e-19
5.259796470704235283e+00 2.416396204866051699e-19
5.272406641206377920e+00 1.675187474588496401e-19
5.285016811708520557e+00 1.159496083308346872e-19
5.297626982210663193e+00 8.012826238031787992e-20
5.310237152712805830e+00 5.528568663678794323e-20
5.322847323214948467e+00 3.808467101883422580e-20
5.335457493717094657e+00 2.619378153468316404e-20
5.348067664219237294e+00 1.798691407261488925e-20
5.360677834721379931e+00 1.233177408087466047e-20
5.373288005223522568e+00 8.441213454004976455e-21
5.385898175725665205e+00 5.768920967138208192e-21
5.398508346227807841e+00 3.936358660257650236e-21
5.411118516729954031e+00 2.681668414147318945e-21
5.423728687232096668e+00 1.824004093137221531e-21
5.436338857734239305e+00 1.238673463453640650e-21
5.448949028236381942e+00 8.398430412151971462e-22
5.461559198738524579e+00 5.685251326515493486e-22
5.474169369240667216e+00 3.842478361788855205e-22
5.486779539742813405e+00 2.592885814953971378e-22
5.499389710244956042e+00 1.746889880253266130e-22
5.511999880747098679e+00 1.175053983528839546e-22
5.524610051249241316e+00 7.891512155185876783e-23
5.537220221751383953e+00 5.291426377761320497e-23
5.549830392253526590e+00 3.542381830793969852e-23
5.562440562755672779e+00 2.367707494568821700e-23
5.575050733257815416e+00 1.580049771886912562e-23
5.587660903759958053e+00 1.052745772305151205e-23
5.600271074262100690e+00 7.003034127070362240e-24
5.612881244764243327e+00 4.651135119617340146e-24
5.625491415266385964e+00 3.084193557091117820e-24
5.638101585768532154e+00 2.041898873189776646e-24
5.650711756270674790e+00 1.349698443826366913e-24
5.663321926772817427e+00 8.907363153340613569e-25
5.675932097274960064e+00 5.869099084506719912e-25
5.688542267777102701e+00 3.861033566413581412e-25
5.701152438279245338e+00 2.535978370277519505e-25
5.713762608781391528e+00 1.663019436241409577e-25
5.726372779283534165e+00 1.088827038836333472e-25
5.738982949785676801e+00 7.117545326054953230e-26
5.751593120287819438e+00 4.645274036873947431e-26
5.764203290789962075e+00 3.026928557205367199e-26
5.776813461292104712e+00 1.969258445036064265e-26
5.789423631794250902e+00 1.279124913944272380e-26
5.802033802296393539e+00 8.295314876317424573e-27
5.814643972798536176e+00 5.371090269025985183e-27
5.827254143300678813e+00 3.472175482829208340e-27
5.839864313802821449e+00 2.241044610330158612e-27
5.852474484304964086e+00 1.444138810675222465e-27
5.865084654807110276e+00 9.291310245907285478e-28
5.877694825309252913e+00 5.968353678609684343e-28
5.890304995811395550e+00 3.827733454416633708e-28
5.902915166313538187e+00 2.450972030935390517e-28
5.915525336815680824e+00 1.566911744917276525e-28
5.928135507317823460e+00 1.000138652711397648e-28
5.940745677819969650e+00 6.373608249377659024e-29
5.953355848322112287e+00 4.055271931235326958e-29
5.965966018824254924e+00 2.576107850501416686e-29
5.978576189326397561e+00 1.633870109109119689e-29
5.991186359828540198e+00 1.034618937923075890e-29
6.003796530330682835e+00 6.541128999861237365e-30
6.016406700832829024e+00 4.128900162810112382e-30
6.029016871334971661e+00 2.602108552213625689e-30
6.041627041837114298e+00 1.637290654321522970e-30
6.054237212339256935e+00 1.028573862169082505e-30
6.066847382841399572e+00 6.451407834784779349e-31
6.079457553343542209e+00 4.040013412961244334e-31
6.092067723845688398e+00 2.525924685518571684e-31
6.104677894347831035e+00 1.576766020822273826e-31
6.117288064849973672e+00 9.827054323831585997e-32
6.129898235352116309e+00 6.114890650987584518e-32
6.142508405854258946e+00 3.798947153207433117e-32
6.155118576356401583e+00 2.356389139968596804e-32
6.167728746858547773e+00 1.459284471677223930e-32
6.180338917360690409e+00 9.022815627990879889e-33
6.192949087862833046e+00 5.569976508043194562e-33
6.205559258364975683e+00 3.432999874828678227e-33
6.218169428867118320e+00 2.112532216468562139e-33
6.230779599369264510e+00 1.297902318974931696e-33
6.243389769871407147e+00 7.961406079849363518e-34
6.255999940373549784e+00 4.875808382009164850e-34
6.268610110875692421e+00 2.981347192183879941e-34
6.281220281377835057e+00 1.820067677463843678e-34
6.293830451879977694e+00 1.109357599960440992e-34
6.306440622382123884e+00 6.750945754427841798e-35
6.319050792884266521e+00 4.101726413295264866e-35
6.331660963386409158e+00 2.488156897095060179e-35
6.344271133888551795e+00 1.506946464224088269e-35
6.356881304390694432e+00 9.112275886406189567e-36
6.369491474892837068e+00 5.501294034457416032e-36
6.382101645394983258e+00 3.315979245755855011e-36
6.394711815897125895e+00 1.995573299312754934e-36
6.407321986399268532e+00 1.199036729997074382e-36
6.419932156901411169e+00 7.192936036026315631e-37
6.432542327403553806e+00 4.308130054863998746e-37
6.445152497905696443e+00 2.576204268479891816e-37
6.457762668407842632e+00 1.538086129629461158e-37
6.470372838909985269e+00 9.168322333874718775e-38
6.482983009412127906e+00 5.456421811260043698e-38
6.495593179914270543e+00 3.242162897384347148e-38
6.508203350416413180e+00 1.923404141273910777e-38
6.520813520918555817e+00 1.139239592600077994e-38
6.533423691420702006e+00 6.737028558980387005e-39
6.546033861922844643e+00 3.977685940785045979e-39
6.558644032424987280e+00 2.344776018021510569e-39
6.571254202927129917e+00 1.380006068392952629e-39
6.583864373429272554e+00 8.109038758500492071e-40
6.596474543931415191e+00 4.757365205514396129e-40
6.609084714433561381e+00 2.786585234198323519e-40
6.621694884935704017e+00 1.629622016293695472e-40
6.634305055437846654e+00 9.515029431138838847e-41
6.646915225939989291e+00 5.546794518980329456e-41
6.659525396442131928e+00 3.228365498224883233e-41
6.672135566944274565e+00 1.875996325461227196e-41
6.684745737446420755e+00 1.088403487429185550e-41
6.697355907948563392e+00 6.304585081471314759e-42
6.709966078450706028e+00 3.646126467161357396e-42
6.722576248952848665e+00 2.105307649280296718e-42
6.735186419454991302e+00 1.213690687108648424e-42
6.747796589957133939e+00 6.985686162730013414e-43
6.760406760459280129e+00 4.014382134563334531e-43
6.773016930961422766e+00 2.303227992973720067e-43
6.785627101463565403e+00 1.319361227364761421e-43
6.798237271965708040e+00 7.545691776387892157e-44
6.810847442467850676e+00 4.308667216567557156e-44
6.823457612969993313e+00 2.456379021016715266e-44
6.836067783472139503e+00 1.398158260218762116e-44
6.848677953974282140e+00 7.945583603856929479e-45
6.861288124476424777e+00 4.508206241515343340e-45
6.873898294978567414e+00 2.553819774386268443e-45
6.886508465480710051e+00 1.444392417859277411e-45
6.899118635982852688e+00 8.156214328766573034e-46
6.911728806484998877e+00 4.598334119709162651e-46
6.924338976987141514e+00 2.588337320067424021e-46
6.936949147489284151e+00 1.454620385172616853e-46
6.949559317991426788e+00 8.161817879032731225e-47
6.962169488493569425e+00 4.572277250208674640e-47
6.974779658995712062e+00 2.557329154241164477e-47
6.987389829497858251e+00 1.428068728293369105e-47
7.000000000000000888e+00 7.961959892816507329e-48
