1.000000000000000000e+00
9.970554375936606650e-01
9.895051325247841145e-01
9.797492919372825515e-01
9.762738085383432241e-01
9.586474348918058164e-01
9.449439145310744026e-01
9.358332331402863247e-01
9.174008126977912791e-01
9.029483111567838671e-01
8.652635016028925596e-01
8.257716385677089654e-01
7.717371040417342343e-01
5.968850922207773468e-01
2.741556896190380233e-01
-5.516448076190478417e-02
-2.740274172855738377e-01
-4.388182073999152277e-01
-5.586193694513965635e-01
-6.412072734719951317e-01
-6.851645319795511835e-01
-7.055997125802045966e-01
-7.215477759028773308e-01
-7.187219891500079560e-01
-7.172901430176996662e-01
-7.018432858647930539e-01
-5.574619139539196411e-01
-3.868675075160393217e-01
-1.557554749069742783e-01
4.843164767813820659e-02
2.518890702659514202e-01
4.093719348161780069e-01
5.311184285304110242e-01
6.053011356217287142e-01
6.730903148754463494e-01
7.172162464536312454e-01
7.338696293799586989e-01
7.553011255312919170e-01
7.624689618944038294e-01
6.884587807524088499e-01
5.927753133130650998e-01
4.365207842566091734e-01
2.834918954172359618e-01
1.142223935097712584e-01
-4.749709361546249065e-02
-1.987559890456893907e-01
-3.106048662356734602e-01
-4.028228954288324282e-01
-4.530901229774248473e-01
-4.915444808073072824e-01
-5.303054094874288804e-01
-5.440466020733398800e-01
-5.228107335852520965e-01
-4.756524176933498160e-01
-4.246918020151444484e-01
-3.480660984213949649e-01
-1.975910013736841275e-01
-7.092593412049344459e-02
7.887157708736566852e-02
2.026195663830664129e-01
2.805570746373631241e-01
3.953894021909796219e-01
4.708773689748457780e-01
5.174539374608944087e-01
5.636818146223683268e-01
5.697555592897561860e-01
5.678593391441576488e-01
5.193440273254285033e-01
4.592614490680231865e-01
3.657730292334732680e-01
2.539928119017371699e-01
1.010807819215035208e-01
-1.580003293553428273e-03
-7.761151925555145881e-02
-1.771760292638650258e-01
-2.758655520580057807e-01
-3.365690100231281123e-01
-3.552637037009188647e-01
-3.894240334515456925e-01
-3.599301242664424971e-01
-3.569859391487358313e-01
-3.299525291627166679e-01
-2.946804022688684355e-01
-1.817179910161175194e-01
-3.504093292129269871e-02
6.332731987661806283e-02
1.498348984928995486e-01
2.200070856982378198e-01
2.859821927923307805e-01
3.177383150352232621e-01
3.433142591155608492e-01
3.758003032929895793e-01
3.406516056334542575e-01
3.359314546904255683e-01
3.129496364990165813e-01
2.902562216304488407e-01
2.287186844886212600e-01
1.613159436024544091e-01
1.092528455262638393e-01
3.432490458902043989e-02
-7.171927554703090568e-02
-1.047175984798134063e-01
-1.532383623658328531e-01
-1.689140812376678236e-01
-1.951469507131144976e-01
-2.068712188526379003e-01
-2.126929474175432155e-01
-2.220711976387148290e-01
-1.861828846506770330e-01
-1.567250371503010331e-01
-1.032409681708732485e-01
-4.884142525290925685e-02
4.998976608883284184e-02
1.333131714357984610e-01
1.624355498138473353e-01
2.109620662258679114e-01
2.523494999517271187e-01
2.866010854418753473e-01
2.968540630436425909e-01
2.858107252634822237e-01
2.990169031623201024e-01
2.740586237982992057e-01
2.422123341162514820e-01
1.964267974220421098e-01
1.590177620366528544e-01
1.035814935842463841e-01
1.252717746121387310e-02
-4.860120969001739677e-02
-8.426477716141050900e-02
-1.174637075580732964e-01
-1.608581474051980764e-01
-2.028979366592854328e-01
-2.356130560786738604e-01
-2.357915932250202184e-01
-2.561573251179128374e-01
-2.336353586076523325e-01
-2.024342864118894025e-01
-1.599174128117208660e-01
-1.244496072180142909e-01
-5.829941683510257017e-02
2.058412681058437166e-02
1.071042708799442716e-01
1.767261452389479459e-01
2.159165853506060384e-01
2.875022402133345367e-01
3.143586295502536765e-01
3.580822817498899857e-01
3.784588836949346335e-01
3.947543464735234209e-01
3.991066137417976223e-01
3.652258784611946973e-01
3.133705954422353890e-01
2.723648976717107373e-01
1.768250504577215942e-01
9.237941083870437886e-02
-4.532689900391208976e-02
-9.614760044598723299e-02
-1.878445799152179130e-01
-2.224353967704003066e-01
-2.668249143072479179e-01
-3.011486635488268560e-01
-3.283748923592657021e-01
-3.668252601409850433e-01
-3.465990828395804080e-01
-3.101716973967432178e-01
-2.824324675339259239e-01
-2.409209804883471473e-01
-2.019681270330180023e-01
-1.014427311177145963e-01
2.755499304146863393e-02
1.264262958989964825e-01
2.076638198238324462e-01
2.715338373549830986e-01
3.237524420071119513e-01
3.542701988134885349e-01
3.829937381989932388e-01
4.144403149609470205e-01
4.409218613838540302e-01
4.338240026063833188e-01
4.347950355434112568e-01
3.900228572484742973e-01
3.335250388126977938e-01
2.550863485005933629e-01
1.440751365558131103e-01
8.519695575395863640e-02
-2.224003354734034599e-02
-7.182634342516588943e-02
-1.596681362748879618e-01
-2.139938041543352765e-01
-2.828326564207669924e-01
-3.115565629757787725e-01
-3.551231302444314841e-01
-3.706264402227518184e-01
-3.453032408220622074e-01
-3.178238153840056146e-01
-2.729698888190388306e-01
-2.503356347358247080e-01
-1.772003491229357519e-01
-9.883339250851300162e-02
-1.866191295945429304e-02
5.152939492192536164e-02
1.192279921108463231e-01
2.136893226544018809e-01
2.687175772841202126e-01
3.500894254878217371e-01
4.181962477124424038e-01
4.180199185393476125e-01
4.231474437272435551e-01
3.949267872579361183e-01
3.987641515148544480e-01
3.952441485108842967e-01
3.591353071971786770e-01
2.979149672516952507e-01
2.430115662685470856e-01
1.352387044611287337e-01
5.220180986591096278e-02
-3.554516096149226700e-02
-9.437288636063084768e-02
-1.567908698496971176e-01
-2.261906667153550377e-01
-2.600619775589864680e-01
-3.076240041668963920e-01
-2.995422978028500216e-01
-2.892467013171222123e-01
-2.764345875353398374e-01
-2.516505000492880173e-01
-2.180038553311142713e-01
-1.523354193310783311e-01
-9.135214587793306917e-02
-4.742830421172707783e-03
5.418679471190063907e-02
1.437632697275842975e-01
2.335917347133993904e-01
2.969825487430617916e-01
3.365706624471079822e-01
3.575423794389772092e-01
4.014814717456299253e-01
4.232138566861011753e-01
4.069521673082329705e-01
4.012365615037435940e-01
3.817634882234313132e-01
3.259973378577224468e-01
2.182880602502988154e-01
1.832555673699550192e-01
1.214099975610055948e-01
7.706855603646128872e-02
-1.258630065470593175e-02
-6.699542031003363762e-02
-1.060170376414330540e-01
-1.723266939530239683e-01
