0.000000000000000000e+00
5.924907089758493089e-02
5.982462718314842526e-02
5.903234125184802367e-02
5.849355511834278265e-02
5.968525285484551496e-02
5.983094884692952836e-02
5.897839760903440115e-02
5.793947509478936109e-02
6.000441520056415401e-02
5.957093494753114976e-02
5.944092539529945846e-02
6.392659529412222930e-02
5.672027819724052150e-02
5.033018496983458073e-02
-5.413695191943371232e-02
-6.221002425727196333e-02
-5.998604776135069150e-02
-6.598710591251456814e-02
-6.497783985357737102e-02
-6.166744913491040841e-02
-6.113269204903552106e-02
-6.264435916134937499e-02
-6.353120564090417033e-02
-5.975495482240258949e-02
-6.258900353504383285e-02
-5.762838295857358045e-02
-6.083150324336020209e-02
-4.334012110030240755e-02
3.736925190353021509e-02
5.042552639562041666e-02
4.913552151881292462e-02
5.344173971930138434e-02
6.117731670796350274e-02
6.037461310889628147e-02
5.714967753096108355e-02
5.611600747603536637e-02
5.470302224142521014e-02
5.198254894284736610e-02
5.643123430089675568e-02
4.427059127248408887e-02
3.969638936146547420e-02
4.599295274335699762e-02
4.117798818366934926e-02
-4.171312176025468443e-02
-4.957943435806105859e-02
-4.721932453009469038e-02
-4.531541776938358829e-02
-4.635257702806747093e-02
-4.544546995284692859e-02
-4.524674329146067403e-02
-4.138591840989876841e-02
-4.064594433947455593e-02
-3.818609836769392557e-02
-4.479936637365287272e-02
-4.367248616444593945e-02
-5.162215399910172198e-02
-4.705260214039855976e-02
5.000159034594629098e-02
5.569486951789895390e-02
5.482833727825465325e-02
5.352068074446562213e-02
5.422109304974685046e-02
5.130304192754436138e-02
5.967814429378737184e-02
6.198792523688010508e-02
6.173002704705065485e-02
5.353909213046012527e-02
6.822536791354881502e-02
6.085285948900989034e-02
6.134726665435299292e-02
5.002621201864745210e-02
-4.933207212344965092e-02
-4.645011910946091754e-02
-5.025046294787660628e-02
-5.138800641340823816e-02
-5.262322828661492036e-02
-3.889585708757014454e-02
-4.327123161257560163e-02
-3.722487338196079493e-02
-3.739556920729703027e-02
-3.922146233558909678e-02
-4.079586807088667749e-02
-3.799729091529528702e-02
-4.967645854526151622e-02
6.019902368872947357e-02
5.848284749986974035e-02
5.445096644985697454e-02
6.047487393902269831e-02
6.164280655147522797e-02
7.194166683168881637e-02
7.080075004005924322e-02
7.203767099012971242e-02
7.400503124333863980e-02
6.883315195414806131e-02
5.915811123664458521e-02
5.095989220149343274e-02
4.301968703535401922e-02
4.789222802529033429e-02
4.503225657314155472e-02
-4.458193766521368478e-02
-4.843459409694259726e-02
-4.821750527737234809e-02
-4.877019031493423640e-02
-4.005049228904811881e-02
-3.765522179184441209e-02
-3.133155916947077263e-02
-3.454770044118728872e-02
-4.366874795439953938e-02
-3.832315111353106624e-02
-3.080396422575959817e-02
-3.167580059701586431e-02
2.616726609007608353e-02
3.930561451340790907e-02
4.659803096998524352e-02
4.583740354048657095e-02
4.712498297994325430e-02
5.012033347776124331e-02
5.307833182061693494e-02
6.058066983169543840e-02
6.331018736844865047e-02
6.323153181609618423e-02
7.087400785480822696e-02
6.488905805513192626e-02
6.070575699352324245e-02
5.507626768682379742e-02
5.833845651640984231e-02
-5.546134996409459589e-02
-5.183187326372131615e-02
-5.282559804990383939e-02
-5.174279128080955248e-02
-4.861995760057336025e-02
-5.446627552798868899e-02
-4.541248030841977396e-02
-4.264549508217091445e-02
-4.302953958905116755e-02
-4.250758183735218326e-02
-3.089098148641751876e-02
-3.059150617752953716e-02
-4.909183907328473762e-02
4.680009808723543246e-02
5.837944575372686074e-02
5.577606744107149045e-02
5.908018809599382970e-02
6.450230471215832873e-02
5.730770626244719584e-02
5.708780381145341781e-02
5.748697552538426653e-02
5.118206881145784259e-02
6.006203238161265251e-02
6.509198066749423417e-02
6.005879323129662689e-02
5.655853915755280209e-02
5.577336310053498253e-02
5.340344385553955076e-02
-4.453926296420090275e-02
-4.188928961225562436e-02
-4.736129445427288837e-02
-5.369795054677540397e-02
-5.107370402773724755e-02
-5.874117040984205146e-02
-5.802508538256254816e-02
-5.299132565697567410e-02
-5.462978953979017588e-02
-4.688266002225163070e-02
-3.960383733281849089e-02
-4.357138391820993689e-02
-5.151840694592468156e-02
-4.419471546485214536e-02
5.473450707749369371e-02
6.538858747868446508e-02
5.532174022788904910e-02
5.510059882798101771e-02
5.266043974505821984e-02
4.735897797302319329e-02
4.376988808350978921e-02
5.460994348923538938e-02
5.158269809250385501e-02
4.603666667566880949e-02
4.341018050069091888e-02
3.911144812177255736e-02
3.742013517513335247e-02
2.797000289714766594e-02
3.552803590962875374e-02
4.337046905787599743e-02
-4.935673705082505719e-02
-4.869753862573972247e-02
-5.361499306167053641e-02
-5.084780765635119743e-02
-5.848885711288397821e-02
-5.213489699835180402e-02
-5.277281529782646557e-02
-4.059928377940809352e-02
-4.150458737811060783e-02
-4.178481343293991707e-02
-4.915563169787370151e-02
-5.542066595852371269e-02
-4.983472638576521424e-02
-3.997890201902322416e-02
-4.790907263161637425e-02
4.433850395927771415e-02
4.681594619553351017e-02
5.679281561669962536e-02
5.343154438663438172e-02
5.262458445426800718e-02
5.204021955307600728e-02
5.377186811255313392e-02
5.584235082108538611e-02
4.909513111913010874e-02
3.444457204171406939e-02
3.578741024748349764e-02
3.666207793327698472e-02
3.459220398779586092e-02
3.009179344643201845e-02
4.277070021356332852e-02
4.717518851635568028e-02
-4.398434326870632322e-02
-6.029956217004484725e-02
-4.089162476752115222e-02
-3.653475713043807110e-02
-3.673190641506453996e-02
-4.128356165378150450e-02
-4.047651275338156468e-02
-3.608280957540087319e-02
-4.289136840476637930e-02
-4.504856952779712903e-02
-4.908055079175461383e-02
-5.264626013329681831e-02
-4.296481603107151631e-02
-4.636352332555752215e-02
3.999643862649443493e-02
4.509979680366301563e-02
4.522514996635041556e-02
4.838471675666557864e-02
5.269480880821475477e-02
5.265305109405053058e-02
4.786521805646152400e-02
4.472268821468569633e-02
4.782705527440741372e-02
4.534853942398289761e-02
4.578882375958948786e-02
4.579467451238880549e-02
4.023069972451070314e-02
4.457309048349229058e-02
4.433864996806099329e-02
3.329663655120720933e-02
-3.915070046020074912e-02
-3.518831587470083733e-02
-3.819582750257951437e-02
-4.729135885533457956e-02
