1.000000000000000000e+00
1.000000000000000000e+00
1.000000000000000000e+00
9.532272955459347719e-01
8.932267969009999309e-01
8.640269517163715607e-01
8.507830311429562808e-01
8.331725016704335518e-01
8.218707760614073488e-01
8.255956495126630657e-01
8.136234458208380094e-01
8.195725420550614704e-01
8.190667282942044602e-01
8.154041891708350143e-01
8.083748792227474222e-01
7.953168980390632470e-01
7.916826307254007933e-01
7.916826307254007933e-01
7.893913684555050603e-01
7.880271563628852283e-01
7.834252850758796072e-01
7.803763101699002780e-01
7.789583031689943926e-01
7.767010803907167249e-01
7.730300934089318066e-01
7.730300934089318066e-01
7.738356235411294470e-01
7.737076400942820564e-01
7.737076400942820564e-01
7.738356235411294470e-01
7.779570789305191303e-01
7.779570789305191303e-01
7.779570789305191303e-01
7.759528384929998968e-01
7.730269956532306308e-01
7.730269956532306308e-01
7.713118167190683439e-01
7.721391641378114734e-01
7.741434045753309290e-01
7.753191814825650674e-01
7.753191814825650674e-01
7.753191814825650674e-01
7.753191814825650674e-01
7.741434045753309290e-01
7.741434045753309290e-01
7.741434045753309290e-01
7.741434045753309290e-01
7.741434045753309290e-01
7.740753437086136390e-01
7.740753437086136390e-01
7.740753437086136390e-01
7.739836792563883350e-01
7.739836792563883350e-01
7.739836792563883350e-01
7.739836792563883350e-01
7.739836792563883350e-01
7.739836792563883350e-01
7.739836792563883350e-01
7.739836792563883350e-01
7.739836792563883350e-01
7.739836792563883350e-01
7.739836792563883350e-01
7.739836792563883350e-01
7.739836792563883350e-01
7.739836792563883350e-01
7.739836792563883350e-01
7.739836792563883350e-01
7.739836792563883350e-01
7.739836792563883350e-01
7.739836792563883350e-01
7.739836792563883350e-01
7.739836792563883350e-01
7.739836792563883350e-01
7.739836792563883350e-01
7.739836792563883350e-01
7.739836792563883350e-01
7.739836792563883350e-01
7.739836792563883350e-01
7.739836792563883350e-01
7.739836792563883350e-01
7.739836792563883350e-01
7.739836792563883350e-01
7.739836792563883350e-01
7.739836792563883350e-01
7.739836792563883350e-01
7.739836792563883350e-01
7.739836792563883350e-01
7.739836792563883350e-01
7.739836792563883350e-01
7.739836792563883350e-01
7.739836792563883350e-01
7.739836792563883350e-01
7.739836792563883350e-01
7.739836792563883350e-01
7.739836792563883350e-01
7.739836792563883350e-01
7.739836792563883350e-01
7.739836792563883350e-01
7.739836792563883350e-01
7.739836792563883350e-01
7.739836792563883350e-01
7.739836792563883350e-01
7.739836792563883350e-01
7.739836792563883350e-01
7.739836792563883350e-01
7.739836792563883350e-01
7.739836792563883350e-01
7.739836792563883350e-01
7.739836792563883350e-01
7.739836792563883350e-01
7.739836792563883350e-01
7.739836792563883350e-01
7.739836792563883350e-01
7.739836792563883350e-01
7.739836792563883350e-01
7.739836792563883350e-01
7.739836792563883350e-01
7.739836792563883350e-01
7.739836792563883350e-01
7.739836792563883350e-01
7.739836792563883350e-01
7.739836792563883350e-01
7.739836792563883350e-01
7.739836792563883350e-01
7.739836792563883350e-01
7.739836792563883350e-01
7.739836792563883350e-01
7.739836792563883350e-01
7.739836792563883350e-01
7.739836792563883350e-01
7.739836792563883350e-01
7.739836792563883350e-01
7.739836792563883350e-01
7.739836792563883350e-01
7.739836792563883350e-01
7.739836792563883350e-01
7.739836792563883350e-01
7.739836792563883350e-01
7.739836792563883350e-01
7.739836792563883350e-01
7.739836792563883350e-01
7.739836792563883350e-01
7.739836792563883350e-01
7.739836792563883350e-01
7.739836792563883350e-01
7.739836792563883350e-01
7.739836792563883350e-01
7.739836792563883350e-01
7.739836792563883350e-01
7.739836792563883350e-01
7.739836792563883350e-01
7.739836792563883350e-01
7.739836792563883350e-01
7.739836792563883350e-01
7.739836792563883350e-01
7.739836792563883350e-01
7.739836792563883350e-01
7.739836792563883350e-01
7.739836792563883350e-01
7.739836792563883350e-01
7.739836792563883350e-01
7.739836792563883350e-01
7.739836792563883350e-01
7.739836792563883350e-01
7.739836792563883350e-01
7.739836792563883350e-01
7.739836792563883350e-01
7.739836792563883350e-01
7.739836792563883350e-01
7.739836792563883350e-01
7.739836792563883350e-01
7.739836792563883350e-01
7.739836792563883350e-01
7.739836792563883350e-01
7.739836792563883350e-01
7.739836792563883350e-01
7.739836792563883350e-01
7.739836792563883350e-01
7.739836792563883350e-01
7.739836792563883350e-01
7.739836792563883350e-01
7.739836792563883350e-01
7.739836792563883350e-01
7.739836792563883350e-01
7.739836792563883350e-01
7.739836792563883350e-01
7.739836792563883350e-01
7.739836792563883350e-01
7.739836792563883350e-01
7.739836792563883350e-01
7.739836792563883350e-01
7.739836792563883350e-01
7.739836792563883350e-01
7.739836792563883350e-01
7.739836792563883350e-01
7.739836792563883350e-01
7.739836792563883350e-01
7.739836792563883350e-01
7.739836792563883350e-01
7.739836792563883350e-01
7.739836792563883350e-01
7.739836792563883350e-01
7.739836792563883350e-01
7.739836792563883350e-01
7.739836792563883350e-01
7.739836792563883350e-01
7.739836792563883350e-01
7.739836792563883350e-01
7.739836792563883350e-01
7.739836792563883350e-01
7.739836792563883350e-01
7.739836792563883350e-01
7.739836792563883350e-01
7.739836792563883350e-01
7.739836792563883350e-01
7.739836792563883350e-01
7.739836792563883350e-01
7.739836792563883350e-01
7.739836792563883350e-01
7.739836792563883350e-01
7.739836792563883350e-01
7.739836792563883350e-01
7.739836792563883350e-01
7.739836792563883350e-01
7.739836792563883350e-01
7.739836792563883350e-01
7.739836792563883350e-01
7.739836792563883350e-01
7.739836792563883350e-01
7.739836792563883350e-01
7.739836792563883350e-01
7.739836792563883350e-01
7.739836792563883350e-01
7.739836792563883350e-01
7.739836792563883350e-01
7.739836792563883350e-01
7.739836792563883350e-01
7.739836792563883350e-01
7.739836792563883350e-01
7.739836792563883350e-01
7.739836792563883350e-01
7.739836792563883350e-01
7.739836792563883350e-01
7.739836792563883350e-01
7.739836792563883350e-01
7.739836792563883350e-01
7.739836792563883350e-01
7.739836792563883350e-01
7.739836792563883350e-01
7.739836792563883350e-01
