1.000000000000000000e+00
9.370292846151325739e-01
7.923419977877788067e-01
5.907668831933053921e-01
3.760174116098075059e-01
1.945514447794561286e-01
1.011383520721566009e-01
8.539167052183233714e-03
-1.637165993321549468e-02
-3.513218562221507441e-02
-3.513218562221507441e-02
-3.513218562221507441e-02
-3.513218562221507441e-02
-3.513218562221507441e-02
-3.513218562221507441e-02
-3.513218562221507441e-02
-3.513218562221507441e-02
-3.513218562221507441e-02
-3.513218562221507441e-02
-3.513218562221507441e-02
-3.513218562221507441e-02
-3.513218562221507441e-02
-3.513218562221507441e-02
-3.513218562221507441e-02
-3.513218562221507441e-02
-3.513218562221507441e-02
-3.513218562221507441e-02
-3.513218562221507441e-02
-3.513218562221507441e-02
-3.513218562221507441e-02
-3.513218562221507441e-02
-3.513218562221507441e-02
-3.513218562221507441e-02
-3.513218562221507441e-02
-3.513218562221507441e-02
-3.513218562221507441e-02
-3.513218562221507441e-02
-3.513218562221507441e-02
-3.513218562221507441e-02
-3.513218562221507441e-02
-3.513218562221507441e-02
-3.513218562221507441e-02
-3.513218562221507441e-02
-3.513218562221507441e-02
-3.513218562221507441e-02
-3.513218562221507441e-02
-3.513218562221507441e-02
-3.513218562221507441e-02
-3.513218562221507441e-02
-3.513218562221507441e-02
-3.513218562221507441e-02
-3.513218562221507441e-02
-3.513218562221507441e-02
-3.513218562221507441e-02
-3.513218562221507441e-02
-3.513218562221507441e-02
-3.513218562221507441e-02
-3.513218562221507441e-02
-3.513218562221507441e-02
-3.513218562221507441e-02
-3.513218562221507441e-02
-3.513218562221507441e-02
-3.513218562221507441e-02
-3.513218562221507441e-02
-3.513218562221507441e-02
-3.513218562221507441e-02
-3.513218562221507441e-02
-3.513218562221507441e-02
-3.513218562221507441e-02
-3.513218562221507441e-02
-3.513218562221507441e-02
-3.513218562221507441e-02
-3.513218562221507441e-02
-3.513218562221507441e-02
-3.513218562221507441e-02
-3.513218562221507441e-02
-3.513218562221507441e-02
-3.513218562221507441e-02
-3.513218562221507441e-02
-3.513218562221507441e-02
-3.513218562221507441e-02
-3.513218562221507441e-02
-3.513218562221507441e-02
-3.513218562221507441e-02
-3.513218562221507441e-02
-3.513218562221507441e-02
-3.513218562221507441e-02
-3.513218562221507441e-02
-3.513218562221507441e-02
-3.513218562221507441e-02
-3.513218562221507441e-02
-3.513218562221507441e-02
-3.513218562221507441e-02
-3.513218562221507441e-02
-3.513218562221507441e-02
-3.513218562221507441e-02
-3.513218562221507441e-02
-3.513218562221507441e-02
-3.513218562221507441e-02
-3.513218562221507441e-02
-3.513218562221507441e-02
-3.513218562221507441e-02
-3.513218562221507441e-02
-3.513218562221507441e-02
-3.513218562221507441e-02
-3.513218562221507441e-02
-3.513218562221507441e-02
-3.513218562221507441e-02
-3.513218562221507441e-02
-3.513218562221507441e-02
-3.513218562221507441e-02
-3.513218562221507441e-02
-3.513218562221507441e-02
-3.513218562221507441e-02
-3.513218562221507441e-02
-3.513218562221507441e-02
-3.513218562221507441e-02
-3.513218562221507441e-02
-3.513218562221507441e-02
-3.513218562221507441e-02
-3.513218562221507441e-02
-3.513218562221507441e-02
-3.513218562221507441e-02
-3.513218562221507441e-02
-3.513218562221507441e-02
-3.513218562221507441e-02
-3.513218562221507441e-02
-3.513218562221507441e-02
-3.513218562221507441e-02
-3.513218562221507441e-02
-3.513218562221507441e-02
-3.513218562221507441e-02
-3.513218562221507441e-02
-3.513218562221507441e-02
-3.513218562221507441e-02
-3.513218562221507441e-02
-3.513218562221507441e-02
-3.513218562221507441e-02
-3.513218562221507441e-02
-3.513218562221507441e-02
-3.513218562221507441e-02
-3.513218562221507441e-02
-3.513218562221507441e-02
-3.513218562221507441e-02
-3.513218562221507441e-02
-3.513218562221507441e-02
-3.513218562221507441e-02
-3.513218562221507441e-02
-3.513218562221507441e-02
-3.513218562221507441e-02
-3.513218562221507441e-02
-3.513218562221507441e-02
-3.513218562221507441e-02
-3.513218562221507441e-02
-3.513218562221507441e-02
-3.513218562221507441e-02
-3.513218562221507441e-02
-3.513218562221507441e-02
-3.513218562221507441e-02
-3.513218562221507441e-02
-3.513218562221507441e-02
-3.513218562221507441e-02
-3.513218562221507441e-02
-3.513218562221507441e-02
-3.513218562221507441e-02
-3.513218562221507441e-02
-3.513218562221507441e-02
-3.513218562221507441e-02
-3.513218562221507441e-02
-3.513218562221507441e-02
-3.513218562221507441e-02
-3.513218562221507441e-02
-3.513218562221507441e-02
-3.513218562221507441e-02
-3.513218562221507441e-02
-3.513218562221507441e-02
-3.513218562221507441e-02
-3.513218562221507441e-02
-3.513218562221507441e-02
-3.513218562221507441e-02
-3.513218562221507441e-02
-3.513218562221507441e-02
-3.513218562221507441e-02
-3.513218562221507441e-02
-3.513218562221507441e-02
-3.513218562221507441e-02
-3.513218562221507441e-02
-3.513218562221507441e-02
-3.513218562221507441e-02
-3.513218562221507441e-02
-3.513218562221507441e-02
-3.513218562221507441e-02
-3.513218562221507441e-02
-3.513218562221507441e-02
-3.513218562221507441e-02
-3.513218562221507441e-02
-3.513218562221507441e-02
-3.513218562221507441e-02
-3.513218562221507441e-02
-3.513218562221507441e-02
-3.513218562221507441e-02
-3.513218562221507441e-02
-3.513218562221507441e-02
-3.513218562221507441e-02
-3.513218562221507441e-02
-3.513218562221507441e-02
-3.513218562221507441e-02
-3.513218562221507441e-02
-3.513218562221507441e-02
-3.513218562221507441e-02
-3.513218562221507441e-02
-3.513218562221507441e-02
-3.513218562221507441e-02
-3.513218562221507441e-02
-3.513218562221507441e-02
-3.513218562221507441e-02
-3.513218562221507441e-02
-3.513218562221507441e-02
-3.513218562221507441e-02
-3.513218562221507441e-02
-3.513218562221507441e-02
-3.513218562221507441e-02
-3.513218562221507441e-02
-3.513218562221507441e-02
-3.513218562221507441e-02
-3.513218562221507441e-02
-3.513218562221507441e-02
-3.513218562221507441e-02
-3.513218562221507441e-02
-3.513218562221507441e-02
-3.513218562221507441e-02
-3.513218562221507441e-02
-3.513218562221507441e-02
-3.513218562221507441e-02
-3.513218562221507441e-02
-3.513218562221507441e-02
-3.513218562221507441e-02
-3.513218562221507441e-02
-3.513218562221507441e-02
-3.513218562221507441e-02
-3.513218562221507441e-02
-3.513218562221507441e-02
-3.513218562221507441e-02
-3.513218562221507441e-02
-3.513218562221507441e-02
-3.513218562221507441e-02
-3.513218562221507441e-02
-3.513218562221507441e-02
-3.513218562221507441e-02
-3.513218562221507441e-02
