0.000000000000000000e+00
4.940217957030574453e-02
4.940217957030574453e-02
4.473336160479805118e-02
4.564031292824718283e-02
5.068652874821927279e-02
5.816112606352561581e-02
6.398410573629915998e-02
6.648969285476166724e-02
6.702718916335988208e-02
6.874498481313062737e-02
6.641222651725565973e-02
7.318687721869811258e-02
7.450383022654109844e-02
7.468774917309507766e-02
7.277958306369138042e-02
7.475301972207111512e-02
7.294470997450909489e-02
7.282280428311720122e-02
7.225528271809855685e-02
7.176979199202244974e-02
7.150324947322315994e-02
6.798593225385653194e-02
6.826688649750368987e-02
6.878864527438906251e-02
6.916775167782789058e-02
6.947309288916451997e-02
6.980874525475901093e-02
7.049712221470046114e-02
7.064501455854411971e-02
7.036780725968583283e-02
6.964207345364148427e-02
6.998791534550495574e-02
6.980377863379620684e-02
6.973631698407879720e-02
7.015233301276152522e-02
7.011957454618948649e-02
7.033990699152384285e-02
7.029489754323468842e-02
-7.049130733363138945e-02
-7.030673274678093942e-02
-7.040998736038310557e-02
-7.032832792465686100e-02
-7.029479263621028762e-02
-7.069306844824517488e-02
-7.101013089671333323e-02
-7.097396643765606361e-02
-7.119138972930104392e-02
-7.089142257464982333e-02
-7.102583375564196222e-02
-7.103564467315347242e-02
-7.120359024720551711e-02
-7.117412822818040830e-02
-7.090174091687508062e-02
-7.086400878839636819e-02
-7.086400878839636819e-02
-7.086400878839636819e-02
-7.086400878839636819e-02
-7.095240236176690585e-02
-7.095240236176690585e-02
-7.057925348690867462e-02
-7.057925348690867462e-02
-7.055653149778796929e-02
-7.055653149778796929e-02
-7.055653149778796929e-02
-7.069102738465633806e-02
-7.075024746797657638e-02
-7.066591965106079620e-02
-7.067201591290421525e-02
-7.067201591290421525e-02
-7.067201591290421525e-02
-7.067201591290421525e-02
-7.067201591290421525e-02
-7.067201591290421525e-02
-7.074346702817600752e-02
-7.074346702817600752e-02
-7.074346702817600752e-02
-7.083764673319156713e-02
-7.076657781897115196e-02
-7.075021231317003834e-02
-7.075021231317003834e-02
-7.075021231317003834e-02
-7.075021231317003834e-02
-7.073325424538354222e-02
-7.073325424538354222e-02
-7.073325424538354222e-02
-7.073325424538354222e-02
-7.073325424538354222e-02
-7.086264544924067432e-02
-7.086264544924067432e-02
-7.086740247703750273e-02
-7.086740247703750273e-02
-7.084963636669805442e-02
-7.084963636669805442e-02
-7.069623917687246906e-02
-7.069623917687246906e-02
-7.078649086625697640e-02
-7.076488628233182365e-02
-7.076488628233182365e-02
-7.081740444064675566e-02
-7.081740444064675566e-02
-7.081740444064675566e-02
-7.081740444064675566e-02
-7.081740444064675566e-02
-7.081740444064675566e-02
-7.081740444064675566e-02
-7.081740444064675566e-02
-7.068279293733148450e-02
-7.068279293733148450e-02
-7.068279293733148450e-02
-7.068279293733148450e-02
-7.068279293733148450e-02
-7.068279293733148450e-02
-7.068279293733148450e-02
-7.068732831855474574e-02
-7.068732831855474574e-02
-7.068732831855474574e-02
-7.068732831855474574e-02
-7.068732831855474574e-02
-7.056673663778330330e-02
-7.055482796520549937e-02
-7.062691364420968509e-02
-7.062691364420968509e-02
-7.062691364420968509e-02
-7.062691364420968509e-02
-7.062691364420968509e-02
-7.062691364420968509e-02
-7.062691364420968509e-02
-7.062691364420968509e-02
-7.060587210228781718e-02
-7.060587210228781718e-02
-7.060587210228781718e-02
-7.060587210228781718e-02
-7.060587210228781718e-02
-7.060587210228781718e-02
-7.060587210228781718e-02
-7.060587210228781718e-02
-7.060587210228781718e-02
-7.060587210228781718e-02
-7.060587210228781718e-02
-7.060587210228781718e-02
-7.068651309937137861e-02
-7.068651309937137861e-02
-7.068651309937137861e-02
-7.067200335636995845e-02
-7.067200335636995845e-02
-7.067200335636995845e-02
-7.067200335636995845e-02
-7.067200335636995845e-02
-7.070706781084602766e-02
-7.070706781084602766e-02
-7.070706781084602766e-02
-7.067015157598115216e-02
-7.066359993272017248e-02
-7.066359993272017248e-02
-7.066359993272017248e-02
-7.066359993272017248e-02
-7.066359993272017248e-02
-7.066359993272017248e-02
-7.066359993272017248e-02
-7.066359993272017248e-02
-7.057486863094765417e-02
-7.057486863094765417e-02
-7.057486863094765417e-02
-7.057486863094765417e-02
-7.057486863094765417e-02
-7.057486863094765417e-02
-7.057486863094765417e-02
-7.054157017673788610e-02
-7.054157017673788610e-02
-7.054157017673788610e-02
-7.054157017673788610e-02
-7.054157017673788610e-02
-7.054157017673788610e-02
-7.054157017673788610e-02
-7.054157017673788610e-02
-7.054157017673788610e-02
-7.054157017673788610e-02
-7.054157017673788610e-02
-7.054157017673788610e-02
-7.054157017673788610e-02
-7.054157017673788610e-02
-7.054157017673788610e-02
-7.054157017673788610e-02
-7.054157017673788610e-02
-7.054157017673788610e-02
-7.054157017673788610e-02
-7.054157017673788610e-02
-7.054423964930640889e-02
-7.054423964930640889e-02
-7.054423964930640889e-02
-7.046959844979118481e-02
-7.049688803965693806e-02
-7.049688803965693806e-02
-7.049688803965693806e-02
-7.049688803965693806e-02
-7.049688803965693806e-02
-7.049688803965693806e-02
-7.049688803965693806e-02
-7.049688803965693806e-02
-7.049688803965693806e-02
-7.049688803965693806e-02
-7.049688803965693806e-02
-7.049688803965693806e-02
-7.049688803965693806e-02
-7.049688803965693806e-02
-7.049688803965693806e-02
-7.049688803965693806e-02
-7.049688803965693806e-02
-7.049688803965693806e-02
-7.049688803965693806e-02
-7.049688803965693806e-02
-7.049688803965693806e-02
-7.049688803965693806e-02
-7.049688803965693806e-02
-7.049688803965693806e-02
-7.049688803965693806e-02
-7.049688803965693806e-02
-7.049688803965693806e-02
-7.049688803965693806e-02
-7.049688803965693806e-02
-7.049688803965693806e-02
-7.049688803965693806e-02
-7.049688803965693806e-02
-7.049688803965693806e-02
-7.049688803965693806e-02
-7.049688803965693806e-02
-7.049688803965693806e-02
-7.049688803965693806e-02
-7.049688803965693806e-02
-7.049688803965693806e-02
-7.049688803965693806e-02
-7.049688803965693806e-02
-7.049688803965693806e-02
-7.049688803965693806e-02
-7.049688803965693806e-02
-7.049688803965693806e-02
-7.049688803965693806e-02
-7.049688803965693806e-02
-7.049688803965693806e-02
-7.049688803965693806e-02
-7.049688803965693806e-02
-7.049688803965693806e-02
-7.049688803965693806e-02
-7.049688803965693806e-02
-7.051836328145114074e-02
-7.051836328145114074e-02
-7.051836328145114074e-02
-7.051836328145114074e-02
-7.051836328145114074e-02
