1.000000000000000000e+00
1.000000000000000000e+00
1.000000000000000000e+00
9.563751466368066723e-01
8.715745597242023912e-01
6.993312670342102244e-01
6.077251629243242137e-01
4.857107741177380533e-01
3.911182002476068509e-01
3.406710640161498826e-01
2.747243976091234829e-01
2.214635783155312065e-01
1.840078181663372670e-01
1.573319924724307650e-01
1.406919696576084400e-01
1.304463356823191145e-01
1.201078889274806577e-01
1.096401876583522339e-01
9.657999301133862735e-02
8.197652034774800811e-02
7.879705439088711960e-02
6.358353629863223999e-02
4.750223310516888536e-02
4.516340121573705901e-02
3.988775770937080106e-02
3.312390171177932718e-02
2.822782348822391874e-02
2.355167787704923535e-02
1.900577360853390393e-02
1.393562588923438761e-02
1.182516021438760612e-02
1.241732975729088230e-02
1.176460882747956509e-02
9.225819804943687780e-03
7.997106048029617095e-03
3.718137082850797234e-03
2.548609678161961340e-03
8.641601595889219318e-04
3.140807267473520238e-04
-1.828906504835150831e-03
-3.399668408674445634e-03
-4.942179663579076773e-03
-6.434480388970007479e-03
-6.922715267847013090e-03
-9.769748448181079029e-03
-1.117780122338825864e-02
-1.162803720974240826e-02
-1.251661145525925084e-02
-1.295054087860957222e-02
-1.379965382266767036e-02
-1.421729787015525021e-02
-1.544417034440911767e-02
-1.584431230064141036e-02
-1.623910446753040401e-02
-1.662405715913285037e-02
-1.662405715913285037e-02
-1.662405715913285037e-02
-1.662405715913285037e-02
-1.698089024840415337e-02
-1.698089024840415337e-02
-1.837466921230359804e-02
-1.837466921230359804e-02
-1.871139766570570698e-02
-1.871139766570570698e-02
-1.871139766570570698e-02
-1.903401829379940124e-02
-1.966977501845416226e-02
-1.998250465785946992e-02
-2.029059262594513219e-02
-2.029059262594513219e-02
-2.029059262594513219e-02
-2.029059262594513219e-02
-2.029059262594513219e-02
-2.029059262594513219e-02
-2.057323315506169592e-02
-2.057323315506169592e-02
-2.057323315506169592e-02
-2.111340583656835107e-02
-2.137962690856471878e-02
-2.164271190339606132e-02
-2.164271190339606132e-02
-2.164271190339606132e-02
-2.164271190339606132e-02
-2.189247369626505860e-02
-2.189247369626505860e-02
-2.189247369626505860e-02
-2.189247369626505860e-02
-2.189247369626505860e-02
-2.212845842905003871e-02
-2.212845842905003871e-02
-2.235844661966039648e-02
-2.235844661966039648e-02
-2.281068076989509544e-02
-2.281068076989509544e-02
-2.303206227427266259e-02
-2.303206227427266259e-02
-2.324794976586783135e-02
-2.346254892114106594e-02
-2.346254892114106594e-02
-2.367137607581680514e-02
-2.367137607581680514e-02
-2.367137607581680514e-02
-2.367137607581680514e-02
-2.367137607581680514e-02
-2.367137607581680514e-02
-2.367137607581680514e-02
-2.367137607581680514e-02
-2.386613187327042349e-02
-2.386613187327042349e-02
-2.386613187327042349e-02
-2.386613187327042349e-02
-2.386613187327042349e-02
-2.386613187327042349e-02
-2.386613187327042349e-02
-2.404841660449248339e-02
-2.404841660449248339e-02
-2.404841660449248339e-02
-2.404841660449248339e-02
-2.404841660449248339e-02
-2.422317453568366072e-02
-2.439652001534752673e-02
-2.456819290728365010e-02
-2.456819290728365010e-02
-2.456819290728365010e-02
-2.456819290728365010e-02
-2.456819290728365010e-02
-2.456819290728365010e-02
-2.456819290728365010e-02
-2.456819290728365010e-02
-2.488991673977213048e-02
-2.488991673977213048e-02
-2.488991673977213048e-02
-2.488991673977213048e-02
-2.488991673977213048e-02
-2.488991673977213048e-02
-2.488991673977213048e-02
-2.488991673977213048e-02
-2.488991673977213048e-02
-2.488991673977213048e-02
-2.488991673977213048e-02
-2.488991673977213048e-02
-2.503709848316065106e-02
-2.503709848316065106e-02
-2.503709848316065106e-02
-2.518115977876552586e-02
-2.518115977876552586e-02
-2.518115977876552586e-02
-2.518115977876552586e-02
-2.518115977876552586e-02
-2.532032107133529511e-02
-2.532032107133529511e-02
-2.532032107133529511e-02
-2.545671548482683275e-02
-2.559236610068960430e-02
-2.559236610068960430e-02
-2.559236610068960430e-02
-2.559236610068960430e-02
-2.559236610068960430e-02
-2.559236610068960430e-02
-2.559236610068960430e-02
-2.559236610068960430e-02
-2.572094237486628396e-02
-2.572094237486628396e-02
-2.572094237486628396e-02
-2.572094237486628396e-02
-2.572094237486628396e-02
-2.572094237486628396e-02
-2.572094237486628396e-02
-2.584439524456444079e-02
-2.584439524456444079e-02
-2.584439524456444079e-02
-2.584439524456444079e-02
-2.584439524456444079e-02
-2.584439524456444079e-02
-2.584439524456444079e-02
-2.584439524456444079e-02
-2.584439524456444079e-02
-2.584439524456444079e-02
-2.584439524456444079e-02
-2.584439524456444079e-02
-2.584439524456444079e-02
-2.584439524456444079e-02
-2.584439524456444079e-02
-2.584439524456444079e-02
-2.584439524456444079e-02
-2.584439524456444079e-02
-2.584439524456444079e-02
-2.584439524456444079e-02
-2.595466192692682042e-02
-2.595466192692682042e-02
-2.595466192692682042e-02
-2.606285501049561762e-02
-2.617058986679555999e-02
-2.617058986679555999e-02
-2.617058986679555999e-02
-2.617058986679555999e-02
-2.617058986679555999e-02
-2.617058986679555999e-02
-2.617058986679555999e-02
-2.617058986679555999e-02
-2.617058986679555999e-02
-2.617058986679555999e-02
-2.617058986679555999e-02
-2.617058986679555999e-02
-2.617058986679555999e-02
-2.617058986679555999e-02
-2.617058986679555999e-02
-2.617058986679555999e-02
-2.617058986679555999e-02
-2.617058986679555999e-02
-2.617058986679555999e-02
-2.617058986679555999e-02
-2.617058986679555999e-02
-2.617058986679555999e-02
-2.617058986679555999e-02
-2.617058986679555999e-02
-2.617058986679555999e-02
-2.617058986679555999e-02
-2.617058986679555999e-02
-2.617058986679555999e-02
-2.617058986679555999e-02
-2.617058986679555999e-02
-2.617058986679555999e-02
-2.617058986679555999e-02
-2.617058986679555999e-02
-2.617058986679555999e-02
-2.617058986679555999e-02
-2.617058986679555999e-02
-2.617058986679555999e-02
-2.617058986679555999e-02
-2.617058986679555999e-02
-2.617058986679555999e-02
-2.617058986679555999e-02
-2.617058986679555999e-02
-2.617058986679555999e-02
-2.617058986679555999e-02
-2.617058986679555999e-02
-2.617058986679555999e-02
-2.617058986679555999e-02
-2.617058986679555999e-02
-2.617058986679555999e-02
-2.617058986679555999e-02
-2.617058986679555999e-02
-2.617058986679555999e-02
-2.617058986679555999e-02
-2.625494559894829549e-02
-2.625494559894829549e-02
-2.625494559894829549e-02
-2.625494559894829549e-02
-2.625494559894829549e-02
