-1.899999999999999911e+00 0.000000000000000000e+00
-1.896386430678465906e+00 0.000000000000000000e+00
-1.892772861356932124e+00 0.000000000000000000e+00
-1.889159292035398119e+00 0.000000000000000000e+00
-1.885545722713864114e+00 0.000000000000000000e+00
-1.881932153392330331e+00 0.000000000000000000e+00
-1.878318584070796327e+00 0.000000000000000000e+00
-1.874705014749262544e+00 0.000000000000000000e+00
-1.871091445427728539e+00 0.000000000000000000e+00
-1.867477876106194534e+00 0.000000000000000000e+00
-1.863864306784660752e+00 0.000000000000000000e+00
-1.860250737463126747e+00 0.000000000000000000e+00
-1.856637168141592742e+00 0.000000000000000000e+00
-1.853023598820058959e+00 0.000000000000000000e+00
-1.849410029498524954e+00 0.000000000000000000e+00
-1.845796460176990950e+00 0.000000000000000000e+00
-1.842182890855457167e+00 0.000000000000000000e+00
-1.838569321533923162e+00 0.000000000000000000e+00
-1.834955752212389379e+00 0.000000000000000000e+00
-1.831342182890855375e+00 0.000000000000000000e+00
-1.827728613569321370e+00 0.000000000000000000e+00
-1.824115044247787587e+00 0.000000000000000000e+00
-1.820501474926253582e+00 0.000000000000000000e+00
-1.816887905604719577e+00 0.000000000000000000e+00
-1.813274336283185795e+00 0.000000000000000000e+00
-1.809660766961651790e+00 0.000000000000000000e+00
-1.806047197640118007e+00 0.000000000000000000e+00
-1.802433628318584002e+00 0.000000000000000000e+00
-1.798820058997049998e+00 0.000000000000000000e+00
-1.795206489675516215e+00 0.000000000000000000e+00
-1.791592920353982210e+00 0.000000000000000000e+00
-1.787979351032448205e+00 0.000000000000000000e+00
-1.784365781710914423e+00 0.000000000000000000e+00
-1.780752212389380418e+00 0.000000000000000000e+00
-1.777138643067846413e+00 0.000000000000000000e+00
-1.773525073746312630e+00 0.000000000000000000e+00
-1.769911504424778625e+00 0.000000000000000000e+00
-1.766297935103244843e+00 0.000000000000000000e+00
-1.762684365781710838e+00 0.000000000000000000e+00
-1.759070796460176833e+00 0.000000000000000000e+00
-1.755457227138643050e+00 0.000000000000000000e+00
-1.751843657817109046e+00 0.000000000000000000e+00
-1.748230088495575041e+00 0.000000000000000000e+00
-1.744616519174041258e+00 0.000000000000000000e+00
-1.741002949852507253e+00 0.000000000000000000e+00
-1.737389380530973249e+00 0.000000000000000000e+00
-1.733775811209439466e+00 0.000000000000000000e+00
-1.730162241887905461e+00 0.000000000000000000e+00
-1.726548672566371678e+00 0.000000000000000000e+00
-1.722935103244837673e+00 0.000000000000000000e+00
-1.719321533923303669e+00 0.000000000000000000e+00
-1.715707964601769886e+00 0.000000000000000000e+00
-1.712094395280235881e+00 0.000000000000000000e+00
-1.708480825958701876e+00 0.000000000000000000e+00
-1.704867256637168094e+00 0.000000000000000000e+00
-1.701253687315634089e+00 0.000000000000000000e+00
-1.697640117994100084e+00 0.000000000000000000e+00
-1.694026548672566301e+00 0.000000000000000000e+00
-1.690412979351032297e+00 0.000000000000000000e+00
-1.686799410029498514e+00 0.000000000000000000e+00
-1.683185840707964509e+00 0.000000000000000000e+00
-1.679572271386430504e+00 0.000000000000000000e+00
-1.675958702064896721e+00 0.000000000000000000e+00
-1.672345132743362717e+00 0.000000000000000000e+00
-1.668731563421828712e+00 0.000000000000000000e+00
-1.665117994100294929e+00 0.000000000000000000e+00
-1.661504424778760924e+00 0.000000000000000000e+00
-1.657890855457226920e+00 0.000000000000000000e+00
-1.654277286135693137e+00 0.000000000000000000e+00
-1.650663716814159132e+00 0.000000000000000000e+00
-1.647050147492625349e+00 0.000000000000000000e+00
-1.643436578171091345e+00 0.000000000000000000e+00
-1.639823008849557340e+00 0.000000000000000000e+00
-1.636209439528023557e+00 0.000000000000000000e+00
-1.632595870206489552e+00 0.000000000000000000e+00
-1.628982300884955770e+00 0.000000000000000000e+00
-1.625368731563421765e+00 0.000000000000000000e+00
-1.621755162241887760e+00 0.000000000000000000e+00
-1.618141592920353755e+00 0.000000000000000000e+00
-1.614528023598819972e+00 0.000000000000000000e+00
-1.610914454277285968e+00 0.000000000000000000e+00
-1.607300884955752185e+00 0.000000000000000000e+00
-1.603687315634218180e+00 0.000000000000000000e+00
-1.600073746312684175e+00 0.000000000000000000e+00
-1.596460176991150393e+00 0.000000000000000000e+00
-1.592846607669616388e+00 0.000000000000000000e+00
-1.589233038348082605e+00 0.000000000000000000e+00
-1.585619469026548600e+00 0.000000000000000000e+00
-1.582005899705014595e+00 0.000000000000000000e+00
-1.578392330383480591e+00 0.000000000000000000e+00
-1.574778761061946808e+00 0.000000000000000000e+00
-1.571165191740412803e+00 0.000000000000000000e+00
-1.567551622418879020e+00 0.000000000000000000e+00
-1.563938053097345016e+00 0.000000000000000000e+00
-1.560324483775811011e+00 0.000000000000000000e+00
-1.556710914454277228e+00 0.000000000000000000e+00
-1.553097345132743223e+00 0.000000000000000000e+00
-1.549483775811209441e+00 0.000000000000000000e+00
-1.545870206489675436e+00 0.000000000000000000e+00
-1.542256637168141431e+00 0.000000000000000000e+00
-1.538643067846607426e+00 0.000000000000000000e+00
-1.535029498525073643e+00 0.000000000000000000e+00
-1.531415929203539639e+00 0.000000000000000000e+00
-1.527802359882005856e+00 0.000000000000000000e+00
-1.524188790560471851e+00 0.000000000000000000e+00
-1.520575221238937846e+00 0.000000000000000000e+00
-1.516961651917404064e+00 0.000000000000000000e+00
-1.513348082595870059e+00 0.000000000000000000e+00
-1.509734513274336276e+00 0.000000000000000000e+00
-1.506120943952802271e+00 0.000000000000000000e+00
-1.502507374631268267e+00 0.000000000000000000e+00
-1.498893805309734262e+00 0.000000000000000000e+00
-1.495280235988200479e+00 0.000000000000000000e+00
-1.491666666666666474e+00 0.000000000000000000e+00
-1.488053097345132691e+00 0.000000000000000000e+00
-1.484439528023598687e+00 0.000000000000000000e+00
-1.480825958702064682e+00 0.000000000000000000e+00
-1.477212389380530899e+00 0.000000000000000000e+00
-1.473598820058996894e+00 0.000000000000000000e+00
-1.469985250737463112e+00 0.000000000000000000e+00
-1.466371681415929107e+00 0.000000000000000000e+00
-1.462758112094395102e+00 0.000000000000000000e+00
-1.459144542772861097e+00 0.000000000000000000e+00
-1.455530973451327315e+00 0.000000000000000000e+00
-1.451917404129793310e+00 0.000000000000000000e+00
-1.448303834808259527e+00 0.000000000000000000e+00
-1.444690265486725522e+00 0.000000000000000000e+00
-1.441076696165191517e+00 0.000000000000000000e+00
-1.437463126843657735e+00 0.000000000000000000e+00
-1.433849557522123730e+00 0.000000000000000000e+00
-1.430235988200589947e+00 0.000000000000000000e+00
-1.426622418879055942e+00 0.000000000000000000e+00
-1.423008849557521938e+00 0.000000000000000000e+00
-1.419395280235987933e+00 0.000000000000000000e+00
-1.415781710914454150e+00 0.000000000000000000e+00
-1.412168141592920145e+00 0.000000000000000000e+00
-1.408554572271386363e+00 0.000000000000000000e+00
-1.404941002949852358e+00 0.000000000000000000e+00
-1.401327433628318353e+00 0.000000000000000000e+00
-1.397713864306784570e+00 0.000000000000000000e+00
-1.394100294985250565e+00 0.000000000000000000e+00
-1.390486725663716783e+00 0.000000000000000000e+00
-1.386873156342182778e+00 0.000000000000000000e+00
-1.383259587020648773e+00 0.000000000000000000e+00
-1.379646017699114768e+00 0.000000000000000000e+00
-1.376032448377580986e+00 0.000000000000000000e+00
-1.372418879056047203e+00 0.000000000000000000e+00
-1.368805309734513198e+00 0.000000000000000000e+00
-1.365191740412979193e+00 0.000000000000000000e+00
-1.361578171091445189e+00 0.000000000000000000e+00
-1.357964601769911406e+00 0.000000000000000000e+00
-1.354351032448377401e+00 0.000000000000000000e+00
-1.350737463126843618e+00 0.000000000000000000e+00
-1.347123893805309613e+00 0.000000000000000000e+00
-1.343510324483775609e+00 0.000000000000000000e+00
-1.339896755162241604e+00 0.000000000000000000e+00
-1.336283185840707821e+00 0.000000000000000000e+00
-1.332669616519174038e+00 0.000000000000000000e+00
-1.329056047197640034e+00 0.000000000000000000e+00
-1.325442477876106029e+00 0.000000000000000000e+00
-1.321828908554572024e+00 0.000000000000000000e+00
-1.318215339233038241e+00 0.000000000000000000e+00
-1.314601769911504237e+00 0.000000000000000000e+00
-1.310988200589970454e+00 0.000000000000000000e+00
-1.307374631268436449e+00 0.000000000000000000e+00
-1.303761061946902444e+00 0.000000000000000000e+00
-1.300147492625368439e+00 0.000000000000000000e+00
-1.296533923303834657e+00 0.000000000000000000e+00
-1.292920353982300874e+00 0.000000000000000000e+00
-1.289306784660766869e+00 0.000000000000000000e+00
-1.285693215339232864e+00 0.000000000000000000e+00
-1.282079646017698860e+00 0.000000000000000000e+00
-1.278466076696165077e+00 0.000000000000000000e+00
-1.274852507374631072e+00 0.000000000000000000e+00
-1.271238938053097289e+00 0.000000000000000000e+00
-1.267625368731563285e+00 0.000000000000000000e+00
-1.264011799410029280e+00 0.000000000000000000e+00
-1.260398230088495275e+00 0.000000000000000000e+00
-1.256784660766961492e+00 0.000000000000000000e+00
-1.253171091445427709e+00 0.000000000000000000e+00
-1.249557522123893705e+00 0.000000000000000000e+00
-1.245943952802359700e+00 0.000000000000000000e+00
-1.242330383480825695e+00 0.000000000000000000e+00
-1.238716814159291912e+00 0.000000000000000000e+00
-1.235103244837757908e+00 0.000000000000000000e+00
-1.231489675516224125e+00 0.000000000000000000e+00
-1.227876106194690120e+00 0.000000000000000000e+00
-1.224262536873156115e+00 0.000000000000000000e+00
-1.220648967551622111e+00 0.000000000000000000e+00
-1.217035398230088328e+00 0.000000000000000000e+00
-1.213421828908554545e+00 0.000000000000000000e+00
-1.209808259587020540e+00 0.000000000000000000e+00
-1.206194690265486535e+00 0.000000000000000000e+00
-1.202581120943952531e+00 0.000000000000000000e+00
-1.198967551622418748e+00 0.000000000000000000e+00
-1.195353982300884743e+00 0.000000000000000000e+00
-1.191740412979350960e+00 0.000000000000000000e+00
-1.188126843657816956e+00 0.000000000000000000e+00
-1.184513274336282951e+00 0.000000000000000000e+00
-1.180899705014748946e+00 0.000000000000000000e+00
-1.177286135693215163e+00 0.000000000000000000e+00
-1.173672566371681381e+00 0.000000000000000000e+00
-1.170058997050147376e+00 0.000000000000000000e+00
-1.166445427728613371e+00 0.000000000000000000e+00
-1.162831858407079366e+00 0.000000000000000000e+00
-1.159218289085545583e+00 0.000000000000000000e+00
-1.155604719764011579e+00 0.000000000000000000e+00
-1.151991150442477796e+00 0.000000000000000000e+00
-1.148377581120943791e+00 0.000000000000000000e+00
-1.144764011799409786e+00 0.000000000000000000e+00
-1.141150442477875782e+00 0.000000000000000000e+00
-1.137536873156341999e+00 0.000000000000000000e+00
-1.133923303834808216e+00 0.000000000000000000e+00
-1.130309734513274211e+00 0.000000000000000000e+00
-1.126696165191740207e+00 0.000000000000000000e+00
-1.123082595870206202e+00 0.000000000000000000e+00
-1.119469026548672419e+00 0.000000000000000000e+00
-1.115855457227138636e+00 0.000000000000000000e+00
-1.112241887905604631e+00 0.000000000000000000e+00
-1.108628318584070627e+00 0.000000000000000000e+00
-1.105014749262536622e+00 0.000000000000000000e+00
-1.101401179941002617e+00 0.000000000000000000e+00
-1.097787610619468834e+00 0.000000000000000000e+00
-1.094174041297935052e+00 0.000000000000000000e+00
-1.090560471976401047e+00 0.000000000000000000e+00
-1.086946902654867042e+00 0.000000000000000000e+00
-1.083333333333333037e+00 0.000000000000000000e+00
-1.079719764011799255e+00 0.000000000000000000e+00
-1.076106194690265472e+00 0.000000000000000000e+00
-1.072492625368731467e+00 0.000000000000000000e+00
-1.068879056047197462e+00 0.000000000000000000e+00
-1.065265486725663457e+00 0.000000000000000000e+00
-1.061651917404129453e+00 0.000000000000000000e+00
-1.058038348082595670e+00 0.000000000000000000e+00
-1.054424778761061887e+00 0.000000000000000000e+00
-1.050811209439527882e+00 0.000000000000000000e+00
-1.047197640117993878e+00 0.000000000000000000e+00
-1.043584070796459873e+00 0.000000000000000000e+00
-1.039970501474926090e+00 0.000000000000000000e+00
-1.036356932153392307e+00 0.000000000000000000e+00
-1.032743362831858303e+00 0.000000000000000000e+00
-1.029129793510324298e+00 0.000000000000000000e+00
-1.025516224188790293e+00 0.000000000000000000e+00
-1.021902654867256510e+00 0.000000000000000000e+00
-1.018289085545722505e+00 0.000000000000000000e+00
-1.014675516224188723e+00 0.000000000000000000e+00
-1.011061946902654718e+00 0.000000000000000000e+00
-1.007448377581120713e+00 0.000000000000000000e+00
-1.003834808259586708e+00 0.000000000000000000e+00
-1.000221238938052926e+00 0.000000000000000000e+00
-9.966076696165190318e-01 0.000000000000000000e+00
-9.929941002949850271e-01 0.000000000000000000e+00
-9.893805309734511333e-01 0.000000000000000000e+00
-9.857669616519172395e-01 0.000000000000000000e+00
-9.821533923303833458e-01 0.000000000000000000e+00
-9.785398230088493410e-01 0.000000000000000000e+00
-9.749262536873154472e-01 0.000000000000000000e+00
-9.713126843657815535e-01 0.000000000000000000e+00
-9.676991150442475487e-01 0.000000000000000000e+00
-9.640855457227136549e-01 0.000000000000000000e+00
-9.604719764011797611e-01 0.000000000000000000e+00
-9.568584070796458674e-01 0.000000000000000000e+00
-9.532448377581118626e-01 0.000000000000000000e+00
-9.496312684365779688e-01 0.000000000000000000e+00
-9.460176991150440751e-01 0.000000000000000000e+00
-9.424041297935101813e-01 0.000000000000000000e+00
-9.387905604719761765e-01 0.000000000000000000e+00
-9.351769911504422828e-01 0.000000000000000000e+00
-9.315634218289083890e-01 0.000000000000000000e+00
-9.279498525073743842e-01 0.000000000000000000e+00
-9.243362831858404904e-01 0.000000000000000000e+00
-9.207227138643065967e-01 0.000000000000000000e+00
-9.171091445427727029e-01 0.000000000000000000e+00
-9.134955752212386981e-01 0.000000000000000000e+00
-9.098820058997048044e-01 0.000000000000000000e+00
-9.062684365781709106e-01 0.000000000000000000e+00
-9.026548672566370168e-01 0.000000000000000000e+00
-8.990412979351030121e-01 0.000000000000000000e+00
-8.954277286135692293e-01 0.000000000000000000e+00
-8.918141592920352245e-01 0.000000000000000000e+00
-8.882005899705012197e-01 0.000000000000000000e+00
-8.845870206489674370e-01 0.000000000000000000e+00
-8.809734513274334322e-01 0.000000000000000000e+00
-8.773598820058994274e-01 0.000000000000000000e+00
-8.737463126843656447e-01 0.000000000000000000e+00
-8.701327433628316399e-01 0.000000000000000000e+00
-8.665191740412976351e-01 0.000000000000000000e+00
-8.629056047197638524e-01 0.000000000000000000e+00
-8.592920353982298476e-01 0.000000000000000000e+00
-8.556784660766960648e-01 0.000000000000000000e+00
-8.520648967551620601e-01 0.000000000000000000e+00
-8.484513274336280553e-01 0.000000000000000000e+00
-8.448377581120942725e-01 0.000000000000000000e+00
-8.412241887905602677e-01 0.000000000000000000e+00
-8.376106194690262630e-01 0.000000000000000000e+00
-8.339970501474924802e-01 0.000000000000000000e+00
-8.303834808259584754e-01 0.000000000000000000e+00
-8.267699115044244706e-01 0.000000000000000000e+00
-8.231563421828906879e-01 0.000000000000000000e+00
-8.195427728613566831e-01 0.000000000000000000e+00
-8.159292035398229004e-01 0.000000000000000000e+00
-8.123156342182888956e-01 0.000000000000000000e+00
-8.087020648967548908e-01 0.000000000000000000e+00
-8.050884955752211081e-01 0.000000000000000000e+00
-8.014749262536871033e-01 0.000000000000000000e+00
-7.978613569321530985e-01 0.000000000000000000e+00
-7.942477876106193158e-01 0.000000000000000000e+00
-7.906342182890853110e-01 0.000000000000000000e+00
-7.870206489675513062e-01 0.000000000000000000e+00
-7.834070796460175234e-01 0.000000000000000000e+00
-7.797935103244835187e-01 0.000000000000000000e+00
-7.761799410029497359e-01 0.000000000000000000e+00
-7.725663716814157311e-01 0.000000000000000000e+00
-7.689528023598817263e-01 0.000000000000000000e+00
-7.653392330383479436e-01 0.000000000000000000e+00
-7.617256637168139388e-01 0.000000000000000000e+00
-7.581120943952799340e-01 0.000000000000000000e+00
-7.544985250737461513e-01 0.000000000000000000e+00
-7.508849557522121465e-01 0.000000000000000000e+00
-7.472713864306783638e-01 0.000000000000000000e+00
-7.436578171091443590e-01 0.000000000000000000e+00
-7.400442477876103542e-01 0.000000000000000000e+00
-7.364306784660765715e-01 0.000000000000000000e+00
-7.328171091445425667e-01 0.000000000000000000e+00
-7.292035398230085619e-01 0.000000000000000000e+00
-7.255899705014747791e-01 0.000000000000000000e+00
-7.219764011799407744e-01 0.000000000000000000e+00
-7.183628318584067696e-01 0.000000000000000000e+00
-7.147492625368729868e-01 0.000000000000000000e+00
-7.111356932153389820e-01 0.000000000000000000e+00
-7.075221238938051993e-01 0.000000000000000000e+00
-7.039085545722711945e-01 0.000000000000000000e+00
-7.002949852507371897e-01 0.000000000000000000e+00
-6.966814159292034070e-01 0.000000000000000000e+00
-6.930678466076694022e-01 0.000000000000000000e+00
-6.894542772861353974e-01 0.000000000000000000e+00
-6.858407079646016147e-01 0.000000000000000000e+00
-6.822271386430676099e-01 0.000000000000000000e+00
-6.786135693215336051e-01 0.000000000000000000e+00
-6.749999999999998224e-01 0.000000000000000000e+00
-6.713864306784658176e-01 0.000000000000000000e+00
-6.677728613569320348e-01 0.000000000000000000e+00
-6.641592920353980301e-01 0.000000000000000000e+00
-6.605457227138640253e-01 0.000000000000000000e+00
-6.569321533923302425e-01 0.000000000000000000e+00
-6.533185840707962377e-01 0.000000000000000000e+00
-6.497050147492622330e-01 0.000000000000000000e+00
-6.460914454277284502e-01 0.000000000000000000e+00
-6.424778761061944454e-01 0.000000000000000000e+00
-6.388643067846604406e-01 0.000000000000000000e+00
-6.352507374631266579e-01 0.000000000000000000e+00
-6.316371681415926531e-01 0.000000000000000000e+00
-6.280235988200588704e-01 0.000000000000000000e+00
-6.244100294985248656e-01 0.000000000000000000e+00
-6.207964601769908608e-01 0.000000000000000000e+00
-6.171828908554570781e-01 0.000000000000000000e+00
-6.135693215339230733e-01 0.000000000000000000e+00
-6.099557522123890685e-01 0.000000000000000000e+00
-6.063421828908552857e-01 0.000000000000000000e+00
-6.027286135693212810e-01 0.000000000000000000e+00
-5.991150442477872762e-01 0.000000000000000000e+00
-5.955014749262534934e-01 0.000000000000000000e+00
-5.918879056047194887e-01 0.000000000000000000e+00
-5.882743362831857059e-01 0.000000000000000000e+00
-5.846607669616517011e-01 0.000000000000000000e+00
-5.810471976401176963e-01 0.000000000000000000e+00
-5.774336283185839136e-01 0.000000000000000000e+00
-5.738200589970499088e-01 0.000000000000000000e+00
-5.702064896755159040e-01 0.000000000000000000e+00
-5.665929203539821213e-01 0.000000000000000000e+00
-5.629793510324481165e-01 0.000000000000000000e+00
-5.593657817109143338e-01 0.000000000000000000e+00
-5.557522123893803290e-01 1.736879625871745845e-316
-5.521386430678463242e-01 1.780331118056021273e-298
-5.485250737463125414e-01 1.749021163973684865e-281
-5.449115044247785367e-01 1.879506069106805763e-265
-5.412979351032445319e-01 2.502700680857841999e-250
-5.376843657817107491e-01 4.645208662594175791e-236
-5.340707964601767443e-01 1.342984929133524766e-222
-5.304572271386427396e-01 6.716308718443567514e-210
-5.268436578171089568e-01 6.414250656396052042e-198
-5.232300884955749520e-01 1.284284792442778986e-186
-5.196165191740411693e-01 5.887615096438866820e-176
-5.160029498525071645e-01 6.715666437111041622e-166
-5.123893805309731597e-01 2.061517334452135587e-156
-5.087758112094393770e-01 1.833966524561452792e-147
-5.051622418879053722e-01 5.070495882184540748e-139
-5.015486725663713674e-01 4.653756625353732745e-131
-4.979351032448375847e-01 1.508961915450001609e-123
-4.943215339233035799e-01 1.833072796426802727e-116
-4.907079646017695751e-01 8.818145581329452902e-110
-4.870943952802357924e-01 1.770047235106161144e-103
-4.834808259587017876e-01 1.557533028413670294e-97
-4.798672566371680048e-01 6.294512105261658730e-92
-4.762536873156340000e-01 1.220808570495224538e-86
-4.726401179940999953e-01 1.184423009963247463e-81
-4.690265486725662125e-01 5.977756633370943109e-77
-4.654129793510322077e-01 1.628480149401331386e-72
-4.617994100294982029e-01 2.479570743026804179e-68
-4.581858407079644202e-01 2.180742374554462567e-64
-4.545722713864304154e-01 1.142733980917826047e-60
-4.509587020648964106e-01 3.673823537495871985e-57
-4.473451327433626279e-01 7.449486924077676239e-54
-4.437315634218286231e-01 9.779020092443576584e-51
-4.401179941002948404e-01 8.517511284354325803e-48
-4.365044247787608356e-01 5.038061181229464467e-45
-4.328908554572268308e-01 2.068539348262508545e-42
-4.292772861356930481e-01 6.018571319142995615e-40
-4.256637168141590433e-01 1.265393260877775445e-37
-4.220501474926250385e-01 1.958192475136206992e-35
-4.184365781710912557e-01 2.269484570116562198e-33
-4.148230088495572510e-01 2.002440826527923709e-31
-4.112094395280232462e-01 1.366059681263595464e-29
-4.075958702064894634e-01 7.311307401989645884e-28
-4.039823008849554586e-01 3.112547203548648161e-26
-4.003687315634216759e-01 1.067763195441263671e-24
-3.967551622418876711e-01 2.988106315384267550e-23
-3.931415929203536663e-01 6.900850419130778403e-22
-3.895280235988198836e-01 1.329640790664830256e-20
-3.859144542772858788e-01 2.159549458181725996e-19
-3.823008849557518740e-01 2.985440455186730766e-18
-3.786873156342180913e-01 3.545283973937587715e-17
-3.750737463126840865e-01 3.647933769031599093e-16
-3.714601769911500817e-01 3.278987918621525561e-15
-3.678466076696162990e-01 2.594615206613395619e-14
-3.642330383480822942e-01 1.820541752953963281e-13
-3.606194690265485114e-01 1.140509088386031234e-12
-3.570058997050145067e-01 6.420588303745220204e-12
-3.533923303834805019e-01 3.267966222878371010e-11
-3.497787610619467191e-01 1.512536146740690159e-10
-3.461651917404127143e-01 6.400542653381672049e-10
-3.425516224188787096e-01 2.489055371395816348e-09
-3.389380530973449268e-01 8.938342794885251553e-09
-3.353244837758109220e-01 2.977578794234816490e-08
-3.317109144542771393e-01 9.241028641228955168e-08
-3.280973451327431345e-01 2.682806487226007755e-07
-3.244837758112091297e-01 7.313608368069406750e-07
-3.208702064896753470e-01 1.878946932979268464e-06
-3.172566371681413422e-01 4.564739939183089382e-06
-3.136430678466073374e-01 1.052036137491418568e-05
-3.100294985250735547e-01 2.307138214849799261e-05
-3.064159292035395499e-01 4.828202538364289020e-05
-3.028023598820055451e-01 9.667994255544192699e-05
-2.991887905604717623e-01 1.857077269857950385e-04
-2.955752212389377576e-01 3.430103180618738058e-04
-2.919616519174039748e-01 6.105901162468208108e-04
-2.883480825958699700e-01 1.049744618365768337e-03
-2.847345132743359652e-01 1.746554304418097055e-03
-2.811209439528021825e-01 2.817530520925291566e-03
-2.775073746312681777e-01 4.414890379075403319e-03
-2.738938053097341729e-01 6.730826588628136334e-03
-2.702802359882003902e-01 1.000010929122762370e-02
-2.666666666666663854e-01 1.450040958675137374e-02
-2.630530973451323806e-01 2.054987265074591923e-02
-2.594395280235985979e-01 2.850168000501266882e-02
-2.558259587020645931e-01 3.873560122304763736e-02
-2.522123893805308104e-01 5.164681275386532461e-02
-2.485988200589968056e-01 6.763252093657312614e-02
-2.449852507374628008e-01 8.707713634037683725e-02
-2.413716814159290180e-01 1.103368839974649129e-01
-2.377581120943950133e-01 1.377247864132718769e-01
-2.341445427728610085e-01 1.694969224948973952e-01
-2.305309734513272257e-01 2.058407551596481422e-01
-2.269174041297932209e-01 2.468661506150245100e-01
-2.233038348082592162e-01 2.925995049240915358e-01
-2.196902654867254334e-01 3.429811714634989350e-01
-2.160766961651914286e-01 3.978661675118991270e-01
-2.124631268436576459e-01 4.570279469019739582e-01
-2.088495575221236411e-01 5.201648707949571016e-01
-2.052359882005896363e-01 5.869088971346922978e-01
-2.016224188790558536e-01 6.568359430804878718e-01
-1.980088495575218488e-01 7.294773513441485946e-01
-1.943952802359878440e-01 8.043319053884853131e-01
-1.907817109144540613e-01 8.808778824618804792e-01
-1.871681415929200565e-01 9.585846991757978053e-01
-1.835545722713860517e-01 1.036923783570257829e+00
-1.799410029498522690e-01 1.115378392880729264e+00
-1.763274336283182642e-01 1.193452181215412855e+00
-1.727138643067844814e-01 1.270676401160305335e+00
-1.691002949852504766e-01 1.346615694468334956e+00
-1.654867256637164719e-01 1.420872487311098276e+00
-1.618731563421826891e-01 1.493090054096664288e+00
-1.582595870206486843e-01 1.562954350539408122e+00
-1.546460176991146795e-01 1.630194742171870548e+00
-1.510324483775808968e-01 1.694583769959083774e+00
-1.474188790560468920e-01 1.755936101543296379e+00
-1.438053097345131093e-01 1.814106816465346883e+00
-1.401917404129791045e-01 1.868989168029153491e+00
-1.365781710914450997e-01 1.920511954753888917e+00
-1.329646017699113170e-01 1.968636621900489381e+00
-1.293510324483773122e-01 2.013354199483567086e+00
-1.257374631268433074e-01 2.054682168409393661e+00
-1.221238938053095247e-01 2.092661331644756650e+00
-1.185103244837755199e-01 2.127352753167219834e+00
-1.148967551622415151e-01 2.158834814265687019e+00
-1.112831858407077323e-01 2.187200424801437393e+00
-1.076696165191737276e-01 2.212554416445761341e+00
-1.040560471976399448e-01 2.235011135731079346e+00
-1.004424778761059400e-01 2.254692246972121783e+00
-9.682890855457193524e-02 2.271724748666176463e+00
-9.321533923303815250e-02 2.286239201768004214e+00
-8.960176991150414771e-02 2.298368164136487923e+00
-8.598820058997014293e-02 2.308244822337463198e+00
-8.237463126843636019e-02 2.316001809728057470e+00
-7.876106194690235540e-02 2.321770198215614922e+00
-7.514749262536835062e-02 2.325678650156489446e+00
-7.153392330383456788e-02 2.327852716428155500e+00
-6.792035398230056309e-02 2.328414266670368882e+00
-6.430678466076678035e-02 2.327481037962960020e+00
-6.069321533923277556e-02 2.325166288711354667e+00
-5.707964601769877078e-02 2.321578545183771158e+00
-5.346607669616498804e-02 2.316821428931889582e+00
-4.985250737463098325e-02 2.310993554185645227e+00
-4.623893805309697846e-02 2.304188485207828485e+00
-4.262536873156319572e-02 2.296494744496873519e+00
-3.901179941002919094e-02 2.287995863614985748e+00
-3.539823008849518615e-02 2.278770469278152078e+00
-3.178466076696140341e-02 2.268892398161996393e+00
-2.817109144542739863e-02 2.258430834645766438e+00
-2.455752212389361588e-02 2.247450466430705340e+00
-2.094395280235961110e-02 2.236011653626294393e+00
-1.733038348082560631e-02 2.224170607497709007e+00
-1.371681415929182357e-02 2.211979575611226156e+00
-1.010324483775781879e-02 2.199487030602610638e+00
-6.489675516223814000e-03 2.186737860230628439e+00
-2.876106194690031259e-03 2.173773556764755810e+00
7.374631268439735265e-04 2.160632358648588713e+00
4.351032448377978312e-03 2.147340538473866189e+00
7.964601769911761053e-03 2.133903052835517400e+00
1.157817109144576584e-02 2.120322177097044403e+00
1.519174041297954858e-02 2.106600262648118616e+00
1.880530973451355337e-02 2.092739735421687897e+00
2.241887905604755815e-02 2.078743094360900656e+00
2.603244837758134089e-02 2.064612909836796018e+00
2.964601769911534568e-02 2.050351822017856041e+00
3.325958702064935046e-02 2.035962539192484932e+00
3.687315634218313321e-02 2.021447836045739521e+00
4.048672566371713799e-02 2.006810551891295979e+00
4.410029498525114278e-02 1.992053588860268842e+00
4.771386430678492552e-02 1.977179910047967670e+00
5.132743362831893030e-02 1.962192537620205623e+00
5.494100294985271304e-02 1.947094550880430042e+00
5.855457227138671783e-02 1.931889084299447390e+00
6.216814159292072262e-02 1.916579325508979803e+00
6.578171091445450536e-02 1.901168513260983239e+00
6.939528023598851014e-02 1.885659935354162986e+00
7.300884955752251493e-02 1.870056926529499286e+00
7.662241887905629767e-02 1.854362866336440430e+00
8.023598820059030245e-02 1.838581176971613163e+00
8.384955752212408520e-02 1.822715321091827656e+00
8.746312684365808998e-02 1.806768799603202025e+00
9.107669616519209477e-02 1.790745149428351501e+00
9.469026548672587751e-02 1.774647941253420624e+00
9.830383480825988229e-02 1.758480777257043215e+00
1.019174041297938871e-01 1.742247288823060014e+00
1.055309734513278919e-01 1.725951134239037010e+00
1.091445427728614526e-01 1.709595996382525351e+00
1.127581120943954573e-01 1.693185580397123857e+00
1.163716814159294621e-01 1.676723611360319888e+00
1.199852507374634669e-01 1.660213831945187346e+00
1.235988200589974717e-01 1.643660000077851846e+00
1.272123893805314765e-01 1.627065886593017874e+00
1.308259587020650372e-01 1.610435272889282121e+00
1.344395280235990420e-01 1.593771948586533593e+00
1.380530973451330468e-01 1.577079709187377166e+00
1.416666666666670515e-01 1.560362353744585651e+00
1.452802359882010563e-01 1.543623682536650721e+00
1.488938053097346170e-01 1.526867494753480603e+00
1.525073746312686218e-01 1.510097586194150354e+00
1.561209439528026266e-01 1.493317746978756411e+00
1.597345132743366314e-01 1.476531759276345612e+00
1.633480825958706362e-01 1.459743395050795867e+00
1.669616519174046410e-01 1.442956413826677942e+00
1.705752212389382017e-01 1.426174560476837438e+00
1.741887905604722064e-01 1.409401563033736204e+00
1.778023598820062112e-01 1.392641130526238946e+00
1.814159292035402160e-01 1.375896950843720212e+00
1.850294985250742208e-01 1.359172688629259662e+00
1.886430678466077815e-01 1.342471983203594510e+00
1.922566371681417863e-01 1.325798446521585960e+00
1.958702064896757911e-01 1.309155661162790363e+00
1.994837758112097958e-01 1.292547178357751347e+00
2.030973451327438006e-01 1.275976516051609222e+00
2.067109144542778054e-01 1.259447157006430285e+00
2.103244837758113661e-01 1.242962546943855662e+00
2.139380530973453709e-01 1.226526092729344208e+00
2.175516224188793757e-01 1.210141160599458976e+00
2.211651917404133805e-01 1.193811074433443586e+00
2.247787610619473853e-01 1.177539114070378590e+00
2.283923303834809460e-01 1.161328513673030249e+00
2.320058997050149507e-01 1.145182460139635872e+00
2.356194690265489555e-01 1.129104091564576473e+00
2.392330383480829603e-01 1.113096495749089643e+00
2.428466076696169651e-01 1.097162708762806860e+00
2.464601769911509699e-01 1.081305713557149106e+00
2.500737463126845306e-01 1.065528438631348829e+00
2.536873156342185354e-01 1.049833756751852309e+00
2.573008849557525402e-01 1.034224483725833421e+00
2.609144542772865449e-01 1.018703377229439155e+00
2.645280235988205497e-01 1.003273135691359341e+00
2.681415929203541104e-01 9.879363972321820730e-01
2.717551622418881152e-01 9.726957386600604272e-01
2.753687315634221200e-01 9.575536745229806801e-01
2.789823008849561248e-01 9.425126562180278222e-01
2.825958702064901296e-01 9.275750711578208962e-01
2.862094395280241343e-01 9.127432419943893871e-01
2.898230088495576950e-01 8.980194259005369606e-01
2.934365781710916998e-01 8.834058139087922479e-01
2.970501474926257046e-01 8.689045303079441229e-01
3.006637168141597094e-01 8.545176320970810924e-01
3.042772861356937142e-01 8.402471084970123405e-01
3.078908554572272749e-01 8.260948805188645938e-01
3.115044247787612797e-01 8.120628005896584067e-01
3.151179941002952845e-01 7.981526522344910557e-01
3.187315634218292892e-01 7.843661498149885336e-01
3.223451327433632940e-01 7.707049383236265205e-01
3.259587020648972988e-01 7.571705932333971933e-01
3.295722713864308595e-01 7.437646204023145025e-01
3.331858407079648643e-01 7.304884560321621700e-01
3.367994100294988691e-01 7.173434666808642390e-01
3.404129793510328739e-01 7.043309493277460920e-01
3.440265486725668787e-01 6.914521314909840566e-01
3.476401179941004393e-01 6.787081713964622232e-01
3.512536873156344441e-01 6.661001581971366381e-01
3.548672566371684489e-01 6.536291122421423738e-01
3.584808259587024537e-01 6.412959853946101907e-01
3.620943952802364585e-01 6.291016613972989502e-01
3.657079646017700192e-01 6.170469562850244838e-01
3.693215339233040240e-01 6.051326188428428621e-01
3.729351032448380288e-01 5.933593311089221389e-01
3.765486725663720335e-01 5.817277089209852425e-01
3.801622418879060383e-01 5.702383025051832588e-01
3.837758112094400431e-01 5.588915971062606847e-01
3.873893805309736038e-01 5.476880136577461089e-01
3.910029498525076086e-01 5.366279094910237912e-01
3.946165191740416134e-01 5.257115790819806289e-01
3.982300884955756182e-01 5.149392548339654097e-01
4.018436578171096230e-01 5.043111078958139037e-01
4.054572271386431837e-01 4.938272490135490744e-01
4.090707964601771884e-01 4.834877294144956927e-01
4.126843657817111932e-01 4.732925417224577713e-01
4.162979351032451980e-01 4.632416209025639331e-01
4.199115044247792028e-01 4.533348452344669877e-01
4.235250737463132076e-01 4.435720373124796279e-01
4.271386430678467683e-01 4.339529650713059294e-01
4.307522123893807731e-01 4.244773428359416845e-01
4.343657817109147778e-01 4.151448323943923713e-01
4.379793510324487826e-01 4.059550440917857883e-01
4.415929203539827874e-01 3.969075379445065610e-01
4.452064896755163481e-01 3.880018247729607461e-01
4.488200589970503529e-01 3.792373673515724852e-01
4.524336283185843577e-01 3.706135815746738893e-01
4.560471976401183625e-01 3.621298376368510819e-01
4.596607669616523673e-01 3.537854612264418330e-01
4.632743362831863720e-01 3.455797347308107725e-01
4.668879056047199327e-01 3.375118984520391052e-01
4.705014749262539375e-01 3.295811518317431910e-01
4.741150442477879423e-01 3.217866546836835595e-01
4.777286135693219471e-01 3.141275284328576833e-01
4.813421828908559519e-01 3.066028573598318929e-01
4.849557522123895126e-01 2.992116898490190802e-01
4.885693215339235174e-01 2.919530396396748384e-01
4.921828908554575222e-01 2.848258870784090013e-01
4.957964601769915269e-01 2.778291803719847297e-01
4.994100294985255317e-01 2.709618368392630039e-01
5.030235988200595365e-01 2.642227441611164629e-01
5.066371681415930972e-01 2.576107616272248491e-01
5.102507374631271020e-01 2.511247213786143573e-01
5.138643067846611068e-01 2.447634296449131552e-01
5.174778761061951116e-01 2.385256679752525699e-01
5.210914454277291163e-01 2.324101944618159610e-01
5.247050147492626770e-01 2.264157449550504020e-01
5.283185840707966818e-01 2.205410342695865999e-01
5.319321533923306866e-01 2.147847573799573084e-01
5.355457227138646914e-01 2.091455906052039626e-01
5.391592920353986962e-01 2.036221927815336508e-01
5.427728613569327010e-01 1.982132064221830414e-01
5.463864306784662617e-01 1.929172588637155517e-01
5.500000000000002665e-01 1.877329633979653578e-01
5.536135693215342712e-01 1.826589203889284196e-01
5.572271386430682760e-01 1.776937183738829251e-01
5.608407079646022808e-01 1.728359351480862616e-01
5.644542772861358415e-01 1.680841388324266494e-01
5.680678466076698463e-01 1.634368889234260047e-01
5.716814159292038511e-01 1.588927373250327846e-01
5.752949852507378559e-01 1.544502293616869804e-01
5.789085545722718606e-01 1.501079047721539383e-01
5.825221238938058654e-01 1.458642986836595490e-01
5.861356932153394261e-01 1.417179425659194636e-01
5.897492625368734309e-01 1.376673651646401486e-01
5.933628318584074357e-01 1.337110934141534646e-01
5.969764011799414405e-01 1.298476533288272505e-01
6.005899705014754453e-01 1.260755708729763003e-01
6.042035398230090060e-01 1.223933728089874051e-01
6.078171091445430108e-01 1.187995875234261756e-01
6.114306784660770155e-01 1.152927458309258718e-01
6.150442477876110203e-01 1.118713817556626910e-01
6.186578171091450251e-01 1.085340332902870464e-01
6.222713864306790299e-01 1.052792431321806221e-01
6.258849557522125906e-01 1.021055593969470571e-01
6.294985250737465954e-01 9.901153630907945369e-02
6.331120943952806002e-01 9.599573486976054060e-02
6.367256637168146050e-01 9.305672350178618990e-02
6.403392330383486097e-01 9.019307867162697223e-02
6.439528023598821704e-01 8.740338548866989632e-02
6.475663716814161752e-01 8.468623828169360990e-02
6.511799410029501800e-01 8.204024115268165884e-02
6.547935103244841848e-01 7.946400850806020766e-02
6.584070796460181896e-01 7.695616556751387616e-02
6.620206489675521944e-01 7.451534885051354362e-02
6.656342182890857551e-01 7.214020664074205502e-02
6.692477876106197598e-01 6.982939942860057203e-02
6.728613569321537646e-01 6.758160033201328354e-02
6.764749262536877694e-01 6.539549549575389420e-02
6.800884955752217742e-01 6.326978446954259483e-02
6.837020648967553349e-01 6.120318056517552036e-02
6.873156342182893397e-01 5.919441119296255799e-02
6.909292035398233445e-01 5.724221817776852655e-02
6.945427728613573493e-01 5.534535805496244160e-02
6.981563421828913540e-01 5.350260234659189040e-02
7.017699115044253588e-01 5.171273781812033704e-02
7.053834808259589195e-01 4.997456671606473333e-02
7.089970501474929243e-01 4.828690698688825611e-02
7.126106194690269291e-01 4.664859247751722976e-02
7.162241887905609339e-01 4.505847311784684506e-02
7.198377581120949387e-01 4.351541508562477290e-02
7.234513274336284994e-01 4.201830095409739979e-02
7.270648967551625041e-01 4.056602982281563852e-02
7.306784660766965089e-01 3.915751743200616974e-02
7.342920353982305137e-01 3.779169626090959910e-02
7.379056047197645185e-01 3.646751561050428497e-02
7.415191740412985233e-01 3.518394167102956854e-02
7.451327433628320840e-01 3.393995757472986763e-02
7.487463126843660888e-01 3.273456343424221981e-02
7.523598820059000936e-01 3.156677636705446793e-02
7.559734513274340983e-01 3.043563050645929982e-02
7.595870206489681031e-01 2.934017699943228599e-02
7.632005899705016638e-01 2.827948399186457420e-02
7.668141592920356686e-01 2.725263660157602880e-02
7.704277286135696734e-01 2.625873687953891172e-02
7.740412979351036782e-01 2.529690375973658173e-02
7.776548672566376830e-01 2.436627299808348870e-02
7.812684365781712437e-01 2.346599710082797677e-02
7.848820058997052485e-01 2.259524524286032898e-02
7.884955752212392532e-01 2.175320317633891790e-02
7.921091445427732580e-01 2.093907313005134718e-02
7.957227138643072628e-01 2.015207369991968075e-02
7.993362831858412676e-01 1.939143973105266275e-02
8.029498525073748283e-01 1.865642219174772076e-02
8.065634218289088331e-01 1.794628803983680868e-02
8.101769911504428379e-01 1.726032008176724836e-02
8.137905604719768426e-01 1.659781682480192255e-02
8.174041297935108474e-01 1.595809232271523659e-02
8.210176991150444081e-01 1.534047601535989958e-02
8.246312684365784129e-01 1.474431256246921430e-02
8.282448377581124177e-01 1.416896167205224100e-02
8.318584070796464225e-01 1.361379792373806734e-02
8.354719764011804273e-01 1.307821058740806820e-02
8.390855457227144321e-01 1.256160343746040228e-02
8.426991150442479928e-01 1.206339456303157434e-02
8.463126843657819975e-01 1.158301617450062729e-02
8.499262536873160023e-01 1.111991440659021620e-02
8.535398230088500071e-01 1.067354911837027284e-02
8.571533923303840119e-01 1.024339369046498548e-02
8.607669616519175726e-01 9.828934819751944385e-03
8.643805309734515774e-01 9.429672311838483909e-03
8.679941002949855822e-01 9.045118871588007925e-03
8.716076696165195870e-01 8.674799891963675194e-03
8.752212389380535917e-01 8.318253241446214863e-03
8.788348082595875965e-01 7.975029050278437462e-03
8.824483775811211572e-01 7.644689495774706529e-03
8.860619469026551620e-01 7.326808586930819676e-03
8.896755162241891668e-01 7.020971948559201654e-03
8.932890855457231716e-01 6.726776605165711229e-03
8.969026548672571764e-01 6.443830764776597303e-03
9.005162241887907371e-01 6.171753602918007495e-03
9.041297935103247418e-01 5.910175046937573770e-03
9.077433628318587466e-01 5.658735560856205903e-03
9.113569321533927514e-01 5.417085930924029138e-03
9.149705014749267562e-01 5.184887052050828928e-03
9.185840707964607610e-01 4.961809715272030158e-03
9.221976401179943217e-01 4.747534396403605556e-03
9.258112094395283265e-01 4.541751046032103598e-03
9.294247787610623313e-01 4.344158880978949387e-03
9.330383480825963360e-01 4.154466177370044755e-03
9.366519174041303408e-01 3.972390065435387266e-03
9.402654867256639015e-01 3.797656326156079523e-03
9.438790560471979063e-01 3.629999189869269685e-03
9.474926253687319111e-01 3.469161136934978667e-03
9.511061946902659159e-01 3.314892700561993671e-03
9.547197640117999207e-01 3.166952271883813428e-03
9.583333333333339255e-01 3.025105907369396788e-03
9.619469026548674861e-01 2.889127138647007518e-03
9.655604719764014909e-01 2.758796784813997201e-03
9.691740412979354957e-01 2.633902767299169112e-03
9.727876106194695005e-01 2.514239927339059419e-03
9.764011799410035053e-01 2.399609846123589626e-03
9.800147492625370660e-01 2.289820667661956240e-03
9.836283185840710708e-01 2.184686924413458894e-03
9.872418879056050756e-01 2.084029365724284020e-03
9.908554572271390803e-01 1.987674789104961967e-03
9.944690265486730851e-01 1.895455874380104228e-03
9.980825958702070899e-01 1.807211020736196588e-03
1.001696165191740651e+00 1.722784186689937155e-03
1.005309734513274655e+00 1.642024732994764886e-03
1.008923303834808660e+00 1.564787268499614244e-03
1.012536873156342665e+00 1.490931498969984281e-03
1.016150442477876670e+00 1.420322078877536785e-03
1.019764011799410230e+00 1.352828466161399776e-03
1.023377581120944235e+00 1.288324779960323737e-03
1.026991150442478240e+00 1.226689661312406303e-03
1.030604719764012245e+00 1.167806136815111940e-03
1.034218289085546250e+00 1.111561485236410790e-03
1.037831858407080254e+00 1.057847107064086760e-03
1.041445427728613815e+00 1.006558396978546668e-03
1.045058997050147820e+00 9.575946192311488676e-04
1.048672566371681825e+00 9.108587859084759514e-04
1.052286135693215829e+00 8.662575380600787481e-04
1.055899705014749834e+00 8.237010296656199293e-04
1.059513274336283395e+00 7.831028144151293410e-04
1.063126843657817400e+00 7.443797352743643800e-04
1.066740412979351404e+00 7.074518168054220188e-04
1.070353982300885409e+00 6.722421602113551201e-04
1.073967551622419414e+00 6.386768410717888434e-04
1.077581120943953419e+00 6.066848097354977497e-04
1.081194690265486980e+00 5.761977943342580641e-04
1.084808259587020984e+00 5.471502063815516506e-04
1.088421828908554989e+00 5.194790489181959825e-04
1.092035398230088994e+00 4.931238271664552730e-04
1.095648967551622999e+00 4.680264616529422410e-04
1.099262536873156559e+00 4.441312037601262918e-04
1.102876106194690564e+00 4.213845536654513930e-04
1.106489675516224569e+00 3.997351806264468716e-04
1.110103244837758574e+00 3.791338455698140138e-04
1.113716814159292579e+00 3.595333259419094640e-04
1.117330383480826583e+00 3.408883427777333552e-04
1.120943952802360144e+00 3.231554899453080031e-04
1.124557522123894149e+00 3.062931655219381863e-04
1.128171091445428154e+00 2.902615052589002480e-04
1.131784660766962158e+00 2.750223180908345261e-04
1.135398230088496163e+00 2.605390236461747606e-04
1.139011799410029724e+00 2.467765917149668839e-04
1.142625368731563729e+00 2.337014836304635620e-04
1.146238938053097733e+00 2.212815955210478236e-04
1.149852507374631738e+00 2.094862033892051832e-04
1.153466076696165743e+00 1.982859099744608850e-04
1.157079646017699748e+00 1.876525933575045810e-04
1.160693215339233308e+00 1.775593572629941030e-04
1.164306784660767313e+00 1.679804830188916221e-04
1.167920353982301318e+00 1.588913831305658816e-04
1.171533923303835323e+00 1.502685564282621683e-04
1.175147492625369328e+00 1.420895447470721048e-04
1.178761061946902888e+00 1.343328910989010489e-04
1.182374631268436893e+00 1.269780992965075970e-04
1.185988200589970898e+00 1.200055949901729894e-04
1.189601769911504903e+00 1.133966880780916793e-04
1.193215339233038907e+00 1.071335364521869992e-04
1.196828908554572468e+00 1.011991110415712741e-04
1.200442477876106473e+00 9.557716211651901743e-05
1.204056047197640478e+00 9.025218681641616685e-05
1.207669616519174483e+00 8.520939786576828896e-05
1.211283185840708487e+00 8.043469344300071665e-05
1.214896755162242492e+00 7.591462816742296346e-05
1.218510324483776053e+00 7.163638517039505290e-05
1.222123893805310058e+00 6.758774921737656306e-05
1.225737463126844062e+00 6.375708084825191418e-05
1.229351032448378067e+00 6.013329150393384714e-05
1.232964601769912072e+00 5.670581960799484249e-05
1.236578171091445633e+00 5.346460757270152925e-05
1.240191740412979637e+00 5.040007969953929127e-05
1.243805309734513642e+00 4.750312094498149672e-05
1.247418879056047647e+00 4.476505652294005141e-05
1.251032448377581652e+00 4.217763231601621044e-05
1.254646017699115657e+00 3.973299606833983414e-05
1.258259587020649217e+00 3.742367933346233089e-05
1.261873156342183222e+00 3.524258015143222399e-05
1.265486725663717227e+00 3.318294642985207294e-05
1.269100294985251232e+00 3.123836000435921054e-05
1.272713864306785236e+00 2.940272135463918959e-05
1.276327433628318797e+00 2.767023495271190276e-05
1.279941002949852802e+00 2.603539522087942076e-05
1.283554572271386807e+00 2.449297307733819783e-05
1.287168141592920811e+00 2.303800304809354161e-05
1.290781710914454816e+00 2.166577092441431614e-05
1.294395280235988821e+00 2.037180194567852600e-05
1.298008849557522382e+00 1.915184948804559082e-05
1.301622418879056386e+00 1.800188423997625933e-05
1.305235988200590391e+00 1.691808384620197746e-05
1.308849557522124396e+00 1.589682300229475074e-05
1.312463126843658401e+00 1.493466398255744967e-05
1.316076696165191962e+00 1.402834758448250113e-05
1.319690265486725966e+00 1.317478447356795799e-05
1.323303834808259971e+00 1.237104691279640551e-05
1.326917404129793976e+00 1.161436086159161136e-05
1.330530973451327981e+00 1.090209842956785968e-05
1.334144542772861985e+00 1.023177067087227340e-05
1.337758112094395546e+00 9.601020705399927556e-06
1.341371681415929551e+00 9.007617153621010487e-06
1.344985250737463556e+00 8.449447872220226829e-06
1.348598820058997561e+00 7.924513978183849973e-06
1.352212389380531565e+00 7.430924149407697829e-06
1.355825958702065126e+00 6.966889190316124678e-06
1.359439528023599131e+00 6.530716851391863099e-06
1.363053097345133136e+00 6.120806891918009675e-06
1.366666666666667140e+00 5.735646375616700089e-06
1.370280235988201145e+00 5.373805189250399232e-06
1.373893805309735150e+00 5.033931774615380079e-06
1.377507374631268711e+00 4.714749064714484191e-06
1.381120943952802715e+00 4.415050615241043964e-06
1.384734513274336720e+00 4.133696922842400916e-06
1.388348082595870725e+00 3.869611921955516394e-06
1.391961651917404730e+00 3.621779652324201098e-06
1.395575221238938290e+00 3.389241089612480167e-06
1.399188790560472295e+00 3.171091131825184714e-06
1.402802359882006300e+00 2.966475734534114156e-06
1.406415929203540305e+00 2.774589188185387386e-06
1.410029498525074310e+00 2.594671531032582897e-06
1.413643067846608314e+00 2.426006091500920791e-06
1.417256637168141875e+00 2.267917154037206023e-06
1.420870206489675880e+00 2.119767742745324298e-06
1.424483775811209885e+00 1.980957517340218953e-06
1.428097345132743889e+00 1.850920776179949942e-06
1.431710914454277894e+00 1.729124561354564116e-06
1.435324483775811455e+00 1.615066861021081768e-06
1.438938053097345460e+00 1.508274904377335014e-06
1.442551622418879465e+00 1.408303544863920107e-06
1.446165191740413469e+00 1.314733727371745120e-06
1.449778761061947474e+00 1.227171035415794649e-06
1.453392330383481479e+00 1.145244314410282307e-06
1.457005899705015040e+00 1.068604367349534378e-06
1.460619469026549044e+00 9.969227193613771564e-07
1.464233038348083049e+00 9.298904477561150289e-07
1.467846607669617054e+00 8.672170743442823975e-07
1.471460176991151059e+00 8.086295169411080262e-07
1.475073746312684619e+00 7.538710971142310443e-07
1.478687315634218624e+00 7.027006013646668699e-07
1.482300884955752629e+00 6.548913930591025516e-07
1.485914454277286634e+00 6.102305725545269960e-07
1.489528023598820639e+00 5.685181830741064207e-07
1.493141592920354643e+00 5.295664600065475314e-07
1.496755162241888204e+00 4.931991214096318933e-07
1.500368731563422209e+00 4.592506976025808534e-07
1.503982300884956214e+00 4.275658978319546512e-07
1.507595870206490218e+00 3.979990120908293610e-07
1.511209439528024223e+00 3.704133462630519654e-07
1.514823008849557784e+00 3.446806888515104107e-07
1.518436578171091789e+00 3.206808076335670385e-07
1.522050147492625793e+00 2.983009746667943454e-07
1.525663716814159798e+00 2.774355181450796134e-07
1.529277286135693803e+00 2.579853996783920575e-07
1.532890855457227808e+00 2.398578156398506935e-07
1.536504424778761368e+00 2.229658212905622634e-07
1.540117994100295373e+00 2.072279764569492083e-07
1.543731563421829378e+00 1.925680115963128305e-07
1.547345132743363383e+00 1.789145131448868299e-07
1.550958702064897388e+00 1.662006270982670623e-07
1.554572271386430948e+00 1.543637798274518061e-07
1.558185840707964953e+00 1.433454151843007249e-07
1.561799410029498958e+00 1.330907469987500896e-07
1.565412979351032963e+00 1.235485261161551281e-07
1.569026548672566967e+00 1.146708211671388514e-07
1.572640117994100972e+00 1.064128123042258269e-07
1.576253687315634533e+00 9.873259717941327323e-08
1.579867256637168538e+00 9.159100847481999394e-08
1.583480825958702543e+00 8.495144233478543741e-08
1.587094395280236547e+00 7.877969708211234737e-08
1.590707964601770552e+00 7.304382163399843162e-08
1.594321533923304113e+00 6.771397306427172321e-08
1.597935103244838118e+00 6.276228278822282141e-08
1.601548672566372122e+00 5.816273087443824436e-08
1.605162241887906127e+00 5.389102801483203489e-08
1.608775811209440132e+00 4.992450470947606660e-08
1.612389380530973693e+00 4.624200724698405109e-08
1.616002949852507697e+00 4.282380008412808917e-08
1.619616519174041702e+00 3.965147425014722686e-08
1.623230088495575707e+00 3.670786142184097520e-08
1.626843657817109712e+00 3.397695333516448060e-08
1.630457227138643717e+00 3.144382621761469307e-08
1.634070796460177277e+00 2.909456994333336220e-08
1.637684365781711282e+00 2.691622162956472759e-08
1.641297935103245287e+00 2.489670340894065373e-08
1.644911504424779292e+00 2.302476412707185653e-08
1.648525073746313296e+00 2.128992472914971728e-08
1.652138643067846857e+00 1.968242711271086689e-08
1.655752212389380862e+00 1.819318623647271194e-08
1.659365781710914867e+00 1.681374528720694120e-08
1.662979351032448871e+00 1.553623371803047371e-08
1.666592920353982876e+00 1.435332798230019097e-08
1.670206489675516881e+00 1.325821479749806583e-08
1.673820058997050442e+00 1.224455678316168394e-08
1.677433628318584447e+00 1.130646032603248225e-08
1.681047197640118451e+00 1.043844553423043969e-08
1.684660766961652456e+00 9.635418150399347947e-09
1.688274336283186461e+00 8.892643301480012469e-09
1.691887905604720022e+00 8.205720970024195084e-09
1.695501474926254026e+00 7.570563078831879148e-09
1.699115044247788031e+00 6.983372087167183562e-09
1.702728613569322036e+00 6.440621002920690726e-09
1.706342182890856041e+00 5.939034720849999475e-09
1.709955752212390045e+00 5.475572602466810522e-09
1.713569321533923606e+00 5.047412218266027615e-09
1.717182890855457611e+00 4.651934177821784560e-09
1.720796460176991616e+00 4.286707977831699542e-09
1.724410029498525621e+00 3.949478802478802964e-09
1.728023598820059625e+00 3.638155214521944678e-09
1.731637168141593186e+00 3.350797679331348608e-09
1.735250737463127191e+00 3.085607867667408039e-09
1.738864306784661196e+00 2.840918686374801043e-09
1.742477876106195200e+00 2.615184989333922488e-09
1.746091445427729205e+00 2.406974923999374017e-09
1.749705014749263210e+00 2.214961871661938434e-09
1.753318584070796771e+00 2.037916942209127218e-09
1.756932153392330775e+00 1.874701986643118808e-09
1.760545722713864780e+00 1.724263092945885167e-09
1.764159292035398785e+00 1.585624533073112736e-09
1.767772861356932790e+00 1.457883130918018506e-09
1.771386430678466350e+00 1.340203023018436644e-09
1.775000000000000355e+00 1.231810785597322828e-09
1.778613569321534360e+00 1.131990903230024088e-09
1.782227138643068365e+00 1.040081556031331465e-09
1.785840707964602370e+00 9.554707037561833477e-10
1.789454277286136374e+00 8.775924466152121107e-10
1.793067846607669935e+00 8.059236439267012552e-10
1.796681415929203940e+00 7.399807729640438163e-10
1.800294985250737945e+00 6.793170115182243625e-10
1.803908554572271949e+00 6.235195287820831599e-10
1.807522123893805954e+00 5.722069701818124145e-10
1.811135693215339515e+00 5.250271227355011622e-10
1.814749262536873520e+00 4.816547484122090824e-10
1.818362831858407525e+00 4.417895738017324133e-10
1.821976401179941529e+00 4.051544251884129832e-10
1.825589970501475534e+00 3.714934988554627622e-10
1.829203539823009539e+00 3.405707571318699966e-10
1.832817109144543100e+00 3.121684413355458070e-10
1.836430678466077104e+00 2.860856933662699977e-10
1.840044247787611109e+00 2.621372782628783909e-10
1.843657817109145114e+00 2.401524005633731554e-10
1.847271386430679119e+00 2.199736077967247389e-10
1.850884955752212679e+00 2.014557748928465505e-10
1.854498525073746684e+00 1.844651637248907763e-10
1.858112094395280689e+00 1.688785523974031640e-10
1.861725663716814694e+00 1.545824292666797183e-10
1.865339233038348699e+00 1.414722470278324969e-10
1.868952802359882703e+00 1.294517325278572373e-10
1.872566371681416264e+00 1.184322482670994152e-10
1.876179941002950269e+00 1.083322018342534331e-10
1.879793510324484274e+00 9.907649978371809756e-11
1.883407079646018278e+00 9.059604270996738028e-11
1.887020648967552283e+00 8.282725850282710034e-11
1.890634218289085844e+00 7.571167098110868561e-11
1.894247787610619849e+00 6.919550130111718668e-11
1.897861356932153853e+00 6.322929972195063727e-11
1.901474926253687858e+00 5.776760548217676710e-11
1.905088495575221863e+00 5.276863270329604800e-11
1.908702064896755868e+00 4.819398038507493547e-11
1.912315634218289429e+00 4.400836469716690114e-11
1.915929203539823433e+00 4.017937190106109154e-11
1.919542772861357438e+00 3.667723035705269883e-11
1.923156342182891443e+00 3.347460018305445681e-11
1.926769911504425448e+00 3.054637923643905494e-11
1.930383480825959008e+00 2.786952418705229351e-11
1.933997050147493013e+00 2.542288553970147656e-11
1.937610619469027018e+00 2.318705554819024293e-11
1.941224188790561023e+00 2.114422804080221077e-11
1.944837758112095027e+00 1.927806924943379370e-11
1.948451327433629032e+00 1.757359880171781853e-11
1.952064896755162593e+00 1.601708009781391462e-11
1.955678466076696598e+00 1.459591935140644120e-11
1.959292035398230603e+00 1.329857262816073088e-11
1.962905604719764607e+00 1.211446026470701623e-11
1.966519174041298612e+00 1.103388809745319659e-11
1.970132743362832173e+00 1.004797497339570753e-11
1.973746312684366178e+00 9.148586054848409339e-12
1.977359882005900182e+00 8.328271466864231216e-12
1.980973451327434187e+00 7.580209870278267673e-12
1.984587020648968192e+00 6.898156574952080680e-12
1.988200589970502197e+00 6.276395837122995285e-12
1.991814159292035757e+00 5.709697011921825478e-12
1.995427728613569762e+00 5.193274257271587420e-12
1.999041297935103767e+00 4.722749508671240616e-12
2.002654867256637772e+00 4.294118465916608334e-12
2.006268436578171777e+00 3.903719352764710519e-12
2.009882005899705337e+00 3.548204229000734745e-12
2.013495575221239342e+00 3.224512651440771998e-12
2.017109144542773347e+00 2.929847496195250549e-12
2.020722713864307352e+00 2.661652769115870160e-12
2.024336283185841356e+00 2.417593244848421996e-12
2.027949852507374917e+00 2.195535787387928078e-12
2.031563421828908922e+00 1.993532216559595604e-12
2.035176991150442927e+00 1.809803595500502470e-12
2.038790560471976931e+00 1.642725824052037712e-12
2.042404129793510936e+00 1.490816432058411996e-12
2.046017699115044941e+00 1.352722474952935857e-12
2.049631268436578502e+00 1.227209441755692848e-12
2.053244837758112507e+00 1.113151092750922515e-12
2.056858407079646511e+00 1.009520150704721137e-12
2.060471976401180516e+00 9.153797755648899955e-13
2.064085545722714521e+00 8.298757581935010044e-13
2.067699115044248082e+00 7.522293738544487166e-13
2.071312684365782086e+00 6.817308409460299314e-13
2.074926253687316091e+00 6.177333348633722405e-13
2.078539823008850096e+00 5.596475109245826441e-13
2.082153392330384101e+00 5.069364940261644805e-13
2.085766961651918106e+00 4.591112961292731417e-13
2.089380530973451666e+00 4.157266258436985846e-13
2.092994100294985671e+00 3.763770572903328736e-13
2.096607669616519676e+00 3.406935281055809479e-13
2.100221238938053236e+00 3.083401389197458185e-13
2.103834808259587685e+00 2.790112289133682438e-13
2.107448377581121246e+00 2.524287041454130877e-13
2.111061946902655695e+00 2.283395972692070815e-13
2.114675516224189256e+00 2.065138390199806146e-13
2.118289085545722816e+00 1.867422234827457961e-13
2.121902654867257265e+00 1.688345506433134174e-13
2.125516224188790826e+00 1.526179310979428598e-13
2.129129793510325275e+00 1.379352390585010877e-13
2.132743362831858835e+00 1.246437009489102082e-13
2.136356932153393284e+00 1.126136079526476899e-13
2.139970501474926845e+00 1.017271418484974797e-13
2.143584070796460406e+00 9.187730436870703790e-14
2.147197640117994855e+00 8.296694113727152946e-14
2.150811209439528415e+00 7.490785200165556169e-14
2.154424778761062864e+00 6.761998026453787532e-14
2.158038348082596425e+00 6.103067395819693361e-14
2.161651917404129986e+00 5.507401288728349200e-14
2.165265486725664434e+00 4.969019570060201476e-14
2.168879056047197995e+00 4.482498174268722095e-14
2.172492625368732444e+00 4.042918288532352983e-14
2.176106194690266005e+00 3.645820095089201284e-14
2.179719764011799565e+00 3.287160671662287769e-14
2.183333333333334014e+00 2.963275683437653691e-14
2.186946902654867575e+00 2.670844531697925557e-14
2.190560471976402024e+00 2.406858653185430504e-14
2.194174041297935585e+00 2.168592690790710775e-14
2.197787610619469145e+00 1.953578280432428619e-14
2.201401179941003594e+00 1.759580221206470347e-14
2.205014749262537155e+00 1.584574816199527723e-14
2.208628318584071604e+00 1.426730189946197338e-14
2.212241887905605164e+00 1.284388405506442708e-14
2.215855457227138725e+00 1.156049219674940065e-14
2.219469026548673174e+00 1.040355329040758018e-14
2.223082595870206735e+00 9.360789725947432647e-15
2.226696165191741184e+00 8.421097684431083704e-15
2.230309734513274744e+00 7.574436730226496827e-15
2.233923303834809193e+00 6.811729611075150383e-15
2.237536873156342754e+00 6.124771339370306063e-15
2.241150442477876314e+00 5.506146710433215929e-15
2.244764011799410763e+00 4.949155488900827408e-15
2.248377581120944324e+00 4.447744563068891318e-15
2.251991150442478773e+00 3.996446429745448330e-15
2.255604719764012334e+00 3.590323429390023270e-15
2.259218289085545894e+00 3.224917203484186082e-15
2.262831858407080343e+00 2.896202893669943316e-15
2.266445427728613904e+00 2.600547645566949653e-15
2.270058997050148353e+00 2.334673019723839104e-15
2.273672566371681913e+00 2.095620948195237462e-15
2.277286135693215474e+00 1.880722908066491852e-15
2.280899705014749923e+00 1.687572013161446419e-15
2.284513274336283484e+00 1.513997752407216901e-15
2.288126843657817933e+00 1.358043128137008833e-15
2.291740412979351493e+00 1.217943970195618080e-15
2.295353982300885054e+00 1.092110222266731533e-15
2.298967551622419503e+00 9.791090155501926441e-16
2.302581120943953064e+00 8.776493619365946432e-16
2.306194690265487512e+00 7.865683143100860043e-16
2.309808259587021073e+00 7.048184556936481201e-16
2.313421828908555522e+00 6.314565917543832977e-16
2.317035398230089083e+00 5.656335328300001770e-16
2.320648967551622643e+00 5.065848622172319724e-16
2.324262536873157092e+00 4.536225970809738394e-16
2.327876106194690653e+00 4.061276570793679586e-16
2.331489675516225102e+00 3.635430637367893678e-16
2.335103244837758663e+00 3.253678008064170060e-16
2.338716814159292223e+00 2.911512724084767280e-16
2.342330383480826672e+00 2.604883016740144905e-16
2.345943952802360233e+00 2.330146180175720547e-16
2.349557522123894682e+00 2.084027860573441782e-16
2.353171091445428242e+00 1.863585336430777956e-16
2.356784660766961803e+00 1.666174404808661157e-16
2.360398230088496252e+00 1.489419524982807801e-16
2.364011799410029813e+00 1.331186904068922321e-16
2.367625368731564262e+00 1.189560239232689002e-16
2.371238938053097822e+00 1.062818858326608704e-16
2.374852507374631383e+00 9.494180254716747647e-17
2.378466076696165832e+00 8.479712004617954095e-17
2.382079646017699393e+00 7.572340611232647020e-17
2.385693215339233841e+00 6.760901161062999003e-17
2.389306784660767402e+00 6.035377521980578205e-17
2.392920353982301851e+00 5.386785752852133816e-17
2.396533923303835412e+00 4.807069177085445023e-17
2.400147492625368972e+00 4.289003970706865424e-17
2.403761061946903421e+00 3.826114227065850171e-17
2.407374631268436982e+00 3.412595561097084255e-17
2.410988200589971431e+00 3.043246407278613834e-17
2.414601769911504991e+00 2.713406247904725822e-17
2.418215339233038552e+00 2.418900082855342745e-17
2.421828908554573001e+00 2.155988519449654505e-17
2.425442477876106562e+00 1.921322921886340771e-17
2.429056047197641011e+00 1.711905114812565181e-17
2.432669616519174571e+00 1.525051185290103706e-17
2.436283185840708132e+00 1.358358972334948591e-17
2.439896755162242581e+00 1.209678873765988346e-17
2.443510324483776142e+00 1.077087636712922737e-17
2.447123893805310590e+00 9.588648311870046388e-18
2.450737463126844151e+00 8.534717359502704565e-18
2.454351032448377712e+00 7.595323928340971393e-18
2.457964601769912161e+00 6.758166099422154043e-18
2.461578171091445721e+00 6.012247160765004956e-18
2.465191740412980170e+00 5.347738884748034084e-18
2.468805309734513731e+00 4.755858937601336053e-18
2.472418879056048180e+00 4.228760980534171491e-18
2.476032448377581741e+00 3.759436166715605318e-18
2.479646017699115301e+00 3.341624868695419783e-18
2.483259587020649750e+00 2.969737588319861870e-18
2.486873156342183311e+00 2.638784106992856254e-18
2.490486725663717760e+00 2.344310029415415644e-18
2.494100294985251320e+00 2.082339959728979937e-18
2.497713864306784881e+00 1.849326626214404135e-18
2.501327433628319330e+00 1.642105340212321831e-18
2.504941002949852891e+00 1.457853237479057059e-18
2.508554572271387340e+00 1.294052806466811187e-18
2.512168141592920900e+00 1.148459258641890667e-18
2.515781710914454461e+00 1.019071341475716428e-18
2.519395280235988910e+00 9.041052356822851250e-19
2.523008849557522471e+00 8.019712150749778330e-19
2.526622418879056919e+00 7.112527804920186946e-19
2.530235988200590480e+00 6.306880089663684302e-19
2.533849557522124041e+00 5.591528860201654302e-19
2.537463126843658490e+00 4.956464129565999873e-19
2.541076696165192050e+00 4.392773025668832747e-19
2.544690265486726499e+00 3.892520960182885550e-19
2.548303834808260060e+00 3.448645510593016271e-19
2.551917404129794509e+00 3.054861672683483937e-19
2.555530973451328070e+00 2.705577280652670942e-19
2.559144542772861630e+00 2.395817517586131070e-19
2.562758112094396079e+00 2.121157551643712777e-19
2.566371681415929640e+00 1.877662434327948917e-19
2.569985250737464089e+00 1.661833487783023737e-19
2.573598820058997649e+00 1.470560489285455570e-19
2.577212389380531210e+00 1.301079033884510034e-19
2.580825958702065659e+00 1.150932521394005635e-19
2.584439528023599220e+00 1.017938272395772655e-19
2.588053097345133668e+00 9.001573302887181994e-20
2.591666666666667229e+00 7.958675533273545632e-20
2.595280235988200790e+00 7.035396426026348379e-20
2.598893805309735239e+00 6.218157895318784922e-20
2.602507374631268799e+00 5.494906600946011364e-20
2.606120943952803248e+00 4.854944631868024489e-20
2.609734513274336809e+00 4.288778774333189593e-20
2.613348082595870370e+00 3.787986349230895177e-20
2.616961651917404819e+00 3.345095819133314895e-20
2.620575221238938379e+00 2.953480558486289050e-20
2.624188790560472828e+00 2.607264352975790601e-20
2.627802359882006389e+00 2.301237348380439939e-20
2.631415929203539950e+00 2.030781307103887409e-20
2.635029498525074398e+00 1.791803153815426272e-20
2.638643067846607959e+00 1.580675901719080777e-20
2.642256637168142408e+00 1.394186149325489915e-20
2.645870206489675969e+00 1.229487425438692934e-20
2.649483775811210418e+00 1.084058738505670345e-20
2.653097345132743978e+00 9.556677565039358118e-21
2.656710914454277539e+00 8.423381060476092743e-21
2.660324483775811988e+00 7.423203351767385746e-21
2.663938053097345549e+00 6.540661340677647324e-21
2.667551622418879997e+00 5.762054523059491344e-21
2.671165191740413558e+00 5.075261909662066189e-21
2.674778761061947119e+00 4.469561830648771413e-21
2.678392330383481568e+00 3.935472074352576739e-21
2.682005899705015128e+00 3.464608091487075636e-21
2.685619469026549577e+00 3.049557246203592870e-21
2.689233038348083138e+00 2.683767318312925265e-21
2.692846607669616699e+00 2.361447659585768617e-21
2.696460176991151148e+00 2.077481583960593780e-21
2.700073746312684708e+00 1.827348729024612499e-21
2.703687315634219157e+00 1.607056266418000794e-21
2.707300884955752718e+00 1.413077963691590905e-21
2.710914454277286278e+00 1.242300211297925301e-21
2.714528023598820727e+00 1.091974227311408188e-21
2.718141592920354288e+00 9.596737404763726017e-22
2.721755162241888737e+00 8.432575304682660211e-22
2.725368731563422298e+00 7.408362738801656629e-22
2.728982300884956747e+00 6.507432063571652004e-22
2.732595870206490307e+00 5.715081663470421368e-22
2.736209439528023868e+00 5.018346348601370147e-22
2.739823008849558317e+00 4.405794291148663799e-22
2.743436578171091877e+00 3.867347465798172354e-22
2.747050147492626326e+00 3.394122902458217154e-22
2.750663716814159887e+00 2.978292364479511601e-22
2.754277286135693448e+00 2.612958336283242855e-22
2.757890855457227897e+00 2.292044444685152891e-22
2.761504424778761457e+00 2.010198651566813963e-22
2.765117994100295906e+00 1.762707744926507763e-22
2.768731563421829467e+00 1.545421823386090129e-22
2.772345132743363028e+00 1.354687618317723776e-22
2.775958702064897476e+00 1.187289630002806647e-22
2.779572271386431037e+00 1.040398171518384431e-22
2.783185840707965486e+00 9.115235180405070179e-23
2.786799410029499047e+00 7.984754514507271430e-23
2.790412979351032607e+00 6.993275718460204327e-23
2.794026548672567056e+00 6.123858199718885930e-23
2.797640117994100617e+00 5.361607187600721323e-23
2.801253687315635066e+00 4.693428989918736834e-23
2.804867256637168627e+00 4.107815244509861967e-23
2.808480825958703075e+00 3.594652765070015429e-23
2.812094395280236636e+00 3.145055975407504903e-23
2.815707964601770197e+00 2.751219275578332930e-23
2.819321533923304646e+00 2.406286992577506512e-23
2.822935103244838206e+00 2.104238841846152011e-23
2.826548672566372655e+00 1.839789067906175845e-23
2.830162241887906216e+00 1.608297646528360616e-23
2.833775811209439777e+00 1.405692120173526297e-23
2.837389380530974226e+00 1.228398805858287529e-23
2.841002949852507786e+00 1.073282262588410715e-23
2.844616519174042235e+00 9.375920363069833032e-24
2.848230088495575796e+00 8.189158158963772951e-24
2.851843657817109357e+00 7.151382358988076152e-24
2.855457227138643805e+00 6.244046518358741204e-24
2.859070796460177366e+00 5.450892936835287798e-24
2.862684365781711815e+00 4.757672734157661089e-24
2.866297935103245376e+00 4.151899846458480558e-24
2.869911504424778936e+00 3.622634872213989358e-24
2.873525073746313385e+00 3.160295180185407000e-24
2.877138643067846946e+00 2.756488118751122905e-24
2.880752212389381395e+00 2.403864542689317411e-24
2.884365781710914955e+00 2.095990205700741485e-24
2.887979351032449404e+00 1.827232859931376014e-24
2.891592920353982965e+00 1.592663162082252294e-24
2.895206489675516526e+00 1.387967713403603235e-24
2.898820058997050975e+00 1.209372761579514914e-24
2.902433628318584535e+00 1.053577269367435737e-24
2.906047197640118984e+00 9.176942106786903812e-25
2.909660766961652545e+00 7.991990920474432840e-25
2.913274336283186106e+00 6.958848183188884328e-25
2.916887905604720554e+00 6.058221278357855582e-25
2.920501474926254115e+00 5.273249161130643066e-25
2.924115044247788564e+00 4.589198494784601260e-25
2.927728613569322125e+00 3.993197427511425972e-25
2.931342182890855685e+00 3.474002389027603135e-25
2.934955752212390134e+00 3.021793848379533823e-25
2.938569321533923695e+00 2.627997468543590040e-25
2.942182890855458144e+00 2.285127528049751546e-25
2.945796460176991705e+00 1.986649861998814686e-25
2.949410029498525265e+00 1.726861910764768943e-25
2.953023598820059714e+00 1.500787759921199251e-25
2.956637168141593275e+00 1.304086314372480231e-25
2.960250737463127724e+00 1.132970977609912798e-25
2.963864306784661284e+00 9.841394072397083049e-26
2.967477876106195733e+00 8.547120937733565213e-26
2.971091445427729294e+00 7.421786640815438936e-26
2.974705014749262855e+00 6.443509464681493912e-26
2.978318584070797304e+00 5.593219533090500247e-26
2.981932153392330864e+00 4.854300416202865037e-26
2.985545722713865313e+00 4.212276035437726060e-26
2.989159292035398874e+00 3.654537191150909718e-26
2.992772861356932435e+00 3.170102741770780521e-26
2.996386430678466883e+00 2.749411081260305051e-26
3.000000000000000000e+00 2.384138103823934734e-26
