1.000000000000000000e+00
9.941701246940399805e-01
9.788929579961438421e-01
9.460654008855224895e-01
8.990905085434862665e-01
8.726321305073307943e-01
8.562377111964020182e-01
8.473968664020413710e-01
8.412572209397054523e-01
8.375727611700223285e-01
8.376502385149566798e-01
8.358270841700924381e-01
8.347450929708183365e-01
8.341933945206252421e-01
8.301190554962626367e-01
8.301190554962626367e-01
8.301190554962626367e-01
8.301190554962626367e-01
8.300798357767287250e-01
8.300798357767287250e-01
8.297505795232352765e-01
8.297505795232352765e-01
8.300798357767287250e-01
8.300798357767287250e-01
8.300798357767287250e-01
8.300798357767287250e-01
8.300798357767287250e-01
8.300798357767287250e-01
8.300798357767287250e-01
8.300798357767287250e-01
8.300798357767287250e-01
8.146605468589452892e-01
8.094051458213640249e-01
7.877294631630673560e-01
7.658868016254590794e-01
7.439498252807128509e-01
7.130374422039674753e-01
7.025417625183133508e-01
6.890482319716423332e-01
6.768393375508022780e-01
6.664874616175258115e-01
6.572440704921175270e-01
6.524529319007789097e-01
6.471285342378517713e-01
6.441557269821944764e-01
6.427716990080623027e-01
6.421179148886414501e-01
6.421179148886414501e-01
6.421179148886414501e-01
6.424728954926473001e-01
6.419091432407526554e-01
6.419091432407526554e-01
6.419091432407526554e-01
6.419091432407526554e-01
6.419091432407526554e-01
6.421243774944714877e-01
6.421243774944714877e-01
6.421243774944714877e-01
6.421243774944714877e-01
6.421243774944714877e-01
6.421243774944714877e-01
6.421243774944714877e-01
6.469680759832631134e-01
6.466388197297697760e-01
6.466388197297697760e-01
6.466388197297697760e-01
6.422297069951375947e-01
6.459706607959931901e-01
6.459706607959931901e-01
6.468774380980011340e-01
6.468774380980011340e-01
6.449880923069454264e-01
6.449880923069454264e-01
6.408397040507769482e-01
6.318313011167935311e-01
6.286173360402649291e-01
6.226464683939912925e-01
6.145805803755320929e-01
6.109200688774834020e-01
6.073776272519394448e-01
6.087486980923408897e-01
6.082059644308047686e-01
6.033585992255544594e-01
6.033585992255544594e-01
6.033585992255544594e-01
6.006698604038628320e-01
6.006698604038628320e-01
6.007971117856816257e-01
6.007971117856816257e-01
6.004117224835006095e-01
6.004117224835006095e-01
6.034592227449278035e-01
6.034592227449278035e-01
6.034592227449278035e-01
6.034592227449278035e-01
6.034592227449278035e-01
6.034592227449278035e-01
6.034592227449278035e-01
6.034592227449278035e-01
6.034592227449278035e-01
6.034592227449278035e-01
6.034592227449278035e-01
6.034592227449278035e-01
5.997182689440720971e-01
5.997182689440720971e-01
5.997182689440720971e-01
6.015244144227182010e-01
6.015244144227182010e-01
6.037157141321410903e-01
6.092764551748292012e-01
6.092764551748292012e-01
6.073738954310973215e-01
6.055234227006183190e-01
6.082190213740495954e-01
6.103980102013486508e-01
6.103980102013486508e-01
6.103980102013486508e-01
6.103980102013486508e-01
6.092942805713111865e-01
6.092942805713111865e-01
6.098060453327310837e-01
6.090206699316641492e-01
6.090206699316641492e-01
6.090206699316641492e-01
6.090206699316641492e-01
6.090206699316641492e-01
6.090206699316641492e-01
6.090206699316641492e-01
6.090206699316641492e-01
6.119217610251712625e-01
6.119217610251712625e-01
6.119217610251712625e-01
6.119217610251712625e-01
6.119217610251712625e-01
6.119217610251712625e-01
6.119217610251712625e-01
6.119217610251712625e-01
6.119217610251712625e-01
6.119217610251712625e-01
6.119217610251712625e-01
6.119217610251712625e-01
6.119217610251712625e-01
6.119217610251712625e-01
6.119217610251712625e-01
6.055632362599174812e-01
6.009282172383849652e-01
5.980337926034497986e-01
5.980337926034497986e-01
5.980337926034497986e-01
5.980337926034497986e-01
5.980337926034497986e-01
5.962802310157458985e-01
5.949091601753445646e-01
5.930094705465230875e-01
5.912456031139140533e-01
5.912456031139140533e-01
5.909513694205904555e-01
5.909513694205904555e-01
5.909513694205904555e-01
5.909513694205904555e-01
5.909513694205904555e-01
5.909513694205904555e-01
5.909513694205904555e-01
5.909513694205904555e-01
5.909513694205904555e-01
5.907109098493413812e-01
5.907109098493413812e-01
5.907109098493413812e-01
5.907109098493413812e-01
5.907109098493413812e-01
5.907109098493413812e-01
5.907109098493413812e-01
5.907109098493413812e-01
5.907109098493413812e-01
5.907109098493413812e-01
5.907109098493413812e-01
5.907109098493413812e-01
5.907109098493413812e-01
5.859359865535588296e-01
5.859359865535588296e-01
5.798061552058202395e-01
5.798061552058202395e-01
5.751865460213115844e-01
5.724425876987437878e-01
5.699830817134086125e-01
5.699830817134086125e-01
5.687962013414243900e-01
5.649790669771372897e-01
5.649790669771372897e-01
5.649790669771372897e-01
5.649790669771372897e-01
5.659360277462111011e-01
5.712246452031340960e-01
5.715135645718042445e-01
5.727031372744615378e-01
5.727031372744615378e-01
5.727031372744615378e-01
5.737264751538890817e-01
5.737264751538890817e-01
5.737264751538890817e-01
5.737264751538890817e-01
5.737264751538890817e-01
5.737264751538890817e-01
5.762756065351118950e-01
5.762756065351118950e-01
5.762756065351118950e-01
5.762756065351118950e-01
5.762756065351118950e-01
5.762756065351118950e-01
5.762756065351118950e-01
5.762756065351118950e-01
5.762756065351118950e-01
5.772849677257219092e-01
5.772849677257219092e-01
5.772849677257219092e-01
5.789502559827495176e-01
5.731130990098116662e-01
5.731130990098116662e-01
5.731130990098116662e-01
5.698072102967284280e-01
5.655185195022556233e-01
5.712067657418221645e-01
5.630069945777426144e-01
5.630069945777426144e-01
5.627844057344232320e-01
5.591144047147001972e-01
5.576553788904363707e-01
5.554775454792774125e-01
5.504706326382347026e-01
5.501017231565430432e-01
5.501017231565430432e-01
5.501082830448279504e-01
5.501082830448279504e-01
5.501082830448279504e-01
5.501082830448279504e-01
5.501082830448279504e-01
5.501082830448279504e-01
5.489244739936034456e-01
5.489179141053185385e-01
5.489179141053185385e-01
5.489179141053185385e-01
5.489179141053185385e-01
5.489179141053185385e-01
5.489179141053185385e-01
5.489179141053185385e-01
5.489179141053185385e-01
5.489179141053185385e-01
5.489179141053185385e-01
5.489179141053185385e-01
5.489179141053185385e-01
