0.000000000000000000e+00
8.811256506794795662e-02
8.668754053616158084e-02
8.651393761503883839e-02
8.499340602745904250e-02
9.041613512049044565e-02
8.877067296628536608e-02
8.929901427899906985e-02
9.008384408332327509e-02
9.005969225504323328e-02
9.006818213188864941e-02
9.024624634077303698e-02
9.070325221970980401e-02
9.078299808153755812e-02
9.148950882330862677e-02
9.148950882330862677e-02
9.148950882330862677e-02
9.148950882330862677e-02
9.148447563208615685e-02
9.148447563208615685e-02
9.139278907966975896e-02
9.139278907966975896e-02
9.148447563208615685e-02
9.148447563208615685e-02
9.148447563208615685e-02
9.148447563208615685e-02
9.148447563208615685e-02
9.148447563208615685e-02
9.148447563208615685e-02
9.148447563208615685e-02
9.148447563208615685e-02
9.306540644792994643e-02
9.251415035280378951e-02
9.860728189879737482e-02
1.015875552502316648e-01
9.860182727005906145e-02
9.733216773571294611e-02
9.764353234515070479e-02
9.788126897603201260e-02
9.764592069527787410e-02
9.657786291142866908e-02
9.619732159893522316e-02
9.566007974458172469e-02
9.492580932276317718e-02
9.496545117209907738e-02
9.527183015187161430e-02
9.523813146699551535e-02
9.523813146699551535e-02
9.523813146699551535e-02
9.514698180636792235e-02
9.511618191765125463e-02
9.511618191765125463e-02
9.511618191765125463e-02
9.511618191765125463e-02
9.511618191765125463e-02
9.500890626082787727e-02
9.500890626082787727e-02
9.500890626082787727e-02
9.500890626082787727e-02
9.500890626082787727e-02
9.500890626082787727e-02
9.500890626082787727e-02
9.389114087419747623e-02
9.377912938373374196e-02
9.377912938373374196e-02
9.377912938373374196e-02
9.609977404771885556e-02
9.498943493698948359e-02
9.498943493698948359e-02
9.542795732208499138e-02
9.542795732208499138e-02
9.539389337119112688e-02
9.539389337119112688e-02
9.441551075048758290e-02
9.471683697670435498e-02
9.554177632207078164e-02
9.673162035798062164e-02
9.385933356785443327e-02
9.448345998024952619e-02
9.463221354390470574e-02
9.429742277008144880e-02
9.428716133070731698e-02
9.435411855374246926e-02
9.435411855374246926e-02
9.435411855374246926e-02
9.505204714343253036e-02
9.505204714343253036e-02
9.507134002824579877e-02
9.507134002824579877e-02
9.511231739861784884e-02
9.511231739861784884e-02
9.438002989172596113e-02
9.438002989172596113e-02
9.438002989172596113e-02
9.438002989172596113e-02
9.438002989172596113e-02
9.438002989172596113e-02
9.438002989172596113e-02
9.438002989172596113e-02
9.438002989172596113e-02
9.438002989172596113e-02
9.438002989172596113e-02
9.438002989172596113e-02
9.561505345994099347e-02
9.561505345994099347e-02
9.561505345994099347e-02
9.590737248489507316e-02
9.590737248489507316e-02
9.588093018652303623e-02
9.382546748634566780e-02
9.382546748634566780e-02
9.312237463341128951e-02
9.466874428541921516e-02
9.373851711018094113e-02
9.482957978138806254e-02
9.482957978138806254e-02
9.482957978138806254e-02
9.482957978138806254e-02
9.511326140861868506e-02
9.511326140861868506e-02
9.494624140186523620e-02
9.495537241367997539e-02
9.495537241367997539e-02
9.495537241367997539e-02
9.495537241367997539e-02
9.495537241367997539e-02
9.495537241367997539e-02
9.495537241367997539e-02
9.495537241367997539e-02
9.405850541160833134e-02
9.405850541160833134e-02
9.405850541160833134e-02
9.405850541160833134e-02
9.405850541160833134e-02
9.405850541160833134e-02
9.405850541160833134e-02
9.405850541160833134e-02
9.405850541160833134e-02
9.405850541160833134e-02
9.405850541160833134e-02
9.405850541160833134e-02
9.405850541160833134e-02
9.405850541160833134e-02
9.405850541160833134e-02
9.297098846579539277e-02
9.360051734415138214e-02
9.313501028087160794e-02
9.313501028087160794e-02
9.313501028087160794e-02
9.313501028087160794e-02
9.313501028087160794e-02
9.295201282555594358e-02
9.333631833909873665e-02
9.310913808955999238e-02
9.350980558053134661e-02
9.350980558053134661e-02
9.364115192017956335e-02
9.364115192017956335e-02
9.364115192017956335e-02
9.364115192017956335e-02
9.364115192017956335e-02
9.364115192017956335e-02
9.364115192017956335e-02
9.364115192017956335e-02
9.364115192017956335e-02
9.364033764461311693e-02
9.364033764461311693e-02
9.364033764461311693e-02
9.364033764461311693e-02
9.364033764461311693e-02
9.364033764461311693e-02
9.364033764461311693e-02
9.364033764461311693e-02
9.364033764461311693e-02
9.364033764461311693e-02
9.364033764461311693e-02
9.364033764461311693e-02
9.364033764461311693e-02
9.192432526581967300e-02
9.192432526581967300e-02
9.256996823444213485e-02
9.256996823444213485e-02
9.219918001328197832e-02
9.269734000308600674e-02
9.139402341471963842e-02
9.139402341471963842e-02
9.191548740043746502e-02
8.999539667515304986e-02
8.999539667515304986e-02
8.999539667515304986e-02
8.999539667515304986e-02
8.971912621434920132e-02
8.831977469792599844e-02
8.833575102122276368e-02
8.810025112196974428e-02
8.810025112196974428e-02
8.810025112196974428e-02
8.813090492574171542e-02
8.813090492574171542e-02
8.813090492574171542e-02
8.813090492574171542e-02
8.813090492574171542e-02
8.813090492574171542e-02
8.740433532653031634e-02
8.740433532653031634e-02
8.740433532653031634e-02
8.740433532653031634e-02
8.740433532653031634e-02
8.740433532653031634e-02
8.740433532653031634e-02
8.740433532653031634e-02
8.740433532653031634e-02
8.790102620115597398e-02
8.790102620115597398e-02
8.790102620115597398e-02
8.746404016205720777e-02
8.673478289005637221e-02
8.673478289005637221e-02
8.673478289005637221e-02
8.759803198484311659e-02
8.744812698649916116e-02
8.881851492934615677e-02
9.175418133393010989e-02
9.175418133393010989e-02
9.180250048111927852e-02
9.056598040043722930e-02
9.088575419893991925e-02
9.068159639925604809e-02
9.022519492799661867e-02
8.992223330083239097e-02
8.992223330083239097e-02
8.992064532387895881e-02
8.992064532387895881e-02
8.992064532387895881e-02
8.992064532387895881e-02
8.992064532387895881e-02
8.992064532387895881e-02
8.947304009251093315e-02
8.947462671444304794e-02
8.947462671444304794e-02
8.947462671444304794e-02
8.947462671444304794e-02
8.947462671444304794e-02
8.947462671444304794e-02
8.947462671444304794e-02
8.947462671444304794e-02
8.947462671444304794e-02
8.947462671444304794e-02
8.947462671444304794e-02
8.947462671444304794e-02
