1.000000000000000000e+00
9.792295664090079343e-01
9.097908338321027966e-01
8.139754354676240755e-01
7.211022885441785713e-01
6.548161275294839268e-01
6.002461574185964377e-01
5.872258755540474828e-01
5.780420958307734836e-01
5.764287764804491010e-01
5.760348893338012033e-01
5.760348893338012033e-01
5.768336989229670975e-01
5.768336989229670975e-01
5.768336989229670975e-01
5.768336989229670975e-01
5.768336989229670975e-01
5.768336989229670975e-01
5.768336989229670975e-01
5.768336989229670975e-01
5.768336989229670975e-01
5.768336989229670975e-01
5.768336989229670975e-01
5.768336989229670975e-01
5.768336989229670975e-01
5.768336989229670975e-01
5.768336989229670975e-01
5.768336989229670975e-01
5.586088071576194025e-01
5.533237619015779485e-01
5.416177505408995563e-01
5.323047442281497732e-01
5.273200143423754094e-01
5.183779761843139156e-01
5.054537756248405067e-01
4.975748994446023143e-01
4.921112188486571060e-01
4.875958330014072417e-01
4.875958330014072417e-01
4.830619237304119018e-01
4.800862943646895253e-01
4.792161347437781105e-01
4.800855577140414887e-01
4.800855577140414887e-01
4.799171043750716792e-01
4.799171043750716792e-01
4.799171043750716792e-01
4.799171043750716792e-01
4.799171043750716792e-01
4.799171043750716792e-01
4.799171043750716792e-01
4.799171043750716792e-01
4.799171043750716792e-01
4.799171043750716792e-01
4.799171043750716792e-01
4.865790983378657231e-01
4.865790983378657231e-01
4.865790983378657231e-01
4.865790983378657231e-01
4.865790983378657231e-01
4.865790983378657231e-01
4.865790983378657231e-01
4.865790983378657231e-01
4.917694678573022449e-01
4.917694678573022449e-01
4.932191219207518462e-01
4.932191219207518462e-01
4.937230595368242159e-01
4.937230595368242159e-01
4.937230595368242159e-01
4.913131448561929293e-01
4.895935687621962851e-01
4.895935687621962851e-01
4.860902241546581348e-01
4.851910610067723950e-01
4.851443061008993696e-01
4.851443061008993696e-01
4.851443061008993696e-01
4.851443061008993696e-01
4.851443061008993696e-01
4.851443061008993696e-01
4.851443061008993696e-01
4.851443061008993696e-01
4.851443061008993696e-01
4.851443061008993696e-01
4.851443061008993696e-01
4.851443061008993696e-01
4.851443061008993696e-01
4.851443061008993696e-01
4.851443061008993696e-01
4.851443061008993696e-01
4.851443061008993696e-01
4.851443061008993696e-01
4.851443061008993696e-01
4.851443061008993696e-01
4.851443061008993696e-01
4.851443061008993696e-01
4.797644273425771821e-01
4.814840034365738264e-01
4.814840034365738264e-01
4.814840034365738264e-01
4.814840034365738264e-01
4.814840034365738264e-01
4.808886886230173685e-01
4.808886886230173685e-01
4.808886886230173685e-01
4.808886886230173685e-01
4.808886886230173685e-01
4.808886886230173685e-01
4.808886886230173685e-01
4.808886886230173685e-01
4.808886886230173685e-01
4.808886886230173685e-01
4.808886886230173685e-01
4.808886886230173685e-01
4.808886886230173685e-01
4.808886886230173685e-01
4.808886886230173685e-01
4.808886886230173685e-01
4.808886886230173685e-01
4.808886886230173685e-01
4.808886886230173685e-01
4.808886886230173685e-01
4.808886886230173685e-01
4.791691125290206688e-01
4.791691125290206688e-01
4.791691125290206688e-01
4.791691125290206688e-01
4.791691125290206688e-01
4.791691125290206688e-01
4.791691125290206688e-01
4.791691125290206688e-01
4.791691125290206688e-01
4.791691125290206688e-01
4.791691125290206688e-01
4.791691125290206688e-01
4.791691125290206688e-01
4.791691125290206688e-01
4.791691125290206688e-01
4.791691125290206688e-01
4.759102956964901820e-01
4.759102956964901820e-01
4.759102956964901820e-01
4.759102956964901820e-01
4.735020596894871647e-01
4.698859486668262586e-01
4.698859486668262586e-01
4.698859486668262586e-01
4.698859486668262586e-01
4.698859486668262586e-01
4.698859486668262586e-01
4.698859486668262586e-01
4.698859486668262586e-01
4.698859486668262586e-01
4.698859486668262586e-01
4.698859486668262586e-01
4.698859486668262586e-01
4.698859486668262586e-01
4.698859486668262586e-01
4.698859486668262586e-01
4.698859486668262586e-01
4.698859486668262586e-01
4.698859486668262586e-01
4.698859486668262586e-01
4.698859486668262586e-01
4.698859486668262586e-01
4.698859486668262586e-01
4.698859486668262586e-01
4.698859486668262586e-01
4.698859486668262586e-01
4.698859486668262586e-01
4.698859486668262586e-01
4.698859486668262586e-01
4.698859486668262586e-01
4.698859486668262586e-01
4.698859486668262586e-01
4.698859486668262586e-01
4.698859486668262586e-01
4.698859486668262586e-01
4.698859486668262586e-01
4.679669345952475745e-01
4.672197199925687272e-01
4.672197199925687272e-01
4.660497241996650608e-01
4.660497241996650608e-01
4.660497241996650608e-01
4.660497241996650608e-01
4.660497241996650608e-01
4.660497241996650608e-01
4.660497241996650608e-01
4.660497241996650608e-01
4.656022626064424408e-01
4.656022626064424408e-01
4.656022626064424408e-01
4.656022626064424408e-01
4.656022626064424408e-01
4.704782037486923141e-01
4.704782037486923141e-01
4.704782037486923141e-01
4.704782037486923141e-01
4.704782037486923141e-01
4.704782037486923141e-01
4.704782037486923141e-01
4.704782037486923141e-01
4.704782037486923141e-01
4.704782037486923141e-01
4.704782037486923141e-01
4.704782037486923141e-01
4.704782037486923141e-01
4.714748806473848530e-01
4.714748806473848530e-01
4.714748806473848530e-01
4.714748806473848530e-01
4.714748806473848530e-01
4.667605999047741983e-01
4.667605999047741983e-01
4.658108566610350554e-01
4.658108566610350554e-01
4.658108566610350554e-01
4.658108566610350554e-01
4.658108566610350554e-01
4.658108566610350554e-01
4.658108566610350554e-01
4.658108566610350554e-01
4.658108566610350554e-01
4.658108566610350554e-01
4.609349155187852931e-01
4.609349155187852931e-01
4.609349155187852931e-01
4.609349155187852931e-01
4.609349155187852931e-01
4.609349155187852931e-01
4.609349155187852931e-01
4.609349155187852931e-01
4.609349155187852931e-01
4.609349155187852931e-01
4.609349155187852931e-01
4.609349155187852931e-01
4.609349155187852931e-01
4.609349155187852931e-01
4.609349155187852931e-01
4.609349155187852931e-01
4.609349155187852931e-01
4.609349155187852931e-01
4.609349155187852931e-01
4.609349155187852931e-01
4.609349155187852931e-01
4.609349155187852931e-01
4.609349155187852931e-01
4.595055205162172918e-01
