-7.000000000000000888e+00 2.463377799861163474e-53
-6.987389829497858251e+00 4.659456639040882989e-53
-6.974779658995713838e+00 8.798430984686519379e-53
-6.962169488493571201e+00 1.658597094338481143e-52
-6.949559317991428564e+00 3.121348677752356129e-52
-6.936949147489284151e+00 5.864208354994374398e-52
-6.924338976987141514e+00 1.099872204535320028e-51
-6.911728806484998877e+00 2.059400407471619586e-51
-6.899118635982854464e+00 3.849506880212224682e-51
-6.886508465480711827e+00 7.183484350152265581e-51
-6.873898294978569190e+00 1.338230578323126637e-50
-6.861288124476424777e+00 2.488814357840893659e-50
-6.848677953974282140e+00 4.620828163460392508e-50
-6.836067783472139503e+00 8.564714683575833008e-50
-6.823457612969995090e+00 1.584790113485200319e-49
-6.810847442467852453e+00 2.927496498764938432e-49
-6.798237271965709816e+00 5.398670215944014251e-49
-6.785627101463565403e+00 9.939007142689833859e-49
-6.773016930961422766e+00 1.826690632145846091e-48
-6.760406760459280129e+00 3.351604781690048697e-48
-6.747796589957135716e+00 6.139124034113776244e-48
-6.735186419454993079e+00 1.122602040135113793e-47
-6.722576248952850442e+00 2.049326070694093182e-47
-6.709966078450706028e+00 3.734755087060542793e-47
-6.697355907948563392e+00 6.794836649353554244e-47
-6.684745737446420755e+00 1.234132389276094129e-46
-6.672135566944276341e+00 2.237743595514338352e-46
-6.659525396442133705e+00 4.050650233145225249e-46
-6.646915225939991068e+00 7.319897851758126114e-46
-6.634305055437846654e+00 1.320538775675653273e-45
-6.621694884935704017e+00 2.378280982569363049e-45
-6.609084714433561381e+00 4.276032937159216358e-45
-6.596474543931416967e+00 7.675113391815016527e-45
-6.583864373429274330e+00 1.375290507390680168e-44
-6.571254202927131693e+00 2.460197557557113606e-44
-6.558644032424987280e+00 4.393507981407152345e-44
-6.546033861922844643e+00 7.832831099792861034e-44
-6.533423691420702006e+00 1.394093865366997986e-43
-6.520813520918557593e+00 2.477029557199763199e-43
-6.508203350416414956e+00 4.393759553330726398e-43
-6.495593179914272319e+00 7.780496579588478127e-43
-6.482983009412127906e+00 1.375448341269970923e-42
-6.470372838909985269e+00 2.427432692429240431e-42
-6.457762668407842632e+00 4.276771636075097431e-42
-6.445152497905698219e+00 7.522304058993940413e-42
-6.432542327403555582e+00 1.320844439423176254e-41
-6.419932156901412945e+00 2.315359500278536846e-41
-6.407321986399268532e+00 4.051829589254686732e-41
-6.394711815897125895e+00 7.078641154227454182e-41
-6.382101645394983258e+00 1.234566859272809735e-40
-6.369491474892838845e+00 2.149539015770487163e-40
-6.356881304390696208e+00 3.736302727024592742e-40
-6.344271133888551795e+00 6.483429540273673878e-40
-6.331660963386409158e+00 1.123139121755908078e-39
-6.319050792884266521e+00 1.942353815179953458e-39
-6.306440622382123884e+00 3.353429390695732696e-39
-6.293830451879979471e+00 5.779842876900577113e-39
-6.281220281377836834e+00 9.945095286392720462e-39
-6.268610110875692421e+00 1.708314873399268480e-38
-6.255999940373549784e+00 2.929496344147204079e-38
-6.243389769871407147e+00 5.015151661113343047e-38
-6.230779599369264510e+00 8.571192738169575949e-38
-6.218169428867120097e+00 1.462394478054325192e-37
-6.205559258364977460e+00 2.490886338699016685e-37
-6.192949087862833046e+00 4.235545831134478327e-37
-6.180338917360690409e+00 7.190034432734906422e-37
-6.167728746858547773e+00 1.218480751030343737e-36
-6.155118576356405136e+00 2.061448554335041163e-36
-6.142508405854260722e+00 3.481708939537625839e-36
-6.129898235352118085e+00 5.870546946546013036e-36
-6.117288064849973672e+00 9.881680717382647848e-36
-6.104677894347831035e+00 1.660539560639904776e-35
-6.092067723845688398e+00 2.785696515988606805e-35
-6.079457553343545761e+00 4.665353416346986362e-35
-6.066847382841401348e+00 7.800123474238322136e-35
-6.054237212339258711e+00 1.301920891272675121e-34
-6.041627041837114298e+00 2.169371409005053201e-34
-6.029016871334971661e+00 3.608688821262947866e-34
-6.016406700832829024e+00 5.992819135007273967e-34
-6.003796530330684611e+00 9.935257554852113917e-34
-5.991186359828541974e+00 1.644346431877056438e-33
-5.978576189326399337e+00 2.716900603125117582e-33
-5.965966018824254924e+00 4.481469327027359821e-33
-5.953355848322112287e+00 7.379609191678049269e-33
-5.940745677819969650e+00 1.213144583132601252e-32
-5.928135507317827013e+00 1.990939383958542325e-32
-5.915525336815682600e+00 3.261893632292799600e-32
-5.902915166313539963e+00 5.335164858951885785e-32
-5.890304995811395550e+00 8.711485003614251436e-32
-5.877694825309252913e+00 1.420047437008625834e-31
-5.865084654807110276e+00 2.310892961532940969e-31
-5.852474484304965863e+00 3.754249528172821578e-31
-5.839864313802823226e+00 6.088814968092496771e-31
-5.827254143300680589e+00 9.858452859421705964e-31
-5.814643972798536176e+00 1.593496473540522228e-30
-5.802033802296393539e+00 2.571341822843246772e-30
-5.789423631794250902e+00 4.142236530137062707e-30
-5.776813461292106489e+00 6.661566354855124480e-30
-5.764203290789963852e+00 1.069508436290670948e-29
-5.751593120287821215e+00 1.714188089623049382e-29
-5.738982949785676801e+00 2.742831595741484606e-29
-5.726372779283534165e+00 4.381332725456759239e-29
-5.713762608781391528e+00 6.986823277029316556e-29
-5.701152438279247114e+00 1.112294327605236463e-28
-5.688542267777104477e+00 1.767771538099274933e-28
-5.675932097274961841e+00 2.804781362522535383e-28
-5.663321926772818315e+00 4.442611733952877542e-28
-5.650711756270674790e+00 7.024965352706510521e-28
-5.638101585768532154e+00 1.108961591896166344e-27
-5.625491415266388628e+00 1.747653473298172366e-27
-5.612881244764245103e+00 2.749543882873402282e-27
-5.600271074262102466e+00 4.318495866896015022e-27
-5.587660903759958941e+00 6.771281881320445780e-27
-5.575050733257815416e+00 1.059926672935430970e-26
-5.562440562755672779e+00 1.656331656881046478e-26
-5.549830392253529254e+00 2.583957389018040347e-26
-5.537220221751385729e+00 4.024296467484183555e-26
-5.524610051249243092e+00 6.256928219761178561e-26
-5.511999880747099567e+00 9.711783097776725584e-26
-5.499389710244956042e+00 1.504885242018895678e-25
-5.486779539742813405e+00 2.327954085177517814e-25
-5.474169369240669880e+00 3.595109038091692302e-25
-5.461559198738526355e+00 5.542636072867956634e-25
-5.448949028236382830e+00 8.530751924242650310e-25
-5.436338857734240193e+00 1.310765266772348995e-24
-5.423728687232096668e+00 2.010616356377114432e-24
-5.411118516729953143e+00 3.078932612214819871e-24
-5.398508346227810506e+00 4.706931237050220754e-24
-5.385898175725666981e+00 7.183601510916902942e-24
-5.373288005223523456e+00 1.094493869729188516e-23
-5.360677834721380819e+00 1.664758214466564300e-23
-5.348067664219237294e+00 2.527875869958782644e-23
-5.335457493717093769e+00 3.832013927264219686e-23
-5.322847323214951132e+00 5.799161214146152322e-23
-5.310237152712807607e+00 8.761330560258972973e-23
-5.297626982210664082e+00 1.321422641338381264e-22
-5.285016811708520557e+00 1.989666220269502676e-22
-5.272406641206377920e+00 2.990787299177107462e-22
-5.259796470704234395e+00 4.488049715974645335e-22
-5.247186300202090870e+00 6.723518956928674414e-22
-5.234576129699948233e+00 1.005547207127527273e-21
-5.221965959197804708e+00 1.501326543961485114e-21
-5.209355788695661182e+00 2.237766374566936993e-21
-5.196745618193518546e+00 3.329823536888155633e-21
-5.184135447691375020e+00 4.946461139350296438e-21
-5.171525277189231495e+00 7.335587554282632222e-21
-5.158915106687088858e+00 1.086030801276769818e-20
-5.146304936184945333e+00 1.605152603997881223e-20
-5.133694765682801808e+00 2.368413204284985047e-20
-5.121084595180659171e+00 3.488715817082271111e-20
-5.108474424678515646e+00 5.130275681046899697e-20
-5.095864254176372121e+00 7.531523124114402927e-20
-5.083254083674229484e+00 1.103803941659340485e-19
-5.070643913172085959e+00 1.614983528509957537e-19
-5.058033742669942434e+00 2.358909600588451654e-19
-5.045423572167799797e+00 3.439707844735958510e-19
-5.032813401665656272e+00 5.007245539826597631e-19
-5.020203231163512747e+00 7.276848058470992686e-19
-5.007593060661370110e+00 1.055734774698491223e-18
-4.994982890159226585e+00 1.529091461599071699e-18
-4.982372719657083060e+00 2.210951574288345517e-18
-4.969762549154940423e+00 3.191480120592537634e-18
-4.957152378652796898e+00 4.599093274119107358e-18
-4.944542208150653373e+00 6.616365182018028812e-18
-4.931932037648510736e+00 9.502413145581686407e-18
-4.919321867146367211e+00 1.362434261756697216e-17
-4.906711696644223686e+00 1.950133874897036275e-17
-4.894101526142081049e+00 2.786637863229292635e-17
-4.881491355639937524e+00 3.975244950356789244e-17
-4.868881185137793999e+00 5.661278559856374339e-17
-4.856271014635651362e+00 8.048824164066732577e-17
-4.843660844133507837e+00 1.142398584507498403e-16
-4.831050673631364312e+00 1.618714251351631516e-16
-4.818440503129221675e+00 2.289760494501750390e-16
-4.805830332627078150e+00 3.233532842472844240e-16
-4.793220162124934625e+00 4.558603939976888191e-16
-4.780609991622791988e+00 6.415844513847655968e-16
-4.767999821120648463e+00 9.014532314342902283e-16
-4.755389650618504938e+00 1.264445126803569489e-15
-4.742779480116362301e+00 1.770615284581844187e-15
-4.730169309614218776e+00 2.475231839782273458e-15
-4.717559139112075250e+00 3.454419101001425784e-15
-4.704948968609932614e+00 4.812842582064318684e-15
-4.692338798107789088e+00 6.694155439852639135e-15
-4.679728627605645563e+00 9.295172435084390256e-15
-4.667118457103502926e+00 1.288506606971063405e-14
-4.654508286601359401e+00 1.783131646116786228e-14
-4.641898116099215876e+00 2.463472638004860578e-14
-4.629287945597073239e+00 3.397658094655784273e-14
-4.616677775094929714e+00 4.678204680157270581e-14
-4.604067604592786189e+00 6.430524504384488629e-14
-4.591457434090643552e+00 8.824319579631743024e-14
-4.578847263588500027e+00 1.208881495286562101e-13
-4.566237093086356502e+00 1.653308589080205263e-13
-4.553626922584213865e+00 2.257313214776902875e-13
-4.541016752082070340e+00 3.076787167845076669e-13
-4.528406581579926815e+00 4.186690302102783163e-13
-4.515796411077784178e+00 5.687376595393969161e-13
-4.503186240575640653e+00 7.712957276685196045e-13
-4.490576070073497128e+00 1.044233627212365187e-12
-4.477965899571354491e+00 1.411374457328919805e-12
-4.465355729069210966e+00 1.904384696650420055e-12
-4.452745558567067441e+00 2.565281231902682515e-12
-4.440135388064924804e+00 3.449714682204040074e-12
-4.427525217562781279e+00 4.631261289119048665e-12
-4.414915047060637754e+00 6.207022586932355605e-12
-4.402304876558495117e+00 8.304917527460921193e-12
-4.389694706056351592e+00 1.109316059962831429e-11
-4.377084535554208067e+00 1.479255787247366653e-11
-4.364474365052065430e+00 1.969242843275496751e-11
-4.351864194549921905e+00 2.617118088385950105e-11
-4.339254024047778380e+00 3.472285521632386432e-11
-4.326643853545635743e+00 4.599129406228026191e-11
-4.314033683043492218e+00 6.081405215997260193e-11
-4.301423512541348693e+00 8.027871103278603252e-11
-4.288813342039206056e+00 1.057949647905761645e-10
-4.276203171537062531e+00 1.391867161452118447e-10
-4.263593001034919006e+00 1.828095102472730828e-10
-4.250982830532776369e+00 2.396999878850910448e-10
-4.238372660030632844e+00 3.137657199007181677e-10
-4.225762489528489319e+00 4.100258653636338858e-10
-4.213152319026346682e+00 5.349156666833487078e-10
-4.200542148524203157e+00 6.966709635926056358e-10
-4.187931978022059631e+00 9.058128050259741770e-10
-4.175321807519916995e+00 1.175757019735569220e-09
-4.162711637017773469e+00 1.523579460287631481e-09
-4.150101466515629944e+00 1.970974784462186174e-09
-4.137491296013487307e+00 2.545455349266774060e-09
-4.124881125511343782e+00 3.281847381811946273e-09
-4.112270955009200257e+00 4.224154432283493523e-09
-4.099660784507057620e+00 5.427873648623679117e-09
-4.087050614004914095e+00 6.962869159664770527e-09
-4.074440443502770570e+00 8.916929422377947433e-09
-4.061830273000627933e+00 1.140016249164638243e-08
-4.049220102498484408e+00 1.455041563710802511e-08
-4.036609931996340883e+00 1.853994452455734110e-08
-4.023999761494198246e+00 2.358360341408405415e-08
-4.011389590992054721e+00 2.994888278928210970e-08
-3.998779420489911196e+00 3.796818599879451923e-08
-3.986169249987768559e+00 4.805381355443000613e-08
-3.973559079485625034e+00 6.071621461731796392e-08
-3.960948908983481509e+00 7.658617210541349870e-08
-3.948338738481338872e+00 9.644171324910746850e-08
-3.935728567979194459e+00 1.212406840963544566e-07
-3.923118397477051822e+00 1.521600975515184136e-07
-3.910508226974909185e+00 1.906435635125890283e-07
-3.897898056472764772e+00 2.384583404218178477e-07
-3.885287885970622135e+00 2.977638143433895447e-07
-3.872677715468479498e+00 3.711935192240374987e-07
-3.860067544966335085e+00 4.619531654049481585e-07
-3.847457374464192448e+00 5.739375482939380769e-07
-3.834847203962049811e+00 7.118696713615797359e-07
-3.822237033459905398e+00 8.814659436858017791e-07
-3.809626862957762761e+00 1.089631908912062244e-06
-3.797016692455620124e+00 1.344693636824732277e-06
-3.784406521953475711e+00 1.656670668112282541e-06
-3.771796351451333074e+00 2.037597254906665099e-06
-3.759186180949190437e+00 2.501899591912089341e-06
-3.746576010447046023e+00 3.066837792949477654e-06
-3.733965839944903387e+00 3.753022542850289930e-06
-3.721355669442760750e+00 4.585017651687461165e-06
-3.708745498940616336e+00 5.592041163501042350e-06
-3.696135328438473699e+00 6.808779230152676179e-06
-3.683525157936331063e+00 8.276328656634118977e-06
-3.670914987434186649e+00 1.004328585924029954e-05
-3.658304816932044012e+00 1.216700195268471690e-05
-3.645694646429901375e+00 1.471502579402351862e-05
-3.633084475927756962e+00 1.776675905470621435e-05
-3.620474305425614325e+00 2.141534975812152387e-05
-3.607864134923471688e+00 2.576985319540283712e-05
-3.595253964421327275e+00 3.095769169885326651e-05
-3.582643793919184638e+00 3.712744738680724633e-05
-3.570033623417041113e+00 4.445202466618385030e-05
-3.557423452914897588e+00 5.313222195332242609e-05
-3.544813282412754951e+00 6.340075470587739216e-05
-3.532203111910611426e+00 7.552677439705351656e-05
-3.519592941408467901e+00 8.982093044767041224e-05
-3.506982770906325264e+00 1.066410242923902948e-04
-3.494372600404181739e+00 1.263983066148351164e-04
-3.481762429902038214e+00 1.495644702539971802e-04
-3.469152259399895577e+00 1.766793922632055942e-04
-3.456542088897752052e+00 2.083596789850562239e-04
-3.443931918395608527e+00 2.453080676741879935e-04
-3.431321747893465890e+00 2.883237370295515362e-04
-3.418711577391322365e+00 3.383135768544481316e-04
-3.406101406889178840e+00 3.963044638082629471e-04
-3.393491236387036203e+00 4.634565857023727805e-04
-3.380881065884892678e+00 5.410778508783923180e-04
-3.368270895382749153e+00 6.306394117418794194e-04
-3.355660724880606516e+00 7.337923223639524102e-04
-3.343050554378462991e+00 8.523853390695129099e-04
-3.330440383876319466e+00 9.884838599723312635e-04
-3.317830213374176829e+00 1.144389984382919142e-03
-3.305220042872033304e+00 1.322663655804288659e-03
-3.292609872369889779e+00 1.526144832773375327e-03
-3.279999701867747142e+00 1.757976610055770076e-03
-3.267389531365603617e+00 2.021629188650029673e-03
-3.254779360863460091e+00 2.320924566731883028e-03
-3.242169190361317455e+00 2.660061795146590087e-03
-3.229559019859173929e+00 3.043642610462936327e-03
-3.216948849357030404e+00 3.476697226116376004e-03
-3.204338678854887767e+00 3.964710028035560614e-03
-3.191728508352744242e+00 4.513644885677606591e-03
-3.179118337850600717e+00 5.129969752956674289e-03
-3.166508167348458080e+00 5.820680196607331061e-03
-3.153897996846314555e+00 6.593321452575540489e-03
-3.141287826344171030e+00 7.456008574688255397e-03
-3.128677655842028393e+00 8.417444204767884561e-03
-3.116067485339884868e+00 9.486933460273421284e-03
-3.103457314837741343e+00 1.067439540524761123e-02
-3.090847144335598706e+00 1.199037054369433801e-02
-3.078236973833455181e+00 1.344602375237609858e-02
-3.065626803331311656e+00 1.505314205336426465e-02
-3.053016632829169019e+00 1.682412661642631105e-02
-3.040406462327025494e+00 1.877197837844044037e-02
-3.027796291824881969e+00 2.091027667248257851e-02
-3.015186121322739332e+00 2.325315027384681696e-02
-3.002575950820595807e+00 2.581524029502815787e-02
-2.989965780318452282e+00 2.861165439721799486e-02
-2.977355609816309645e+00 3.165791183300765976e-02
-2.964745439314166120e+00 3.496987889413798178e-02
-2.952135268812022595e+00 3.856369440977609753e-02
-2.939525098309879958e+00 4.245568502512912790e-02
-2.926914927807736433e+00 4.666227008726182152e-02
-2.914304757305592908e+00 5.119985607450307230e-02
-2.901694586803450271e+00 5.608472062748558196e-02
-2.889084416301306746e+00 6.133288637287458156e-02
-2.876474245799163221e+00 6.695998487422887002e-02
-2.863864075297020584e+00 7.298111119711131467e-02
-2.851253904794877059e+00 7.941066973576994814e-02
-2.838643734292733534e+00 8.626221211488577234e-02
-2.826033563790590897e+00 9.354826814980524152e-02
-2.813423393288447372e+00 1.012801710200784827e-01
-2.800813222786303847e+00 1.094678779814820258e-01
-2.788203052284161210e+00 1.181197881082056284e-01
-2.775592881782017685e+00 1.272425587167035077e-01
-2.762982711279874160e+00 1.368409222725767704e-01
-2.750372540777731523e+00 1.469175057190438560e-01
-2.737762370275587998e+00 1.574726542863215117e-01
-2.725152199773444472e+00 1.685042619431569577e-01
-2.712542029271301836e+00 1.800076107310931706e-01
-2.699931858769158310e+00 1.919752212764736232e-01
-2.687321688267014785e+00 2.043967168017717106e-01
-2.674711517764872148e+00 2.172587029542760728e-01
-2.662101347262728623e+00 2.305446657344177863e-01
-2.649491176760585098e+00 2.442348897366626581e-01
-2.636881006258442461e+00 2.583063988116043319e-01
-2.624270835756298936e+00 2.727329211181558910e-01
-2.611660665254155411e+00 2.874848803596350977e-01
-2.599050494752012774e+00 3.025294147875228767e-01
-2.586440324249869249e+00 3.178304253131223889e-01
-2.573830153747725724e+00 3.333486537918544657e-01
-2.561219983245583087e+00 3.490417922404493445e-01
-2.548609812743439562e+00 3.648646234165258129e-01
-2.535999642241296037e+00 3.807691928369448808e-01
-2.523389471739152512e+00 3.967050119404537667e-01
-2.510779301237009875e+00 4.126192917156597528e-01
-2.498169130734866350e+00 4.284572057234199427e-01
-2.485558960232722825e+00 4.441621810482964117e-01
-2.472948789730580188e+00 4.596762153229569936e-01
-2.460338619228436663e+00 4.749402175886708877e-01
-2.447728448726293138e+00 4.898943703899432678e-01
-2.435118278224150501e+00 5.044785101587755394e-01
-2.422508107722006976e+00 5.186325226290890988e-01
-2.409897937219863451e+00 5.322967497414456961e-01
-2.397287766717720814e+00 5.454124042561453445e-01
-2.384677596215577289e+00 5.579219880952970279e-01
-2.372067425713433764e+00 5.697697102853853668e-01
-2.359457255211291127e+00 5.809019002736341974e-01
-2.346847084709147602e+00 5.912674123489571887e-01
-2.334236914207004077e+00 6.008180169112437019e-01
-2.321626743704861440e+00 6.095087744037337441e-01
-2.309016573202717915e+00 6.172983878513496059e-01
-2.296406402700574390e+00 6.241495301325946654e-01
-2.283796232198431753e+00 6.300291423523344259e-01
-2.271186061696288228e+00 6.349086999738818848e-01
-2.258575891194144702e+00 6.387644437084045723e-01
-2.245965720692002066e+00 6.415775725427679266e-01
-2.233355550189858540e+00 6.433343967081591730e-01
-2.220745379687715015e+00 6.440264488452891456e-01
-2.208135209185572378e+00 6.436505521011567366e-01
-2.195525038683428853e+00 6.422088443898135157e-01
-2.182914868181285328e+00 6.397087585584183556e-01
-2.170304697679142691e+00 6.361629587120914975e-01
-2.157694527176999166e+00 6.315892334591982626e-01
-2.145084356674855641e+00 6.260103473352690573e-01
-2.132474186172713004e+00 6.194538521409861387e-01
-2.119864015670569479e+00 6.119518603813561830e-01
-2.107253845168425954e+00 6.035407834116629511e-01
-2.094643674666283317e+00 5.942610372764718374e-01
-2.082033504164139792e+00 5.841567195642063393e-01
-2.069423333661996267e+00 5.732752608885293144e-01
-2.056813163159853630e+00 5.616670548441022870e-01
-2.044202992657710105e+00 5.493850704666710660e-01
-2.031592822155566580e+00 5.364844513530641068e-01
-2.018982651653423943e+00 5.230221056657234913e-01
-2.006372481151280418e+00 5.090562912581720889e-01
-1.993762310649136893e+00 4.946462001141557763e-01
-1.981152140146994256e+00 4.798515461951869954e-01
-1.968541969644850731e+00 4.647321606429093421e-01
-1.955931799142707206e+00 4.493475980860920371e-01
-1.943321628640564569e+00 4.337567575629961980e-01
-1.930711458138421044e+00 4.180175212918110228e-01
-1.918101287636277519e+00 4.021864142110945228e-01
-1.905491117134134882e+00 3.863182868736526610e-01
-1.892880946631991357e+00 3.704660239177161030e-01
-1.880270776129847832e+00 3.546802799635995762e-01
-1.867660605627705195e+00 3.390092443995533777e-01
-1.855050435125561670e+00 3.234984361323707258e-01
-1.842440264623418145e+00 3.081905289925903069e-01
-1.829830094121275508e+00 2.931252081063441262e-01
-1.817219923619131983e+00 2.783390571813541547e-01
-1.804609753116988458e+00 2.638654763074422815e-01
-1.791999582614845821e+00 2.497346295472573918e-01
-1.779389412112702296e+00 2.359734212933200515e-01
-1.766779241610558771e+00 2.226055000970584563e-01
-1.754169071108415245e+00 2.096512884356272477e-01
-1.741558900606272609e+00 1.971280366757781344e-01
-1.728948730104129083e+00 1.850498993211044385e-01
-1.716338559601985558e+00 1.734280314909248943e-01
-1.703728389099842921e+00 1.622707034753196331e-01
-1.691118218597699396e+00 1.515834311412307678e-01
-1.678508048095555871e+00 1.413691199275602661e-01
-1.665897877593413234e+00 1.316282201617316183e-01
-1.653287707091269709e+00 1.223588914538746436e-01
-1.640677536589126184e+00 1.135571739756977144e-01
-1.628067366086983547e+00 1.052171645063118138e-01
-1.615457195584840022e+00 9.733119522436942117e-02
-1.602847025082696497e+00 8.989001334153870482e-02
-1.590236854580553860e+00 8.288295980389778772e-02
-1.577626684078410335e+00 7.629814543195433119e-02
-1.565016513576266810e+00 7.012262302390477597e-02
-1.552406343074124173e+00 6.434255410727740543e-02
-1.539796172571980648e+00 5.894336918860135915e-02
-1.527186002069837123e+00 5.390992051649116240e-02
-1.514575831567694486e+00 4.922662653803173971e-02
-1.501965661065550961e+00 4.487760738941971861e-02
-1.489355490563407436e+00 4.084681091745287485e-02
-1.476745320061264799e+00 3.711812887688097085e-02
-1.464135149559121274e+00 3.367550308840556311e-02
-1.451524979056977749e+00 3.050302147205313091e-02
-1.438914808554835112e+00 2.758500398971418244e-02
-1.426304638052691587e+00 2.490607863828745924e-02
-1.413694467550548062e+00 2.245124773052286499e-02
-1.401084297048405425e+00 2.020594478420109641e-02
-1.388474126546261900e+00 1.815608241165910658e-02
-1.375863956044118375e+00 1.628809166110109508e-02
-1.363253785541975738e+00 1.458895330894580816e-02
-1.350643615039832213e+00 1.304622163918809502e-02
-1.338033444537688688e+00 1.164804127198695166e-02
-1.325423274035546051e+00 1.038315762019061984e-02
-1.312813103533402526e+00 9.240921560042835922e-03
-1.300202933031259001e+00 8.211288901753486733e-03
-1.287592762529116364e+00 7.284815237841956240e-03
-1.274982592026972839e+00 6.452646733078035157e-03
-1.262372421524829313e+00 5.706507400348796201e-03
-1.249762251022686677e+00 5.038683382758072163e-03
-1.237152080520543151e+00 4.442004734567485229e-03
-1.224541910018399626e+00 3.909825163028415873e-03
-1.211931739516256989e+00 3.436000160486333676e-03
-1.199321569014113464e+00 3.014863922077602645e-03
-1.186711398511969939e+00 2.641205409514087773e-03
-1.174101228009827302e+00 2.310243886440984870e-03
-1.161491057507683777e+00 2.017604216170519951e-03
-1.148880887005540252e+00 1.759292178669933423e-03
-1.136270716503397615e+00 1.531670030894139410e-03
-1.123660546001254090e+00 1.331432503209968284e-03
-1.111050375499110565e+00 1.155583395003219327e-03
-1.098440204996967928e+00 1.001412904782900863e-03
-1.085830034494824403e+00 8.664758043339819199e-04
-1.073219863992680878e+00 7.485705428063864787e-04
-1.060609693490538241e+00 6.457193451065078261e-04
-1.047999522988394716e+00 5.561493495842514435e-04
-1.035389352486251191e+00 4.782748127524588081e-04
-1.022779181984108554e+00 4.106803935805644254e-04
-1.010169011481965029e+00 3.521055166898663658e-04
-9.975588409798215039e-01 3.014298024439988660e-04
-9.849486704776788670e-01 2.576595423617009952e-04
-9.723384999755353419e-01 2.199151903557942489e-04
-9.597283294733918169e-01 1.874198338907591540e-04
-9.471181589712491800e-01 1.594886041171262800e-04
-9.345079884691056549e-01 1.355189802484423663e-04
-9.218978179669621298e-01 1.149819407611876086e-04
-9.092876474648186047e-01 9.741391228955024279e-05
-8.966774769626759678e-01 8.240946622951861832e-05
-8.840673064605324427e-01 6.961471294129489590e-05
-8.714571359583889176e-01 5.872134393387670845e-05
-8.588469654562462807e-01 4.946127342706383378e-05
-8.462367949541027556e-01 4.160183211921340200e-05
-8.336266244519592306e-01 3.494146775733873164e-05
-8.210164539498165936e-01 2.930590913212701741e-05
-8.084062834476730686e-01 2.454475233536524106e-05
-7.957961129455295435e-01 2.052843046046860806e-05
-7.831859424433869066e-01 1.714553034591978446e-05
-7.705757719412433815e-01 1.430042241146330627e-05
-7.579656014390998564e-01 1.191117207994446929e-05
-7.453554309369572195e-01 9.907703682275574163e-06
-7.327452604348136944e-01 8.230190083629447247e-06
-7.201350899326701693e-01 6.827643525325090279e-06
-7.075249194305275324e-01 5.656685333466494538e-06
-6.949147489283840073e-01 4.680474190886162575e-06
-6.823045784262404823e-01 3.867774595567133355e-06
-6.696944079240978454e-01 3.192148931869982504e-06
-6.570842374219543203e-01 2.631258258588034941e-06
-6.444740669198107952e-01 2.166258470307059851e-06
-6.318638964176681583e-01 1.781279917782898885e-06
-6.192537259155246332e-01 1.462979882532764967e-06
-6.066435554133811081e-01 1.200158495156283364e-06
-5.940333849112384712e-01 9.834297714924345438e-07
-5.814232144090949461e-01 8.049404216215357288e-07
-5.688130439069514210e-01 6.581299703615240130e-07
-5.562028734048087841e-01 5.375265209340462056e-07
-5.435927029026652590e-01 4.385732026015543394e-07
-5.309825324005217340e-01 3.574809749629848044e-07
-5.183723618983790971e-01 2.911040227550249837e-07
-5.057621913962355720e-01 2.368344717273011373e-07
-4.931520208940920469e-01 1.925135944475313223e-07
-4.805418503919494100e-01 1.563570604305729539e-07
-4.679316798898058849e-01 1.268921231057874984e-07
-4.553215093876623598e-01 1.029049318064239198e-07
-4.427113388855197229e-01 8.339641477644841533e-08
-4.301011683833761978e-01 6.754540336705249611e-08
-4.174909978812326727e-01 5.467786199516896479e-08
-4.048808273790900358e-01 4.424125656700316117e-08
-3.922706568769465107e-01 3.578323910235358559e-08
-3.796604863748029857e-01 2.893395108462971252e-08
-3.670503158726603488e-01 2.339135516434242247e-08
-3.544401453705168237e-01 1.890909654192781335e-08
-3.418299748683732986e-01 1.528647367593657730e-08
-3.292198043662306617e-01 1.236016469875516007e-08
-3.166096338640871366e-01 9.997412655699582267e-09
-3.039994633619436115e-01 8.090420803912862199e-09
-2.913892928598009746e-01 6.551749931351139707e-09
-2.787791223576574495e-01 5.310544044539597757e-09
-2.661689518555139244e-01 4.309439749644953694e-09
-2.535587813533712875e-01 3.502039014902176269e-09
-2.409486108512277625e-01 2.850845445117184826e-09
-2.283384403490842374e-01 2.325581316776064218e-09
-2.157282698469416005e-01 1.901816927310605177e-09
-2.031180993447980754e-01 1.559855743072409228e-09
-1.907296212577645478e-01 1.288188898705033588e-09
-1.790751809198734557e-01 1.079811906759045816e-09
-1.681328766829025823e-01 9.182910346018230663e-10
-1.578591939883211837e-01 7.916018305563314056e-10
-1.482132772030496648e-01 6.911378276635737708e-10
-1.391567671477560997e-01 6.106589987124455348e-10
-1.306536485528615454e-01 5.455849990569209750e-10
-1.226701068356443602e-01 4.925139492895680788e-10
-1.151743936288669723e-01 4.488906882333735229e-10
-1.081367005261812397e-01 4.127753317484557347e-10
-1.015290405422311915e-01 3.826799588192589158e-10
-9.532513681604738720e-02 3.574521066511428826e-10
-8.950031811513789459e-02 3.361907854749046930e-10
-8.403142072473115953e-02 3.181853269289394072e-10
-7.889669633199995757e-02 3.028704288695660435e-10
-7.407572553895482026e-02 2.897928012325556220e-10
-6.954933666007066806e-02 2.785861993613073741e-10
-6.529952948172380867e-02 2.689525759153281639e-10
-6.130940368025181858e-02 2.606477346933811209e-10
-5.756309161397969026e-02 2.534703242607289941e-10
-5.404569522193657799e-02 2.472533289472821268e-10
-5.074322677833183887e-02 2.418574415696542608e-10
-4.764255326718694339e-02 2.371658644668702604e-10
-4.473134415591366320e-02 2.330802024328929648e-10
-4.199802236014917034e-02 2.295171961471422829e-10
-3.943171820485173729e-02 2.264061069420521255e-10
-3.702222619856760516e-02 2.236866096307606881e-10
-3.475996444897584692e-02 2.213070841749914605e-10
-3.263593655831751456e-02 2.192232224156387210e-10
-3.064169584717604811e-02 2.173968852145695638e-10
-2.876931176433708895e-02 2.157951598201233638e-10
-2.701133834915109624e-02 2.143895782705880177e-10
-2.536078462097863737e-02 2.131554660654542304e-10
-2.381108677796769241e-02 2.120713968064281783e-10
-2.235608209460499679e-02 2.111187335146173665e-10
-2.098998441423788677e-02 2.102812412197992681e-10
-1.970736113910750986e-02 2.095447584564634146e-10
-1.850311162639044910e-02 2.088969176873380474e-10
-1.737244690433337180e-02 2.083269065582375482e-10
-1.631087062781888183e-02 2.078252633815947343e-10
-1.531416119762810286e-02 2.073837014366221644e-10
-1.437835497229224616e-02 2.069949576278450124e-10
-1.349973050577157364e-02 2.066526618115759632e-10
-1.267479374828037013e-02 2.063512237212615877e-10
-1.190026415140387275e-02 2.060857349276788068e-10
-1.117306162225225469e-02 2.058518836828053357e-10
-1.049029427477177374e-02 2.056458808349336555e-10
-9.849246929502866038e-03 2.054643952821744336e-10
-9.247370316051994887e-03 2.053044976630643175e-10
-8.682270935339195597e-03 2.051636111758593893e-10
-8.151701541304996398e-03 2.050394685792379287e-10
-7.653552204225974771e-03 2.049300745625317891e-10
-7.185841920100037063e-03 2.048336727876334487e-10
-6.746710732733945948e-03 2.047487170012998302e-10
-6.334412337204842376e-03 2.046738456985169260e-10
-5.947307135282262590e-03 2.046078598874386166e-10
-5.583855715193143839e-03 2.045497035661280953e-10
-5.242612729801200168e-03 2.044984465724815555e-10
-4.922221148855803613e-03 2.044532695127322671e-10
-4.621406862452884928e-03 2.044134505118393132e-10
-4.338973614247355545e-03 2.043783535618132610e-10
-4.073798244268176869e-03 2.043474182723432387e-10
-3.824826222417472815e-03 2.043201508527471315e-10
-3.591067454892035368e-03 2.042961161755236824e-10
-3.371592346850472034e-03 2.042749307904419788e-10
-3.165528105668122608e-03 2.042562567742684129e-10
-2.972055270078842893e-03 2.042397963153279145e-10
-2.790404451401243442e-03 2.042252869444746503e-10
-2.619853273889739126e-03 2.042124973348216693e-10
-2.459723502043294555e-03 2.042012236019925475e-10
-2.309378343447928035e-03 2.041912860449658488e-10
-2.168219916426995363e-03 2.041825262748012745e-10
-2.035686872428882702e-03 2.041748046849040853e-10
-1.911252163696946192e-03 2.041679982220563758e-10
-1.794420947344431763e-03 2.041619984223559900e-10
-1.684728617499294890e-03 2.041567096804894135e-10
-1.581738957693386684e-03 2.041520477245399965e-10
-1.485042406148618429e-03 2.041479382718971878e-10
-1.394254427061488973e-03 2.041443158446870584e-10
-1.309013981409089993e-03 2.041411227258042199e-10
-1.228982091195453740e-03 2.041383080387910594e-10
-1.153840491428526288e-03 2.041358269368779319e-10
-1.083290364467113165e-03 2.041336398882123092e-10
-1.017051151704679570e-03 2.041317120458539074e-10
-9.548594378642998991e-04 2.041300126924848004e-10
-8.964679034679587247e-04 2.041285147509478077e-10
-8.416443413144891576e-04 2.041271943528242673e-10
-7.901707330548732918e-04 2.041260304581543705e-10
-7.418423821927417998e-04 2.041250045202293017e-10
-6.964671000622763746e-04 2.041241001901340071e-10
-6.538644415463101345e-04 2.041233030562896816e-10
-6.138649874953195544e-04 2.041226004148760715e-10
-5.763096709937077546e-04 2.041219810674655632e-10
-5.410491447940707658e-04 2.041214351426295605e-10
-5.079431874039339089e-04 2.041209539387031863e-10
-4.768601454631505969e-04 2.041205297851576179e-10
-4.476764101943878299e-04 2.041201559204271394e-10
-4.202759258447686459e-04 2.041198263842006356e-10
-3.945497281637799845e-04 2.041195359224707447e-10
-3.703955110821903832e-04 2.041192799038458758e-10
-3.477172198687347553e-04 2.041190542457742803e-10
-3.264246691466341703e-04 2.041188553495071056e-10
-3.064331842509692436e-04 2.041186800427733568e-10
-2.876632645006474724e-04 2.041185255292430129e-10
-2.700402670458676067e-04 2.041183893439770954e-10
-2.534941100338807115e-04 2.041182693141689524e-10
-2.379589939125882462e-04 2.041181635245135668e-10
-2.233731397636618432e-04 2.041180702867061504e-10
-2.096785436246481258e-04 2.041179881125371892e-10
-1.968207458230403738e-04 2.041179156901838192e-10
-1.847486144050079770e-04 2.041178518633041801e-10
-1.734141417975726429e-04 2.041177956126195151e-10
-1.627722538955931274e-04 2.041177460396638722e-10
-1.527806308143372189e-04 2.041177023524708292e-10
-1.433995385948514170e-04 2.041176638529552407e-10
-1.345916711928507147e-04 2.041176299257836790e-10
-1.263220021227506255e-04 2.041176000285662682e-10
-1.185576451668948804e-04 2.041175736832182828e-10
-1.112677235960431003e-04 2.041175504683333870e-10
-1.044232473810362147e-04 2.041175300124669796e-10
-9.799699790736354202e-05 2.041175119882172260e-10
-9.196341973416139544e-05 2.041174961070038941e-10
-8.629851896719176359e-05 2.041174821144633103e-10
-8.097976784167412539e-05 2.041174697864005515e-10
-7.598601513551331310e-05 2.041174589252055038e-10
-7.129740205665540287e-05 2.041174493567063713e-10
-6.689528327009240302e-05 2.041174409273901420e-10
-6.276215275045356852e-05 2.041174335019514194e-10
-5.888157416531500463e-05 2.041174269611386247e-10
-5.523811551239205268e-05 2.041174211998461827e-10
-5.181728775067791524e-05 2.041174161254384985e-10
-4.860548718147756638e-05 2.041174116562751202e-10
-4.558994135021126844e-05 2.041174077204002011e-10
-4.275865825384858419e-05 2.041174042544004210e-10
-4.010037865198160146e-05 2.041174012023897774e-10
-3.760453129189908716e-05 2.041173985151153518e-10
-3.526119086959958525e-05 2.041173961491735299e-10
-3.306103855956327154e-05 2.041173940663129727e-10
-3.099532495632644548e-05 2.041173922328255791e-10
-2.905583528048395544e-05 2.041173906190076036e-10
-2.723485671075096226e-05 2.041173891986862244e-10
-2.552514771217800657e-05 2.041173879487937006e-10
-2.391990923854284747e-05 2.041173868490078848e-10
-2.241275769439721272e-05 2.041173858814221521e-10
-2.099769954925015053e-05 2.041173850302567656e-10
-1.966910750293300909e-05 2.041173842816087321e-10
-1.842169810736080741e-05 2.041173836232321337e-10
-1.725051075570132930e-05 2.041173830443342281e-10
-1.615088795539561633e-05 2.041173825354094693e-10
-1.511845680657980123e-05 2.041173820880821881e-10
-1.414911161225593266e-05 2.041173816949751744e-10
-1.323899755105558475e-05 2.041173813495894510e-10
-1.238449534766613459e-05 2.041173810462034613e-10
-1.158220687996078599e-05 2.041173807797721532e-10
-1.082894166559426607e-05 2.041173805458574960e-10
-1.012170417432434343e-05 2.041173803405486313e-10
-9.457681915605696142e-06 2.041173801604024716e-10
-8.834234254082606896e-06 2.041173800023856422e-10
-8.248881908502043135e-06 2.041173798638265565e-10
-7.699297092288845179e-06 2.041173797423786065e-10
-7.183294256573823982e-06 2.041173796359707129e-10
-6.698821398861734940e-06 2.041173795427790199e-10
-6.243951902777456888e-06 2.041173794612045876e-10
-5.816876876438485798e-06 2.041173793898325750e-10
-5.415897958985060038e-06 2.041173793274222114e-10
-5.039420566662596439e-06 2.041173792728821353e-10
-4.685947551597296836e-06 2.041173792252485778e-10
-4.354073248047161842e-06 2.041173791836774529e-10
-4.042477882453245495e-06 2.041173791474254354e-10
-3.749922325059951160e-06 2.041173791158377342e-10
-3.475243162234227762e-06 2.041173790883385284e-10
-3.217348069887064443e-06 2.041173790644224104e-10
-2.975211469598384632e-06 2.041173790436455463e-10
-2.747870450171603521e-06 2.041173790256185407e-10
-2.534420938398601179e-06 2.041173790099940036e-10
-2.334014103807039897e-06 2.041173789964768385e-10
-2.145852983093271333e-06 2.041173789847957816e-10
-1.969189310816785935e-06 2.041173789747224278e-10
-1.803320543752548581e-06 2.041173789660530063e-10
-1.647587067068355029e-06 2.041173789586062353e-10
-1.501369571216668681e-06 2.041173789522254674e-10
-1.364086589109387048e-06 2.041173789467750710e-10
-1.235192183781944781e-06 2.041173789421325456e-10
-1.114173777351006344e-06 2.041173789381934082e-10
-1.000550112631961414e-06 2.041173789348641613e-10
-8.938693393104654022e-07 2.041173789320628107e-10
-7.937072170570570337e-07 2.041173789297205196e-10
-6.996654284390261791e-07 2.041173789277748874e-10
-6.113699949207071113e-07 2.041173789261708032e-10
-5.284697896529079203e-07 2.041173789248625913e-10
-4.506351411371571005e-07 2.041173789238060231e-10
-3.775565222121384326e-07 2.041173789229677273e-10
-3.089433191486484405e-07 2.041173789223158055e-10
-2.445226759580218821e-07 2.041173789218212291e-10
-1.840384093183425875e-07 2.041173789214615606e-10
-1.272499898032904365e-07 2.041173789212164567e-10
-7.393158536218592144e-08 2.041173789210677968e-10
-2.387116324756687046e-08 2.041173789209988823e-10
2.387116324756687046e-08 2.041173789209988823e-10
7.393158536217865548e-08 2.041173789210677968e-10
1.272499898032904365e-07 2.041173789212164567e-10
1.840384093183425875e-07 2.041173789214615606e-10
2.445226759580130942e-07 2.041173789218212291e-10
3.089433191486484405e-07 2.041173789223158055e-10
3.775565222121384326e-07 2.041173789229677273e-10
4.506351411371465126e-07 2.041173789238060231e-10
5.284697896529079203e-07 2.041173789248625913e-10
6.113699949207071113e-07 2.041173789261708032e-10
6.996654284390133677e-07 2.041173789277748874e-10
7.937072170570570337e-07 2.041173789297205196e-10
8.938693393104654022e-07 2.041173789320628107e-10
1.000550112631946167e-06 2.041173789348641613e-10
1.114173777351006344e-06 2.041173789381934082e-10
1.235192183781944781e-06 2.041173789421325456e-10
1.364086589109368413e-06 2.041173789467750710e-10
1.501369571216668681e-06 2.041173789522254674e-10
1.647587067068355029e-06 2.041173789586062353e-10
1.803320543752526134e-06 2.041173789660530063e-10
1.969189310816785935e-06 2.041173789747224278e-10
2.145852983093271333e-06 2.041173789847957816e-10
2.334014103807012369e-06 2.041173789964768385e-10
2.534420938398601179e-06 2.041173790099940036e-10
2.747870450171603521e-06 2.041173790256185407e-10
2.975211469598351597e-06 2.041173790436455463e-10
3.217348069887064443e-06 2.041173790644224104e-10
3.475243162234227762e-06 2.041173790883385284e-10
3.749922325059911349e-06 2.041173791158377342e-10
4.042477882453245495e-06 2.041173791474254354e-10
4.354073248047161842e-06 2.041173791836774529e-10
4.685947551597248555e-06 2.041173792252485778e-10
5.039420566662596439e-06 2.041173792728821353e-10
5.415897958985004981e-06 2.041173793274222114e-10
5.816876876438427352e-06 2.041173793898325750e-10
6.243951902777456888e-06 2.041173794612045876e-10
6.698821398861668871e-06 2.041173795427790199e-10
7.183294256573753678e-06 2.041173796359707129e-10
7.699297092288845179e-06 2.041173797423786065e-10
8.248881908501963514e-06 2.041173798638265565e-10
8.834234254082522193e-06 2.041173800023856422e-10
9.457681915605696142e-06 2.041173801604024716e-10
1.012170417432424687e-05 2.041173803405486313e-10
1.082894166559416273e-05 2.041173805458574960e-10
1.158220687996078599e-05 2.041173807797721532e-10
1.238449534766601939e-05 2.041173810462034613e-10
1.323899755105545939e-05 2.041173813495894510e-10
1.414911161225593266e-05 2.041173816949751744e-10
1.511845680657965724e-05 2.041173820880821881e-10
1.615088795539546725e-05 2.041173825354094693e-10
1.725051075570132930e-05 2.041173830443342281e-10
1.842169810736063801e-05 2.041173836232321337e-10
1.966910750293282952e-05 2.041173842816087321e-10
2.099769954925015053e-05 2.041173850302567656e-10
2.241275769439700604e-05 2.041173858814221521e-10
2.391990923854262385e-05 2.041173868490078848e-10
2.552514771217800657e-05 2.041173879487937006e-10
2.723485671075071492e-05 2.041173891986862244e-10
2.905583528048369117e-05 2.041173906190076036e-10
3.099532495632644548e-05 2.041173922328255791e-10
3.306103855956297338e-05 2.041173940663129727e-10
3.526119086959926676e-05 2.041173961491735299e-10
3.760453129189908716e-05 2.041173985151153518e-10
4.010037865198123555e-05 2.041174012023897774e-10
4.275865825384819795e-05 2.041174042544004210e-10
4.558994135021126844e-05 2.041174077204002011e-10
4.860548718147712592e-05 2.041174116562751202e-10
5.181728775067744768e-05 2.041174161254384985e-10
5.523811551239205268e-05 2.041174211998461827e-10
5.888157416531447608e-05 2.041174269611386247e-10
6.276215275045299931e-05 2.041174335019514194e-10
6.689528327009240302e-05 2.041174409273901420e-10
7.129740205665476590e-05 2.041174493567063713e-10
7.598601513551263547e-05 2.041174589252055038e-10
8.097976784167412539e-05 2.041174697864005515e-10
8.629851896719099109e-05 2.041174821144633103e-10
9.196341973416056873e-05 2.041174961070038941e-10
9.799699790736354202e-05 2.041175119882172260e-10
1.044232473810352796e-04 2.041175300124669796e-10
1.112677235960420974e-04 2.041175504683333870e-10
1.185576451668948804e-04 2.041175736832182828e-10
1.263220021227494871e-04 2.041176000285662682e-10
1.345916711928494950e-04 2.041176299257836790e-10
1.433995385948514170e-04 2.041176638529552407e-10
1.527806308143358637e-04 2.041177023524708292e-10
1.627722538955916909e-04 2.041177460396638722e-10
1.734141417975726429e-04 2.041177956126195151e-10
1.847486144050063236e-04 2.041178518633041801e-10
1.968207458230386390e-04 2.041179156901838192e-10
2.096785436246481258e-04 2.041179881125371892e-10
2.233731397636598375e-04 2.041180702867061504e-10
2.379589939125861320e-04 2.041181635245135668e-10
2.534941100338807115e-04 2.041182693141689524e-10
2.700402670458652214e-04 2.041183893439770954e-10
2.876632645006474724e-04 2.041185255292430129e-10
3.064331842509692436e-04 2.041186800427733568e-10
3.264246691466312429e-04 2.041188553495071056e-10
3.477172198687347553e-04 2.041190542457742803e-10
3.703955110821903832e-04 2.041192799038458758e-10
3.945497281637764609e-04 2.041195359224707447e-10
4.202759258447686459e-04 2.041198263842006356e-10
4.476764101943878299e-04 2.041201559204271394e-10
4.768601454631463685e-04 2.041205297851576179e-10
5.079431874039339089e-04 2.041209539387031863e-10
5.410491447940683806e-04 2.041214351426295605e-10
5.763096709937052609e-04 2.041219810674655632e-10
6.138649874953195544e-04 2.041226004148760715e-10
6.538644415463072072e-04 2.041233030562896816e-10
6.964671000622733388e-04 2.041241001901340071e-10
7.418423821927417998e-04 2.041250045202293017e-10
7.901707330548697139e-04 2.041260304581543705e-10
8.416443413144852545e-04 2.041271943528242673e-10
8.964679034679587247e-04 2.041285147509478077e-10
9.548594378642956708e-04 2.041300126924848004e-10
1.017051151704675017e-03 2.041317120458539074e-10
1.083290364467113165e-03 2.041336398882123092e-10
1.153840491428521084e-03 2.041358269368779319e-10
1.228982091195448319e-03 2.041383080387910594e-10
1.309013981409089993e-03 2.041411227258042199e-10
1.394254427061482901e-03 2.041443158446870584e-10
1.485042406148611707e-03 2.041479382718971878e-10
1.581738957693386684e-03 2.041520477245399965e-10
1.684728617499287517e-03 2.041567096804894135e-10
1.794420947344423523e-03 2.041619984223559900e-10
1.911252163696946192e-03 2.041679982220563758e-10
2.035686872428873594e-03 2.041748046849040853e-10
2.168219916426985822e-03 2.041825262748012745e-10
2.309378343447928035e-03 2.041912860449658488e-10
2.459723502043281544e-03 2.042012236019925475e-10
2.619853273889716141e-03 2.042124973348216693e-10
2.790404451401243442e-03 2.042252869444746503e-10
2.972055270078832485e-03 2.042397963153279145e-10
3.165528105668094852e-03 2.042562567742684129e-10
3.371592346850472034e-03 2.042749307904419788e-10
3.591067454892016286e-03 2.042961161755236824e-10
3.824826222417438987e-03 2.043201508527471315e-10
4.073798244268176869e-03 2.043474182723432387e-10
4.338973614247340800e-03 2.043783535618132610e-10
4.621406862452843295e-03 2.044134505118393132e-10
4.922221148855803613e-03 2.044532695127322671e-10
5.242612729801172412e-03 2.044984465724815555e-10
5.583855715193094399e-03 2.045497035661280953e-10
5.947307135282262590e-03 2.046078598874386166e-10
6.334412337204820692e-03 2.046738456985169260e-10
6.746710732733886100e-03 2.047487170012998302e-10
7.185841920100037063e-03 2.048336727876334487e-10
7.653552204225934005e-03 2.049300745625317891e-10
8.151701541304925275e-03 2.050394685792379287e-10
8.682270935339195597e-03 2.051636111758593893e-10
9.247370316051963662e-03 2.053044976630643175e-10
9.849246929502777567e-03 2.054643952821744336e-10
1.049029427477177374e-02 2.056458808349336555e-10
1.117306162225219397e-02 2.058518836828053357e-10
1.190026415140376694e-02 2.060857349276788068e-10
1.267479374828037013e-02 2.063512237212615877e-10
1.349973050577152334e-02 2.066526618115759632e-10
1.437835497229211779e-02 2.069949576278450124e-10
1.531416119762810286e-02 2.073837014366221644e-10
1.631087062781879510e-02 2.078252633815947343e-10
1.737244690433321567e-02 2.083269065582375482e-10
1.850311162639044910e-02 2.088969176873380474e-10
1.970736113910743700e-02 2.095447584564634146e-10
2.098998441423769942e-02 2.102812412197992681e-10
2.235608209460499679e-02 2.111187335146173665e-10
2.381108677796757098e-02 2.120713968064281783e-10
2.536078462097841185e-02 2.131554660654542304e-10
2.701133834915109624e-02 2.143895782705880177e-10
2.876931176433698834e-02 2.157951598201225883e-10
3.064169584717577749e-02 2.173968852145695638e-10
3.263593655831751456e-02 2.192232224156387210e-10
3.475996444897566651e-02 2.213070841749914605e-10
3.702222619856727903e-02 2.236866096307598868e-10
3.943171820485173729e-02 2.264061069420521255e-10
4.199802236014902462e-02 2.295171961471422829e-10
4.473134415591326768e-02 2.330802024328929648e-10
4.764255326718694339e-02 2.371658644668702604e-10
5.074322677833156825e-02 2.418574415696542608e-10
5.404569522193609227e-02 2.472533289472803691e-10
5.756309161397969026e-02 2.534703242607289941e-10
6.130940368025160347e-02 2.606477346933802420e-10
6.529952948172323968e-02 2.689525759153272333e-10
6.954933666007066806e-02 2.785861993613073741e-10
7.407572553895443168e-02 2.897928012325545880e-10
7.889669633199926368e-02 3.028704288695638721e-10
8.403142072473115953e-02 3.181853269289394072e-10
8.950031811513757540e-02 3.361907854749035040e-10
9.532513681604654066e-02 3.574521066511390569e-10
1.015290405422311915e-01 3.826799588192589158e-10
1.081367005261806707e-01 4.127753317484527878e-10
1.151743936288659592e-01 4.488906882333687666e-10
1.226701068356443602e-01 4.925139492895680788e-10
1.306536485528610736e-01 5.455849990569171493e-10
1.391567671477548507e-01 6.106589987124346780e-10
1.482132772030496648e-01 6.911378276635737708e-10
1.578591939883203232e-01 7.916018305563201353e-10
1.681328766829011112e-01 9.182910346018002154e-10
1.790751809198728173e-01 1.079811906759034442e-09
1.907296212577638539e-01 1.288188898705015184e-09
2.031180993447962990e-01 1.559855743072370557e-09
2.157282698469407123e-01 1.901816927310578294e-09
2.283384403490833492e-01 2.325581316776031131e-09
2.409486108512259861e-01 2.850845445117103762e-09
2.535587813533703994e-01 3.502039014902139046e-09
2.661689518555130363e-01 4.309439749644876766e-09
2.787791223576556732e-01 5.310544044539447210e-09
2.913892928598000864e-01 6.551749931351023074e-09
3.039994633619427233e-01 8.090420803912748048e-09
3.166096338640853602e-01 9.997412655699297717e-09
3.292198043662297735e-01 1.236016469875494004e-08
3.418299748683724104e-01 1.528647367593635892e-08
3.544401453705150473e-01 1.890909654192740969e-08
3.670503158726594606e-01 2.339135516434208829e-08
3.796604863748020975e-01 2.893395108462919967e-08
3.922706568769447344e-01 3.578323910235244077e-08
4.048808273790891477e-01 4.424125656700238031e-08
4.174909978812317846e-01 5.467786199516838246e-08
4.301011683833744215e-01 6.754540336705081528e-08
4.427113388855188347e-01 8.339641477644693302e-08
4.553215093876614716e-01 1.029049318064224639e-07
4.679316798898041085e-01 1.268921231057838985e-07
4.805418503919485218e-01 1.563570604305698835e-07
4.931520208940911587e-01 1.925135944475279077e-07
5.057621913962337956e-01 2.368344717272944140e-07
5.183723618983782089e-01 2.911040227550208544e-07
5.309825324005208458e-01 3.574809749629784517e-07
5.435927029026652590e-01 4.385732026015543394e-07
5.562028734048078960e-01 5.375265209340395352e-07
5.688130439069505329e-01 6.581299703615170249e-07
5.814232144090949461e-01 8.049404216215357288e-07
5.940333849112375830e-01 9.834297714924169679e-07
6.066435554133802199e-01 1.200158495156266423e-06
6.192537259155246332e-01 1.462979882532764967e-06
6.318638964176672701e-01 1.781279917782873685e-06
6.444740669198099070e-01 2.166258470307033170e-06
6.570842374219543203e-01 2.631258258588034941e-06
6.696944079240969572e-01 3.192148931869948623e-06
6.823045784262395941e-01 3.867774595567085074e-06
6.949147489283840073e-01 4.680474190886162575e-06
7.075249194305266442e-01 5.656685333466434398e-06
7.201350899326692812e-01 6.827643525325005576e-06
7.327452604348136944e-01 8.230190083629447247e-06
7.453554309369563313e-01 9.907703682275379345e-06
7.579656014390989682e-01 1.191117207994429989e-05
7.705757719412433815e-01 1.430042241146330627e-05
7.831859424433860184e-01 1.714553034591954052e-05
7.957961129455286553e-01 2.052843046046846237e-05
8.084062834476730686e-01 2.454475233536524106e-05
8.210164539498157055e-01 2.930590913212670232e-05
8.336266244519583424e-01 3.494146775733823697e-05
8.462367949541027556e-01 4.160183211921340200e-05
8.588469654562453925e-01 4.946127342706304095e-05
8.714571359583880295e-01 5.872134393387586819e-05
8.840673064605324427e-01 6.961471294129489590e-05
8.966774769626750796e-01 8.240946622951745280e-05
9.092876474648177165e-01 9.741391228954937543e-05
9.218978179669621298e-01 1.149819407611876086e-04
9.345079884691047667e-01 1.355189802484414177e-04
9.471181589712474036e-01 1.594886041171231629e-04
9.597283294733918169e-01 1.874198338907591540e-04
9.723384999755344538e-01 2.199151903557938694e-04
9.849486704776770907e-01 2.576595423616941105e-04
9.975588409798215039e-01 3.014298024439988660e-04
1.010169011481964141e+00 3.521055166898651189e-04
1.022779181984106778e+00 4.106803935805538545e-04
1.035389352486251191e+00 4.782748127524588081e-04
1.047999522988393828e+00 5.561493495842484078e-04
1.060609693490536465e+00 6.457193451064935147e-04
1.073219863992680878e+00 7.485705428063864787e-04
1.085830034494823515e+00 8.664758043339695600e-04
1.098440204996966152e+00 1.001412904782875059e-03
1.111050375499110565e+00 1.155583395003219327e-03
1.123660546001253202e+00 1.331432503209949419e-03
1.136270716503395839e+00 1.531670030894102764e-03
1.148880887005540252e+00 1.759292178669933423e-03
1.161491057507682889e+00 2.017604216170525589e-03
1.174101228009825526e+00 2.310243886440941502e-03
1.186711398511969939e+00 2.641205409514087773e-03
1.199321569014112576e+00 3.014863922077567950e-03
1.211931739516255213e+00 3.436000160486226990e-03
1.224541910018399626e+00 3.909825163028415873e-03
1.237152080520542263e+00 4.442004734567441861e-03
1.249762251022684900e+00 5.038683382757968947e-03
1.262372421524829313e+00 5.706507400348796201e-03
1.274982592026971950e+00 6.452646733077944084e-03
1.287592762529114587e+00 7.284815237841813992e-03
1.300202933031259001e+00 8.211288901753486733e-03
1.312813103533401637e+00 9.240921560042802962e-03
1.325423274035544274e+00 1.038315762019043423e-02
1.338033444537688688e+00 1.164804127198695166e-02
1.350643615039831325e+00 1.304622163918804818e-02
1.363253785541973961e+00 1.458895330894566592e-02
1.375863956044118375e+00 1.628809166110109508e-02
1.388474126546261012e+00 1.815608241165900943e-02
1.401084297048403648e+00 2.020594478420076334e-02
1.413694467550548062e+00 2.245124773052286499e-02
1.426304638052690699e+00 2.490607863828709495e-02
1.438914808554833336e+00 2.758500398971382855e-02
1.451524979056977749e+00 3.050302147205313091e-02
1.464135149559120386e+00 3.367550308840535495e-02
1.476745320061263023e+00 3.711812887688051288e-02
1.489355490563407436e+00 4.084681091745287485e-02
1.501965661065550073e+00 4.487760738941910105e-02
1.514575831567692710e+00 4.922662653803110827e-02
1.527186002069837123e+00 5.390992051649116240e-02
1.539796172571979760e+00 5.894336918860054730e-02
1.552406343074122397e+00 6.434255410727705848e-02
1.565016513576266810e+00 7.012262302390477597e-02
1.577626684078409447e+00 7.629814543195320709e-02
1.590236854580552084e+00 8.288295980389676076e-02
1.602847025082696497e+00 8.989001334153870482e-02
1.615457195584839134e+00 9.733119522436890769e-02
1.628067366086981771e+00 1.052171645063120914e-01
1.640677536589126184e+00 1.135571739756977144e-01
1.653287707091268821e+00 1.223588914538756151e-01
1.665897877593411458e+00 1.316282201617289260e-01
1.678508048095555871e+00 1.413691199275602661e-01
1.691118218597698508e+00 1.515834311412286861e-01
1.703728389099841145e+00 1.622707034753187727e-01
1.716338559601985558e+00 1.734280314909248943e-01
1.728948730104128195e+00 1.850498993211059373e-01
1.741558900606270832e+00 1.971280366757756364e-01
1.754169071108415245e+00 2.096512884356272477e-01
1.766779241610557882e+00 2.226055000970572073e-01
1.779389412112700519e+00 2.359734212933187469e-01
1.791999582614844932e+00 2.497346295472558375e-01
1.804609753116987569e+00 2.638654763074403387e-01
1.817219923619130206e+00 2.783390571813505465e-01
1.829830094121274620e+00 2.931252081063398518e-01
1.842440264623417256e+00 3.081905289925863656e-01
1.855050435125559893e+00 3.234984361323690050e-01
1.867660605627704307e+00 3.390092443995491034e-01
1.880270776129846944e+00 3.546802799636001868e-01
1.892880946631989580e+00 3.704660239177086645e-01
1.905491117134133994e+00 3.863182868736502185e-01
1.918101287636276631e+00 4.021864142110890272e-01
1.930711458138419268e+00 4.180175212918121885e-01
1.943321628640563681e+00 4.337567575629902028e-01
1.955931799142706318e+00 4.493475980860863195e-01
1.968541969644848955e+00 4.647321606429101748e-01
1.981152140146993368e+00 4.798515461951874395e-01
1.993762310649136005e+00 4.946462001141531117e-01
2.006372481151278642e+00 5.090562912581693134e-01
2.018982651653423055e+00 5.230221056657200496e-01
2.031592822155565692e+00 5.364844513530651060e-01
2.044202992657708329e+00 5.493850704666679574e-01
2.056813163159852742e+00 5.616670548441032862e-01
2.069423333661995379e+00 5.732752608885303136e-01
2.082033504164138016e+00 5.841567195642073385e-01
2.094643674666282429e+00 5.942610372764718374e-01
2.107253845168425066e+00 6.035407834116635062e-01
2.119864015670569479e+00 6.119518603813561830e-01
2.132474186172712116e+00 6.194538521409865828e-01
2.145084356674854753e+00 6.260103473352656156e-01
2.157694527176999166e+00 6.315892334591982626e-01
2.170304697679141803e+00 6.361629587120827267e-01
2.182914868181284440e+00 6.397087585584190217e-01
2.195525038683428853e+00 6.422088443898135157e-01
2.208135209185571490e+00 6.436505521011572917e-01
2.220745379687714127e+00 6.440264488452849267e-01
2.233355550189858540e+00 6.433343967081591730e-01
2.245965720692001177e+00 6.415775725427690368e-01
2.258575891194143814e+00 6.387644437084099014e-01
2.271186061696288228e+00 6.349086999738818848e-01
2.283796232198430864e+00 6.300291423523349810e-01
2.296406402700573501e+00 6.241495301325997724e-01
2.309016573202717915e+00 6.172983878513496059e-01
2.321626743704860552e+00 6.095087744037387401e-01
2.334236914207003188e+00 6.008180169112448121e-01
2.346847084709147602e+00 5.912674123489571887e-01
2.359457255211290239e+00 5.809019002736389714e-01
2.372067425713432876e+00 5.697697102853817031e-01
2.384677596215577289e+00 5.579219880952970279e-01
2.397287766717719926e+00 5.454124042561497854e-01
2.409897937219862563e+00 5.322967497414544669e-01
2.422508107722006976e+00 5.186325226290890988e-01
2.435118278224149613e+00 5.044785101587691001e-01
2.447728448726292250e+00 4.898943703899437119e-01
2.460338619228436663e+00 4.749402175886708877e-01
2.472948789730579300e+00 4.596762153229603798e-01
2.485558960232721937e+00 4.441621810482975774e-01
2.498169130734866350e+00 4.284572057234199427e-01
2.510779301237008987e+00 4.126192917156605300e-01
2.523389471739151624e+00 3.967050119404540998e-01
2.535999642241296037e+00 3.807691928369448808e-01
2.548609812743438674e+00 3.648646234165264790e-01
2.561219983245581311e+00 3.490417922404553952e-01
2.573830153747725724e+00 3.333486537918544657e-01
2.586440324249868361e+00 3.178304253131253310e-01
2.599050494752010998e+00 3.025294147875255968e-01
2.611660665254155411e+00 2.874848803596350977e-01
2.624270835756298048e+00 2.727329211181601099e-01
2.636881006258440685e+00 2.583063988116054976e-01
2.649491176760585098e+00 2.442348897366626581e-01
2.662101347262727735e+00 2.305446657344179806e-01
2.674711517764870372e+00 2.172587029542812354e-01
2.687321688267014785e+00 2.043967168017717106e-01
2.699931858769157422e+00 1.919752212764754273e-01
2.712542029271300059e+00 1.800076107310951690e-01
2.725152199773444472e+00 1.685042619431569577e-01
2.737762370275587109e+00 1.574726542863240930e-01
2.750372540777729746e+00 1.469175057190441058e-01
2.762982711279874160e+00 1.368409222725767704e-01
2.775592881782016796e+00 1.272425587167016481e-01
2.788203052284159433e+00 1.181197881082076684e-01
2.800813222786303847e+00 1.094678779814820258e-01
2.813423393288446483e+00 1.012801710200807725e-01
2.826033563790589120e+00 9.354826814980540806e-02
2.838643734292733534e+00 8.626221211488577234e-02
2.851253904794876171e+00 7.941066973577008692e-02
2.863864075297018807e+00 7.298111119711150896e-02
2.876474245799163221e+00 6.695998487422887002e-02
2.889084416301305858e+00 6.133288637287458156e-02
2.901694586803448495e+00 5.608472062748572767e-02
2.914304757305592908e+00 5.119985607450307230e-02
2.926914927807735545e+00 4.666227008726198805e-02
2.939525098309878182e+00 4.245568502512920422e-02
2.952135268812022595e+00 3.856369440977609753e-02
2.964745439314165232e+00 3.496987889413852996e-02
2.977355609816307869e+00 3.165791183300777079e-02
2.989965780318452282e+00 2.861165439721799486e-02
3.002575950820594919e+00 2.581524029502820297e-02
3.015186121322737556e+00 2.325315027384724023e-02
3.027796291824881969e+00 2.091027667248257851e-02
3.040406462327024606e+00 1.877197837844073181e-02
3.053016632829167243e+00 1.682412661642637003e-02
3.065626803331311656e+00 1.505314205336426465e-02
3.078236973833454293e+00 1.344602375237593031e-02
3.090847144335596930e+00 1.199037054369456179e-02
3.103457314837741343e+00 1.067439540524761123e-02
3.116067485339883980e+00 9.486933460273580879e-03
3.128677655842026617e+00 8.417444204768025073e-03
3.141287826344171030e+00 7.456008574688255397e-03
3.153897996846313667e+00 6.593321452575634165e-03
3.166508167348456304e+00 5.820680196607361419e-03
3.179118337850600717e+00 5.129969752956674289e-03
3.191728508352743354e+00 4.513644885677606591e-03
3.204338678854885991e+00 3.964710028035575359e-03
3.216948849357030404e+00 3.476697226116376004e-03
3.229559019859173041e+00 3.043642610462995741e-03
3.242169190361315678e+00 2.660061795146594858e-03
3.254779360863460091e+00 2.320924566731883028e-03
3.267389531365602728e+00 2.021629188650033576e-03
3.279999701867745365e+00 1.757976610055805855e-03
3.292609872369889779e+00 1.526144832773375327e-03
3.305220042872032415e+00 1.322663655804288659e-03
3.317830213374175052e+00 1.144389984382942560e-03
3.330440383876319466e+00 9.884838599723312635e-04
3.343050554378462103e+00 8.523853390695129099e-04
3.355660724880604739e+00 7.337923223639550123e-04
3.368270895382749153e+00 6.306394117418794194e-04
3.380881065884891790e+00 5.410778508783932938e-04
3.393491236387034427e+00 4.634565857023888267e-04
3.406101406889178840e+00 3.963044638082629471e-04
3.418711577391321477e+00 3.383135768544493242e-04
3.431321747893464114e+00 2.883237370295617819e-04
3.443931918395608527e+00 2.453080676741879935e-04
3.456542088897751164e+00 2.083596789850566033e-04
3.469152259399893801e+00 1.766793922632137529e-04
3.481762429902038214e+00 1.495644702539971802e-04
3.494372600404180851e+00 1.263983066148351164e-04
3.506982770906323488e+00 1.066410242923906607e-04
3.519592941408467901e+00 8.982093044767041224e-05
3.532203111910610538e+00 7.552677439705552233e-05
3.544813282412753175e+00 6.340075470587941148e-05
3.557423452914897588e+00 5.313222195332242609e-05
3.570033623417040225e+00 4.445202466618448049e-05
3.582643793919182862e+00 3.712744738680737508e-05
3.595253964421327275e+00 3.095769169885326651e-05
3.607864134923469912e+00 2.576985319540302008e-05
3.620474305425612549e+00 2.141534975812255386e-05
3.633084475927756962e+00 1.776675905470621435e-05
3.645694646429899599e+00 1.471502579402380661e-05
3.658304816932042236e+00 1.216700195268517091e-05
3.670914987434186649e+00 1.004328585924029954e-05
3.683525157936329286e+00 8.276328656634266361e-06
3.696135328438471923e+00 6.808779230152918431e-06
3.708745498940616336e+00 5.592041163501042350e-06
3.721355669442758973e+00 4.585017651687616172e-06
3.733965839944901610e+00 3.753022542850363198e-06
3.746576010447046023e+00 3.066837792949477654e-06
3.759186180949188660e+00 2.501899591912178280e-06
3.771796351451333074e+00 2.037597254906665099e-06
3.784406521953475711e+00 1.656670668112282541e-06
3.797016692455618347e+00 1.344693636824775264e-06
3.809626862957762761e+00 1.089631908912062244e-06
3.822237033459905398e+00 8.814659436858017791e-07
3.834847203962048034e+00 7.118696713616139349e-07
3.847457374464192448e+00 5.739375482939380769e-07
3.860067544966335085e+00 4.619531654049481585e-07
3.872677715468477722e+00 3.711935192240480337e-07
3.885287885970622135e+00 2.977638143433895447e-07
3.897898056472764772e+00 2.384583404218178477e-07
3.910508226974907409e+00 1.906435635125961487e-07
3.923118397477051822e+00 1.521600975515184136e-07
3.935728567979194459e+00 1.212406840963544566e-07
3.948338738481337096e+00 9.644171324911124045e-08
3.960948908983481509e+00 7.658617210541349870e-08
3.973559079485624146e+00 6.071621461731924771e-08
3.986169249987766783e+00 4.805381355443103183e-08
3.998779420489911196e+00 3.796818599879451923e-08
4.011389590992053833e+00 2.994888278928253983e-08
4.023999761494196470e+00 2.358360341408472251e-08
4.036609931996340883e+00 1.853994452455734110e-08
4.049220102498483520e+00 1.455041563710807639e-08
4.061830273000626157e+00 1.140016249164674639e-08
4.074440443502770570e+00 8.916929422377947433e-09
4.087050614004913207e+00 6.962869159664893777e-09
4.099660784507055844e+00 5.427873648623910727e-09
4.112270955009200257e+00 4.224154432283493523e-09
4.124881125511342894e+00 3.281847381811993009e-09
4.137491296013485531e+00 2.545455349266828653e-09
4.150101466515629944e+00 1.970974784462186174e-09
4.162711637017772581e+00 1.523579460287652988e-09
4.175321807519915218e+00 1.175757019735606857e-09
4.187931978022059631e+00 9.058128050259741770e-10
4.200542148524202268e+00 6.966709635926377924e-10
4.213152319026344905e+00 5.349156666833657684e-10
4.225762489528489319e+00 4.100258653636338858e-10
4.238372660030631955e+00 3.137657199007271116e-10
4.250982830532774592e+00 2.396999878850986963e-10
4.263593001034919006e+00 1.828095102472730828e-10
4.276203171537061642e+00 1.391867161452182812e-10
4.288813342039204279e+00 1.057949647905795507e-10
4.301423512541348693e+00 8.027871103278603252e-11
4.314033683043491330e+00 6.081405215997432092e-11
4.326643853545633966e+00 4.599129406228173533e-11
4.339254024047778380e+00 3.472285521632386432e-11
4.351864194549921017e+00 2.617118088385959476e-11
4.364474365052063654e+00 1.969242843275538757e-11
4.377084535554208067e+00 1.479255787247366653e-11
4.389694706056350704e+00 1.109316059962866972e-11
4.402304876558493341e+00 8.304917527461186150e-12
4.414915047060635978e+00 6.207022586932664182e-12
4.427525217562778614e+00 4.631261289119295850e-12
4.440135388064924804e+00 3.449714682204040074e-12
4.452745558567067441e+00 2.565281231902682515e-12
4.465355729069210078e+00 1.904384696650481043e-12
4.477965899571352715e+00 1.411374457329010076e-12
4.490576070073495352e+00 1.044233627212432032e-12
4.503186240575637989e+00 7.712957276685607010e-13
4.515796411077784178e+00 5.687376595393969161e-13
4.528406581579926815e+00 4.186690302102783163e-13
4.541016752082069452e+00 3.076787167845120088e-13
4.553626922584212089e+00 2.257313214776951090e-13
4.566237093086354726e+00 1.653308589080234546e-13
4.578847263588500915e+00 1.208881495286562101e-13
4.591457434090643552e+00 8.824319579631743024e-14
4.604067604592786189e+00 6.430524504384488629e-14
4.616677775094928826e+00 4.678204680157619573e-14
4.629287945597071463e+00 3.397658094655953404e-14
4.641898116099214100e+00 2.463472638005061895e-14
4.654508286601360290e+00 1.783131646116786228e-14
4.667118457103502926e+00 1.288506606971063405e-14
4.679728627605645563e+00 9.295172435084390256e-15
4.692338798107788200e+00 6.694155439852781129e-15
4.704948968609930837e+00 4.812842582064421236e-15
4.717559139112073474e+00 3.454419101001548452e-15
4.730169309614219664e+00 2.475231839782203250e-15
4.742779480116362301e+00 1.770615284581844187e-15
4.755389650618504938e+00 1.264445126803569489e-15
4.767999821120647574e+00 9.014532314343286853e-16
4.780609991622790211e+00 6.415844513848202254e-16
4.793220162124932848e+00 4.558603939976952286e-16
4.805830332627079038e+00 3.233532842472797895e-16
4.818440503129221675e+00 2.289760494501750390e-16
4.831050673631364312e+00 1.618714251351631516e-16
4.843660844133506949e+00 1.142398584507514673e-16
4.856271014635649586e+00 8.048824164067133170e-17
4.868881185137792222e+00 5.661278559856856284e-17
4.881491355639938412e+00 3.975244950356733161e-17
4.894101526142081049e+00 2.786637863229292635e-17
4.906711696644223686e+00 1.950133874897036275e-17
4.919321867146366323e+00 1.362434261756716629e-17
4.931932037648508960e+00 9.502413145581754199e-18
4.944542208150651597e+00 6.616365182018545732e-18
4.957152378652797786e+00 4.599093274119041876e-18
4.969762549154940423e+00 3.191480120592537634e-18
4.982372719657083060e+00 2.210951574288345517e-18
4.994982890159225697e+00 1.529091461599136988e-18
5.007593060661368334e+00 1.055734774698558630e-18
5.020203231163510971e+00 7.276848058471353798e-19
5.032813401665657160e+00 5.007245539826242297e-19
5.045423572167799797e+00 3.439707844735958510e-19
5.058033742669942434e+00 2.358909600588451654e-19
5.070643913172085071e+00 1.614983528510003518e-19
5.083254083674227708e+00 1.103803941659426670e-19
5.095864254176370345e+00 7.531523124114617186e-20
5.108474424678516534e+00 5.130275681046681225e-20
5.121084595180659171e+00 3.488715817082271111e-20
5.133694765682801808e+00 2.368413204284985047e-20
5.146304936184944445e+00 1.605152603997972404e-20
5.158915106687087082e+00 1.086030801276854680e-20
5.171525277189229719e+00 7.335587554282997848e-21
5.184135447691375909e+00 4.946461139350226473e-21
5.196745618193518546e+00 3.329823536888155633e-21
5.209355788695661182e+00 2.237766374566936993e-21
5.221965959197803819e+00 1.501326543961506555e-21
5.234576129699946456e+00 1.005547207127605890e-21
5.247186300202089093e+00 6.723518956929152135e-22
5.259796470704235283e+00 4.488049715974454435e-22
5.272406641206377920e+00 2.990787299177107462e-22
5.285016811708520557e+00 1.989666220269502676e-22
5.297626982210663193e+00 1.321422641338400072e-22
5.310237152712805830e+00 8.761330560259471382e-23
5.322847323214948467e+00 5.799161214146852917e-23
5.335457493717094657e+00 3.832013927264137989e-23
5.348067664219237294e+00 2.527875869958782644e-23
5.360677834721379931e+00 1.664758214466587810e-23
5.373288005223522568e+00 1.094493869729235241e-23
5.385898175725665205e+00 7.183601510917261468e-24
5.398508346227807841e+00 4.706931237050722543e-24
5.411118516729954031e+00 3.078932612214819871e-24
5.423728687232096668e+00 2.010616356377114432e-24
5.436338857734239305e+00 1.310765266772414198e-24
5.448949028236381942e+00 8.530751924242892756e-25
5.461559198738524579e+00 5.542636072868469076e-25
5.474169369240667216e+00 3.595109038092050001e-25
5.486779539742813405e+00 2.327954085177517814e-25
5.499389710244956042e+00 1.504885242018895678e-25
5.511999880747098679e+00 9.711783097777071115e-26
5.524610051249241316e+00 6.256928219761356492e-26
5.537220221751383953e+00 4.024296467484297776e-26
5.549830392253526590e+00 2.583957389018297487e-26
5.562440562755672779e+00 1.656331656881046478e-26
5.575050733257815416e+00 1.059926672935430970e-26
5.587660903759958053e+00 6.771281881320543356e-27
5.600271074262100690e+00 4.318495866896322096e-27
5.612881244764243327e+00 2.749543882873500216e-27
5.625491415266385964e+00 1.747653473298283932e-27
5.638101585768532154e+00 1.108961591896166344e-27
5.650711756270674790e+00 7.024965352706510521e-28
5.663321926772817427e+00 4.442611733953003995e-28
5.675932097274960064e+00 2.804781362522734928e-28
5.688542267777102701e+00 1.767771538099274933e-28
5.701152438279245338e+00 1.112294327605252382e-28
5.713762608781391528e+00 6.986823277029316556e-29
5.726372779283534165e+00 4.381332725456759239e-29
5.738982949785676801e+00 2.742831595741484606e-29
5.751593120287819438e+00 1.714188089623171295e-29
5.764203290789962075e+00 1.069508436290731764e-29
5.776813461292104712e+00 6.661566354855693407e-30
5.789423631794250902e+00 4.142236530137062707e-30
5.802033802296393539e+00 2.571341822843246772e-30
5.814643972798536176e+00 1.593496473540522228e-30
5.827254143300678813e+00 9.858452859422685121e-31
5.839864313802821449e+00 6.088814968092929422e-31
5.852474484304964086e+00 3.754249528173141687e-31
5.865084654807110276e+00 2.310892961532940969e-31
5.877694825309252913e+00 1.420047437008625834e-31
5.890304995811395550e+00 8.711485003614251436e-32
5.902915166313538187e+00 5.335164858952036863e-32
5.915525336815680824e+00 3.261893632292985162e-32
5.928135507317823460e+00 1.990939383958768667e-32
5.940745677819969650e+00 1.213144583132601252e-32
5.953355848322112287e+00 7.379609191678049269e-33
5.965966018824254924e+00 4.481469327027359821e-33
5.978576189326397561e+00 2.716900603125387852e-33
5.991186359828540198e+00 1.644346431877196705e-33
6.003796530330682835e+00 9.935257554852820382e-34
6.016406700832829024e+00 5.992819135007273967e-34
6.029016871334971661e+00 3.608688821262947866e-34
6.041627041837114298e+00 2.169371409005053201e-34
6.054237212339256935e+00 1.301920891272804483e-34
6.066847382841399572e+00 7.800123474239098307e-35
6.079457553343542209e+00 4.665353416347582923e-35
6.092067723845688398e+00 2.785696515988606805e-35
6.104677894347831035e+00 1.660539560639904776e-35
6.117288064849973672e+00 9.881680717382647848e-36
6.129898235352116309e+00 5.870546946546513511e-36
6.142508405854258946e+00 3.481708939537922516e-36
6.155118576356401583e+00 2.061448554335304765e-36
6.167728746858547773e+00 1.218480751030343737e-36
6.180338917360690409e+00 7.190034432734906422e-37
6.192949087862833046e+00 4.235545831134478327e-37
6.205559258364975683e+00 2.490886338699158258e-37
6.218169428867118320e+00 1.462394478054512286e-37
6.230779599369264510e+00 8.571192738169575949e-38
6.243389769871407147e+00 5.015151661113343047e-38
6.255999940373549784e+00 2.929496344147204079e-38
6.268610110875692421e+00 1.708314873399268480e-38
6.281220281377835057e+00 9.945095286393568751e-39
6.293830451879977694e+00 5.779842876901069774e-39
6.306440622382123884e+00 3.353429390695732696e-39
6.319050792884266521e+00 1.942353815179953458e-39
6.331660963386409158e+00 1.123139121755908078e-39
6.344271133888551795e+00 6.483429540273673878e-40
6.356881304390694432e+00 3.736302727024858648e-40
6.369491474892837068e+00 2.149539015770670279e-40
6.382101645394983258e+00 1.234566859272809735e-40
6.394711815897125895e+00 7.078641154227454182e-41
6.407321986399268532e+00 4.051829589254686732e-41
6.419932156901411169e+00 2.315359500278734644e-41
6.432542327403553806e+00 1.320844439423345249e-41
6.445152497905696443e+00 7.522304058994475692e-42
6.457762668407842632e+00 4.276771636075097431e-42
6.470372838909985269e+00 2.427432692429240431e-42
6.482983009412127906e+00 1.375448341269970923e-42
6.495593179914270543e+00 7.780496579588921007e-43
6.508203350416413180e+00 4.393759553331038644e-43
6.520813520918555817e+00 2.477029557199939236e-43
6.533423691420702006e+00 1.394093865366997986e-43
6.546033861922844643e+00 7.832831099792861034e-44
6.558644032424987280e+00 4.393507981407152345e-44
6.571254202927129917e+00 2.460197557557253500e-44
6.583864373429272554e+00 1.375290507390797409e-44
6.596474543931415191e+00 7.675113391815561663e-45
6.609084714433561381e+00 4.276032937159216358e-45
6.621694884935704017e+00 2.378280982569363049e-45
6.634305055437846654e+00 1.320538775675653273e-45
6.646915225939989291e+00 7.319897851758334585e-46
6.659525396442131928e+00 4.050650233145570627e-46
6.672135566944274565e+00 2.237743595514528931e-46
6.684745737446420755e+00 1.234132389276094129e-46
6.697355907948563392e+00 6.794836649353554244e-47
6.709966078450706028e+00 3.734755087060542793e-47
6.722576248952848665e+00 2.049326070694355229e-47
6.735186419454991302e+00 1.122602040135177481e-47
6.747796589957133939e+00 6.139124034114212585e-48
6.760406760459280129e+00 3.351604781690048697e-48
6.773016930961422766e+00 1.826690632145846091e-48
6.785627101463565403e+00 9.939007142689833859e-49
6.798237271965708040e+00 5.398670215944550561e-49
6.810847442467850676e+00 2.927496498765063014e-49
6.823457612969993313e+00 1.584790113485357946e-49
6.836067783472139503e+00 8.564714683575833008e-50
6.848677953974282140e+00 4.620828163460392508e-50
6.861288124476424777e+00 2.488814357840893659e-50
6.873898294978567414e+00 1.338230578323259812e-50
6.886508465480710051e+00 7.183484350153592587e-51
6.899118635982852688e+00 3.849506880212552873e-51
6.911728806484998877e+00 2.059400407471619586e-51
6.924338976987141514e+00 1.099872204535320028e-51
6.936949147489284151e+00 5.864208354994374398e-52
6.949559317991426788e+00 3.121348677752577940e-52
6.962169488493569425e+00 1.658597094338716864e-52
6.974779658995712062e+00 8.798430984687771236e-53
6.987389829497858251e+00 4.659456639040882989e-53
7.000000000000000888e+00 2.463377799861163474e-53
