1.000000000000000000e+00
9.736339510185172408e-01
9.053738720148168939e-01
7.978074652971439695e-01
6.856810144241700655e-01
5.685163660224598070e-01
4.662245136697031334e-01
3.884091980869688321e-01
3.269017867018431667e-01
2.839744559986107642e-01
2.529533480998960582e-01
2.292268144832696475e-01
2.151874888975749689e-01
2.143449171877016834e-01
2.068258071965439204e-01
2.002420015534791542e-01
1.914402634495094013e-01
1.880127685577230312e-01
1.846386433769402757e-01
1.850067308586372250e-01
1.838386888659690188e-01
1.820796359559946342e-01
1.776915247172500267e-01
1.752555220223739607e-01
1.727068373094978737e-01
1.662702751514369137e-01
1.605606710799548364e-01
1.506016798169100834e-01
1.486388051250998599e-01
1.417091464531183009e-01
1.405776666579942880e-01
1.433541906949259703e-01
1.411027758637077856e-01
1.405654699479648717e-01
1.351061089215354893e-01
1.341268938136812583e-01
1.323222038900204178e-01
1.226625291977929411e-01
1.149767497369711677e-01
1.157212037176317820e-01
1.123961176078670382e-01
1.069247462648909852e-01
1.038613272466923920e-01
1.038185868808126910e-01
1.035937148219197301e-01
1.053562305854536113e-01
1.052249198592282581e-01
1.006011742763080613e-01
9.788683991251004302e-02
9.536784371215140110e-02
9.358565493369637445e-02
9.260654567962814387e-02
8.882457653194383851e-02
8.981459327743163135e-02
8.345843062866233064e-02
8.059269896668251609e-02
7.544143614391873864e-02
7.749217984551873273e-02
7.627356291514014730e-02
8.094413856163198973e-02
7.843369685300478900e-02
7.688098046628316640e-02
7.397005311657126048e-02
7.103606534386576465e-02
7.116594608548847123e-02
7.270270122752492403e-02
7.503562205488981118e-02
7.736689543152831805e-02
8.077661056261913053e-02
7.816283992533820668e-02
7.803428542134842327e-02
7.532683750457307148e-02
7.416011225185624445e-02
6.773121561729165963e-02
6.942744179046338171e-02
6.662251005863371878e-02
7.149855894566409242e-02
7.028449559859421825e-02
7.186984208004489061e-02
6.927278291244254316e-02
6.876381193337202657e-02
6.703565533160295298e-02
6.793258619236608453e-02
6.431424031109453376e-02
6.574537257747405106e-02
6.503168569018392964e-02
6.311519250002203818e-02
6.684888233096678012e-02
6.696375002280573197e-02
6.848399674688200600e-02
6.802830155989819660e-02
6.725824032832906918e-02
6.649112302576927480e-02
6.488700560394489170e-02
6.824741424393780675e-02
6.362080990262589109e-02
6.021690945124907185e-02
5.921814870129658154e-02
6.362849573841317108e-02
6.371835802871773924e-02
6.522346858055109997e-02
6.708109093230869846e-02
6.898248622191043011e-02
6.854634413772027479e-02
7.208534593796030177e-02
7.174516060495179925e-02
6.939875069237248784e-02
7.112169705035761846e-02
6.935705390550518656e-02
6.606570672008656164e-02
6.542908892980731084e-02
6.455254093533908943e-02
6.190294074959495907e-02
6.014244563663118104e-02
5.838768078243767451e-02
5.469043240510291365e-02
5.693377984359725835e-02
5.947144771452313183e-02
5.943660241787806359e-02
5.835658385033037909e-02
5.571449259162325474e-02
5.793528933340755943e-02
5.940525291662052121e-02
5.907779955525841592e-02
5.617891668840917230e-02
5.974517318254653903e-02
6.029784036110990425e-02
6.163268733924828074e-02
6.493850466828147983e-02
6.581509334796982469e-02
6.749041268463268350e-02
6.688971247020564226e-02
6.859552142120263485e-02
6.555380530134316541e-02
6.473842443729159457e-02
6.171382744740290527e-02
6.103019314566147241e-02
5.964241407425133895e-02
6.017394451358071272e-02
5.866201857948120241e-02
5.904453356797067370e-02
5.701796935200274113e-02
5.631141951308790694e-02
5.580109508697497778e-02
5.826502183897638854e-02
6.065914738949495372e-02
5.650020012562961824e-02
5.673222437738181106e-02
5.727783653213645160e-02
5.491405233475812886e-02
5.791746274990063753e-02
5.622283302539787808e-02
5.525513185121462556e-02
5.601314651555589635e-02
5.997854489382170584e-02
6.047575541200999466e-02
5.949204001982766332e-02
5.963237899720147395e-02
5.680933592837742602e-02
5.552209623280365131e-02
5.665437119774915931e-02
5.171546314286751267e-02
5.404576289641321862e-02
5.612287946326770943e-02
5.456860014060051223e-02
5.535351642761592028e-02
5.903010978873523412e-02
5.739515697346275758e-02
5.950081437149696423e-02
5.788269470202696276e-02
5.787333545174036531e-02
5.662203304199452114e-02
5.983640554383293925e-02
5.918600924213398423e-02
5.691714288291168516e-02
5.673398242557391169e-02
5.456168240770489092e-02
5.457950460952912947e-02
5.524993574619955355e-02
5.696970825914235426e-02
5.335257955858993539e-02
5.495396979400189036e-02
5.410774556034006477e-02
5.356736479534884160e-02
5.290048285327927230e-02
5.243163100595559650e-02
5.237863747114814006e-02
5.526934464792756380e-02
5.320081326454011161e-02
5.446402443458848996e-02
5.358918433244411889e-02
5.311041206180475843e-02
4.946610933167786689e-02
5.098078949671579208e-02
4.719794822231192233e-02
4.657440053873608543e-02
4.592687594189319433e-02
4.299076963026238901e-02
4.267714618178999192e-02
4.117793311500653197e-02
4.196856710855048633e-02
4.510447777087869814e-02
4.438748030911304071e-02
4.324982793126718600e-02
4.490266451277330484e-02
4.483707938866695469e-02
4.284309891330331105e-02
4.118728002474005001e-02
4.050717181612478041e-02
4.067079488389625103e-02
4.052445095382029017e-02
4.012623468821432254e-02
3.970046452717541224e-02
3.982312976805298804e-02
4.024474409261637187e-02
3.958387113701827137e-02
4.048885893002358155e-02
4.116167784844784738e-02
4.216617092238843234e-02
4.180823126954547053e-02
4.306169413302952942e-02
4.389089649370997437e-02
4.446517890068923951e-02
4.384558870183501850e-02
4.608067077344757401e-02
4.418999506880650491e-02
4.338282363137561937e-02
4.190365675683743740e-02
4.383924384857174061e-02
4.410874574208587667e-02
4.443977359056990734e-02
4.462563707164590027e-02
4.369058001605057029e-02
4.358024024311611677e-02
4.330360403500374544e-02
4.415420703721720241e-02
4.305995276168851638e-02
4.355386579853702533e-02
4.254037038019349570e-02
4.000404171218934629e-02
3.987506414694413220e-02
3.995145621794047447e-02
3.997118259201791479e-02
3.987479506501197951e-02
4.013833511062229326e-02
3.925444820423524411e-02
3.767895240779393223e-02
4.042575897879079061e-02
4.058145032951319953e-02
4.153182764388387710e-02
