0.000000000000000000e+00
1.199435588153852095e-02
1.268259433054104261e-02
1.238162662933429796e-02
1.065215219209772295e-02
1.439477631585960211e-02
1.267877189659557917e-02
1.476350301949688228e-02
1.699305950605994181e-02
1.660930945966206107e-02
1.717859948102245377e-02
1.760728525478790982e-02
1.860045291883984792e-02
1.603708815396464107e-02
1.765095845415387207e-02
1.793363236019288737e-02
1.603838731944687637e-02
1.739856043974961908e-02
1.698651823975996095e-02
1.667432818151119017e-02
1.712408457670128517e-02
1.596775559415183898e-02
1.689906803145422784e-02
1.732737383321935817e-02
1.655620117816323372e-02
1.747185293361216279e-02
1.695513712170784726e-02
1.854509086385271871e-02
1.661975253029667962e-02
1.712765535414914261e-02
1.714095848951222370e-02
1.869852417451504240e-02
1.775605576889502726e-02
1.888276117352130287e-02
1.798943829448508905e-02
1.763205960237979042e-02
1.799211847558744581e-02
1.733918347391275386e-02
1.696312997111114329e-02
1.548088911672648033e-02
1.545415377299426928e-02
1.444546469763836188e-02
1.415853124602244745e-02
1.495938084831023411e-02
1.452620851075554602e-02
1.638575870634955897e-02
1.764340441789188571e-02
1.785600934702187906e-02
1.824042249046401928e-02
1.825747912549049307e-02
1.966047457558067757e-02
1.865513053229034615e-02
1.895847556722197319e-02
1.822549599275779739e-02
1.702963743684419648e-02
1.766204043182262665e-02
1.802257754573067736e-02
1.701265844792358012e-02
1.588376847742593509e-02
1.476466477469754075e-02
1.694142409901441826e-02
1.657226484025906346e-02
1.665067409278447527e-02
1.608210945484751103e-02
1.500699614943721595e-02
1.655238123311589607e-02
1.773771303453571327e-02
1.718531660600093255e-02
1.786261194497770072e-02
1.689396849614928017e-02
1.618198672904386237e-02
1.696946027459021733e-02
1.732159270796224809e-02
1.905804726772292526e-02
1.887370539079707629e-02
1.941512578622579810e-02
1.981851617822675757e-02
1.997146455092108086e-02
1.998788888612148401e-02
1.985660410385508071e-02
2.029192788705317871e-02
1.954339732830901941e-02
1.862620738574868179e-02
1.943326077329906101e-02
1.966678213954988971e-02
1.987042023560542728e-02
1.886931200904511802e-02
1.846569185731404897e-02
1.725611309705274085e-02
1.671304811276701566e-02
1.760513810301208779e-02
1.823668734014340792e-02
1.875679460188294304e-02
1.825378337301099274e-02
1.697651098130814953e-02
1.781811224401958285e-02
1.619837164885275238e-02
1.600613680564231742e-02
1.700165715311694262e-02
1.674534464948563076e-02
1.677979538117451222e-02
1.585353016268551199e-02
1.621183229876027240e-02
1.656906656616179141e-02
1.619421839621045661e-02
1.537253250830663415e-02
1.582246846516221703e-02
1.661435040512484682e-02
1.726817152270393452e-02
1.664851151446005220e-02
1.789658924700108719e-02
1.805274034466351762e-02
1.749935178438854003e-02
1.707669124704663810e-02
1.809592726944696944e-02
1.861333339332787648e-02
1.830228113774369156e-02
1.682588686528756552e-02
1.716868453963776159e-02
1.746445032909327635e-02
1.636343791071457124e-02
1.691853247907198696e-02
1.699732115313046937e-02
1.685709255027417405e-02
1.707615906368663630e-02
1.650966874521165445e-02
1.661239667407582790e-02
1.833921859736713927e-02
1.864901225534295465e-02
1.925093220191234286e-02
1.880708213944231461e-02
1.790393413128936462e-02
1.722370815333744073e-02
1.639161704796531296e-02
1.671211519946748728e-02
1.650029951570706338e-02
1.725384727560220696e-02
1.600042047011744281e-02
1.517501919063094472e-02
1.546074890970847680e-02
1.648470853620746454e-02
1.554902251754591326e-02
1.524713395055820979e-02
1.568781452005682531e-02
1.565121016839677789e-02
1.526118842320619423e-02
1.551233329088171943e-02
1.468330989730718718e-02
1.499041147368561193e-02
1.632317989470495265e-02
1.567430162707299582e-02
1.384460615828595614e-02
1.388542566356263698e-02
1.460525077625935385e-02
1.379566371980935936e-02
1.411681106247760116e-02
1.392959440894705331e-02
1.284083000027840503e-02
1.332572560097824987e-02
1.291880324407350226e-02
1.355217078972816014e-02
1.361981248997222275e-02
1.454763305988694862e-02
1.537444275945905325e-02
1.505965733473262243e-02
1.561937577485803669e-02
1.419714238966017679e-02
1.393720503717579828e-02
1.364209064204196901e-02
1.358966145353559217e-02
1.313298367342487748e-02
1.256528312385185586e-02
1.287625366878176851e-02
1.335502707036146514e-02
1.357522176616392760e-02
1.339659412984929403e-02
1.377083393220662581e-02
1.383650131475121399e-02
1.486815245873684965e-02
1.499921199030276181e-02
1.485263860754963521e-02
1.540631549968608620e-02
1.605001487090189360e-02
1.513269227753740419e-02
1.447680273135197766e-02
1.415549152012118318e-02
1.486439255901449673e-02
1.480793958751469401e-02
1.479302381170826027e-02
1.499043439882447037e-02
1.501993658601614469e-02
1.384433886201323106e-02
1.335943338976414846e-02
1.307193982561780793e-02
1.311570657603676644e-02
1.387101684801737150e-02
1.427729844696622175e-02
1.463705049239309545e-02
1.434998108692050849e-02
1.468232741598786244e-02
1.478437493960276482e-02
1.506756904032395018e-02
1.535098864295835093e-02
1.450011616327929499e-02
1.426514417389476708e-02
1.381856523265893866e-02
1.450749112918044668e-02
1.469688697762407646e-02
1.391155924717271675e-02
1.341577402906941364e-02
1.378195884949396516e-02
1.379498734415708118e-02
1.309188909352757002e-02
1.238349395043075035e-02
1.249595940898537254e-02
1.318400587222953203e-02
1.404529467223265653e-02
1.504151116576846366e-02
1.516557115903277055e-02
1.499760479472238978e-02
1.519892308103102004e-02
1.537816425538438177e-02
1.512310158007105360e-02
1.469573596897977286e-02
1.344664453459053742e-02
1.378373160758678516e-02
1.401752361906821905e-02
1.263355159915909541e-02
1.357148588785427740e-02
1.436292083654576446e-02
1.467857221861095483e-02
1.366920214613541462e-02
1.396287119629776273e-02
1.444709517111156770e-02
1.443948899203108087e-02
1.421568460264189399e-02
1.411768860623070949e-02
1.373395771010308547e-02
1.402318011289232363e-02
1.403924366423543561e-02
1.280783228616026032e-02
1.236442724118425908e-02
1.285646786241582441e-02
1.294875472229813258e-02
1.281341216651343297e-02
1.377928804320284646e-02
1.395821984464845796e-02
1.330801711614734879e-02
1.354370243196898610e-02
1.278289188489278687e-02
