0.000000000000000000e+00
5.766044868914663168e-02
5.766044868914663168e-02
5.766044868914663168e-02
5.766044868914663168e-02
5.807361285174268001e-02
5.660729092815502267e-02
5.251055994144564892e-02
5.245918604531375068e-02
4.958222668344111628e-02
5.118153100159309604e-02
5.064241739321856395e-02
5.171365149469513839e-02
5.248065203012800689e-02
5.182248499933512359e-02
5.326159389660991422e-02
5.433055729802271222e-02
5.595231354097387338e-02
5.811231830579099977e-02
5.437580204052682581e-02
5.426739705092162996e-02
5.263126390703900398e-02
5.429988536852128900e-02
5.545115474402600303e-02
5.134346818886294933e-02
4.999490877770329522e-02
4.755910988546897117e-02
4.875439209728599926e-02
5.007832704422396364e-02
5.192289577012624419e-02
5.316699494074031418e-02
5.270932798227245114e-02
5.135965554670909178e-02
5.246608119388544017e-02
5.091273671094820319e-02
5.118947712789578136e-02
5.255049171996536983e-02
5.281175571524753670e-02
5.088859064297073659e-02
5.314009627188894663e-02
4.890139213234671184e-02
4.706553721060721673e-02
4.631122136416127716e-02
4.646412503782621634e-02
4.419052868123140437e-02
4.448061989222306528e-02
4.573260720489755876e-02
4.558562410910697166e-02
4.352415205146010352e-02
4.575731819922568278e-02
4.607830579351870903e-02
4.724970815988676492e-02
4.710046536063312167e-02
4.697075855834206143e-02
4.963420804882615750e-02
5.080473521181879532e-02
5.070736801033193242e-02
4.967394865856621794e-02
5.120244243557117020e-02
4.803135056882315568e-02
4.764828917459124069e-02
4.670537327741331596e-02
4.672820029795026614e-02
4.671735256529371133e-02
4.620056286223427761e-02
4.509515450436880207e-02
4.535455331900031112e-02
4.564906806162874475e-02
4.560782628728653892e-02
4.655600272018656921e-02
4.864164697696438111e-02
4.863088677046600861e-02
4.856371686738102794e-02
4.878733839273321354e-02
4.878733839273321354e-02
4.860818109521106850e-02
5.006338427548568532e-02
5.001133007833475502e-02
5.020343093073049295e-02
4.839320691182318751e-02
4.725160616111654527e-02
4.723306761665985870e-02
4.721318967557908836e-02
4.727292118083133848e-02
4.711455034531405323e-02
4.711455034531405323e-02
4.619146621936933567e-02
4.734824128561282430e-02
4.752056643309018891e-02
4.730737190500464845e-02
4.830007171031758945e-02
4.830007171031758945e-02
4.832916748960516817e-02
4.870050874349451248e-02
4.881420332121715749e-02
4.912435455800707312e-02
4.813503823066775378e-02
4.889982129239783121e-02
4.890779347093817536e-02
4.890779347093817536e-02
4.785463534045270723e-02
4.798142196328897963e-02
4.771994074757734960e-02
4.782494089185942987e-02
4.763442856222421112e-02
4.866621521355708052e-02
4.866621521355708052e-02
4.820712712423743523e-02
4.867905480850154981e-02
4.877828840114353109e-02
5.004403864188592538e-02
5.004403864188592538e-02
4.989151125801979947e-02
4.868383705562644853e-02
4.858584892990450155e-02
4.858584892990450155e-02
4.852841456530233161e-02
4.848380525086427167e-02
4.947824106899152002e-02
4.947824106899152002e-02
4.825706649964669331e-02
4.792497287886598317e-02
4.910808853998260837e-02
4.905109723473619759e-02
4.889169172602417929e-02
4.877259850216055653e-02
4.873819501288013251e-02
4.875935711115733651e-02
4.875935711115733651e-02
4.974256695537242895e-02
4.861663537515040906e-02
4.867824397915267859e-02
4.873606955301126864e-02
4.873606955301126864e-02
4.820412721667485106e-02
4.820412721667485106e-02
4.831992486437447498e-02
4.817978480767103749e-02
4.820846952086733223e-02
4.703470856033264286e-02
4.691904188498124961e-02
4.691154913586209618e-02
4.691154913586209618e-02
4.662405586177156835e-02
4.662405586177156835e-02
4.666761553363833054e-02
4.664109452841843501e-02
4.679900403290756378e-02
4.679900403290756378e-02
4.787910947039786952e-02
4.787598519590779977e-02
4.787481563146633173e-02
4.787481563146633173e-02
4.790119564327096485e-02
4.791795752670385822e-02
4.801891603335318309e-02
4.803929634552653316e-02
4.803929634552653316e-02
4.800181012177277134e-02
4.693857988582358920e-02
4.693857988582358920e-02
4.760187838122784121e-02
4.760187838122784121e-02
4.760187838122784121e-02
4.753847606124714936e-02
4.737596730541653728e-02
4.737596730541653728e-02
4.723216819706261421e-02
4.735239674496544843e-02
4.730283240752330282e-02
4.727559943522319230e-02
4.727559943522319230e-02
4.731287921065976260e-02
4.718628089853128121e-02
4.721583789266600717e-02
4.721583789266600717e-02
4.717284910583566943e-02
4.717284910583566943e-02
4.717284910583566943e-02
4.717284910583566943e-02
4.717284910583566943e-02
4.710825852776059919e-02
4.710825852776059919e-02
4.710825852776059919e-02
4.717166190375299967e-02
4.717166190375299967e-02
4.701955237328114823e-02
4.728847879521854564e-02
4.686325992506139987e-02
4.687656598121936469e-02
4.687656598121936469e-02
4.737101873340768959e-02
4.733460545630589072e-02
4.733460545630589072e-02
4.733460545630589072e-02
4.750581850961448777e-02
4.729718041489006097e-02
4.729810263293229844e-02
4.719719642573712987e-02
4.720580623029969197e-02
4.720580623029969197e-02
4.720580623029969197e-02
4.720580623029969197e-02
4.706702913034558483e-02
4.703828952945835612e-02
4.707778836215507218e-02
4.704283358585428093e-02
4.710620789516589690e-02
4.710620789516589690e-02
4.710620789516589690e-02
4.710620789516589690e-02
4.710620789516589690e-02
4.710620789516589690e-02
4.713707931282228730e-02
4.713707931282228730e-02
4.694455596881328546e-02
4.694455596881328546e-02
4.691893618321282822e-02
4.691893618321282822e-02
4.687108832396044006e-02
4.687108832396044006e-02
4.687108832396044006e-02
4.687108832396044006e-02
4.671819728588578330e-02
4.671819728588578330e-02
4.671819728588578330e-02
4.671819728588578330e-02
4.671819728588578330e-02
4.673608538846215493e-02
4.673608538846215493e-02
4.673608538846215493e-02
4.673608538846215493e-02
4.673608538846215493e-02
4.668658730534366169e-02
4.645046014812714147e-02
4.645183955004239529e-02
4.645183955004239529e-02
4.645183955004239529e-02
4.657987854521838944e-02
4.628830110834423334e-02
4.623295777020802744e-02
4.623295777020802744e-02
4.623295777020802744e-02
4.623295777020802744e-02
4.623858419117743423e-02
4.623858419117743423e-02
4.623858419117743423e-02
4.618974903034608198e-02
4.618974903034608198e-02
4.620868374395081107e-02
