-1.899999999999999911e+00 0.000000000000000000e+00
-1.897861356932153409e+00 0.000000000000000000e+00
-1.895722713864306685e+00 0.000000000000000000e+00
-1.893584070796460184e+00 0.000000000000000000e+00
-1.891445427728613460e+00 0.000000000000000000e+00
-1.889306784660766958e+00 0.000000000000000000e+00
-1.887168141592920234e+00 0.000000000000000000e+00
-1.885029498525073732e+00 0.000000000000000000e+00
-1.882890855457227008e+00 0.000000000000000000e+00
-1.880752212389380507e+00 0.000000000000000000e+00
-1.878613569321533783e+00 0.000000000000000000e+00
-1.876474926253687281e+00 0.000000000000000000e+00
-1.874336283185840557e+00 0.000000000000000000e+00
-1.872197640117994055e+00 0.000000000000000000e+00
-1.870058997050147331e+00 0.000000000000000000e+00
-1.867920353982300830e+00 0.000000000000000000e+00
-1.865781710914454106e+00 0.000000000000000000e+00
-1.863643067846607604e+00 0.000000000000000000e+00
-1.861504424778760880e+00 0.000000000000000000e+00
-1.859365781710914378e+00 0.000000000000000000e+00
-1.857227138643067654e+00 0.000000000000000000e+00
-1.855088495575221152e+00 0.000000000000000000e+00
-1.852949852507374651e+00 0.000000000000000000e+00
-1.850811209439527927e+00 0.000000000000000000e+00
-1.848672566371681425e+00 0.000000000000000000e+00
-1.846533923303834701e+00 0.000000000000000000e+00
-1.844395280235988199e+00 0.000000000000000000e+00
-1.842256637168141475e+00 0.000000000000000000e+00
-1.840117994100294974e+00 0.000000000000000000e+00
-1.837979351032448250e+00 0.000000000000000000e+00
-1.835840707964601748e+00 0.000000000000000000e+00
-1.833702064896755024e+00 0.000000000000000000e+00
-1.831563421828908522e+00 0.000000000000000000e+00
-1.829424778761061798e+00 0.000000000000000000e+00
-1.827286135693215297e+00 0.000000000000000000e+00
-1.825147492625368573e+00 0.000000000000000000e+00
-1.823008849557522071e+00 0.000000000000000000e+00
-1.820870206489675347e+00 0.000000000000000000e+00
-1.818731563421828845e+00 0.000000000000000000e+00
-1.816592920353982121e+00 0.000000000000000000e+00
-1.814454277286135619e+00 0.000000000000000000e+00
-1.812315634218288896e+00 0.000000000000000000e+00
-1.810176991150442394e+00 0.000000000000000000e+00
-1.808038348082595892e+00 0.000000000000000000e+00
-1.805899705014749168e+00 0.000000000000000000e+00
-1.803761061946902666e+00 0.000000000000000000e+00
-1.801622418879055942e+00 0.000000000000000000e+00
-1.799483775811209441e+00 0.000000000000000000e+00
-1.797345132743362717e+00 0.000000000000000000e+00
-1.795206489675516215e+00 0.000000000000000000e+00
-1.793067846607669491e+00 0.000000000000000000e+00
-1.790929203539822989e+00 0.000000000000000000e+00
-1.788790560471976265e+00 0.000000000000000000e+00
-1.786651917404129764e+00 0.000000000000000000e+00
-1.784513274336283040e+00 0.000000000000000000e+00
-1.782374631268436538e+00 0.000000000000000000e+00
-1.780235988200589814e+00 0.000000000000000000e+00
-1.778097345132743312e+00 0.000000000000000000e+00
-1.775958702064896588e+00 0.000000000000000000e+00
-1.773820058997050086e+00 0.000000000000000000e+00
-1.771681415929203363e+00 0.000000000000000000e+00
-1.769542772861356861e+00 0.000000000000000000e+00
-1.767404129793510137e+00 0.000000000000000000e+00
-1.765265486725663635e+00 0.000000000000000000e+00
-1.763126843657817133e+00 0.000000000000000000e+00
-1.760988200589970409e+00 0.000000000000000000e+00
-1.758849557522123686e+00 0.000000000000000000e+00
-1.756710914454277184e+00 0.000000000000000000e+00
-1.754572271386430682e+00 0.000000000000000000e+00
-1.752433628318583958e+00 0.000000000000000000e+00
-1.750294985250737456e+00 0.000000000000000000e+00
-1.748156342182890732e+00 0.000000000000000000e+00
-1.746017699115044230e+00 0.000000000000000000e+00
-1.743879056047197507e+00 0.000000000000000000e+00
-1.741740412979351005e+00 0.000000000000000000e+00
-1.739601769911504281e+00 0.000000000000000000e+00
-1.737463126843657779e+00 0.000000000000000000e+00
-1.735324483775811055e+00 0.000000000000000000e+00
-1.733185840707964553e+00 0.000000000000000000e+00
-1.731047197640117830e+00 0.000000000000000000e+00
-1.728908554572271328e+00 0.000000000000000000e+00
-1.726769911504424604e+00 0.000000000000000000e+00
-1.724631268436578102e+00 0.000000000000000000e+00
-1.722492625368731378e+00 0.000000000000000000e+00
-1.720353982300884876e+00 0.000000000000000000e+00
-1.718215339233038375e+00 0.000000000000000000e+00
-1.716076696165191651e+00 0.000000000000000000e+00
-1.713938053097344927e+00 0.000000000000000000e+00
-1.711799410029498425e+00 0.000000000000000000e+00
-1.709660766961651923e+00 0.000000000000000000e+00
-1.707522123893805199e+00 0.000000000000000000e+00
-1.705383480825958697e+00 0.000000000000000000e+00
-1.703244837758111974e+00 0.000000000000000000e+00
-1.701106194690265472e+00 0.000000000000000000e+00
-1.698967551622418748e+00 0.000000000000000000e+00
-1.696828908554572246e+00 0.000000000000000000e+00
-1.694690265486725522e+00 0.000000000000000000e+00
-1.692551622418879020e+00 0.000000000000000000e+00
-1.690412979351032297e+00 0.000000000000000000e+00
-1.688274336283185795e+00 0.000000000000000000e+00
-1.686135693215339071e+00 0.000000000000000000e+00
-1.683997050147492569e+00 0.000000000000000000e+00
-1.681858407079645845e+00 0.000000000000000000e+00
-1.679719764011799343e+00 0.000000000000000000e+00
-1.677581120943952619e+00 0.000000000000000000e+00
-1.675442477876106118e+00 0.000000000000000000e+00
-1.673303834808259616e+00 0.000000000000000000e+00
-1.671165191740412892e+00 0.000000000000000000e+00
-1.669026548672566168e+00 0.000000000000000000e+00
-1.666887905604719666e+00 0.000000000000000000e+00
-1.664749262536873164e+00 0.000000000000000000e+00
-1.662610619469026441e+00 0.000000000000000000e+00
-1.660471976401179939e+00 0.000000000000000000e+00
-1.658333333333333215e+00 0.000000000000000000e+00
-1.656194690265486713e+00 0.000000000000000000e+00
-1.654056047197639989e+00 0.000000000000000000e+00
-1.651917404129793487e+00 0.000000000000000000e+00
-1.649778761061946764e+00 0.000000000000000000e+00
-1.647640117994100262e+00 0.000000000000000000e+00
-1.645501474926253538e+00 0.000000000000000000e+00
-1.643362831858407036e+00 0.000000000000000000e+00
-1.641224188790560312e+00 0.000000000000000000e+00
-1.639085545722713810e+00 0.000000000000000000e+00
-1.636946902654867309e+00 0.000000000000000000e+00
-1.634808259587020585e+00 0.000000000000000000e+00
-1.632669616519173861e+00 0.000000000000000000e+00
-1.630530973451327359e+00 0.000000000000000000e+00
-1.628392330383480857e+00 0.000000000000000000e+00
-1.626253687315634133e+00 0.000000000000000000e+00
-1.624115044247787409e+00 0.000000000000000000e+00
-1.621976401179940908e+00 0.000000000000000000e+00
-1.619837758112094406e+00 0.000000000000000000e+00
-1.617699115044247682e+00 0.000000000000000000e+00
-1.615560471976400958e+00 0.000000000000000000e+00
-1.613421828908554456e+00 0.000000000000000000e+00
-1.611283185840707954e+00 0.000000000000000000e+00
-1.609144542772861231e+00 0.000000000000000000e+00
-1.607005899705014729e+00 0.000000000000000000e+00
-1.604867256637168005e+00 0.000000000000000000e+00
-1.602728613569321503e+00 0.000000000000000000e+00
-1.600589970501474779e+00 0.000000000000000000e+00
-1.598451327433628277e+00 0.000000000000000000e+00
-1.596312684365781553e+00 0.000000000000000000e+00
-1.594174041297935052e+00 0.000000000000000000e+00
-1.592035398230088550e+00 0.000000000000000000e+00
-1.589896755162241826e+00 0.000000000000000000e+00
-1.587758112094395102e+00 0.000000000000000000e+00
-1.585619469026548600e+00 0.000000000000000000e+00
-1.583480825958702098e+00 0.000000000000000000e+00
-1.581342182890855375e+00 0.000000000000000000e+00
-1.579203539823008651e+00 0.000000000000000000e+00
-1.577064896755162149e+00 0.000000000000000000e+00
-1.574926253687315647e+00 0.000000000000000000e+00
-1.572787610619468923e+00 0.000000000000000000e+00
-1.570648967551622199e+00 0.000000000000000000e+00
-1.568510324483775698e+00 0.000000000000000000e+00
-1.566371681415929196e+00 0.000000000000000000e+00
-1.564233038348082472e+00 0.000000000000000000e+00
-1.562094395280235970e+00 0.000000000000000000e+00
-1.559955752212389246e+00 0.000000000000000000e+00
-1.557817109144542744e+00 0.000000000000000000e+00
-1.555678466076696020e+00 0.000000000000000000e+00
-1.553539823008849519e+00 0.000000000000000000e+00
-1.551401179941002795e+00 0.000000000000000000e+00
-1.549262536873156293e+00 0.000000000000000000e+00
-1.547123893805309569e+00 0.000000000000000000e+00
-1.544985250737463067e+00 0.000000000000000000e+00
-1.542846607669616343e+00 0.000000000000000000e+00
-1.540707964601769842e+00 0.000000000000000000e+00
-1.538569321533923340e+00 0.000000000000000000e+00
-1.536430678466076616e+00 0.000000000000000000e+00
-1.534292035398229892e+00 0.000000000000000000e+00
-1.532153392330383390e+00 0.000000000000000000e+00
-1.530014749262536888e+00 0.000000000000000000e+00
-1.527876106194690164e+00 0.000000000000000000e+00
-1.525737463126843441e+00 0.000000000000000000e+00
-1.523598820058996939e+00 0.000000000000000000e+00
-1.521460176991150437e+00 0.000000000000000000e+00
-1.519321533923303713e+00 0.000000000000000000e+00
-1.517182890855457211e+00 0.000000000000000000e+00
-1.515044247787610487e+00 0.000000000000000000e+00
-1.512905604719763986e+00 0.000000000000000000e+00
-1.510766961651917262e+00 0.000000000000000000e+00
-1.508628318584070760e+00 0.000000000000000000e+00
-1.506489675516224036e+00 0.000000000000000000e+00
-1.504351032448377534e+00 0.000000000000000000e+00
-1.502212389380530810e+00 0.000000000000000000e+00
-1.500073746312684309e+00 0.000000000000000000e+00
-1.497935103244837585e+00 0.000000000000000000e+00
-1.495796460176991083e+00 0.000000000000000000e+00
-1.493657817109144581e+00 0.000000000000000000e+00
-1.491519174041297857e+00 0.000000000000000000e+00
-1.489380530973451133e+00 0.000000000000000000e+00
-1.487241887905604631e+00 0.000000000000000000e+00
-1.485103244837758130e+00 0.000000000000000000e+00
-1.482964601769911406e+00 0.000000000000000000e+00
-1.480825958702064682e+00 0.000000000000000000e+00
-1.478687315634218180e+00 0.000000000000000000e+00
-1.476548672566371678e+00 0.000000000000000000e+00
-1.474410029498524954e+00 0.000000000000000000e+00
-1.472271386430678453e+00 0.000000000000000000e+00
-1.470132743362831729e+00 0.000000000000000000e+00
-1.467994100294985227e+00 0.000000000000000000e+00
-1.465855457227138503e+00 0.000000000000000000e+00
-1.463716814159292001e+00 0.000000000000000000e+00
-1.461578171091445277e+00 0.000000000000000000e+00
-1.459439528023598776e+00 0.000000000000000000e+00
-1.457300884955752052e+00 0.000000000000000000e+00
-1.455162241887905550e+00 0.000000000000000000e+00
-1.453023598820058826e+00 0.000000000000000000e+00
-1.450884955752212324e+00 0.000000000000000000e+00
-1.448746312684365822e+00 0.000000000000000000e+00
-1.446607669616519098e+00 0.000000000000000000e+00
-1.444469026548672375e+00 0.000000000000000000e+00
-1.442330383480825873e+00 0.000000000000000000e+00
-1.440191740412979371e+00 0.000000000000000000e+00
-1.438053097345132647e+00 0.000000000000000000e+00
-1.435914454277285923e+00 0.000000000000000000e+00
-1.433775811209439421e+00 0.000000000000000000e+00
-1.431637168141592920e+00 0.000000000000000000e+00
-1.429498525073746196e+00 0.000000000000000000e+00
-1.427359882005899694e+00 0.000000000000000000e+00
-1.425221238938052970e+00 0.000000000000000000e+00
-1.423082595870206468e+00 0.000000000000000000e+00
-1.420943952802359744e+00 0.000000000000000000e+00
-1.418805309734513243e+00 0.000000000000000000e+00
-1.416666666666666519e+00 0.000000000000000000e+00
-1.414528023598820017e+00 0.000000000000000000e+00
-1.412389380530973293e+00 0.000000000000000000e+00
-1.410250737463126791e+00 0.000000000000000000e+00
-1.408112094395280067e+00 0.000000000000000000e+00
-1.405973451327433565e+00 0.000000000000000000e+00
-1.403834808259587064e+00 0.000000000000000000e+00
-1.401696165191740340e+00 0.000000000000000000e+00
-1.399557522123893616e+00 0.000000000000000000e+00
-1.397418879056047114e+00 0.000000000000000000e+00
-1.395280235988200612e+00 0.000000000000000000e+00
-1.393141592920353888e+00 0.000000000000000000e+00
-1.391002949852507165e+00 0.000000000000000000e+00
-1.388864306784660663e+00 0.000000000000000000e+00
-1.386725663716814161e+00 0.000000000000000000e+00
-1.384587020648967437e+00 0.000000000000000000e+00
-1.382448377581120713e+00 0.000000000000000000e+00
-1.380309734513274211e+00 0.000000000000000000e+00
-1.378171091445427709e+00 0.000000000000000000e+00
-1.376032448377580986e+00 0.000000000000000000e+00
-1.373893805309734484e+00 0.000000000000000000e+00
-1.371755162241887760e+00 0.000000000000000000e+00
-1.369616519174041258e+00 0.000000000000000000e+00
-1.367477876106194756e+00 0.000000000000000000e+00
-1.365339233038348032e+00 0.000000000000000000e+00
-1.363200589970501309e+00 0.000000000000000000e+00
-1.361061946902654807e+00 0.000000000000000000e+00
-1.358923303834808305e+00 0.000000000000000000e+00
-1.356784660766961581e+00 0.000000000000000000e+00
-1.354646017699114857e+00 0.000000000000000000e+00
-1.352507374631268355e+00 0.000000000000000000e+00
-1.350368731563421854e+00 0.000000000000000000e+00
-1.348230088495575130e+00 0.000000000000000000e+00
-1.346091445427728406e+00 0.000000000000000000e+00
-1.343952802359881904e+00 0.000000000000000000e+00
-1.341814159292035402e+00 0.000000000000000000e+00
-1.339675516224188678e+00 0.000000000000000000e+00
-1.337536873156341954e+00 0.000000000000000000e+00
-1.335398230088495453e+00 0.000000000000000000e+00
-1.333259587020648951e+00 0.000000000000000000e+00
-1.331120943952802227e+00 0.000000000000000000e+00
-1.328982300884955725e+00 0.000000000000000000e+00
-1.326843657817109001e+00 0.000000000000000000e+00
-1.324705014749262499e+00 0.000000000000000000e+00
-1.322566371681415998e+00 0.000000000000000000e+00
-1.320427728613569274e+00 0.000000000000000000e+00
-1.318289085545722550e+00 0.000000000000000000e+00
-1.316150442477876048e+00 0.000000000000000000e+00
-1.314011799410029546e+00 0.000000000000000000e+00
-1.311873156342182822e+00 0.000000000000000000e+00
-1.309734513274336098e+00 0.000000000000000000e+00
-1.307595870206489597e+00 0.000000000000000000e+00
-1.305457227138643095e+00 0.000000000000000000e+00
-1.303318584070796371e+00 0.000000000000000000e+00
-1.301179941002949647e+00 0.000000000000000000e+00
-1.299041297935103145e+00 0.000000000000000000e+00
-1.296902654867256643e+00 0.000000000000000000e+00
-1.294764011799409920e+00 0.000000000000000000e+00
-1.292625368731563196e+00 0.000000000000000000e+00
-1.290486725663716694e+00 0.000000000000000000e+00
-1.288348082595870192e+00 0.000000000000000000e+00
-1.286209439528023468e+00 0.000000000000000000e+00
-1.284070796460176966e+00 0.000000000000000000e+00
-1.281932153392330243e+00 0.000000000000000000e+00
-1.279793510324483741e+00 0.000000000000000000e+00
-1.277654867256637239e+00 0.000000000000000000e+00
-1.275516224188790515e+00 0.000000000000000000e+00
-1.273377581120943791e+00 0.000000000000000000e+00
-1.271238938053097289e+00 0.000000000000000000e+00
-1.269100294985250788e+00 0.000000000000000000e+00
-1.266961651917404064e+00 0.000000000000000000e+00
-1.264823008849557340e+00 0.000000000000000000e+00
-1.262684365781710838e+00 0.000000000000000000e+00
-1.260545722713864336e+00 0.000000000000000000e+00
-1.258407079646017612e+00 0.000000000000000000e+00
-1.256268436578170888e+00 0.000000000000000000e+00
-1.254129793510324387e+00 0.000000000000000000e+00
-1.251991150442477885e+00 0.000000000000000000e+00
-1.249852507374631161e+00 0.000000000000000000e+00
-1.247713864306784437e+00 0.000000000000000000e+00
-1.245575221238937935e+00 0.000000000000000000e+00
-1.243436578171091433e+00 0.000000000000000000e+00
-1.241297935103244710e+00 0.000000000000000000e+00
-1.239159292035397986e+00 0.000000000000000000e+00
-1.237020648967551484e+00 0.000000000000000000e+00
-1.234882005899704982e+00 0.000000000000000000e+00
-1.232743362831858480e+00 0.000000000000000000e+00
-1.230604719764011756e+00 0.000000000000000000e+00
-1.228466076696165032e+00 0.000000000000000000e+00
-1.226327433628318531e+00 0.000000000000000000e+00
-1.224188790560472029e+00 0.000000000000000000e+00
-1.222050147492625305e+00 0.000000000000000000e+00
-1.219911504424778581e+00 0.000000000000000000e+00
-1.217772861356932079e+00 0.000000000000000000e+00
-1.215634218289085577e+00 0.000000000000000000e+00
-1.213495575221238854e+00 0.000000000000000000e+00
-1.211356932153392130e+00 0.000000000000000000e+00
-1.209218289085545628e+00 0.000000000000000000e+00
-1.207079646017699126e+00 0.000000000000000000e+00
-1.204941002949852402e+00 0.000000000000000000e+00
-1.202802359882005678e+00 0.000000000000000000e+00
-1.200663716814159176e+00 0.000000000000000000e+00
-1.198525073746312675e+00 0.000000000000000000e+00
-1.196386430678465951e+00 0.000000000000000000e+00
-1.194247787610619227e+00 0.000000000000000000e+00
-1.192109144542772725e+00 0.000000000000000000e+00
-1.189970501474926223e+00 0.000000000000000000e+00
-1.187831858407079721e+00 0.000000000000000000e+00
-1.185693215339232998e+00 0.000000000000000000e+00
-1.183554572271386274e+00 0.000000000000000000e+00
-1.181415929203539772e+00 0.000000000000000000e+00
-1.179277286135693270e+00 0.000000000000000000e+00
-1.177138643067846546e+00 0.000000000000000000e+00
-1.174999999999999822e+00 0.000000000000000000e+00
-1.172861356932153321e+00 0.000000000000000000e+00
-1.170722713864306819e+00 0.000000000000000000e+00
-1.168584070796460095e+00 0.000000000000000000e+00
-1.166445427728613371e+00 0.000000000000000000e+00
-1.164306784660766869e+00 0.000000000000000000e+00
-1.162168141592920367e+00 0.000000000000000000e+00
-1.160029498525073643e+00 0.000000000000000000e+00
-1.157890855457226920e+00 0.000000000000000000e+00
-1.155752212389380418e+00 0.000000000000000000e+00
-1.153613569321533916e+00 0.000000000000000000e+00
-1.151474926253687192e+00 0.000000000000000000e+00
-1.149336283185840468e+00 0.000000000000000000e+00
-1.147197640117993966e+00 0.000000000000000000e+00
-1.145058997050147465e+00 0.000000000000000000e+00
-1.142920353982300963e+00 0.000000000000000000e+00
-1.140781710914454239e+00 0.000000000000000000e+00
-1.138643067846607515e+00 0.000000000000000000e+00
-1.136504424778761013e+00 0.000000000000000000e+00
-1.134365781710914511e+00 0.000000000000000000e+00
-1.132227138643067788e+00 0.000000000000000000e+00
-1.130088495575221064e+00 0.000000000000000000e+00
-1.127949852507374562e+00 0.000000000000000000e+00
-1.125811209439528060e+00 0.000000000000000000e+00
-1.123672566371681336e+00 0.000000000000000000e+00
-1.121533923303834612e+00 0.000000000000000000e+00
-1.119395280235988110e+00 0.000000000000000000e+00
-1.117256637168141609e+00 0.000000000000000000e+00
-1.115117994100294885e+00 0.000000000000000000e+00
-1.112979351032448161e+00 0.000000000000000000e+00
-1.110840707964601659e+00 0.000000000000000000e+00
-1.108702064896755157e+00 0.000000000000000000e+00
-1.106563421828908433e+00 0.000000000000000000e+00
-1.104424778761061710e+00 0.000000000000000000e+00
-1.102286135693215208e+00 0.000000000000000000e+00
-1.100147492625368706e+00 0.000000000000000000e+00
-1.098008849557522204e+00 0.000000000000000000e+00
-1.095870206489675480e+00 0.000000000000000000e+00
-1.093731563421828756e+00 0.000000000000000000e+00
-1.091592920353982255e+00 0.000000000000000000e+00
-1.089454277286135753e+00 0.000000000000000000e+00
-1.087315634218289029e+00 0.000000000000000000e+00
-1.085176991150442305e+00 0.000000000000000000e+00
-1.083038348082595803e+00 0.000000000000000000e+00
-1.080899705014749301e+00 0.000000000000000000e+00
-1.078761061946902577e+00 0.000000000000000000e+00
-1.076622418879055854e+00 0.000000000000000000e+00
-1.074483775811209352e+00 0.000000000000000000e+00
-1.072345132743362850e+00 0.000000000000000000e+00
-1.070206489675516126e+00 0.000000000000000000e+00
-1.068067846607669402e+00 0.000000000000000000e+00
-1.065929203539822900e+00 0.000000000000000000e+00
-1.063790560471976399e+00 0.000000000000000000e+00
-1.061651917404129675e+00 0.000000000000000000e+00
-1.059513274336282951e+00 0.000000000000000000e+00
-1.057374631268436449e+00 0.000000000000000000e+00
-1.055235988200589947e+00 0.000000000000000000e+00
-1.053097345132743445e+00 0.000000000000000000e+00
-1.050958702064896721e+00 0.000000000000000000e+00
-1.048820058997049998e+00 0.000000000000000000e+00
-1.046681415929203496e+00 0.000000000000000000e+00
-1.044542772861356994e+00 0.000000000000000000e+00
-1.042404129793510270e+00 0.000000000000000000e+00
-1.040265486725663546e+00 0.000000000000000000e+00
-1.038126843657817044e+00 0.000000000000000000e+00
-1.035988200589970543e+00 0.000000000000000000e+00
-1.033849557522123819e+00 0.000000000000000000e+00
-1.031710914454277095e+00 0.000000000000000000e+00
-1.029572271386430593e+00 0.000000000000000000e+00
-1.027433628318584091e+00 0.000000000000000000e+00
-1.025294985250737367e+00 0.000000000000000000e+00
-1.023156342182890643e+00 0.000000000000000000e+00
-1.021017699115044142e+00 0.000000000000000000e+00
-1.018879056047197640e+00 0.000000000000000000e+00
-1.016740412979350916e+00 0.000000000000000000e+00
-1.014601769911504192e+00 0.000000000000000000e+00
-1.012463126843657690e+00 0.000000000000000000e+00
-1.010324483775811188e+00 0.000000000000000000e+00
-1.008185840707964687e+00 0.000000000000000000e+00
-1.006047197640117963e+00 0.000000000000000000e+00
-1.003908554572271239e+00 0.000000000000000000e+00
-1.001769911504424737e+00 0.000000000000000000e+00
-9.996312684365781243e-01 0.000000000000000000e+00
-9.974926253687315114e-01 0.000000000000000000e+00
-9.953539823008848986e-01 0.000000000000000000e+00
-9.932153392330382857e-01 0.000000000000000000e+00
-9.910766961651916729e-01 0.000000000000000000e+00
-9.889380530973450600e-01 0.000000000000000000e+00
-9.867994100294984472e-01 0.000000000000000000e+00
-9.846607669616518344e-01 0.000000000000000000e+00
-9.825221238938052215e-01 0.000000000000000000e+00
-9.803834808259586087e-01 0.000000000000000000e+00
-9.782448377581119958e-01 0.000000000000000000e+00
-9.761061946902653830e-01 0.000000000000000000e+00
-9.739675516224187701e-01 0.000000000000000000e+00
-9.718289085545721573e-01 0.000000000000000000e+00
-9.696902654867255444e-01 0.000000000000000000e+00
-9.675516224188789316e-01 0.000000000000000000e+00
-9.654129793510323188e-01 0.000000000000000000e+00
-9.632743362831858169e-01 0.000000000000000000e+00
-9.611356932153392041e-01 0.000000000000000000e+00
-9.589970501474925912e-01 0.000000000000000000e+00
-9.568584070796459784e-01 0.000000000000000000e+00
-9.547197640117993656e-01 0.000000000000000000e+00
-9.525811209439527527e-01 0.000000000000000000e+00
-9.504424778761061399e-01 0.000000000000000000e+00
-9.483038348082595270e-01 0.000000000000000000e+00
-9.461651917404129142e-01 0.000000000000000000e+00
-9.440265486725663013e-01 0.000000000000000000e+00
-9.418879056047196885e-01 0.000000000000000000e+00
-9.397492625368730756e-01 0.000000000000000000e+00
-9.376106194690264628e-01 0.000000000000000000e+00
-9.354719764011798500e-01 0.000000000000000000e+00
-9.333333333333332371e-01 0.000000000000000000e+00
-9.311946902654866243e-01 0.000000000000000000e+00
-9.290560471976400114e-01 0.000000000000000000e+00
-9.269174041297933986e-01 0.000000000000000000e+00
-9.247787610619467857e-01 0.000000000000000000e+00
-9.226401179941001729e-01 0.000000000000000000e+00
-9.205014749262535600e-01 0.000000000000000000e+00
-9.183628318584070582e-01 0.000000000000000000e+00
-9.162241887905604454e-01 0.000000000000000000e+00
-9.140855457227138325e-01 0.000000000000000000e+00
-9.119469026548672197e-01 0.000000000000000000e+00
-9.098082595870206069e-01 0.000000000000000000e+00
-9.076696165191739940e-01 0.000000000000000000e+00
-9.055309734513273812e-01 0.000000000000000000e+00
-9.033923303834807683e-01 0.000000000000000000e+00
-9.012536873156341555e-01 0.000000000000000000e+00
-8.991150442477875426e-01 0.000000000000000000e+00
-8.969764011799408188e-01 0.000000000000000000e+00
-8.948377581120943169e-01 0.000000000000000000e+00
-8.926991150442478151e-01 0.000000000000000000e+00
-8.905604719764010913e-01 0.000000000000000000e+00
-8.884218289085545894e-01 0.000000000000000000e+00
-8.862831858407078656e-01 0.000000000000000000e+00
-8.841445427728613637e-01 0.000000000000000000e+00
-8.820058997050146399e-01 0.000000000000000000e+00
-8.798672566371681381e-01 0.000000000000000000e+00
-8.777286135693214142e-01 0.000000000000000000e+00
-8.755899705014749124e-01 0.000000000000000000e+00
-8.734513274336281885e-01 0.000000000000000000e+00
-8.713126843657816867e-01 0.000000000000000000e+00
-8.691740412979349628e-01 0.000000000000000000e+00
-8.670353982300884610e-01 0.000000000000000000e+00
-8.648967551622417371e-01 0.000000000000000000e+00
-8.627581120943952353e-01 0.000000000000000000e+00
-8.606194690265485114e-01 0.000000000000000000e+00
-8.584808259587020096e-01 0.000000000000000000e+00
-8.563421828908552857e-01 0.000000000000000000e+00
-8.542035398230087839e-01 0.000000000000000000e+00
-8.520648967551620601e-01 0.000000000000000000e+00
-8.499262536873155582e-01 0.000000000000000000e+00
-8.477876106194690564e-01 0.000000000000000000e+00
-8.456489675516223326e-01 0.000000000000000000e+00
-8.435103244837758307e-01 0.000000000000000000e+00
-8.413716814159291069e-01 0.000000000000000000e+00
-8.392330383480826050e-01 0.000000000000000000e+00
-8.370943952802358812e-01 0.000000000000000000e+00
-8.349557522123893794e-01 0.000000000000000000e+00
-8.328171091445426555e-01 0.000000000000000000e+00
-8.306784660766961537e-01 0.000000000000000000e+00
-8.285398230088494298e-01 0.000000000000000000e+00
-8.264011799410029280e-01 0.000000000000000000e+00
-8.242625368731562041e-01 0.000000000000000000e+00
-8.221238938053097023e-01 0.000000000000000000e+00
-8.199852507374629784e-01 0.000000000000000000e+00
-8.178466076696164766e-01 0.000000000000000000e+00
-8.157079646017697527e-01 0.000000000000000000e+00
-8.135693215339232509e-01 0.000000000000000000e+00
-8.114306784660765270e-01 0.000000000000000000e+00
-8.092920353982300252e-01 0.000000000000000000e+00
-8.071533923303833014e-01 0.000000000000000000e+00
-8.050147492625367995e-01 0.000000000000000000e+00
-8.028761061946902977e-01 0.000000000000000000e+00
-8.007374631268435738e-01 0.000000000000000000e+00
-7.985988200589970720e-01 0.000000000000000000e+00
-7.964601769911503482e-01 0.000000000000000000e+00
-7.943215339233038463e-01 0.000000000000000000e+00
-7.921828908554571225e-01 0.000000000000000000e+00
-7.900442477876106206e-01 0.000000000000000000e+00
-7.879056047197638968e-01 0.000000000000000000e+00
-7.857669616519173950e-01 0.000000000000000000e+00
-7.836283185840706711e-01 0.000000000000000000e+00
-7.814896755162241693e-01 0.000000000000000000e+00
-7.793510324483774454e-01 0.000000000000000000e+00
-7.772123893805309436e-01 0.000000000000000000e+00
-7.750737463126842197e-01 0.000000000000000000e+00
-7.729351032448377179e-01 0.000000000000000000e+00
-7.707964601769909940e-01 0.000000000000000000e+00
-7.686578171091444922e-01 0.000000000000000000e+00
-7.665191740412977683e-01 0.000000000000000000e+00
-7.643805309734512665e-01 0.000000000000000000e+00
-7.622418879056045427e-01 0.000000000000000000e+00
-7.601032448377580408e-01 0.000000000000000000e+00
-7.579646017699115390e-01 0.000000000000000000e+00
-7.558259587020648151e-01 0.000000000000000000e+00
-7.536873156342183133e-01 0.000000000000000000e+00
-7.515486725663715895e-01 0.000000000000000000e+00
-7.494100294985250876e-01 0.000000000000000000e+00
-7.472713864306783638e-01 0.000000000000000000e+00
-7.451327433628318619e-01 0.000000000000000000e+00
-7.429941002949851381e-01 0.000000000000000000e+00
-7.408554572271386363e-01 0.000000000000000000e+00
-7.387168141592919124e-01 0.000000000000000000e+00
-7.365781710914454106e-01 0.000000000000000000e+00
-7.344395280235986867e-01 0.000000000000000000e+00
-7.323008849557521849e-01 0.000000000000000000e+00
-7.301622418879054610e-01 0.000000000000000000e+00
-7.280235988200589592e-01 0.000000000000000000e+00
-7.258849557522122353e-01 0.000000000000000000e+00
-7.237463126843657335e-01 0.000000000000000000e+00
-7.216076696165190096e-01 0.000000000000000000e+00
-7.194690265486725078e-01 0.000000000000000000e+00
-7.173303834808257839e-01 0.000000000000000000e+00
-7.151917404129792821e-01 0.000000000000000000e+00
-7.130530973451327803e-01 0.000000000000000000e+00
-7.109144542772860564e-01 0.000000000000000000e+00
-7.087758112094395546e-01 0.000000000000000000e+00
-7.066371681415928308e-01 0.000000000000000000e+00
-7.044985250737463289e-01 0.000000000000000000e+00
-7.023598820058996051e-01 0.000000000000000000e+00
-7.002212389380531032e-01 0.000000000000000000e+00
-6.980825958702063794e-01 0.000000000000000000e+00
-6.959439528023598776e-01 0.000000000000000000e+00
-6.938053097345131537e-01 0.000000000000000000e+00
-6.916666666666666519e-01 0.000000000000000000e+00
-6.895280235988199280e-01 0.000000000000000000e+00
-6.873893805309734262e-01 0.000000000000000000e+00
-6.852507374631267023e-01 0.000000000000000000e+00
-6.831120943952802005e-01 0.000000000000000000e+00
-6.809734513274334766e-01 0.000000000000000000e+00
-6.788348082595869748e-01 0.000000000000000000e+00
-6.766961651917402509e-01 0.000000000000000000e+00
-6.745575221238937491e-01 0.000000000000000000e+00
-6.724188790560470252e-01 0.000000000000000000e+00
-6.702802359882005234e-01 0.000000000000000000e+00
-6.681415929203540216e-01 0.000000000000000000e+00
-6.660029498525072977e-01 0.000000000000000000e+00
-6.638643067846607959e-01 0.000000000000000000e+00
-6.617256637168140720e-01 0.000000000000000000e+00
-6.595870206489675702e-01 0.000000000000000000e+00
-6.574483775811208464e-01 0.000000000000000000e+00
-6.553097345132743445e-01 0.000000000000000000e+00
-6.531710914454276207e-01 0.000000000000000000e+00
-6.510324483775811188e-01 0.000000000000000000e+00
-6.488938053097343950e-01 0.000000000000000000e+00
-6.467551622418878932e-01 0.000000000000000000e+00
-6.446165191740411693e-01 0.000000000000000000e+00
-6.424778761061946675e-01 0.000000000000000000e+00
-6.403392330383479436e-01 0.000000000000000000e+00
-6.382005899705014418e-01 0.000000000000000000e+00
-6.360619469026547179e-01 0.000000000000000000e+00
-6.339233038348082161e-01 0.000000000000000000e+00
-6.317846607669614922e-01 0.000000000000000000e+00
-6.296460176991149904e-01 0.000000000000000000e+00
-6.275073746312682665e-01 0.000000000000000000e+00
-6.253687315634217647e-01 0.000000000000000000e+00
-6.232300884955750409e-01 0.000000000000000000e+00
-6.210914454277285390e-01 0.000000000000000000e+00
-6.189528023598820372e-01 0.000000000000000000e+00
-6.168141592920353133e-01 0.000000000000000000e+00
-6.146755162241888115e-01 0.000000000000000000e+00
-6.125368731563420877e-01 0.000000000000000000e+00
-6.103982300884955858e-01 0.000000000000000000e+00
-6.082595870206488620e-01 0.000000000000000000e+00
-6.061209439528023601e-01 0.000000000000000000e+00
-6.039823008849556363e-01 0.000000000000000000e+00
-6.018436578171091345e-01 0.000000000000000000e+00
-5.997050147492624106e-01 0.000000000000000000e+00
-5.975663716814159088e-01 0.000000000000000000e+00
-5.954277286135691849e-01 0.000000000000000000e+00
-5.932890855457226831e-01 0.000000000000000000e+00
-5.911504424778759592e-01 0.000000000000000000e+00
-5.890117994100294574e-01 0.000000000000000000e+00
-5.868731563421827335e-01 9.881312916824930884e-324
-5.847345132743362317e-01 3.055495943817451736e-315
-5.825958702064895078e-01 6.766289290724892149e-307
-5.804572271386430060e-01 9.118602927531086088e-299
-5.783185840707962821e-01 7.574046499894372127e-291
-5.761799410029497803e-01 3.925747104719106858e-283
-5.740412979351032785e-01 1.285131098876942013e-275
-5.719026548672565546e-01 2.688475948683510011e-268
-5.697640117994100528e-01 3.635561437818773330e-261
-5.676253687315633290e-01 3.213585696580858046e-254
-5.654867256637168271e-01 1.877087286669242835e-247
-5.633480825958701033e-01 7.322479312506294819e-241
-5.612094395280236014e-01 1.927510301989541225e-234
-5.590707964601768776e-01 3.458372130964718302e-228
-5.569321533923303758e-01 4.271137102883961567e-222
-5.547935103244836519e-01 3.665759259797540212e-216
-5.526548672566371501e-01 2.206882307764588081e-210
-5.505162241887904262e-01 9.404427541890246162e-205
-5.483775811209439244e-01 2.861977880763229320e-199
-5.462389380530972005e-01 6.273729774012822411e-194
-5.441002949852506987e-01 9.989885736428412405e-189
-5.419616519174039748e-01 1.165002934583461132e-183
-5.398230088495574730e-01 1.002977832940837510e-178
-5.376843657817107491e-01 6.424379967179737886e-174
-5.355457227138642473e-01 3.084880812214164157e-169
-5.334070796460175234e-01 1.118718218658810615e-164
-5.312684365781710216e-01 3.086059742023575151e-160
-5.291297935103245198e-01 6.521323514060530122e-156
-5.269911504424777959e-01 1.062879032078316284e-151
-5.248525073746312941e-01 1.345060571497277608e-147
-5.227138643067845702e-01 1.330237714575469580e-143
-5.205752212389380684e-01 1.034650644585691939e-139
-5.184365781710913446e-01 6.368144232691808820e-136
-5.162979351032448427e-01 3.120298228520550106e-132
-5.141592920353981189e-01 1.224295434483829697e-128
-5.120206489675516170e-01 3.868666566751135270e-125
-5.098820058997048932e-01 9.900022257561428034e-122
-5.077433628318583914e-01 2.062833263229569966e-118
-5.056047197640116675e-01 3.518345149183186613e-115
-5.034660766961651657e-01 4.937349977897099385e-112
-5.013274336283184418e-01 5.729389382922228141e-109
-4.991887905604719400e-01 5.524639858838012051e-106
-4.970501474926252161e-01 4.447837688882708469e-103
-4.949115044247787143e-01 3.003713951073845400e-100
-4.927728613569319904e-01 1.709215554781329267e-97
-4.906342182890854886e-01 8.231472939856369868e-95
-4.884955752212387647e-01 3.369502010690150553e-92
-4.863569321533922629e-01 1.177277190057162600e-89
-4.842182890855457611e-01 3.525231132338679271e-87
-4.820796460176990372e-01 9.082766069672947271e-85
-4.799410029498525354e-01 2.021399140458946548e-82
-4.778023598820058115e-01 3.900571607751268715e-80
-4.756637168141593097e-01 6.550035220770111327e-78
-4.735250737463125859e-01 9.606261566102460512e-76
-4.713864306784660840e-01 1.234744273051562925e-73
-4.692477876106193602e-01 1.395690715228920630e-71
-4.671091445427728583e-01 1.391973230126230989e-69
-4.649705014749261345e-01 1.228868137496750330e-67
-4.628318584070796327e-01 9.633402854166178785e-66
-4.606932153392329088e-01 6.726460403035580887e-64
-4.585545722713864070e-01 4.195891298409469412e-62
-4.564159292035396831e-01 2.345080715753335434e-60
-4.542772861356931813e-01 1.177660498739861518e-58
-4.521386430678464574e-01 5.328591990447461556e-57
-4.499999999999999556e-01 2.178238650259668773e-55
-4.478613569321532317e-01 8.065656776218763666e-54
-4.457227138643067299e-01 2.712231657791882975e-52
-4.435840707964600060e-01 8.303279221121446580e-51
-4.414454277286135042e-01 2.319870105696620812e-49
-4.393067846607670024e-01 5.929215081466063841e-48
-4.371681415929202785e-01 1.389479946993240545e-46
-4.350294985250737767e-01 2.992301114038696634e-45
-4.328908554572270528e-01 5.934821153541907079e-44
-4.307522123893805510e-01 1.086391485147054146e-42
-4.286135693215338272e-01 1.839266902612266116e-41
-4.264749262536873253e-01 2.885778707962385485e-40
-4.243362831858406015e-01 4.204349387303675748e-39
-4.221976401179940996e-01 5.698856905386463768e-38
-4.200589970501473758e-01 7.200193181789858276e-37
-4.179203539823008740e-01 8.494961047565930444e-36
-4.157817109144541501e-01 9.375891083442388469e-35
-4.136430678466076483e-01 9.697301387719340045e-34
-4.115044247787609244e-01 9.414784038114575500e-33
-4.093657817109144226e-01 8.594212641168249856e-32
-4.072271386430676987e-01 7.388136132176927034e-31
-4.050884955752211969e-01 5.990673806075428309e-30
-4.029498525073744730e-01 4.588703112295070151e-29
-4.008112094395279712e-01 3.325234621495917670e-28
-3.986725663716812473e-01 2.282972494979573819e-27
-3.965339233038347455e-01 1.487089151101024623e-26
-3.943952802359880216e-01 9.202958315812165756e-26
-3.922566371681415198e-01 5.418173474155352340e-25
-3.901179941002950180e-01 3.038640488793062295e-24
-3.879793510324482941e-01 1.625392031909391860e-23
-3.858407079646017923e-01 8.302838440264390087e-23
-3.837020648967550684e-01 4.055161580276020431e-22
-3.815634218289085666e-01 1.895888815826207659e-21
-3.794247787610618428e-01 8.494495522511344363e-21
-3.772861356932153409e-01 3.651459372979336911e-20
-3.751474926253686171e-01 1.507548136554812494e-19
-3.730088495575221152e-01 5.984271482122686113e-19
-3.708702064896753914e-01 2.286306757404337527e-18
-3.687315634218288896e-01 8.415444026855539242e-18
-3.665929203539821657e-01 2.987197106072143084e-17
-3.644542772861356639e-01 1.023550037937271644e-16
-3.623156342182889400e-01 3.388566548605743164e-16
-3.601769911504424382e-01 1.084870003120067760e-15
-3.580383480825957143e-01 3.361839700658610375e-15
-3.558997050147492125e-01 1.009222523829052065e-14
-3.537610619469024886e-01 2.937452833251961777e-14
-3.516224188790559868e-01 8.296271172534401353e-14
-3.494837758112092629e-01 2.275453444065760883e-13
-3.473451327433627611e-01 6.065435123493842303e-13
-3.452064896755162593e-01 1.572505992627964275e-12
-3.430678466076695354e-01 3.968056964835673929e-12
-3.409292035398230336e-01 9.752801863439281426e-12
-3.387905604719763097e-01 2.336412232027239596e-11
-3.366519174041298079e-01 5.459249548800420586e-11
-3.345132743362830841e-01 1.244993408104981019e-10
-3.323746312684365822e-01 2.772883289018045021e-10
-3.302359882005898584e-01 6.035303797367646805e-10
-3.280973451327433565e-01 1.284503277040390359e-09
-3.259587020648966327e-01 2.674844226192204603e-09
-3.238200589970501309e-01 5.453068399184100038e-09
-3.216814159292034070e-01 1.088950204899297989e-08
-3.195427728613569052e-01 2.131271735104589252e-08
-3.174041297935101813e-01 4.090404635787088583e-08
-3.152654867256636795e-01 7.702243478212049707e-08
-3.131268436578169556e-01 1.423681183083844460e-07
-3.109882005899704538e-01 2.584449539865097837e-07
-3.088495575221237299e-01 4.609914599517810112e-07
-3.067109144542772281e-01 8.083351732883056206e-07
-3.045722713864305042e-01 1.394000127373013245e-06
-3.024336283185840024e-01 2.365378767086774710e-06
-3.002949852507375006e-01 3.950880489844184798e-06
-2.981563421828907767e-01 6.498696926236916172e-06
-2.960176991150442749e-01 1.053117827171495904e-05
-2.938790560471975510e-01 1.681978271515623816e-05
-2.917404129793510492e-01 2.648661416069288685e-05
-2.896017699115043253e-01 4.113965552113922180e-05
-2.874631268436578235e-01 6.304986901092933668e-05
-2.853244837758110997e-01 9.537928332237421102e-05
-2.831858407079645978e-01 1.424699131442029056e-04
-2.810471976401178740e-01 2.102037364062508181e-04
-2.789085545722713722e-01 3.064438569556393642e-04
-2.767699115044246483e-01 4.415662728423195454e-04
-2.746312684365781465e-01 6.290902314836167896e-04
-2.724926253687314226e-01 8.864128843253803354e-04
-2.703539823008849208e-01 1.235650792955262462e-03
-2.682153392330381969e-01 1.704586772032903874e-03
-2.660766961651916951e-01 2.327715626576118847e-03
-2.639380530973449712e-01 3.147376662452825574e-03
-2.617994100294984694e-01 4.214954598126133614e-03
-2.596607669616517455e-01 5.592123927561280447e-03
-2.575221238938052437e-01 7.352105181583837648e-03
-2.553834808259587419e-01 9.580895255576014208e-03
-2.532448377581120180e-01 1.237842838955999225e-02
-2.511061946902655162e-01 1.585961988169216560e-02
-2.489675516224187923e-01 2.015524154801014156e-02
-2.468289085545722905e-01 2.541257662615375654e-02
-2.446902654867255666e-01 3.179580250811461783e-02
-2.425516224188790648e-01 3.948605253918044400e-02
-2.404129793510323410e-01 4.868111319762619821e-02
-2.382743362831858391e-01 5.959472022146850706e-02
-2.361356932153391153e-01 7.245542651081862684e-02
-2.339970501474926134e-01 8.750502563421037883e-02
-2.318584070796458896e-01 1.049965271355806501e-01
-2.297197640117993878e-01 1.251916931265293631e-01
-2.275811209439526639e-01 1.483581593512164620e-01
-2.254424778761061621e-01 1.747661774925369782e-01
-2.233038348082594382e-01 2.046850284088489735e-01
-2.211651917404129364e-01 2.383791677344791748e-01
-2.190265486725662125e-01 2.761041753779611696e-01
-2.168879056047197107e-01 3.181025885131391617e-01
-2.147492625368729868e-01 3.645997033729059811e-01
-2.126106194690264850e-01 4.157994343158017969e-01
-2.104719764011799832e-01 4.718803191429391530e-01
-2.083333333333332593e-01 5.329917575037160793e-01
-2.061946902654867575e-01 5.992505645558618976e-01
-2.040560471976400336e-01 6.707379150424885861e-01
-2.019174041297935318e-01 7.474967439018508353e-01
-1.997787610619468079e-01 8.295296587844149805e-01
-1.976401179941003061e-01 9.167974078108205305e-01
-1.955014749262535823e-01 1.009217932988192956e+00
-1.933628318584070804e-01 1.106666026339301778e+00
-1.912241887905603566e-01 1.208973592414450016e+00
-1.890855457227138547e-01 1.315930507844348396e+00
-1.869469026548671309e-01 1.427286056314516882e+00
-1.848082595870206291e-01 1.542750906108666831e+00
-1.826696165191739052e-01 1.661999587435341486e+00
-1.805309734513274034e-01 1.784673418313507565e+00
-1.783923303834806795e-01 1.910383820983394987e+00
-1.762536873156341777e-01 2.038715965699324340e+00
-1.741150442477874538e-01 2.169232675368921726e+00
-1.719764011799409520e-01 2.301478522788153569e+00
-1.698377581120942281e-01 2.434984052103433161e+00
-1.676991150442477263e-01 2.569270057485726788e+00
-1.655604719764012245e-01 2.703851854678550826e+00
-1.634218289085545006e-01 2.838243484903465230e+00
-1.612831858407079988e-01 2.971961795387084493e+00
-1.591445427728612749e-01 3.104530346314819944e+00
-1.570058997050147731e-01 3.235483100122036326e+00
-1.548672566371680492e-01 3.364367855513556993e+00
-1.527286135693215474e-01 3.490749395275008826e+00
-1.505899705014748235e-01 3.614212323641148306e+00
-1.484513274336283217e-01 3.734363575565172955e+00
-1.463126843657815979e-01 3.850834586565551554e+00
-1.441740412979350960e-01 3.963283117798044319e+00
-1.420353982300883722e-01 4.071394736530397296e+00
-1.398967551622418704e-01 4.174883957212589536e+00
-1.377581120943951465e-01 4.273495052795103888e+00
-1.356194690265486447e-01 4.367002549818105983e+00
-1.334808259587019208e-01 4.455211424068058257e+00
-1.313421828908554190e-01 4.537957016274926758e+00
-1.292035398230086951e-01 4.615104689420294726e+00
-1.270648967551621933e-01 4.686549250769118657e+00
-1.249262536873154694e-01 4.752214162761350558e+00
-1.227876106194689676e-01 4.812050567445398386e+00
-1.206489675516224658e-01 4.866036149246612652e+00
-1.185103244837757419e-01 4.914173860594476473e+00
-1.163716814159292401e-01 4.956490534325371122e+00
-1.142330383480825162e-01 4.993035405890142719e+00
-1.120943952802360144e-01 5.023878567271967022e+00
-1.099557522123892905e-01 5.049109373208499285e+00
-1.078171091445427887e-01 5.068834818858337421e+00
-1.056784660766960648e-01 5.083177906495216725e+00
-1.035398230088495630e-01 5.092276017190694226e+00
-1.014011799410028392e-01 5.096279301795774153e+00
-9.926253687315633734e-02 5.095349103874083241e+00
-9.712389380530961347e-02 5.089656425611111423e+00
-9.498525073746311165e-02 5.079380446136667615e+00
-9.284660766961638778e-02 5.064707100175220411e+00
-9.070796460176988596e-02 5.045827723495059480e+00
-8.856932153392316209e-02 5.022937770267739133e+00
-8.643067846607666027e-02 4.996235606191524958e+00
-8.429203539822993640e-02 4.965921380071796065e+00
-8.215339233038343458e-02 4.932195975497872809e+00
-8.001474926253671072e-02 4.895260043307144038e+00
-7.787610619469020889e-02 4.855313114682898501e+00
-7.573746312684348503e-02 4.812552793989996580e+00
-7.359882005899698321e-02 4.767174029810014702e+00
-7.146017699115048138e-02 4.719368462086499072e+00
-6.932153392330375752e-02 4.669323842831530236e+00
-6.718289085545725570e-02 4.617223527465798227e+00
-6.504424778761053183e-02 4.563246033562933235e+00
-6.290560471976403001e-02 4.507564663538150995e+00
-6.076696165191730614e-02 4.450347187652497816e+00
-5.862831858407080432e-02 4.391755583594321166e+00
-5.648967551622408045e-02 4.331945828839533164e+00
-5.435103244837757863e-02 4.271067741977920384e+00
-5.221238938053085477e-02 4.209264869216239546e+00
-5.007374631268435294e-02 4.146674412327918446e+00
-4.793510324483762908e-02 4.083427194404092297e+00
-4.579646017699112726e-02 4.019647659871945500e+00
-4.365781710914440339e-02 3.955453905374194612e+00
-4.151917404129790157e-02 3.890957738249876119e+00
-3.938053097345117770e-02 3.826264759510711322e+00
-3.724188790560467588e-02 3.761474468374393254e+00
-3.510324483775795201e-02 3.696680385584967699e+00
-3.296460176991145019e-02 3.631970192924607321e+00
-3.082595870206472632e-02 3.567425886495970477e+00
-2.868731563421822450e-02 3.503123941527737095e+00
-2.654867256637172268e-02 3.439135486626619720e+00
-2.441002949852499881e-02 3.375526485567321267e+00
-2.227138643067849699e-02 3.312357924873505777e+00
-2.013274336283177313e-02 3.249686005599524918e+00
-1.799410029498527130e-02 3.187562337872797968e+00
-1.585545722713854744e-02 3.126034136899331628e+00
-1.371681415929204562e-02 3.065144419270273257e+00
-1.157817109144532175e-02 3.004932198535705812e+00
-9.439528023598819928e-03 2.945432679130855824e+00
-7.300884955752096062e-03 2.886677447853061018e+00
-5.162241887905594240e-03 2.828694662191370224e+00
-3.023598820058870373e-03 2.771509234907910901e+00
-8.849557522123685516e-04 2.715143014359005402e+00
1.253687315634355315e-03 2.659614291793443996e+00
3.392330383480857137e-03 2.604928458224241350e+00
5.530973451327581003e-03 2.551081672470129735e+00
7.669616519174082825e-03 2.498069603032552433e+00
9.808259587020806691e-03 2.445887678769877116e+00
1.194690265486730851e-02 2.394531097405147690e+00
1.408554572271403238e-02 2.343994833956759116e+00
1.622418879056053420e-02 2.294273649086918443e+00
1.836283185840703602e-02 2.245362097363441833e+00
2.050147492625375989e-02 2.197254535430131384e+00
2.264011799410026171e-02 2.149945130081921452e+00
2.477876106194698558e-02 2.103427866240562771e+00
2.691740412979348740e-02 2.057696554827730395e+00
2.905604719764021127e-02 2.012744840531883295e+00
3.119469026548671309e-02 1.968566209466030115e+00
3.333333333333343695e-02 1.925153996713617977e+00
3.547197640117993878e-02 1.882501393759979047e+00
3.761061946902666264e-02 1.840601455807095110e+00
3.974926253687316446e-02 1.799447108969664644e+00
4.188790560471988833e-02 1.759031157350553487e+00
4.402654867256639015e-02 1.719346289994149846e+00
4.616519174041311402e-02 1.680385087716181003e+00
4.830383480825961584e-02 1.642140029808785151e+00
5.044247787610633971e-02 1.604603500619812051e+00
5.258112094395284153e-02 1.567767796005712144e+00
5.471976401179956540e-02 1.531625129657042894e+00
5.685840707964606722e-02 1.496167639296451579e+00
5.899705014749279108e-02 1.461387392748550340e+00
6.113569321533929291e-02 1.427276393881624195e+00
6.327433628318579473e-02 1.393826588421168244e+00
6.541297935103251859e-02 1.361029869635088652e+00
6.755162241887902042e-02 1.328878083891233075e+00
6.969026548672574428e-02 1.297363036086954358e+00
7.182890855457224610e-02 1.266476494951756182e+00
7.396755162241896997e-02 1.236210198222996715e+00
7.610619469026547179e-02 1.206555857695701395e+00
7.824483775811219566e-02 1.177505164146750660e+00
8.038348082595869748e-02 1.149049792134651637e+00
8.252212389380542135e-02 1.121181404675270388e+00
8.466076696165192317e-02 1.093891657794788808e+00
8.679941002949864703e-02 1.067172204960583404e+00
8.893805309734514886e-02 1.041014701391153263e+00
9.107669616519187272e-02 1.015410808246067109e+00
9.321533923303837454e-02 9.903521966970791901e-01
9.535398230088509841e-02 9.658305518813762314e-01
9.749262536873160023e-02 9.418375767383043717e-01
9.963126843657832410e-02 9.183649957305409783e-01
1.017699115044248259e-01 8.954045584510168521e-01
1.039085545722713277e-01 8.729480431167275789e-01
1.060471976401182737e-01 8.509872599506845825e-01
1.081858407079647755e-01 8.295140544532197957e-01
1.103244837758112773e-01 8.085203105638603116e-01
1.124631268436577791e-01 7.879979537150066937e-01
1.146017699115042809e-01 7.679389537787180142e-01
1.167404129793512269e-01 7.483353279077622489e-01
1.188790560471977287e-01 7.291791432722634081e-01
1.210176991150442305e-01 7.104625196930847153e-01
1.231563421828907323e-01 6.921776321733286164e-01
1.252949852507376782e-01 6.743167133290606241e-01
1.274336283185841801e-01 6.568720557206153554e-01
1.295722713864306819e-01 6.398360140856153011e-01
1.317109144542771837e-01 6.232010074750281570e-01
1.338495575221241296e-01 6.069595212934559836e-01
1.359882005899706314e-01 5.911041092448824363e-01
1.381268436578171332e-01 5.756273951851418325e-01
1.402654867256636351e-01 5.605220748822944410e-01
1.424041297935105810e-01 5.457809176862251643e-01
1.445427728613570828e-01 5.313967681085972616e-01
1.466814159292035846e-01 5.173625473144798370e-01
1.488200589970500864e-01 5.036712545268555719e-01
1.509587020648970324e-01 4.903159683452759099e-01
1.530973451327435342e-01 4.772898479799140836e-01
1.552359882005900360e-01 4.645861344022407247e-01
1.573746312684365378e-01 4.521981514136935165e-01
1.595132743362830396e-01 4.401193066334972426e-01
1.616519174041299856e-01 4.283430924070305568e-01
1.637905604719764874e-01 4.168630866360202858e-01
1.659292035398229892e-01 4.056729535318308599e-01
1.680678466076694910e-01 3.947664442932735107e-01
1.702064896755164369e-01 3.841373977102308657e-01
1.723451327433629388e-01 3.737797406944888268e-01
1.744837758112094406e-01 3.636874887391554068e-01
1.766224188790559424e-01 3.538547463080606303e-01
1.787610619469028883e-01 3.442757071566160398e-01
1.808997050147493901e-01 3.349446545855184199e-01
1.830383480825958920e-01 3.258559616287782790e-01
1.851769911504423938e-01 3.170040911775838244e-01
1.873156342182893397e-01 3.083835960414796351e-01
1.894542772861358415e-01 2.999891189483939735e-01
1.915929203539823433e-01 2.918153924850396264e-01
1.937315634218288452e-01 2.838572389792852202e-01
1.958702064896757911e-01 2.761095703260385004e-01
1.980088495575222929e-01 2.685673877582769320e-01
2.001474926253687947e-01 2.612257815647889836e-01
2.022861356932152965e-01 2.540799307563171294e-01
2.044247787610617983e-01 2.471251026816946583e-01
2.065634218289087443e-01 2.403566525956599420e-01
2.087020648967552461e-01 2.337700231800104167e-01
2.108407079646017479e-01 2.273607440197626950e-01
2.129793510324482497e-01 2.211244310360367948e-01
2.151179941002951956e-01 2.150567858773148044e-01
2.172566371681416975e-01 2.091535952708125090e-01
2.193952802359881993e-01 2.034107303356365304e-01
2.215339233038347011e-01 1.978241458594466040e-01
2.236725663716816470e-01 1.923898795403194695e-01
2.258112094395281488e-01 1.871040511955135988e-01
2.279498525073746507e-01 1.819628619388241053e-01
2.300884955752211525e-01 1.769625933282203689e-01
2.322271386430680984e-01 1.720996064854415919e-01
2.343657817109146002e-01 1.673703411892260573e-01
2.365044247787611020e-01 1.627713149438024531e-01
2.386430678466076039e-01 1.582991220243041564e-01
2.407817109144545498e-01 1.539504325007235164e-01
2.429203539823010516e-01 1.497219912419957000e-01
2.450589970501475534e-01 1.456106169017938323e-01
2.471976401179940552e-01 1.416132008876006820e-01
2.493362831858405571e-01 1.377267063145777293e-01
2.514749262536875030e-01 1.339481669457326940e-01
2.536135693215340048e-01 1.302746861198766093e-01
2.557522123893805066e-01 1.267034356687836150e-01
2.578908554572270084e-01 1.232316548250031452e-01
2.600294985250739543e-01 1.198566491216707941e-01
2.621681415929204562e-01 1.165757892856879863e-01
2.643067846607669580e-01 1.133865101255526614e-01
2.664454277286134598e-01 1.102863094151367296e-01
2.685840707964604057e-01 1.072727467746323327e-01
2.707227138643069075e-01 1.043434425498594026e-01
2.728613569321534094e-01 1.014960766910894957e-01
2.749999999999999112e-01 9.872838763250922633e-02
2.771386430678468571e-01 9.603817117338576959e-02
2.792772861356933589e-01 9.342327936197267202e-02
2.814159292035398607e-01 9.088161938313844834e-02
2.835545722713863626e-01 8.841115245068048578e-02
2.856932153392333085e-01 8.600989270520868757e-02
2.878318584070798103e-01 8.367590611848678417e-02
2.899705014749263121e-01 8.140730940502800828e-02
2.921091445427728139e-01 7.920226894174256516e-02
2.942477876106193158e-01 7.705899969636620384e-02
2.963864306784662617e-01 7.497576416536390342e-02
2.985250737463127635e-01 7.295087132197110302e-02
3.006637168141592653e-01 7.098267557497445202e-02
3.028023598820057671e-01 6.906957573881965240e-02
3.049410029498527130e-01 6.721001401556835064e-02
3.070796460176992149e-01 6.540247498921068769e-02
3.092182890855457167e-01 6.364548463278210666e-02
3.113569321533922185e-01 6.193760932871138214e-02
3.134955752212391644e-01 6.027745490278215573e-02
3.156342182890856662e-01 5.866366567205752447e-02
3.177728613569321681e-01 5.709492350708283287e-02
3.199115044247786699e-01 5.556994690864513337e-02
3.220501474926256158e-01 5.408749009934509661e-02
3.241887905604721176e-01 5.264634213019371567e-02
3.263274336283186194e-01 5.124532600242078656e-02
3.284660766961651213e-01 4.988329780465906166e-02
3.306047197640120672e-01 4.855914586563104401e-02
3.327433628318585690e-01 4.727178992244297079e-02
3.348820058997050708e-01 4.602018030456279246e-02
3.370206489675515726e-01 4.480329713353806836e-02
3.391592920353980745e-01 4.362014953848302595e-02
3.412979351032450204e-01 4.246977488734018924e-02
3.434365781710915222e-01 4.135123803390812480e-02
3.455752212389380240e-01 4.026363058059450467e-02
3.477138643067845258e-01 3.920607015684877267e-02
3.498525073746314717e-01 3.817769971320038314e-02
3.519911504424779736e-01 3.717768683081527220e-02
3.541297935103244754e-01 3.620522304646842798e-02
3.562684365781709772e-01 3.525952319281329406e-02
3.584070796460179231e-01 3.433982475381756883e-02
3.605457227138644249e-01 3.344538723522084978e-02
3.626843657817109268e-01 3.257549154985477091e-02
3.648230088495574286e-01 3.172943941766279141e-02
3.669616519174043745e-01 3.090655278023827016e-02
3.691002949852508763e-01 3.010617322969642504e-02
3.712389380530973781e-01 2.932766145168329980e-02
3.733775811209438800e-01 2.857039668232124602e-02
3.755162241887908259e-01 2.783377617888020336e-02
3.776548672566373277e-01 2.711721470395930117e-02
3.797935103244838295e-01 2.642014402295793374e-02
3.819321533923303313e-01 2.574201241461228362e-02
3.840707964601768332e-01 2.508228419436571432e-02
3.862094395280237791e-01 2.444043925034206435e-02
3.883480825958702809e-01 2.381597259168537900e-02
3.904867256637167827e-01 2.320839390902695865e-02
3.926253687315632845e-01 2.261722714684358954e-02
3.947640117994102305e-01 2.204201008746184062e-02
3.969026548672567323e-01 2.148229394646978749e-02
3.990412979351032341e-01 2.093764297929360738e-02
4.011799410029497359e-01 2.040763409869593772e-02
4.033185840707966818e-01 1.989185650295657859e-02
4.054572271386431837e-01 1.938991131449375321e-02
4.075958702064896855e-01 1.890141122868672224e-02
4.097345132743361873e-01 1.842598017266249347e-02
4.118731563421831332e-01 1.796325297380958058e-02
4.140117994100296350e-01 1.751287503778704846e-02
4.161504424778761368e-01 1.707450203579313763e-02
4.182890855457226387e-01 1.664779960086864088e-02
4.204277286135695846e-01 1.623244303300547600e-02
4.225663716814160864e-01 1.582811701283925662e-02
4.247050147492625882e-01 1.543451532370194307e-02
4.268436578171090900e-01 1.505134058182136698e-02
4.289823008849555919e-01 1.467830397445126639e-02
4.311209439528025378e-01 1.431512500572102407e-02
4.332595870206490396e-01 1.396153125000072770e-02
4.353982300884955414e-01 1.361725811257456786e-02
4.375368731563420432e-01 1.328204859742720956e-02
4.396755162241889892e-01 1.295565308194387283e-02
4.418141592920354910e-01 1.263782909833557205e-02
4.439528023598819928e-01 1.232834112159768118e-02
4.460914454277284946e-01 1.202696036382218739e-02
4.482300884955754405e-01 1.173346457467979755e-02
4.503687315634219424e-01 1.144763784789863681e-02
4.525073746312684442e-01 1.116927043356500185e-02
4.546460176991149460e-01 1.089815855607986078e-02
4.567846607669618919e-01 1.063410423760583270e-02
4.589233038348083937e-01 1.037691512684457001e-02
4.610619469026548956e-01 1.012640433298799512e-02
4.632005899705013974e-01 9.882390264691225112e-03
4.653392330383483433e-01 9.644696473917774293e-03
4.674778761061948451e-01 9.413151504512868792e-03
4.696165191740413469e-01 9.187588745362868653e-03
4.717551622418878488e-01 8.967846288004177602e-03
4.738938053097343506e-01 8.753766788547031122e-03
4.760324483775812965e-01 8.545197333784438493e-03
4.781710914454277983e-01 8.341989311359560705e-03
4.803097345132743001e-01 8.143998283867770818e-03
4.824483775811208019e-01 7.951083866774332279e-03
4.845870206489677479e-01 7.763109610030975195e-03
4.867256637168142497e-01 7.579942883278090529e-03
4.888643067846607515e-01 7.401454764522704712e-03
4.910029498525072533e-01 7.227519932185696647e-03
4.931415929203541992e-01 7.058016560414421756e-03
4.952802359882007011e-01 6.892826217560227980e-03
4.974188790560472029e-01 6.731833767723057436e-03
4.995575221238937047e-01 6.574927275268358830e-03
5.016961651917406506e-01 6.421997912224932346e-03
5.038348082595871524e-01 6.272939868473585527e-03
5.059734513274336543e-01 6.127650264640846674e-03
5.081120943952801561e-01 5.986029067613474197e-03
5.102507374631271020e-01 5.847979008592704350e-03
5.123893805309736038e-01 5.713405503609318703e-03
5.145280235988201056e-01 5.582216576422682243e-03
5.166666666666666075e-01 5.454322783730666466e-03
5.188053097345131093e-01 5.329637142617519273e-03
5.209439528023600552e-01 5.208075060171211274e-03
5.230825958702065570e-01 5.089554265202257330e-03
5.252212389380530588e-01 4.973994741998608200e-03
5.273598820058995607e-01 4.861318666054124937e-03
5.294985250737465066e-01 4.751450341708760190e-03
5.316371681415930084e-01 4.644316141641346117e-03
5.337758112094395102e-01 4.539844448157578233e-03
5.359144542772860120e-01 4.437965596217602511e-03
5.380530973451329579e-01 4.338611818149179511e-03
5.401917404129794598e-01 4.241717189994624951e-03
5.423303834808259616e-01 4.147217579440594382e-03
5.444690265486724634e-01 4.055050595282243785e-03
5.466076696165194093e-01 3.965155538374071607e-03
5.487463126843659111e-01 3.877473354022079651e-03
5.508849557522124130e-01 3.791946585772231100e-03
5.530235988200589148e-01 3.708519330552936984e-03
5.551622418879058607e-01 3.627137195129777683e-03
5.573008849557523625e-01 3.547747253831939809e-03
5.594395280235988643e-01 3.470298007511596079e-03
5.615781710914453662e-01 3.394739343698928175e-03
5.637168141592918680e-01 3.321022497915404083e-03
5.658554572271388139e-01 3.249100016110878248e-03
5.679941002949853157e-01 3.178925718189633178e-03
5.701327433628318175e-01 3.110454662592605259e-03
5.722713864306783194e-01 3.043643111903620441e-03
5.744100294985252653e-01 2.978448499448519728e-03
5.765486725663717671e-01 2.914829396857354128e-03
5.786873156342182689e-01 2.852745482560139698e-03
5.808259587020647707e-01 2.792157511188487345e-03
5.829646017699117166e-01 2.733027283855457654e-03
5.851032448377582185e-01 2.675317619287463297e-03
5.872418879056047203e-01 2.618992325782385552e-03
5.893805309734512221e-01 2.564016173969420592e-03
5.915191740412981680e-01 2.510354870346496060e-03
5.936578171091446698e-01 2.457975031572124519e-03
5.957964601769911717e-01 2.406844159489069518e-03
5.979351032448376735e-01 2.356930616858177955e-03
6.000737463126846194e-01 2.308203603781207747e-03
6.022123893805311212e-01 2.260633134792310300e-03
6.043510324483776230e-01 2.214190016598032405e-03
6.064896755162241249e-01 2.168845826447240045e-03
6.086283185840710708e-01 2.124572891111761990e-03
6.107669616519175726e-01 2.081344266460301903e-03
6.129056047197640744e-01 2.039133717607656722e-03
6.150442477876105762e-01 1.997915699622798344e-03
6.171828908554570781e-01 1.957665338779064190e-03
6.193215339233040240e-01 1.918358414330996811e-03
6.214601769911505258e-01 1.879971340802072573e-03
6.235988200589970276e-01 1.842481150768466051e-03
6.257374631268435294e-01 1.805865478124768974e-03
6.278761061946904753e-01 1.770102541817076842e-03
6.300147492625369772e-01 1.735171130030543169e-03
6.321533923303834790e-01 1.701050584817491050e-03
6.342920353982299808e-01 1.667720787153986447e-03
6.364306784660769267e-01 1.635162142412137538e-03
6.385693215339234285e-01 1.603355566236248746e-03
6.407079646017699304e-01 1.572282470811020095e-03
6.428466076696164322e-01 1.541924751510978086e-03
6.449852507374633781e-01 1.512264773919492654e-03
6.471238938053098799e-01 1.483285361207525030e-03
6.492625368731563817e-01 1.454969781861192510e-03
6.514011799410028836e-01 1.427301737748567058e-03
6.535398230088498295e-01 1.400265352515868639e-03
6.556784660766963313e-01 1.373845160303687266e-03
6.578171091445428331e-01 1.348026094774096555e-03
6.599557522123893349e-01 1.322793478439923155e-03
6.620943952802358368e-01 1.298133012287390215e-03
6.642330383480827827e-01 1.274030765684062809e-03
6.663716814159292845e-01 1.250473166563875532e-03
6.685103244837757863e-01 1.227446991881319793e-03
6.706489675516222881e-01 1.204939358327451401e-03
6.727876106194692341e-01 1.182937713300049242e-03
6.749262536873157359e-01 1.161429826120979197e-03
6.770648967551622377e-01 1.140403779493619294e-03
6.792035398230087395e-01 1.119847961193797502e-03
6.813421828908556854e-01 1.099751055987484771e-03
6.834808259587021873e-01 1.080102037769055997e-03
6.856194690265486891e-01 1.060890161913838770e-03
6.877581120943951909e-01 1.042104957838919151e-03
6.898967551622421368e-01 1.023736221766539077e-03
6.920353982300886386e-01 1.005774009684289039e-03
6.941740412979351404e-01 9.882086304965878500e-04
6.963126843657816423e-01 9.710306393622767773e-04
6.984513274336285882e-01 9.542308312129502796e-04
7.005899705014750900e-01 9.378002344471893367e-04
7.027286135693215918e-01 9.217301047956384750e-04
7.048672566371680936e-01 9.060119193522647501e-04
7.070058997050145955e-01 8.906373707672318079e-04
7.091445427728615414e-01 8.755983615968102214e-04
7.112831858407080432e-01 8.608869988060714306e-04
7.134218289085545450e-01 8.464955884200394244e-04
7.155604719764010468e-01 8.324166303193383841e-04
7.176991150442479928e-01 8.186428131761539764e-04
7.198377581120944946e-01 8.051670095268865200e-04
7.219764011799409964e-01 7.919822709774391577e-04
7.241150442477874982e-01 7.790818235377419514e-04
7.262536873156344441e-01 7.664590630818085906e-04
7.283923303834809460e-01 7.541075509299379094e-04
7.305309734513274478e-01 7.420210095496483334e-04
7.326696165191739496e-01 7.301933183721251788e-04
7.348082595870208955e-01 7.186185097210707681e-04
7.369469026548673973e-01 7.072907648506954323e-04
7.390855457227138992e-01 6.962044100900976942e-04
7.412241887905604010e-01 6.853539130908896642e-04
7.433628318584073469e-01 6.747338791754481065e-04
7.455014749262538487e-01 6.643390477828681672e-04
7.476401179941003505e-01 6.541642890100909718e-04
7.497787610619468524e-01 6.442046002455062946e-04
7.519174041297933542e-01 6.344551028925363113e-04
7.540560471976403001e-01 6.249110391808221279e-04
7.561946902654868019e-01 6.155677690625186620e-04
7.583333333333333037e-01 6.064207671914046815e-04
7.604719764011798055e-01 5.974656199826273431e-04
7.626106194690267515e-01 5.886980227508237067e-04
7.647492625368732533e-01 5.801137769244964649e-04
7.668879056047197551e-01 5.717087873345765318e-04
7.690265486725662569e-01 5.634790595752156139e-04
7.711651917404132028e-01 5.554206974347434666e-04
7.733038348082597047e-01 5.475299003950032887e-04
7.754424778761062065e-01 5.398029611970968844e-04
7.775811209439527083e-01 5.322362634718901973e-04
7.797197640117996542e-01 5.248262794333689602e-04
7.818584070796461560e-01 5.175695676332812576e-04
7.839970501474926579e-01 5.104627707752962826e-04
7.861356932153391597e-01 5.035026135872020621e-04
7.882743362831861056e-01 4.966859007494436396e-04
7.904129793510326074e-01 4.900095148785859646e-04
7.925516224188791092e-01 4.834704145641834420e-04
7.946902654867256111e-01 4.770656324575812480e-04
7.968289085545721129e-01 4.707922734113824436e-04
7.989675516224190588e-01 4.646475126680019076e-04
8.011061946902655606e-01 4.586285940962502093e-04
8.032448377581120624e-01 4.527328284744315426e-04
8.053834808259585643e-01 4.469575918188417054e-04
8.075221238938055102e-01 4.413003237564378845e-04
8.096607669616520120e-01 4.357585259404071765e-04
8.117994100294985138e-01 4.303297605076268368e-04
8.139380530973450156e-01 4.250116485767830329e-04
8.160766961651919615e-01 4.198018687860969114e-04
8.182153392330384634e-01 4.146981558696600807e-04
8.203539823008849652e-01 4.096982992712280315e-04
8.224926253687314670e-01 4.048001417946115615e-04
8.246312684365784129e-01 4.000015782895778257e-04
8.267699115044249147e-01 3.953005543724065008e-04
8.289085545722714166e-01 3.906950651801024033e-04
8.310471976401179184e-01 3.861831541574633369e-04
8.331858407079648643e-01 3.817629118760022333e-04
8.353244837758113661e-01 3.774324748840597295e-04
8.374631268436578679e-01 3.731900245870848330e-04
8.396017699115043698e-01 3.690337861574454056e-04
8.417404129793508716e-01 3.649620274729074463e-04
8.438790560471978175e-01 3.609730580830459155e-04
8.460176991150443193e-01 3.570652282028565112e-04
8.481563421828908211e-01 3.532369277328520655e-04
8.502949852507373230e-01 3.494865853049462551e-04
8.524336283185842689e-01 3.458126673534497658e-04
8.545722713864307707e-01 3.422136772105234016e-04
8.567109144542772725e-01 3.386881542254213543e-04
8.588495575221237743e-01 3.352346729069905005e-04
8.609882005899707202e-01 3.318518420886684673e-04
8.631268436578172221e-01 3.285383041155595760e-04
8.652654867256637239e-01 3.252927340528895196e-04
8.674041297935102257e-01 3.221138389153645957e-04
8.695427728613571716e-01 3.190003569168409735e-04
8.716814159292036734e-01 3.159510567398019008e-04
8.738200589970501753e-01 3.129647368241418961e-04
8.759587020648966771e-01 3.100402246747196175e-04
8.780973451327436230e-01 3.071763761872746239e-04
8.802359882005901248e-01 3.043720749921214729e-04
8.823746312684366266e-01 3.016262318152808266e-04
8.845132743362831285e-01 2.989377838565363075e-04
8.866519174041296303e-01 2.963056941839939959e-04
8.887905604719765762e-01 2.937289511447360420e-04
8.909292035398230780e-01 2.912065677911661516e-04
8.930678466076695798e-01 2.887375813226098517e-04
8.952064896755160817e-01 2.863210525418569043e-04
8.973451327433630276e-01 2.839560653261908305e-04
8.994837758112095294e-01 2.816417261125794694e-04
9.016224188790560312e-01 2.793771633966977345e-04
9.037610619469025330e-01 2.771615272453688901e-04
9.058997050147494789e-01 2.749939888221739504e-04
9.080383480825959808e-01 2.728737399258260960e-04
9.101769911504424826e-01 2.707999925410323346e-04
9.123156342182889844e-01 2.687719784015560678e-04
9.144542772861359303e-01 2.667889485651260854e-04
9.165929203539824321e-01 2.648501729999459798e-04
9.187315634218289340e-01 2.629549401825134161e-04
9.208702064896754358e-01 2.611025567064571189e-04
9.230088495575223817e-01 2.592923469021559779e-04
9.251474926253688835e-01 2.575236524668324690e-04
9.272861356932153853e-01 2.557958321049604695e-04
9.294247787610618872e-01 2.541082611786165085e-04
9.315634218289083890e-01 2.524603313676459745e-04
9.337020648967553349e-01 2.508514503393826072e-04
9.358407079646018367e-01 2.492810414276613374e-04
9.379793510324483385e-01 2.477485433209578860e-04
9.401179941002948404e-01 2.462534097594093886e-04
9.422566371681417863e-01 2.447951092405584563e-04
9.443952802359882881e-01 2.433731247335355822e-04
9.465339233038347899e-01 2.419869534016183381e-04
9.486725663716812917e-01 2.406361063328370036e-04
9.508112094395282377e-01 2.393201082785535554e-04
9.529498525073747395e-01 2.380384973998027017e-04
9.550884955752212413e-01 2.367908250212105703e-04
9.572271386430677431e-01 2.355766553923483656e-04
9.593657817109146890e-01 2.343955654563512113e-04
9.615044247787611909e-01 2.332471446256498195e-04
9.636430678466076927e-01 2.321309945646747456e-04
9.657817109144541945e-01 2.310467289793633611e-04
9.679203539823011404e-01 2.299939734133739995e-04
9.700589970501476422e-01 2.289723650508107360e-04
9.721976401179941440e-01 2.279815525253960529e-04
9.743362831858406459e-01 2.270211957358970480e-04
9.764749262536871477e-01 2.260909656677530894e-04
9.786135693215340936e-01 2.251905442207154258e-04
9.807522123893805954e-01 2.243196240424353801e-04
9.828908554572270972e-01 2.234779083678918121e-04
9.850294985250735991e-01 2.226651108644938921e-04
9.871681415929205450e-01 2.218809554828429754e-04
9.893067846607670468e-01 2.211251763129733574e-04
9.914454277286135486e-01 2.203975174460466742e-04
9.935840707964600504e-01 2.196977328413412753e-04
9.957227138643069964e-01 2.190255861985203865e-04
9.978613569321534982e-01 2.183808508350241595e-04
1.000000000000000000e+00 2.177633095685624571e-04
