1.000000000000000000e+00
9.834286166152663711e-01
9.413786592762510841e-01
8.807747782608281728e-01
8.162170442817530125e-01
7.399232484536587551e-01
6.688014227055233407e-01
5.963584824423043829e-01
5.347258156243549498e-01
4.883299836127092397e-01
4.492640441261279705e-01
4.241386644981834930e-01
4.025865297683068889e-01
3.862918621265873931e-01
3.729736738002812912e-01
3.553758762457293607e-01
3.513044001814197292e-01
3.491894743620989061e-01
3.416992291604001863e-01
3.315946426916219214e-01
3.274552149412969793e-01
3.254322398956763229e-01
3.155763511926244491e-01
3.119366575394095231e-01
3.099303234360292203e-01
3.061254965064474920e-01
3.050526615994856861e-01
3.015989283166445323e-01
2.982938039667247798e-01
2.933745429797612325e-01
2.899614630704447360e-01
2.824780929973536581e-01
2.808798011838533060e-01
2.787424540101890447e-01
2.804696415752592764e-01
2.780437538849811485e-01
2.789486402613507443e-01
2.770828893724889830e-01
2.727611194748532086e-01
2.707703724850328841e-01
2.694420448359994280e-01
2.676387322118395362e-01
2.655013797006757770e-01
2.671893874483577958e-01
2.617077453585306968e-01
2.605909637469885909e-01
2.605259561544908675e-01
2.583150599583371454e-01
2.589160084984333254e-01
2.548482488389388068e-01
2.548184301893334780e-01
2.517618643444164417e-01
2.542182102841538116e-01
2.541909070247718727e-01
2.535565967102244578e-01
2.543688695648247955e-01
2.540734127102781681e-01
2.512465590656743908e-01
2.481566629721386197e-01
2.474265405846789445e-01
2.478013877624327399e-01
2.472361948026046696e-01
2.490807254342925769e-01
2.507931884001307621e-01
2.476505764902816598e-01
2.474842451283329192e-01
2.445490912886175705e-01
2.455361163001831826e-01
2.435063076700753892e-01
2.440008074912048963e-01
2.420840162355073766e-01
2.404141866413863904e-01
2.419263143543481931e-01
2.396052557227998925e-01
2.402899657120313726e-01
2.411387215184985500e-01
2.401224619381840952e-01
2.382962617543553652e-01
2.387826782669986714e-01
2.380587084925255004e-01
2.372402057959075439e-01
2.380078629043991811e-01
2.373624390114920935e-01
2.392046101366419042e-01
2.383843695506644711e-01
2.399197795660432397e-01
2.379232917675699888e-01
2.383447563875412678e-01
2.373751032795691218e-01
2.365665270343053628e-01
2.354522630953308215e-01
2.333700257300706793e-01
2.348241461570356459e-01
2.367162517162689217e-01
2.360318318019643813e-01
2.358047315303871128e-01
2.352108860231666154e-01
2.355318220472204238e-01
2.364784603630530335e-01
2.386878686467672761e-01
2.376919022731467934e-01
2.374860892864687489e-01
2.348252801450566585e-01
2.348324055373377794e-01
2.365062054430503991e-01
2.353627932046411519e-01
2.333486662493353681e-01
2.333484587053961667e-01
2.320611422072409724e-01
2.308961339596443951e-01
2.299075554878135252e-01
2.282304811596785055e-01
2.279846137173787424e-01
2.276462217849912761e-01
2.267807014127972975e-01
2.258068139732367641e-01
2.269480147090669753e-01
2.273195055931644670e-01
2.278456067781549355e-01
2.284767372566457178e-01
2.287373308963491780e-01
2.297803994242993419e-01
2.292407922466944969e-01
2.274256018299203042e-01
2.278945694177877679e-01
2.261942810038964635e-01
2.271515043751672625e-01
2.285060085884830228e-01
2.268504532632910353e-01
2.286173500345202725e-01
2.288400013511113218e-01
2.293671468322645013e-01
2.318855462531015099e-01
2.313117768646146266e-01
2.292948940828280491e-01
2.274111976916571298e-01
2.269336605673616392e-01
2.256504129031150774e-01
2.249007981132237211e-01
2.235913323013785925e-01
2.225672785464774261e-01
2.221745422047264329e-01
2.218128203214323468e-01
2.214710007133347258e-01
2.209544367679803223e-01
2.216079690786939560e-01
2.214317941606617490e-01
2.211218828222195898e-01
2.223742399882769893e-01
2.233415968686194575e-01
2.233508040557409535e-01
2.234771640194248010e-01
2.222976203220290714e-01
2.233827039322470176e-01
2.220504257260578207e-01
2.220522626589882531e-01
2.215162301039549642e-01
2.208388092064910713e-01
2.220238170121914545e-01
2.217392131329340710e-01
2.218830756603208942e-01
2.204678612080493427e-01
2.196112333840480602e-01
2.192449394540215979e-01
2.186169628290036693e-01
2.176080254423505833e-01
2.168651957188992285e-01
2.165645862300966396e-01
2.169480928855850033e-01
2.180893388317281800e-01
2.174739604863584475e-01
2.181484494563386556e-01
2.180931966971365044e-01
2.179323799361044811e-01
2.183629787632848929e-01
2.189740915594924342e-01
2.205515689404613233e-01
2.207887728906241243e-01
2.190225439564052468e-01
2.174287110186678973e-01
2.172936432990896227e-01
2.178883851622392398e-01
2.183616099543689848e-01
2.185810869563269421e-01
2.178280827501464512e-01
2.179582837946128782e-01
2.177860450502104028e-01
2.173897763311484765e-01
2.172196152730753449e-01
2.166462428632000004e-01
2.173716786194172801e-01
2.177769246774307610e-01
2.173930329167100828e-01
2.166427652025907091e-01
2.169628465023213937e-01
2.174938071536538231e-01
2.167214850882424049e-01
2.166312184196382273e-01
2.158474188020999551e-01
2.163700064265041412e-01
2.160339373853985834e-01
2.159913215553189436e-01
2.151106383777766640e-01
2.155423889699527307e-01
2.158577801124080542e-01
2.157226121900885085e-01
2.165881999246884182e-01
2.161294418425459274e-01
2.169653808513674897e-01
2.164962466193214585e-01
2.169441386441102460e-01
2.167340063001263750e-01
2.169856018734328262e-01
2.177471095660900857e-01
2.173604372047467648e-01
2.176239272444193962e-01
2.172443252090326959e-01
2.176834399348259730e-01
2.168686202945128982e-01
2.161890674758841502e-01
2.151495824982194716e-01
2.150616466286479345e-01
2.147153783871436905e-01
2.151596593612098152e-01
2.143365654118836450e-01
2.153406251839059815e-01
2.148457516344866591e-01
2.158637295622211349e-01
2.162235522893130035e-01
2.180136613620053398e-01
2.182220042651633052e-01
2.180070489324170413e-01
2.180159476583342915e-01
2.176952542363965737e-01
2.165993460959653727e-01
2.173914616027804170e-01
2.179404135763461092e-01
2.180943235686368942e-01
2.176154845036744334e-01
2.178733538381276702e-01
2.182888169752654206e-01
2.178059357838942056e-01
2.178810824722291761e-01
2.177896371489516092e-01
2.169117570790529415e-01
2.165729207818519464e-01
2.168186103931456221e-01
2.162417062326438544e-01
2.157745634985102079e-01
2.147643207396920384e-01
