1.000000000000000000e+00 1.150467174421573058e-09
1.001474926253687281e+00 1.164963439143550323e-09
1.002949852507374562e+00 1.179775269427961650e-09
1.004424778761061843e+00 1.194909990231357991e-09
1.005899705014749346e+00 1.210375126638168553e-09
1.007374631268436627e+00 1.226178409686340296e-09
1.008849557522123908e+00 1.242327782377347919e-09
1.010324483775811188e+00 1.258831405877208742e-09
1.011799410029498469e+00 1.275697665914236088e-09
1.013274336283185750e+00 1.292935179380997295e-09
1.014749262536873253e+00 1.310552801146182869e-09
1.016224188790560534e+00 1.328559631084591999e-09
1.017699115044247815e+00 1.346965021331792733e-09
1.019174041297935096e+00 1.365778583771186614e-09
1.020648967551622377e+00 1.385010197761714836e-09
1.022123893805309658e+00 1.404670018113782899e-09
1.023598820058996939e+00 1.424768483322131962e-09
1.025073746312684442e+00 1.445316324064446522e-09
1.026548672566371723e+00 1.466324571974222712e-09
1.028023598820059004e+00 1.487804568698232018e-09
1.029498525073746285e+00 1.509767975247107205e-09
1.030973451327433565e+00 1.532226781649847630e-09
1.032448377581120846e+00 1.555193316922465418e-09
1.033923303834808349e+00 1.578680259361425347e-09
1.035398230088495630e+00 1.602700647173105767e-09
1.036873156342182911e+00 1.627267889450906772e-09
1.038348082595870192e+00 1.652395777511882098e-09
1.039823008849557473e+00 1.678098496605161599e-09
1.041297935103244754e+00 1.704390638005537988e-09
1.042772861356932257e+00 1.731287211504963829e-09
1.044247787610619538e+00 1.758803658315878817e-09
1.045722713864306819e+00 1.786955864401188740e-09
1.047197640117994100e+00 1.815760174244873227e-09
1.048672566371681381e+00 1.845233405079400256e-09
1.050147492625368661e+00 1.875392861585298257e-09
1.051622418879055942e+00 1.906256351079887253e-09
1.053097345132743445e+00 1.937842199211659114e-09
1.054572271386430726e+00 1.970169266178677329e-09
1.056047197640118007e+00 2.003256963489202166e-09
1.057522123893805288e+00 2.037125271283376301e-09
1.058997050147492569e+00 2.071794756235870829e-09
1.060471976401179850e+00 2.107286590060291104e-09
1.061946902654867353e+00 2.143622568636030620e-09
1.063421828908554634e+00 2.180825131780444462e-09
1.064896755162241915e+00 2.218917383687997104e-09
1.066371681415929196e+00 2.257923114061496092e-09
1.067846607669616477e+00 2.297866819958800973e-09
1.069321533923303758e+00 2.338773728381310991e-09
1.070796460176991260e+00 2.380669819630204600e-09
1.072271386430678541e+00 2.423581851458367179e-09
1.073746312684365822e+00 2.467537384045459396e-09
1.075221238938053103e+00 2.512564805827217896e-09
1.076696165191740384e+00 2.558693360208095954e-09
1.078171091445427665e+00 2.605953173189976061e-09
1.079646017699114946e+00 2.654375281949255408e-09
1.081120943952802449e+00 2.703991664397454923e-09
1.082595870206489730e+00 2.754835269759579741e-09
1.084070796460177011e+00 2.806940050208185068e-09
1.085545722713864292e+00 2.860340993590629051e-09
1.087020648967551573e+00 2.915074157289572187e-09
1.088495575221238854e+00 2.971176703257795270e-09
1.089970501474926134e+00 3.028686934269622170e-09
1.091445427728613637e+00 3.087644331434228152e-09
1.092920353982300918e+00 3.148089593015779400e-09
1.094395280235988199e+00 3.210064674608708641e-09
1.095870206489675480e+00 3.273612830718192766e-09
1.097345132743362761e+00 3.338778657795764000e-09
1.098820058997050264e+00 3.405608138785311922e-09
1.100294985250737545e+00 3.474148689233785285e-09
1.101769911504424826e+00 3.544449205024353203e-09
1.103244837758112107e+00 3.616560111792291569e-09
1.104719764011799388e+00 3.690533416084870210e-09
1.106194690265486669e+00 3.766422758330509846e-09
1.107669616519173950e+00 3.844283467684009506e-09
1.109144542772861453e+00 3.924172618816350238e-09
1.110619469026548733e+00 4.006149090722809594e-09
1.112094395280236014e+00 4.090273627623752071e-09
1.113569321533923295e+00 4.176608902034775979e-09
1.115044247787610576e+00 4.265219580089536999e-09
1.116519174041297857e+00 4.356172389196574318e-09
1.117994100294985138e+00 4.449536188119880203e-09
1.119469026548672641e+00 4.545382039571582339e-09
1.120943952802359922e+00 4.643783285412870574e-09
1.122418879056047203e+00 4.744815624559764563e-09
1.123893805309734484e+00 4.848557193695367915e-09
1.125368731563421765e+00 4.955088650895157159e-09
1.126843657817109268e+00 5.064493262274794452e-09
1.128318584070796549e+00 5.176856991771947307e-09
1.129793510324483830e+00 5.292268594186016240e-09
1.131268436578171110e+00 5.410819711592617864e-09
1.132743362831858391e+00 5.532604973265429590e-09
1.134218289085545672e+00 5.657722099236111968e-09
1.135693215339232953e+00 5.786272007630710889e-09
1.137168141592920456e+00 5.918358925927182086e-09
1.138643067846607737e+00 6.054090506281651636e-09
1.140117994100295018e+00 6.193577945080013465e-09
1.141592920353982299e+00 6.336936106875360059e-09
1.143067846607669580e+00 6.484283652879496562e-09
1.144542772861356861e+00 6.635743174181247799e-09
1.146017699115044142e+00 6.791441329875389997e-09
1.147492625368731645e+00 6.951508990287944017e-09
1.148967551622418926e+00 7.116081385495415390e-09
1.150442477876106206e+00 7.285298259339759492e-09
1.151917404129793487e+00 7.459304029154296787e-09
1.153392330383480768e+00 7.638247951415424246e-09
1.154867256637168049e+00 7.822284293554266344e-09
1.156342182890855330e+00 8.011572512162569504e-09
1.157817109144542833e+00 8.206277437843264783e-09
1.159292035398230114e+00 8.406569466959644069e-09
1.160766961651917395e+00 8.612624760555356748e-09
1.162241887905604676e+00 8.824625450718651367e-09
1.163716814159291957e+00 9.042759854686667068e-09
1.165191740412979460e+00 9.267222696983139345e-09
1.166666666666666741e+00 9.498215339911390994e-09
1.168141592920354022e+00 9.735946022722386353e-09
1.169616519174041303e+00 9.980630109798845774e-09
1.171091445427728583e+00 1.023249034821073741e-08
1.172566371681415864e+00 1.049175713500420986e-08
1.174041297935103145e+00 1.075866879460989515e-08
1.175516224188790648e+00 1.103347186676755250e-08
1.176991150442477929e+00 1.131642140537696734e-08
1.178466076696165210e+00 1.160778128871039271e-08
1.179941002949852491e+00 1.190782454142961408e-08
1.181415929203539772e+00 1.221683366887600206e-08
1.182890855457227053e+00 1.253510100411760601e-08
1.184365781710914334e+00 1.286292906825688245e-08
1.185840707964601837e+00 1.320063094452539531e-08
1.187315634218289118e+00 1.354853066671090410e-08
1.188790560471976399e+00 1.390696362248463851e-08
1.190265486725663679e+00 1.427627697222450807e-08
1.191740412979350960e+00 1.465683008394172994e-08
1.193215339233038463e+00 1.504899498496531046e-08
1.194690265486725744e+00 1.545315683103675609e-08
1.196165191740413025e+00 1.586971439352218065e-08
1.197640117994100306e+00 1.629908056545816362e-08
1.199115044247787587e+00 1.674168288718757297e-08
1.200589970501474868e+00 1.719796409236642958e-08
1.202064896755162149e+00 1.766838267516166642e-08
1.203539823008849652e+00 1.815341347948609116e-08
1.205014749262536933e+00 1.865354831115835156e-08
1.206489675516224214e+00 1.916929657390515130e-08
1.207964601769911495e+00 1.970118593017187298e-08
1.209439528023598776e+00 2.024976298773178645e-08
1.210914454277286056e+00 2.081559401314087464e-08
1.212389380530973337e+00 2.139926567311992449e-08
1.213864306784660840e+00 2.200138580498825991e-08
1.215339233038348121e+00 2.262258421733061169e-08
1.216814159292035402e+00 2.326351352211446638e-08
1.218289085545722683e+00 2.392484999953576241e-08
1.219764011799409964e+00 2.460729449692151450e-08
1.221238938053097467e+00 2.531157336306634423e-08
1.222713864306784748e+00 2.603843941944672742e-08
1.224188790560472029e+00 2.678867296981913498e-08
1.225663716814159310e+00 2.756308284974910039e-08
1.227138643067846591e+00 2.836250751771402064e-08
1.228613569321533872e+00 2.918781618946782427e-08
1.230088495575221152e+00 3.003991001743723276e-08
1.231563421828908655e+00 3.091972331698401751e-08
1.233038348082595936e+00 3.182822484146126127e-08
1.234513274336283217e+00 3.276641910804894048e-08
1.235988200589970498e+00 3.373534777646200560e-08
1.237463126843657779e+00 3.473609108268907689e-08
1.238938053097345060e+00 3.576976933002681135e-08
1.240412979351032341e+00 3.683754443976774266e-08
1.241887905604719844e+00 3.794062156398366332e-08
1.243362831858407125e+00 3.908025076297558480e-08
1.244837758112094406e+00 4.025772875004455952e-08
1.246312684365781687e+00 4.147440070635707990e-08
1.247787610619468968e+00 4.273166216881174721e-08
1.249262536873156249e+00 4.403096099391008770e-08
1.250737463126843529e+00 4.537379940077460379e-08
1.252212389380531032e+00 4.676173609660353919e-08
1.253687315634218313e+00 4.819638848794751857e-08
1.255162241887905594e+00 4.967943498140089758e-08
1.256637168141592875e+00 5.121261737738726155e-08
1.258112094395280156e+00 5.279774336092284466e-08
1.259587020648967659e+00 5.443668909336696920e-08
1.261061946902654940e+00 5.613140190938686766e-08
1.262536873156342221e+00 5.788390312349100751e-08
1.264011799410029502e+00 5.969629095069759111e-08
1.265486725663716783e+00 6.157074354611472212e-08
1.266961651917404064e+00 6.350952216835755644e-08
1.268436578171091345e+00 6.551497447200959922e-08
1.269911504424778848e+00 6.758953793449022374e-08
1.271386430678466128e+00 6.973574342295419333e-08
1.272861356932153409e+00 7.195621890710163463e-08
1.274336283185840690e+00 7.425369332396009465e-08
1.275811209439527971e+00 7.663100060106412811e-08
1.277286135693215474e+00 7.909108384463569837e-08
1.278761061946902533e+00 8.163699969967327685e-08
1.280235988200590036e+00 8.427192288923538127e-08
1.281710914454277317e+00 8.699915094035335816e-08
1.283185840707964598e+00 8.982210910450342463e-08
1.284660766961651879e+00 9.274435548076252422e-08
1.286135693215339160e+00 9.576958635022695812e-08
1.287610619469026663e+00 9.890164173055433897e-08
1.289085545722713722e+00 1.021445111599255036e-07
1.290560471976401224e+00 1.055023397201158858e-07
1.292035398230088505e+00 1.089794343087366258e-07
1.293510324483775786e+00 1.125802701712019879e-07
1.294985250737463067e+00 1.163094977033614578e-07
1.296460176991150348e+00 1.201719495362928748e-07
1.297935103244837851e+00 1.241726479151289695e-07
1.299410029498525132e+00 1.283168123844323119e-07
1.300884955752212413e+00 1.326098677930469731e-07
1.302359882005899694e+00 1.370574526320062017e-07
1.303834808259586975e+00 1.416654277196003662e-07
1.305309734513274256e+00 1.464398852483326028e-07
1.306784660766961537e+00 1.513871582091705727e-07
1.308259587020649040e+00 1.565138302090024017e-07
1.309734513274336321e+00 1.618267456981984706e-07
1.311209439528023601e+00 1.673330206255263141e-07
1.312684365781710882e+00 1.730400535386920169e-07
1.314159292035398163e+00 1.789555371495262158e-07
1.315634218289085666e+00 1.850874703834423978e-07
1.317109144542772725e+00 1.914441709339947873e-07
1.318584070796460228e+00 1.980342883439402404e-07
1.320058997050147509e+00 2.048668176352294755e-07
1.321533923303834790e+00 2.119511135115277524e-07
1.323008849557522071e+00 2.192969051574836555e-07
1.324483775811209352e+00 2.269143116604082751e-07
1.325958702064896855e+00 2.348138580807967145e-07
1.327433628318584136e+00 2.430064921995954098e-07
1.328908554572271417e+00 2.515036019710386586e-07
1.330383480825958697e+00 2.603170337112356473e-07
1.331858407079645978e+00 2.694591110540593731e-07
1.333333333333333259e+00 2.789426547071289660e-07
1.334808259587020540e+00 2.887810030421990834e-07
1.336283185840708043e+00 2.989880335556491839e-07
1.337758112094395324e+00 3.095781852363917852e-07
1.339233038348082605e+00 3.205664818801562876e-07
1.340707964601769886e+00 3.319685563906100149e-07
1.342182890855457167e+00 3.438006761097816227e-07
1.343657817109144670e+00 3.560797692218866386e-07
1.345132743362831729e+00 3.688234522766739072e-07
1.346607669616519232e+00 3.820500588803547024e-07
1.348082595870206513e+00 3.957786696041607057e-07
1.349557522123893794e+00 4.100291431631489625e-07
1.351032448377581074e+00 4.248221489194700649e-07
1.352507374631268355e+00 4.401792007673218774e-07
1.353982300884955858e+00 4.561226924587741227e-07
1.355457227138643139e+00 4.726759344327620920e-07
1.356932153392330420e+00 4.898631922115195378e-07
1.358407079646017701e+00 5.077097264322094107e-07
1.359882005899704982e+00 5.262418345839028652e-07
1.361356932153392263e+00 5.454868945235582699e-07
1.362831858407079544e+00 5.654734098474754412e-07
1.364306784660767047e+00 5.862310571979071291e-07
1.365781710914454328e+00 6.077907355886427782e-07
1.367256637168141609e+00 6.301846178361996225e-07
1.368731563421828890e+00 6.534462041873234133e-07
1.370206489675516170e+00 6.776103782377491637e-07
1.371681415929203673e+00 7.027134652405066343e-07
1.373156342182890732e+00 7.287932929072919633e-07
1.374631268436578235e+00 7.558892548098590218e-07
1.376106194690265516e+00 7.840423764938273166e-07
1.377581120943952797e+00 8.132953844217368519e-07
1.379056047197640078e+00 8.436927778675250249e-07
1.380530973451327359e+00 8.752809038892654607e-07
1.382005899705014862e+00 9.081080355132070610e-07
1.383480825958701921e+00 9.422244532677559382e-07
1.384955752212389424e+00 9.776825302115535952e-07
1.386430678466076705e+00 1.014536820606093509e-06
1.387905604719763986e+00 1.052844152390893181e-06
1.389380530973451267e+00 1.092663723624270850e-06
1.390855457227138547e+00 1.134057203061440538e-06
1.392330383480826050e+00 1.177088835047591787e-06
1.393805309734513331e+00 1.221825548913009005e-06
1.395280235988200612e+00 1.268337073063277501e-06
1.396755162241887893e+00 1.316696053967723926e-06
1.398230088495575174e+00 1.366978180257050827e-06
1.399705014749262455e+00 1.419262312150230809e-06
1.401179941002949736e+00 1.473630616440601187e-06
1.402654867256637239e+00 1.530168707280489949e-06
1.404129793510324520e+00 1.588965793014641870e-06
1.405604719764011801e+00 1.650114829322470093e-06
1.407079646017699082e+00 1.713712678941481182e-06
1.408554572271386363e+00 1.779860278254782012e-06
1.410029498525073866e+00 1.848662811038845637e-06
1.411504424778760924e+00 1.920229889678990244e-06
1.412979351032448427e+00 1.994675744175457195e-06
1.414454277286135708e+00 2.072119419273128168e-06
1.415929203539822989e+00 2.152684980066686788e-06
1.417404129793510270e+00 2.236501726444644238e-06
1.418879056047197551e+00 2.323704416751810999e-06
1.420353982300885054e+00 2.414433501068377577e-06
1.421828908554572335e+00 2.508835364516341520e-06
1.423303834808259616e+00 2.607062581026660883e-06
1.424778761061946897e+00 2.709274178014912202e-06
1.426253687315634178e+00 2.815635912433895194e-06
1.427728613569321459e+00 2.926320558692279261e-06
1.429203539823008740e+00 3.041508208947886765e-06
1.430678466076696242e+00 3.161386586306615939e-06
1.432153392330383523e+00 3.286151371479798714e-06
1.433628318584070804e+00 3.416006543477942265e-06
1.435103244837758085e+00 3.551164734940916131e-06
1.436578171091445366e+00 3.691847602732334572e-06
1.438053097345132869e+00 3.838286214450519379e-06
1.439528023598819928e+00 3.990721451537878375e-06
1.441002949852507431e+00 4.149404429698888054e-06
1.442477876106194712e+00 4.314596937363956884e-06
1.443952802359881993e+00 4.486571892973525096e-06
1.445427728613569274e+00 4.665613821884186258e-06
1.446902654867256555e+00 4.852019353733199014e-06
1.448377581120944058e+00 5.046097741136564600e-06
1.449852507374631339e+00 5.248171400627743330e-06
1.451327433628318619e+00 5.458576476785845333e-06
1.452802359882005900e+00 5.677663430539970356e-06
1.454277286135693181e+00 5.905797652678767115e-06
1.455752212389380462e+00 6.143360103636530997e-06
1.457227138643067743e+00 6.390747980673615286e-06
1.458702064896755246e+00 6.648375413612754874e-06
1.460176991150442527e+00 6.916674190344845709e-06
1.461651917404129808e+00 7.196094513365171485e-06
1.463126843657817089e+00 7.487105788657970211e-06
1.464601769911504370e+00 7.790197448293675246e-06
1.466076696165191873e+00 8.105879808171720041e-06
1.467551622418878932e+00 8.434684962391176101e-06
1.469026548672566435e+00 8.777167715797788459e-06
1.470501474926253715e+00 9.133906556316398546e-06
1.471976401179940996e+00 9.505504668755000570e-06
1.473451327433628277e+00 9.892590991815743536e-06
1.474926253687315558e+00 1.029582132014434882e-05
1.476401179941003061e+00 1.071587945330571375e-05
1.477876106194690120e+00 1.115347839365811569e-05
1.479351032448377623e+00 1.160936159518611590e-05
1.480825958702064904e+00 1.208430426541871399e-05
1.482300884955752185e+00 1.257911472267201669e-05
1.483775811209439466e+00 1.309463581092105012e-05
1.485250737463126747e+00 1.363174637471353817e-05
1.486725663716814250e+00 1.419136279664768747e-05
1.488200589970501531e+00 1.477444060000235417e-05
1.489675516224188812e+00 1.538197611925994567e-05
1.491150442477876092e+00 1.601500824133557382e-05
1.492625368731563373e+00 1.667462022045897884e-05
1.494100294985250654e+00 1.736194156977567473e-05
1.495575221238937935e+00 1.807815003284063190e-05
1.497050147492625438e+00 1.882447363833092245e-05
1.498525073746312719e+00 1.960219284141392879e-05
1.500000000000000000e+00 2.041264275536502229e-05
1.501474926253687281e+00 2.125721547715501939e-05
1.502949852507374562e+00 2.213736251089106825e-05
1.504424778761062065e+00 2.305459729314099935e-05
1.505899705014749124e+00 2.401049782433996394e-05
1.507374631268436627e+00 2.500670941063360759e-05
1.508849557522123908e+00 2.604494752069497177e-05
1.510324483775811188e+00 2.712700076222536208e-05
1.511799410029498469e+00 2.825473398304571268e-05
1.513274336283185750e+00 2.943009150186685867e-05
1.514749262536873253e+00 3.065510047402940266e-05
1.516224188790560312e+00 3.193187439771942170e-05
1.517699115044247815e+00 3.326261676638588943e-05
1.519174041297935096e+00 3.464962487327166989e-05
1.520648967551622377e+00 3.609529377427206560e-05
1.522123893805309880e+00 3.760212041550013863e-05
1.523598820058996939e+00 3.917270793223758148e-05
1.525073746312684442e+00 4.080977012619323998e-05
1.526548672566371723e+00 4.251613612824571749e-05
1.528023598820059004e+00 4.429475525414613556e-05
1.529498525073746285e+00 4.614870206092962739e-05
1.530973451327433565e+00 4.808118161208819086e-05
1.532448377581121068e+00 5.009553495986437797e-05
1.533923303834808127e+00 5.219524485332488923e-05
1.535398230088495630e+00 5.438394168126114389e-05
1.536873156342182911e+00 5.666540965921892839e-05
1.538348082595870192e+00 5.904359327039600264e-05
1.539823008849557473e+00 6.152260397046161356e-05
1.541297935103244754e+00 6.410672716675026145e-05
1.542772861356932257e+00 6.680042948267029103e-05
1.544247787610619316e+00 6.960836631856735963e-05
1.545722713864306819e+00 7.253538972073151215e-05
1.547197640117994100e+00 7.558655657060003689e-05
1.548672566371681381e+00 7.876713710677108609e-05
1.550147492625368884e+00 8.208262379277946584e-05
1.551622418879055942e+00 8.553874054415043591e-05
1.553097345132743445e+00 8.914145232873747359e-05
1.554572271386430726e+00 9.289697515479228285e-05
1.556047197640118007e+00 9.681178646183275643e-05
1.557522123893805288e+00 1.008926359299082968e-04
1.558997050147492569e+00 1.051465567232897280e-04
1.560471976401180072e+00 1.095808771854346451e-04
1.561946902654867131e+00 1.142032330024593989e-04
1.563421828908554634e+00 1.190215798530853855e-04
1.564896755162241915e+00 1.240442065636290694e-04
1.566371681415929196e+00 1.292797487872926075e-04
1.567846607669616477e+00 1.347372032276563368e-04
1.569321533923303758e+00 1.404259424269977807e-04
1.570796460176991260e+00 1.463557301407753994e-04
1.572271386430678319e+00 1.525367373203807126e-04
1.573746312684365822e+00 1.589795587270212570e-04
1.575221238938053103e+00 1.656952302003388174e-04
1.576696165191740384e+00 1.726952466062990198e-04
1.578171091445427665e+00 1.799915804896088062e-04
1.579646017699114946e+00 1.875967014568276521e-04
1.581120943952802449e+00 1.955235963173023589e-04
1.582595870206489508e+00 2.037857900097553418e-04
1.584070796460177011e+00 2.123973673436288425e-04
1.585545722713864292e+00 2.213729955849151349e-04
1.587020648967551573e+00 2.307279479174543439e-04
1.588495575221239076e+00 2.404781278115544958e-04
1.589970501474926134e+00 2.506400943328824875e-04
1.591445427728613637e+00 2.612310884257331594e-04
1.592920353982300918e+00 2.722690602057085876e-04
1.594395280235988199e+00 2.837726972982480118e-04
1.595870206489675480e+00 2.957614542603285339e-04
1.597345132743362761e+00 3.082555831240161508e-04
1.598820058997050264e+00 3.212761651018959186e-04
1.600294985250737323e+00 3.348451434952649970e-04
1.601769911504424826e+00 3.489853578478408847e-04
1.603244837758112107e+00 3.637205793884476946e-04
1.604719764011799388e+00 3.790755478081296809e-04
1.606194690265486669e+00 3.950760094178454741e-04
1.607669616519173950e+00 4.117487567350186441e-04
1.609144542772861453e+00 4.291216695481487762e-04
1.610619469026548511e+00 4.472237575103484583e-04
1.612094395280236014e+00 4.660852043144243545e-04
1.613569321533923295e+00 4.857374135030338713e-04
1.615044247787610576e+00 5.062130559701516225e-04
1.616519174041298079e+00 5.275461192102297346e-04
1.617994100294985138e+00 5.497719583744070746e-04
1.619469026548672641e+00 5.729273491941458060e-04
1.620943952802359922e+00 5.970505428345753698e-04
1.622418879056047203e+00 6.221813227412581688e-04
1.623893805309734484e+00 6.483610635465440796e-04
1.625368731563421765e+00 6.756327921028679011e-04
1.626843657817109268e+00 7.040412507124852544e-04
1.628318584070796327e+00 7.336329626250146516e-04
1.629793510324483830e+00 7.644562998758577073e-04
1.631268436578171110e+00 7.965615535409569870e-04
1.632743362831858391e+00 8.300010064846544177e-04
1.634218289085545672e+00 8.648290086802177959e-04
1.635693215339232953e+00 9.011020551837490428e-04
1.637168141592920456e+00 9.388788668452325084e-04
1.638643067846607515e+00 9.782204738412931568e-04
1.640117994100295018e+00 1.019190302117774704e-03
1.641592920353982299e+00 1.061854262831048688e-03
1.643067846607669580e+00 1.106280844880257620e-03
1.644542772861357083e+00 1.152541210623750844e-03
1.646017699115044142e+00 1.200709294875777549e-03
1.647492625368731645e+00 1.250861907282371007e-03
1.648967551622418926e+00 1.303078838175140237e-03
1.650442477876106206e+00 1.357442968007202327e-03
1.651917404129793487e+00 1.414040380475682949e-03
1.653392330383480768e+00 1.472960479436206168e-03
1.654867256637168271e+00 1.534296109720937511e-03
1.656342182890855330e+00 1.598143681970081104e-03
1.657817109144542833e+00 1.664603301590682942e-03
1.659292035398230114e+00 1.733778901959135473e-03
1.660766961651917395e+00 1.805778381984660987e-03
1.662241887905604676e+00 1.880713748154659755e-03
1.663716814159291957e+00 1.958701261183361155e-03
1.665191740412979460e+00 2.039861587389968714e-03
1.666666666666666519e+00 2.124319954930116265e-03
1.668141592920354022e+00 2.212206315012216814e-03
1.669616519174041303e+00 2.303655508227133060e-03
1.671091445427728583e+00 2.398807436125342200e-03
1.672566371681415864e+00 2.497807238173855963e-03
1.674041297935103145e+00 2.600805474232747994e-03
1.675516224188790648e+00 2.707958312685910043e-03
1.676991150442477707e+00 2.819427724367070450e-03
1.678466076696165210e+00 2.935381682425100731e-03
1.679941002949852491e+00 3.055994368267155297e-03
1.681415929203539772e+00 3.181446383726493823e-03
1.682890855457227275e+00 3.311924969602845006e-03
1.684365781710914334e+00 3.447624230717631893e-03
1.685840707964601837e+00 3.588745367636513636e-03
1.687315634218289118e+00 3.735496915205942323e-03
1.688790560471976399e+00 3.888094988055240848e-03
1.690265486725663679e+00 4.046763533212411820e-03
1.691740412979350960e+00 4.211734589989457427e-03
1.693215339233038463e+00 4.383248557283085309e-03
1.694690265486725522e+00 4.561554468446235577e-03
1.696165191740413025e+00 4.746910273882580696e-03
1.697640117994100306e+00 4.939583131511039032e-03
1.699115044247787587e+00 5.139849705258218299e-03
1.700589970501474868e+00 5.347996471721112519e-03
1.702064896755162149e+00 5.564320035156504647e-03
1.703539823008849652e+00 5.789127450940855651e-03
1.705014749262536711e+00 6.022736557647566033e-03
1.706489675516224214e+00 6.265476317891214078e-03
1.707964601769911495e+00 6.517687168072378370e-03
1.709439528023598776e+00 6.779721377174764349e-03
1.710914454277286278e+00 7.051943414742037342e-03
1.712389380530973337e+00 7.334730328176090712e-03
1.713864306784660840e+00 7.628472129483873133e-03
1.715339233038348121e+00 7.933572191601272888e-03
1.716814159292035402e+00 8.250447654417991314e-03
1.718289085545722683e+00 8.579529840619631864e-03
1.719764011799409964e+00 8.921264681461257146e-03
1.721238938053097467e+00 9.276113152580903534e-03
1.722713864306784526e+00 9.644551719950834531e-03
1.724188790560472029e+00 1.002707279606797515e-02
1.725663716814159310e+00 1.042418520646174775e-02
1.727138643067846591e+00 1.083641466661087321e-02
1.728613569321533872e+00 1.126430426932954233e-02
1.730088495575221152e+00 1.170841498269020384e-02
1.731563421828908655e+00 1.216932615854652427e-02
1.733038348082595714e+00 1.264763605167771102e-02
1.734513274336283217e+00 1.314396234961196994e-02
1.735988200589970498e+00 1.365894271312804997e-02
1.737463126843657779e+00 1.419323532746284526e-02
1.738938053097345282e+00 1.474751946420813781e-02
1.740412979351032341e+00 1.532249605388814190e-02
1.741887905604719844e+00 1.591888826917597574e-02
1.743362831858407125e+00 1.653744211871736522e-02
1.744837758112094406e+00 1.717892705148559712e-02
1.746312684365781687e+00 1.784413657159380009e-02
1.747787610619468968e+00 1.853388886346991546e-02
1.749262536873156471e+00 1.924902742727425259e-02
1.750737463126843529e+00 1.999042172442909437e-02
1.752212389380531032e+00 2.075896783310247906e-02
1.753687315634218313e+00 2.155558911347097220e-02
1.755162241887905594e+00 2.238123688256178287e-02
1.756637168141592875e+00 2.323689109845693615e-02
1.758112094395280156e+00 2.412356105360444550e-02
1.759587020648967659e+00 2.504228607697967998e-02
1.761061946902654718e+00 2.599413624478111653e-02
1.762536873156342221e+00 2.698021309935584242e-02
1.764011799410029502e+00 2.800165037597797738e-02
1.765486725663716783e+00 2.905961473713052773e-02
1.766961651917404064e+00 3.015530651384298530e-02
1.768436578171091345e+00 3.128996045365976808e-02
1.769911504424778848e+00 3.246484647475576107e-02
1.771386430678465906e+00 3.368127042570407542e-02
1.772861356932153409e+00 3.494057485030455101e-02
1.774336283185840690e+00 3.624413975696076651e-02
1.775811209439527971e+00 3.759338339190107514e-02
1.777286135693215474e+00 3.898976301568123776e-02
1.778761061946902533e+00 4.043477568216442136e-02
1.780235988200590036e+00 4.192995901934281483e-02
1.781710914454277317e+00 4.347689201113320162e-02
1.783185840707964598e+00 4.507719577939928168e-02
1.784660766961651879e+00 4.673253436525226512e-02
1.786135693215339160e+00 4.844461550879890221e-02
1.787610619469026663e+00 5.021519142630142402e-02
1.789085545722713722e+00 5.204605958382298864e-02
1.790560471976401224e+00 5.393906346619548042e-02
1.792035398230088505e+00 5.589609334032773907e-02
1.793510324483775786e+00 5.791908701160058265e-02
1.794985250737463067e+00 6.001003057218655401e-02
1.796460176991150348e+00 6.217095914004288487e-02
1.797935103244837851e+00 6.440395758720643404e-02
1.799410029498524910e+00 6.671116125610848657e-02
1.800884955752212413e+00 6.909475666241901570e-02
1.802359882005899694e+00 7.155698218297931734e-02
1.803834808259586975e+00 7.410012872724068556e-02
1.805309734513274478e+00 7.672654039071187537e-02
1.806784660766961537e+00 7.943861508864688559e-02
1.808259587020649040e+00 8.223880516834988774e-02
1.809734513274336321e+00 8.512961799832692578e-02
1.811209439528023601e+00 8.811361653238322655e-02
1.812684365781710882e+00 9.119341984690412795e-02
1.814159292035398163e+00 9.437170364926249222e-02
1.815634218289085666e+00 9.765120075542312039e-02
1.817109144542772725e+00 1.010347015346212268e-01
1.818584070796460228e+00 1.045250543191223458e-01
1.820058997050147509e+00 1.081251657766568591e-01
1.821533923303834790e+00 1.118380012435681026e-01
1.823008849557522071e+00 1.156665850161327086e-01
1.824483775811209352e+00 1.196140005978989646e-01
1.825958702064896855e+00 1.236833909004362714e-01
1.827433628318583914e+00 1.278779583952699139e-01
1.828908554572271417e+00 1.322009652142650815e-01
1.830383480825958697e+00 1.366557331959921961e-01
1.831858407079645978e+00 1.412456438754686738e-01
1.833333333333333481e+00 1.459741384145718524e-01
1.834808259587020540e+00 1.508447174704180271e-01
1.836283185840708043e+00 1.558609409988531980e-01
1.837758112094395324e+00 1.610264279904977114e-01
1.839233038348082605e+00 1.663448561361524636e-01
1.840707964601769886e+00 1.718199614189959701e-01
1.842182890855457167e+00 1.774555376303881271e-01
1.843657817109144670e+00 1.832554358065661138e-01
1.845132743362831729e+00 1.892235635830105955e-01
1.846607669616519232e+00 1.953638844636796934e-01
1.848082595870206513e+00 2.016804170019249332e-01
1.849557522123893794e+00 2.081772338901123343e-01
1.851032448377581074e+00 2.148584609549124003e-01
1.852507374631268355e+00 2.217282760550157439e-01
1.853982300884955858e+00 2.287909078785071160e-01
1.855457227138642917e+00 2.360506346364548980e-01
1.856932153392330420e+00 2.435117826498691407e-01
1.858407079646017701e+00 2.511787248269720108e-01
1.859882005899704982e+00 2.590558790275384049e-01
1.861356932153392263e+00 2.671477063116778905e-01
1.862831858407079544e+00 2.754587090693502716e-01
1.864306784660767047e+00 2.839934290285665575e-01
1.865781710914454106e+00 2.927564451386556188e-01
1.867256637168141609e+00 3.017523713259423479e-01
1.868731563421828890e+00 3.109858541191618531e-01
1.870206489675516170e+00 3.204615701416449469e-01
1.871681415929203673e+00 3.301842234677341836e-01
1.873156342182890732e+00 3.401585428408447354e-01
1.874631268436578235e+00 3.503892787504495065e-01
1.876106194690265516e+00 3.608812003659574996e-01
1.877581120943952797e+00 3.716390923247428479e-01
1.879056047197640078e+00 3.826677513724772162e-01
1.880530973451327359e+00 3.939719828535422352e-01
1.882005899705014862e+00 4.055565970494869332e-01
1.883480825958701921e+00 4.174264053640638350e-01
1.884955752212389424e+00 4.295862163528043620e-01
1.886430678466076705e+00 4.420408315959504231e-01
1.887905604719763986e+00 4.547950414131841090e-01
1.889380530973451267e+00 4.678536204194227444e-01
1.890855457227138547e+00 4.812213229203405884e-01
1.892330383480826050e+00 4.949028781470201088e-01
1.893805309734513109e+00 5.089029853292470484e-01
1.895280235988200612e+00 5.232263086073440927e-01
1.896755162241887893e+00 5.378774717822587537e-01
1.898230088495575174e+00 5.528610529039311716e-01
1.899705014749262677e+00 5.681815786989287131e-01
1.901179941002949736e+00 5.838435188375871165e-01
1.902654867256637239e+00 5.998512800420929825e-01
1.904129793510324520e+00 6.162092000360049893e-01
1.905604719764011801e+00 6.329215413381052979e-01
1.907079646017699082e+00 6.499924849010556560e-01
1.908554572271386363e+00 6.674261235980452067e-01
1.910029498525073866e+00 6.852264555600082740e-01
1.911504424778760924e+00 7.033973773652643091e-01
1.912979351032448427e+00 7.219426770861424592e-01
1.914454277286135708e+00 7.408660271955280763e-01
1.915929203539822989e+00 7.601709773372142820e-01
1.917404129793510270e+00 7.798609469648030146e-01
1.918879056047197551e+00 7.999392178535044140e-01
1.920353982300885054e+00 8.204089264902879597e-01
1.921828908554572113e+00 8.412730563478537649e-01
1.923303834808259616e+00 8.625344300480942694e-01
1.924778761061946897e+00 8.841957014218467803e-01
1.926253687315634178e+00 9.062593474713876995e-01
1.927728613569321681e+00 9.287276602430680761e-01
1.929203539823008740e+00 9.516027386175573977e-01
1.930678466076696242e+00 9.748864800257617258e-01
1.932153392330383523e+00 9.985805720995969414e-01
1.933628318584070804e+00 1.022686484265068918e+00
1.935103244837758085e+00 1.047205459288761631e+00
1.936578171091445366e+00 1.072138504786638524e+00
1.938053097345132869e+00 1.097486384705042672e+00
1.939528023598819928e+00 1.123249610785912456e+00
1.941002949852507431e+00 1.149428434026060541e+00
1.942477876106194712e+00 1.176022836142683214e+00
1.943952802359881993e+00 1.203032521057312287e+00
1.945427728613569274e+00 1.230456906410325679e+00
1.946902654867256555e+00 1.258295115118481577e+00
1.948377581120944058e+00 1.286545966989957934e+00
1.949852507374631116e+00 1.315207970409215443e+00
1.951327433628318619e+00 1.344279314106453516e+00
1.952802359882005900e+00 1.373757859025964700e+00
1.954277286135693181e+00 1.403641130308555418e+00
1.955752212389380462e+00 1.433926309401891919e+00
1.957227138643067743e+00 1.464610226316173547e+00
1.958702064896755246e+00 1.495689352039297093e+00
1.960176991150442305e+00 1.527159791128611666e+00
1.961651917404129808e+00 1.559017274494551408e+00
1.963126843657817089e+00 1.591257152394713437e+00
1.964601769911504370e+00 1.623874387653027940e+00
1.966076696165191873e+00 1.656863549122718604e+00
1.967551622418878932e+00 1.690218805409323455e+00
1.969026548672566435e+00 1.723933918872586624e+00
1.970501474926253715e+00 1.758002239922232590e+00
1.971976401179940996e+00 1.792416701629262255e+00
1.973451327433628277e+00 1.827169814665812408e+00
1.974926253687315558e+00 1.862253662595847903e+00
1.976401179941003061e+00 1.897659897531143836e+00
1.977876106194690120e+00 1.933379736172149199e+00
1.979351032448377623e+00 1.969403956251251531e+00
1.980825958702064904e+00 2.005722893394757733e+00
1.982300884955752185e+00 2.042326438423935464e+00
1.983775811209439466e+00 2.079204035108347171e+00
1.985250737463126747e+00 2.116344678392154233e+00
1.986725663716814250e+00 2.153736913109862261e+00
1.988200589970501309e+00 2.191368833204523359e+00
1.989675516224188812e+00 2.229228081469367684e+00
1.991150442477876092e+00 2.267301849825178461e+00
1.992625368731563373e+00 2.305576880151495534e+00
1.994100294985250876e+00 2.344039465683782630e+00
1.995575221238937935e+00 2.382675452992351506e+00
1.997050147492625438e+00 2.421470244558392437e+00
1.998525073746312719e+00 2.460408801956429858e+00
2.000000000000000000e+00 2.499475649660822363e+00
2.001474926253687059e+00 2.538654879482339144e+00
2.002949852507374562e+00 2.577930155651781963e+00
2.004424778761062065e+00 2.617284720556013689e+00
2.005899705014749124e+00 2.656701401139378138e+00
2.007374631268436627e+00 2.696162615977229837e+00
2.008849557522124130e+00 2.735650383029559318e+00
2.010324483775811188e+00 2.775146328080535518e+00
2.011799410029498247e+00 2.814631693872208462e+00
2.013274336283185750e+00 2.854087349934561146e+00
2.014749262536873253e+00 2.893493803114979279e+00
2.016224188790560312e+00 2.932831208811875978e+00
2.017699115044247815e+00 2.972079382911670731e+00
2.019174041297935318e+00 3.011217814429471673e+00
2.020648967551622377e+00 3.050225678851564481e+00
2.022123893805309436e+00 3.089081852178888088e+00
2.023598820058996939e+00 3.127764925666345786e+00
2.025073746312684442e+00 3.166253221251186467e+00
2.026548672566371501e+00 3.204524807665985353e+00
2.028023598820059004e+00 3.242557517227472985e+00
2.029498525073746507e+00 3.280328963291141431e+00
2.030973451327433565e+00 3.317816558362629564e+00
2.032448377581120624e+00 3.354997532847598052e+00
2.033923303834808571e+00 3.391848954435799701e+00
2.035398230088495630e+00 3.428347748094259906e+00
2.036873156342182689e+00 3.464470716659405980e+00
2.038348082595870192e+00 3.500194562007326482e+00
2.039823008849557695e+00 3.535495906778636677e+00
2.041297935103244754e+00 3.570351316646054318e+00
2.042772861356931813e+00 3.604737323090923429e+00
2.044247787610619760e+00 3.638630446671205387e+00
2.045722713864306819e+00 3.672007220753806145e+00
2.047197640117993878e+00 3.704844215682307595e+00
2.048672566371681381e+00 3.737118063353443098e+00
2.050147492625368884e+00 3.768805482168478438e+00
2.051622418879055942e+00 3.799883302335321567e+00
2.053097345132743445e+00 3.830328491482069886e+00
2.054572271386430948e+00 3.860118180545941691e+00
2.056047197640118007e+00 3.889229689914237120e+00
2.057522123893805066e+00 3.917640555765554033e+00
2.058997050147492569e+00 3.945328556583156399e+00
2.060471976401180072e+00 3.972271739801384705e+00
2.061946902654867131e+00 3.998448448540929068e+00
2.063421828908554634e+00 4.023837348393102253e+00
2.064896755162242137e+00 4.048417454217168476e+00
2.066371681415929196e+00 4.072168156898394287e+00
2.067846607669616255e+00 4.095069250031918351e+00
2.069321533923303758e+00 4.117100956486040353e+00
2.070796460176991260e+00 4.138243954795819413e+00
2.072271386430678319e+00 4.158479405348285418e+00
2.073746312684365822e+00 4.177788976310706559e+00
2.075221238938053325e+00 4.196154869255677156e+00
2.076696165191740384e+00 4.213559844436310264e+00
2.078171091445427443e+00 4.229987245667111040e+00
2.079646017699114946e+00 4.245421024764551632e+00
2.081120943952802449e+00 4.259845765496224068e+00
2.082595870206489508e+00 4.273246707000371458e+00
2.084070796460177011e+00 4.285609766619515426e+00
2.085545722713864514e+00 4.296921562113030113e+00
2.087020648967551573e+00 4.307169433198205333e+00
2.088495575221238632e+00 4.316341462372967008e+00
2.089970501474926134e+00 4.324426494981737257e+00
2.091445427728613637e+00 4.331414158479308441e+00
2.092920353982300696e+00 4.337294880847959000e+00
2.094395280235988199e+00 4.342059908129297874e+00
2.095870206489675702e+00 4.345701321033038411e+00
2.097345132743362761e+00 4.348212050577631160e+00
2.098820058997049820e+00 4.349585892730256198e+00
2.100294985250737767e+00 4.349817522009302273e+00
2.101769911504424826e+00 4.348902504013237191e+00
2.103244837758111885e+00 4.346837306843675641e+00
2.104719764011799388e+00 4.343619311393614346e+00
2.106194690265486891e+00 4.339246820467638877e+00
2.107669616519173950e+00 4.333719066708488832e+00
2.109144542772861453e+00 4.327036219310479659e+00
2.110619469026548956e+00 4.319199389481721774e+00
2.112094395280236014e+00 4.310210634651226336e+00
2.113569321533923073e+00 4.300072961391782300e+00
2.115044247787610576e+00 4.288790327043431994e+00
2.116519174041298079e+00 4.276367640026028205e+00
2.117994100294985138e+00 4.262810758828282864e+00
2.119469026548672641e+00 4.248126489663000882e+00
2.120943952802360144e+00 4.232322582781470999e+00
2.122418879056047203e+00 4.215407727449223430e+00
2.123893805309734262e+00 4.197391545571731442e+00
2.125368731563421765e+00 4.178284583978777889e+00
2.126843657817109268e+00 4.158098305372244674e+00
2.128318584070796327e+00 4.136845077937718607e+00
2.129793510324483830e+00 4.114538163634067658e+00
2.131268436578171332e+00 4.091191705176460580e+00
2.132743362831858391e+00 4.066820711718109216e+00
2.134218289085545450e+00 4.041441043258993560e+00
2.135693215339232953e+00 4.015069393793893937e+00
2.137168141592920456e+00 3.987723273230190379e+00
2.138643067846607515e+00 3.959420988093767413e+00
2.140117994100295018e+00 3.930181621055849561e+00
2.141592920353982521e+00 3.900025009312942714e+00
2.143067846607669580e+00 3.868971721850196221e+00
2.144542772861356639e+00 3.837043035622442311e+00
2.146017699115044142e+00 3.804260910698216591e+00
2.147492625368731645e+00 3.770647964400318575e+00
2.148967551622418704e+00 3.736227444490118010e+00
2.150442477876106206e+00 3.701023201436734578e+00
2.151917404129793709e+00 3.665059659822253568e+00
2.153392330383480768e+00 3.628361788928692988e+00
2.154867256637167827e+00 3.590955072559812944e+00
2.156342182890855330e+00 3.552865478144925593e+00
2.157817109144542833e+00 3.514119425189942358e+00
2.159292035398229892e+00 3.474743753117072842e+00
2.160766961651917395e+00 3.434765688560905694e+00
2.162241887905604898e+00 3.394212812173712734e+00
2.163716814159291957e+00 3.353113025000262759e+00
2.165191740412979016e+00 3.311494514483374729e+00
2.166666666666666963e+00 3.269385720158262565e+00
2.168141592920354022e+00 3.226815299102099299e+00
2.169616519174041080e+00 3.183812091194319294e+00
2.171091445427728583e+00 3.140405084256742363e+00
2.172566371681416086e+00 3.096623379129878728e+00
2.174041297935103145e+00 3.052496154754667401e+00
2.175516224188790648e+00 3.008052633314987290e+00
2.176991150442478151e+00 2.963322045508973712e+00
2.178466076696165210e+00 2.918333596011286168e+00
2.179941002949852269e+00 2.873116429178919073e+00
2.181415929203539772e+00 2.827699595075647387e+00
2.182890855457227275e+00 2.782112015860580989e+00
2.184365781710914334e+00 2.736382452610456539e+00
2.185840707964601837e+00 2.690539472626756190e+00
2.187315634218289340e+00 2.644611417285275934e+00
2.188790560471976399e+00 2.598626370488264836e+00
2.190265486725663457e+00 2.552612127763860261e+00
2.191740412979350960e+00 2.506596166072379450e+00
2.193215339233038463e+00 2.460605614364527849e+00
2.194690265486725522e+00 2.414667224942464330e+00
2.196165191740413025e+00 2.368807345668008768e+00
2.197640117994100528e+00 2.323051893063894369e+00
2.199115044247787587e+00 2.277426326346128516e+00
2.200589970501474646e+00 2.231955622433422715e+00
2.202064896755162149e+00 2.186664251961238481e+00
2.203539823008849652e+00 2.141576156346559401e+00
2.205014749262536711e+00 2.096714725923463973e+00
2.206489675516224214e+00 2.052102779189278525e+00
2.207964601769911717e+00 2.007762543179609338e+00
2.209439528023598776e+00 1.963715635004296578e+00
2.210914454277285834e+00 1.919983044556938356e+00
2.212389380530973337e+00 1.876585118424315413e+00
2.213864306784660840e+00 1.833541545006490692e+00
2.215339233038347899e+00 1.790871340861594385e+00
2.216814159292035402e+00 1.748592838287579498e+00
2.218289085545722905e+00 1.706723674143681535e+00
2.219764011799409964e+00 1.665280779920014442e+00
2.221238938053097023e+00 1.624280373055954296e+00
2.222713864306784970e+00 1.583737949504303133e+00
2.224188790560472029e+00 1.543668277538305711e+00
2.225663716814159088e+00 1.504085392797535059e+00
2.227138643067846591e+00 1.465002594558301174e+00
2.228613569321534094e+00 1.426432443220544410e+00
2.230088495575221152e+00 1.388386758996007053e+00
2.231563421828908211e+00 1.350876621779476094e+00
2.233038348082596158e+00 1.313912372185841448e+00
2.234513274336283217e+00 1.277503613729341847e+00
2.235988200589970276e+00 1.241659216122794618e+00
2.237463126843657779e+00 1.206387319669894875e+00
2.238938053097345282e+00 1.171695340723197365e+00
2.240412979351032341e+00 1.137589978177613315e+00
2.241887905604719844e+00 1.104077220967462525e+00
2.243362831858407347e+00 1.071162356534134164e+00
2.244837758112094406e+00 1.038849980229105130e+00
2.246312684365781465e+00 1.007144005615728810e+00
2.247787610619468968e+00 9.760476756316457392e-01
2.249262536873156471e+00 9.455635745734789488e-01
2.250737463126843529e+00 9.156936408628068014e-01
2.252212389380531032e+00 8.864391805527189749e-01
2.253687315634218535e+00 8.578008815315651958e-01
2.255162241887905594e+00 8.297788283836980971e-01
2.256637168141592653e+00 8.023725178611091913e-01
2.258112094395280156e+00 7.755808749226957843e-01
2.259587020648967659e+00 7.494022692981976430e-01
2.261061946902654718e+00 7.238345325303301436e-01
2.262536873156342221e+00 6.988749754518139845e-01
2.264011799410029724e+00 6.745204060521061695e-01
2.265486725663716783e+00 6.507671476890305451e-01
2.266961651917403842e+00 6.276110576018433251e-01
2.268436578171091345e+00 6.050475456806199137e-01
2.269911504424778848e+00 5.830715934498394981e-01
2.271386430678465906e+00 5.616777732217845820e-01
2.272861356932153409e+00 5.408602673785237736e-01
2.274336283185840912e+00 5.206128877406543953e-01
2.275811209439527971e+00 5.009290949820890404e-01
2.277286135693215030e+00 4.818020180511705663e-01
2.278761061946902533e+00 4.632244735595019702e-01
2.280235988200590036e+00 4.451889851010063515e-01
2.281710914454277095e+00 4.276878024645066056e-01
2.283185840707964598e+00 4.107129207049577957e-01
2.284660766961652101e+00 3.942560990396656861e-01
2.286135693215339160e+00 3.783088795361391754e-01
2.287610619469026219e+00 3.628626055615945534e-01
2.289085545722714166e+00 3.479084399639331138e-01
2.290560471976401224e+00 3.334373829560848268e-01
2.292035398230088283e+00 3.194402896771065259e-01
2.293510324483775786e+00 3.059078874054794728e-01
2.294985250737463289e+00 2.928307924005555951e-01
2.296460176991150348e+00 2.801995263507144340e-01
2.297935103244837851e+00 2.680045324079426416e-01
2.299410029498525354e+00 2.562361907903061842e-01
2.300884955752212413e+00 2.448848339352641956e-01
2.302359882005899472e+00 2.339407611884000981e-01
2.303834808259586975e+00 2.233942530141722893e-01
2.305309734513274478e+00 2.132355847161774565e-01
2.306784660766961537e+00 2.034550396566455477e-01
2.308259587020649040e+00 1.940429219659891569e-01
2.309734513274336543e+00 1.849895687352360041e-01
2.311209439528023601e+00 1.762853616848504001e-01
2.312684365781710660e+00 1.679207383060659642e-01
2.314159292035398163e+00 1.598862024713666452e-01
2.315634218289085666e+00 1.521723345122899806e-01
2.317109144542772725e+00 1.447698007646537888e-01
2.318584070796460228e+00 1.376693625817014821e-01
2.320058997050147731e+00 1.308618848178129956e-01
2.321533923303834790e+00 1.243383437858214396e-01
2.323008849557521849e+00 1.180898346929040027e-01
2.324483775811209352e+00 1.121075785602423103e-01
2.325958702064896855e+00 1.063829286336216429e-01
2.327433628318583914e+00 1.009073762921439826e-01
2.328908554572271417e+00 9.567255646413469483e-02
2.330383480825958920e+00 9.067025255920840854e-02
2.331858407079645978e+00 8.589240092715619279e-02
2.333333333333333037e+00 8.133109485424953877e-02
2.334808259587020540e+00 7.697858810888953685e-02
2.336283185840708043e+00 7.282729804869100820e-02
2.337758112094395102e+00 6.886980830201956671e-02
2.339233038348082605e+00 6.509887103702645395e-02
2.340707964601770108e+00 6.150740883220424254e-02
2.342182890855457167e+00 5.808851616241833549e-02
2.343657817109144226e+00 5.483546051508295105e-02
2.345132743362831729e+00 5.174168315093630871e-02
2.346607669616519232e+00 4.880079952468605736e-02
2.348082595870206291e+00 4.600659938041670727e-02
2.349557522123893794e+00 4.335304653705896599e-02
2.351032448377581296e+00 4.083427837927519621e-02
2.352507374631268355e+00 3.844460506903672053e-02
2.353982300884955414e+00 3.617850849316178730e-02
2.355457227138643361e+00 3.403064096208831962e-02
2.356932153392330420e+00 3.199582367500167224e-02
2.358407079646017479e+00 3.006904496617813713e-02
2.359882005899704982e+00 2.824545834754350893e-02
2.361356932153392485e+00 2.652038036177774630e-02
2.362831858407079544e+00 2.488928826046473211e-02
2.364306784660767047e+00 2.334781752120846862e-02
2.365781710914454550e+00 2.189175921755516160e-02
2.367256637168141609e+00 2.051705725504742589e-02
2.368731563421828668e+00 1.921980548647927653e-02
2.370206489675516170e+00 1.799624471909219009e-02
2.371681415929203673e+00 1.684275962592528958e-02
2.373156342182890732e+00 1.575587557324186969e-02
2.374631268436578235e+00 1.473225537551194238e-02
2.376106194690265738e+00 1.376869598893547091e-02
2.377581120943952797e+00 1.286212515416316343e-02
2.379056047197639856e+00 1.200959799829298853e-02
2.380530973451327359e+00 1.120829360587173064e-02
2.382005899705014862e+00 1.045551156812521594e-02
2.383480825958701921e+00 9.748668519173612351e-03
2.384955752212389424e+00 9.085294667552579889e-03
2.386430678466076927e+00 8.463030330871151516e-03
2.387905604719763986e+00 7.879622481030242737e-03
2.389380530973451044e+00 7.332921306888879817e-03
2.390855457227138547e+00 6.820876800911981723e-03
2.392330383480826050e+00 6.341535375816304866e-03
2.393805309734513109e+00 5.893036516831272158e-03
2.395280235988200612e+00 5.473609474764689307e-03
2.396755162241888115e+00 5.081570004633478160e-03
2.398230088495575174e+00 4.715317154224178686e-03
2.399705014749262233e+00 4.373330106548001250e-03
2.401179941002949736e+00 4.054165079770209734e-03
2.402654867256637239e+00 3.756452287832781449e-03
2.404129793510324298e+00 3.478892964610777461e-03
2.405604719764011801e+00 3.220256454125319714e-03
2.407079646017699304e+00 2.979377368979713604e-03
2.408554572271386363e+00 2.755152818886422942e-03
2.410029498525073421e+00 2.546539710837842155e-03
2.411504424778761368e+00 2.352552122195577383e-03
2.412979351032448427e+00 2.172258747692783383e-03
2.414454277286135486e+00 2.004780421081134214e-03
2.415929203539822989e+00 1.849287711925465000e-03
2.417404129793510492e+00 1.704998597797664555e-03
2.418879056047197551e+00 1.571176211922121644e-03
2.420353982300884610e+00 1.447126666112817650e-03
2.421828908554572557e+00 1.332196948661007073e-03
2.423303834808259616e+00 1.225772896653840776e-03
2.424778761061946675e+00 1.127277242041186235e-03
2.426253687315634178e+00 1.036167730629690377e-03
2.427728613569321681e+00 9.519353130335887411e-04
2.429203539823008740e+00 8.741024065008659279e-04
2.430678466076696242e+00 8.022212264144926120e-04
2.432153392330383745e+00 7.358721861711007162e-04
2.433628318584070804e+00 6.746623640523589233e-04
2.435103244837757863e+00 6.182240356206825192e-04
2.436578171091445366e+00 5.662132701087589084e-04
2.438053097345132869e+00 5.183085892094226651e-04
2.439528023598819928e+00 4.742096866235432457e-04
2.441002949852507431e+00 4.336362066845858348e-04
2.442477876106194934e+00 3.963265803436856645e-04
2.443952802359881993e+00 3.620369167746074969e-04
2.445427728613569052e+00 3.305399488406694742e-04
2.446902654867256555e+00 3.016240306539233668e-04
2.448377581120944058e+00 2.750921854531466018e-04
2.449852507374631116e+00 2.507612020271349912e-04
2.451327433628318619e+00 2.284607779167819534e-04
2.452802359882006122e+00 2.080327076421398214e-04
2.454277286135693181e+00 1.893301142142420187e-04
2.455752212389380240e+00 1.722167222145114674e-04
2.457227138643067743e+00 1.565661707464249385e-04
2.458702064896755246e+00 1.422613645930311389e-04
2.460176991150442305e+00 1.291938619434634841e-04
2.461651917404129808e+00 1.172632970853829787e-04
2.463126843657817311e+00 1.063768364955262744e-04
2.464601769911504370e+00 9.644866679807066582e-05
2.466076696165191429e+00 8.739951310026501576e-05
2.467551622418878932e+00 7.915618625525324434e-05
2.469026548672566435e+00 7.165115764412638606e-05
2.470501474926253493e+00 6.482216011239274223e-05
2.471976401179940996e+00 5.861181373969060555e-05
2.473451327433628499e+00 5.296727516586536341e-05
2.474926253687315558e+00 4.783990924096794483e-05
2.476401179941002617e+00 4.318498181174502146e-05
2.477876106194690564e+00 3.896137250147713480e-05
2.479351032448377623e+00 3.513130638469959299e-05
2.480825958702064682e+00 3.166010350249641437e-05
2.482300884955752185e+00 2.851594520748804449e-05
2.483775811209439688e+00 2.566965637094889964e-05
2.485250737463126747e+00 2.309450252662211412e-05
2.486725663716814250e+00 2.076600106757677994e-05
2.488200589970501753e+00 1.866174565303156457e-05
2.489675516224188812e+00 1.676124302190708316e-05
2.491150442477875870e+00 1.504576144861490773e-05
2.492625368731563373e+00 1.349819011438039331e-05
2.494100294985250876e+00 1.210290870391704160e-05
2.495575221238937935e+00 1.084566657287320759e-05
2.497050147492625438e+00 9.713470865772166166e-06
2.498525073746312941e+00 8.694482997352935319e-06
2.500000000000000000e+00 7.777922942173963732e-06
2.501474926253687059e+00 6.953980808153858118e-06
2.502949852507374562e+00 6.213735199318102166e-06
2.504424778761062065e+00 5.549077901350984340e-06
2.505899705014749124e+00 4.952644450836269606e-06
2.507374631268436627e+00 4.417750175032545199e-06
2.508849557522124130e+00 3.938331313930384834e-06
2.510324483775811188e+00 3.508890860053565800e-06
2.511799410029498247e+00 3.124448774070903648e-06
2.513274336283185750e+00 2.780496255813326082e-06
2.514749262536873253e+00 2.472953770712779591e-06
2.516224188790560312e+00 2.198132551103465703e-06
2.517699115044247815e+00 1.952699310210656029e-06
2.519174041297935318e+00 1.733643924075085763e-06
2.520648967551622377e+00 1.538249853124198161e-06
2.522123893805309436e+00 1.364067090665199581e-06
2.523598820058996939e+00 1.208887440251720774e-06
2.525073746312684442e+00 1.070721937700187537e-06
2.526548672566371501e+00 9.477802465635721800e-07
2.528023598820059004e+00 8.384518681004196671e-07
2.529498525073746507e+00 7.412890182848878592e-07
2.530973451327433565e+00 6.549910351802476183e-07
2.532448377581120624e+00 5.783901901192336854e-07
2.533923303834808127e+00 5.104387855899773967e-07
2.535398230088495630e+00 4.501974315818640880e-07
2.536873156342182689e+00 3.968244004139134514e-07
2.538348082595870192e+00 3.495659677851781092e-07
2.539823008849557695e+00 3.077476549822035233e-07
2.541297935103244754e+00 2.707662938786943852e-07
2.542772861356931813e+00 2.380828425983506230e-07
2.544247787610619760e+00 2.092158855065987510e-07
2.545722713864306819e+00 1.837357565791441266e-07
2.547197640117993878e+00 1.612592301860972831e-07
2.548672566371681381e+00 1.414447279598033364e-07
2.550147492625368884e+00 1.239879946949755940e-07
2.551622418879055942e+00 1.086182001954186912e-07
2.553097345132743445e+00 9.509442764053513396e-08
2.554572271386430948e+00 8.320251242808634601e-08
2.556047197640118007e+00 7.275219856552306146e-08
2.557522123893805066e+00 6.357458255727477253e-08
2.558997050147492569e+00 5.551981737958004226e-08
2.560471976401180072e+00 4.845505156854217177e-08
2.561946902654867131e+00 4.226258068209773003e-08
2.563421828908554634e+00 3.683819045009629115e-08
2.564896755162242137e+00 3.208967280910123641e-08
2.566371681415929196e+00 2.793549774424389564e-08
2.567846607669616255e+00 2.430362544034639958e-08
2.569321533923303758e+00 2.113044468973207050e-08
2.570796460176991260e+00 1.835982482482729407e-08
2.572271386430678319e+00 1.594226964999729232e-08
2.573746312684365822e+00 1.383416294710754940e-08
2.575221238938053325e+00 1.199709613247679898e-08
2.576696165191740384e+00 1.039726955602226309e-08
2.578171091445427443e+00 9.004959764644957932e-09
2.579646017699114946e+00 7.794045807252812141e-09
2.581120943952802449e+00 6.741588345113550858e-09
2.582595870206489508e+00 5.827455953882232832e-09
2.584070796460177011e+00 5.033993568334402235e-09
2.585545722713864514e+00 4.345728532271040411e-09
2.587020648967551573e+00 3.749110179048662956e-09
2.588495575221238632e+00 3.232279286867991732e-09
2.589970501474926134e+00 2.784864131217864044e-09
2.591445427728613637e+00 2.397800198413866900e-09
2.592920353982300696e+00 2.063170932183447687e-09
2.594395280235988199e+00 1.774067162889213481e-09
2.595870206489675702e+00 1.524463118932211953e-09
2.597345132743362761e+00 1.309107144792330766e-09
2.598820058997049820e+00 1.123425452306518603e-09
2.600294985250737767e+00 9.634374133689202875e-10
2.601769911504424826e+00 8.256810651573981756e-10
2.603244837758111885e+00 7.071476450840103627e-10
2.604719764011799388e+00 6.052241035366610313e-10
2.606194690265486891e+00 5.176426596221448715e-10
2.607669616519173950e+00 4.424365698788583104e-10
2.609144542772861008e+00 3.779013735431866504e-10
2.610619469026548956e+00 3.225609615280551986e-10
2.612094395280236014e+00 2.751378908310826847e-10
2.613569321533923073e+00 2.345274325382745301e-10
2.615044247787610576e+00 1.997749007711788664e-10
2.616519174041298079e+00 1.700558625807998857e-10
2.617994100294985138e+00 1.446588756066821507e-10
2.619469026548672641e+00 1.229704419057904867e-10
2.620943952802360144e+00 1.044619032654506212e-10
2.622418879056047203e+00 8.867803604563289329e-11
2.623893805309734262e+00 7.522713259907870240e-11
2.625368731563421765e+00 6.377238199355464267e-11
2.626843657817109268e+00 5.402438547329932676e-11
2.628318584070796327e+00 4.573466217076563071e-11
2.629793510324483830e+00 3.869001830752055669e-11
2.631268436578171332e+00 3.270766876426848691e-11
2.632743362831858391e+00 2.763101369031337528e-11
2.634218289085545450e+00 2.332598496976958994e-11
2.635693215339232953e+00 1.967788805300512531e-11
2.637168141592920456e+00 1.658867406344548780e-11
2.638643067846607515e+00 1.397458535094812859e-11
2.640117994100295018e+00 1.176412491526780870e-11
2.641592920353982521e+00 9.896306485039690468e-12
2.643067846607669580e+00 8.319147613473018435e-12
2.644542772861356639e+00 6.988373034802659923e-12
2.646017699115044142e+00 5.866299797953597614e-12
2.647492625368731645e+00 4.920879429121801008e-12
2.648967551622418704e+00 4.124875637655460675e-12
2.650442477876106206e+00 3.455158927418949728e-12
2.651917404129793709e+00 2.892101959088720167e-12
2.653392330383480768e+00 2.419061672731712586e-12
2.654867256637167827e+00 2.021936063791192499e-12
2.656342182890855330e+00 1.688785144277713705e-12
2.657817109144542833e+00 1.409507045200364702e-12
2.659292035398229892e+00 1.175561453068831914e-12
2.660766961651917395e+00 9.797336464547404405e-13
2.662241887905604898e+00 8.159333289723330835e-13
2.663716814159291957e+00 6.790232609366758313e-13
2.665191740412979016e+00 5.646733894705358608e-13
2.666666666666666963e+00 4.692367800060686774e-13
2.668141592920354022e+00 3.896441733014410876e-13
2.669616519174041080e+00 3.233144420230054641e-13
2.671091445427728583e+00 2.680786090493486356e-13
2.672566371681416086e+00 2.221154241451371109e-13
2.674041297935103145e+00 1.838967836933489426e-13
2.675516224188790648e+00 1.521415260073524223e-13
2.676991150442478151e+00 1.257763478004257604e-13
2.678466076696165210e+00 1.039027703952021834e-13
2.679941002949852269e+00 8.576924131730332111e-14
2.681415929203539772e+00 7.074759159556699891e-14
2.682890855457227275e+00 5.831318448334623500e-14
2.684365781710914334e+00 4.802819009422785973e-14
2.685840707964601837e+00 3.952750493610853748e-14
2.687315634218289340e+00 3.250690753151418849e-14
2.688790560471976399e+00 2.671310296648599898e-14
2.690265486725663457e+00 2.193536181030676868e-14
2.691740412979350960e+00 1.799850368643485853e-14
2.693215339233038463e+00 1.475701396316105048e-14
2.694690265486725522e+00 1.209011453038675673e-14
2.696165191740413025e+00 9.897637259767182039e-15
2.697640117994100528e+00 8.096572219004254144e-15
2.699115044247787587e+00 6.618182635438795310e-15
2.700589970501474646e+00 5.405595501296788069e-15
2.702064896755162149e+00 4.411791031223844783e-15
2.703539823008849652e+00 3.597926304681460674e-15
2.705014749262536711e+00 2.931938680031333074e-15
2.706489675516224214e+00 2.387383233650155613e-15
2.707964601769911717e+00 1.942465796034661045e-15
2.709439528023598776e+00 1.579239331690884028e-15
2.710914454277285834e+00 1.282936615105228045e-15
2.712389380530973337e+00 1.041416539531390887e-15
2.713864306784660840e+00 8.447050851072224389e-16
2.715339233038347899e+00 6.846150752816923379e-16
2.716814159292035402e+00 5.544314569315205550e-16
2.718289085545722905e+00 4.486510273190743723e-16
2.719764011799409964e+00 3.627673658046868918e-16
2.721238938053097023e+00 2.930932656546100415e-16
2.722713864306784526e+00 2.366142484050877144e-16
2.724188790560472029e+00 1.908678199011004406e-16
2.725663716814159088e+00 1.538440269437564419e-16
2.727138643067846591e+00 1.239036248521166241e-16
2.728613569321534094e+00 9.971079311098363263e-17
2.730088495575221152e+00 8.017785882013979908e-17
2.731563421828908211e+00 6.441992285566372858e-17
2.733038348082596158e+00 5.171764579211937311e-17
2.734513274336283217e+00 4.148675171098413552e-17
2.735988200589970276e+00 3.325305811870143458e-17
2.737463126843657779e+00 2.663204776072323349e-17
2.738938053097345282e+00 2.131217023449255769e-17
2.740412979351032341e+00 1.704120389881756898e-17
2.741887905604719844e+00 1.361512661177943269e-17
2.743362831858407347e+00 1.086904144713648657e-17
2.744837758112094406e+00 8.669784201118084816e-18
2.746312684365781465e+00 6.909906094056294674e-18
2.747787610619468968e+00 5.502779999712522065e-18
2.749262536873156471e+00 4.378623802733045318e-18
2.750737463126843529e+00 3.481271757398304687e-18
2.752212389380531032e+00 2.765555383631369517e-18
2.753687315634218535e+00 2.195180638923525267e-18
2.755162241887905594e+00 1.741008801259814716e-18
2.756637168141592653e+00 1.379665478993480496e-18
2.758112094395280156e+00 1.092416083511400167e-18
2.759587020648967659e+00 8.642575010802683020e-19
2.761061946902654718e+00 6.831850291084805828e-19
2.762536873156342221e+00 5.396012688690029697e-19
2.764011799410029724e+00 4.258398964369665973e-19
2.765486725663716783e+00 3.357823175911611349e-19
2.766961651917403842e+00 2.645493577094489663e-19
2.768436578171091345e+00 2.082535145150911442e-19
2.769911504424778848e+00 1.638000499279560997e-19
2.771386430678465906e+00 1.287274321519434228e-19
2.772861356932153409e+00 1.010794548102432190e-19
2.774336283185840912e+00 7.930283372269817041e-20
2.775811209439527971e+00 6.216527709886299172e-20
2.777286135693215030e+00 4.868999329307918422e-20
2.778761061946902533e+00 3.810338415975652767e-20
2.780235988200590036e+00 2.979330603017126583e-20
2.781710914454277095e+00 2.327579260815279543e-20
2.783185840707964598e+00 1.816854763962952087e-20
2.784660766961652101e+00 1.416984876900938035e-20
2.786135693215339160e+00 1.104177278542522668e-20
2.787610619469026219e+00 8.596868861159043805e-21
2.789085545722714166e+00 6.687580446411025940e-21
2.790560471976401224e+00 5.197856363716196810e-21
2.792035398230088283e+00 4.036503951735630558e-21
2.793510324483775786e+00 3.131927194210284168e-21
2.794985250737463289e+00 2.427964965617616081e-21
2.796460176991150348e+00 1.880602330198392624e-21
2.797935103244837407e+00 1.455374071281031469e-21
2.799410029498525354e+00 1.125316582948959710e-21
2.800884955752212413e+00 8.693537632086261711e-22
2.802359882005899472e+00 6.710260862653270583e-22
2.803834808259586975e+00 5.174907912360556053e-22
2.805309734513274478e+00 3.987360619326619817e-22
2.806784660766961537e+00 3.069639550384025216e-22
2.808259587020649040e+00 2.361062779461553149e-22
2.809734513274336543e+00 1.814451162516327791e-22
2.811209439528023601e+00 1.393156595255260056e-22
2.812684365781710660e+00 1.068736885400925580e-22
2.814159292035398163e+00 8.191382012656275100e-23
2.815634218289085666e+00 6.272755887915608977e-23
2.817109144542772725e+00 4.799253877024303718e-23
2.818584070796460228e+00 3.668618050204507306e-23
2.820058997050147731e+00 2.801844405936266818e-23
2.821533923303834790e+00 2.137950153391567963e-23
2.823008849557521849e+00 1.629905728778121939e-23
2.824483775811209352e+00 1.241475204204939856e-23
2.825958702064896855e+00 9.447645064720413019e-24
2.827433628318583914e+00 7.183206406227462076e-24
2.828908554572271417e+00 5.456594512304268903e-24
2.830383480825958920e+00 4.141263629303293919e-24
2.831858407079645978e+00 3.140156081364877745e-24
2.833333333333333037e+00 2.378899268882248037e-24
2.834808259587020540e+00 1.800555988981252732e-24
2.836283185840708043e+00 1.361577188956414937e-24
2.837758112094395102e+00 1.028684652372407021e-24
2.839233038348082605e+00 7.764721950533261758e-25
2.840707964601770108e+00 5.855614918946936576e-25
2.842182890855457167e+00 4.411856286462133078e-25
2.843657817109144226e+00 3.321021981052598721e-25
2.845132743362831729e+00 2.497600559571464881e-25
2.846607669616519232e+00 1.876611402381559809e-25
2.848082595870206291e+00 1.408721515865727238e-25
2.849557522123893794e+00 1.056512568231759835e-25
2.851032448377581296e+00 7.916299269737205721e-26
2.852507374631268355e+00 5.926073712431487661e-26
2.853982300884955414e+00 4.432089231683809515e-26
2.855457227138643361e+00 3.311660701458166985e-26
2.856932153392330420e+00 2.472170143161072662e-26
2.858407079646017479e+00 1.843764096978318962e-26
2.859882005899704982e+00 1.373808232952417125e-26
2.861356932153392485e+00 1.022680391312857496e-26
2.862831858407079544e+00 7.605820740404468681e-27
2.864306784660767047e+00 5.651241572118749628e-27
2.865781710914454550e+00 4.195005914374007404e-27
2.867256637168141609e+00 3.111082212843325801e-27
2.868731563421828668e+00 2.305047557224551202e-27
2.870206489675516170e+00 1.706228021842555287e-27
2.871681415929203673e+00 1.261776148691814329e-27
2.873156342182890732e+00 9.322124642928819895e-28
2.874631268436578235e+00 6.880723873998892038e-28
2.876106194690265738e+00 5.073869238348412951e-28
2.877581120943952797e+00 3.737916632612026265e-28
2.879056047197639856e+00 2.751087691185209120e-28
2.880530973451327359e+00 2.022846931630806870e-28
2.882005899705014862e+00 1.485951567248173520e-28
2.883480825958701921e+00 1.090507394428457769e-28
2.884955752212389424e+00 7.995289298026426178e-29
2.886430678466076927e+00 5.856263886856938244e-29
2.887905604719763986e+00 4.285359493884144198e-29
2.889380530973451044e+00 3.132804745899878978e-29
2.890855457227138547e+00 2.288011061095156273e-29
2.892330383480826050e+00 1.669401936037395538e-29
2.893805309734513109e+00 1.216861034502433603e-29
2.895280235988200612e+00 8.861303505757305671e-30
2.896755162241888115e+00 6.446590294420476724e-30
2.898230088495575174e+00 4.685302492309720554e-30
2.899705014749262233e+00 3.401884634913812793e-30
2.901179941002949736e+00 2.467602401963511952e-30
2.902654867256637239e+00 1.788149051716088540e-30
2.904129793510324298e+00 1.294507145848629012e-30
2.905604719764011801e+00 9.362173026607990440e-31
2.907079646017699304e+00 6.764249562246785496e-31
2.908554572271386363e+00 4.882391496650626554e-31
2.910029498525073421e+00 3.520585284368287338e-31
2.911504424778760924e+00 2.536096058009545763e-31
2.912979351032448427e+00 1.825090310667159034e-31
2.914454277286135486e+00 1.312109621272844033e-31
2.915929203539822989e+00 9.423717305130148988e-32
2.917404129793510492e+00 6.761452731406939067e-32
2.918879056047197551e+00 4.846438297006514420e-32
2.920353982300884610e+00 3.470320065783954345e-32
2.921828908554572557e+00 2.482446018994920748e-32
2.923303834808259616e+00 1.773996669635995574e-32
2.924778761061946675e+00 1.266449150191223960e-32
2.926253687315634178e+00 9.032000408867557572e-33
2.927728613569321681e+00 6.434882772273764147e-33
2.929203539823008740e+00 4.579911580070685130e-33
2.930678466076696242e+00 3.256361218951092129e-33
2.932153392330383745e+00 2.312950526059148657e-33
2.933628318584070804e+00 1.641185471829965140e-33
2.935103244837757863e+00 1.163337685662961673e-33
2.936578171091445366e+00 8.237776482644509841e-34
2.938053097345132869e+00 5.827329091980188147e-34
2.939528023598819928e+00 4.117974758818005440e-34
2.941002949852507431e+00 2.907044426718647094e-34
2.942477876106194934e+00 2.050089256612718206e-34
2.943952802359881993e+00 1.444262852599450994e-34
2.945427728613569052e+00 1.016415643273496534e-34
2.946902654867256555e+00 7.145741892050010217e-35
2.948377581120944058e+00 5.018494491085370892e-35
2.949852507374631116e+00 3.520861780233689686e-35
2.951327433628318619e+00 2.467590865162928984e-35
2.952802359882006122e+00 1.727608132475378038e-35
2.954277286135693181e+00 1.208271378998530528e-35
2.955752212389380240e+00 8.441704642731564525e-36
2.957227138643067743e+00 5.891711702017984267e-36
2.958702064896755246e+00 4.107690788511681808e-36
2.960176991150442305e+00 2.860870339581276375e-36
2.961651917404129808e+00 1.990407649780982191e-36
2.963126843657817311e+00 1.383338825089919218e-36
2.964601769911504370e+00 9.604107831201629177e-37
2.966076696165191429e+00 6.660804181993384849e-37
2.967551622418878932e+00 4.614628368688041409e-37
2.969026548672566435e+00 3.193643774642922248e-37
2.970501474926253493e+00 2.207878330033394834e-37
2.971976401179940996e+00 1.524761694186038073e-37
2.973451327433628499e+00 1.051880071618392759e-37
2.974926253687315558e+00 7.248817180462973463e-38
2.976401179941002617e+00 4.990039429165541882e-38
2.977876106194690564e+00 3.431436482428436289e-38
2.979351032448377623e+00 2.357123581773842782e-38
2.980825958702064682e+00 1.617418428354474039e-38
2.982300884955752185e+00 1.108652168530203252e-38
2.983775811209439688e+00 7.591024050715204594e-39
2.985250737463126747e+00 5.192025292946822636e-39
2.986725663716813806e+00 3.547348437988674023e-39
2.988200589970501753e+00 2.421033271735340753e-39
2.989675516224188812e+00 1.650542710341001682e-39
2.991150442477875870e+00 1.124038318043411235e-39
2.992625368731563373e+00 7.646506226407791342e-40
2.994100294985250876e+00 5.196031753623537623e-40
2.995575221238937935e+00 3.527009301642992509e-40
2.997050147492625438e+00 2.391479764637404714e-40
2.998525073746312941e+00 1.619762538433137163e-40
3.000000000000000000e+00 1.095871827063384909e-40
