1.000000000000000000e+00
9.994831008419815532e-01
9.972311599422695183e-01
9.933523354221081014e-01
9.899715278511477257e-01
9.835777395434708303e-01
9.795672810412977549e-01
9.756115993225230598e-01
9.707929402884221126e-01
9.669179437821139311e-01
9.645726620745499469e-01
9.621296046568186267e-01
9.589865872599522278e-01
9.578489640749459078e-01
9.523986058231240781e-01
9.497949855208622782e-01
9.462914508424682403e-01
9.429855795337857005e-01
9.429432865239619765e-01
9.421884854842057511e-01
9.381749076153006461e-01
9.353228221876855875e-01
9.321187541542543809e-01
9.336595190852834403e-01
9.324922112260071172e-01
9.284786035413342686e-01
9.294014429749265505e-01
9.294014429749265505e-01
9.293898943889505881e-01
9.291886003351101930e-01
9.271284004325561767e-01
9.265120432350520963e-01
9.248651664788305471e-01
9.248651664788305471e-01
9.254381797107122942e-01
9.254381797107122942e-01
9.247945441354491480e-01
9.252526710674905397e-01
9.252526710674905397e-01
9.265622245862634720e-01
9.264481390273958672e-01
9.265944587607159999e-01
9.265944587607159999e-01
9.265944587607159999e-01
9.265944587607159999e-01
9.276261303724271379e-01
9.276261303724271379e-01
9.270234860391057818e-01
9.270234860391057818e-01
9.270234860391057818e-01
9.270234860391057818e-01
9.270234860391057818e-01
9.270234860391057818e-01
9.270234860391057818e-01
9.270234860391057818e-01
9.265503153049544638e-01
9.265503153049544638e-01
9.265503153049544638e-01
9.265503153049544638e-01
9.265503153049544638e-01
9.265503153049544638e-01
9.265503153049544638e-01
9.265503153049544638e-01
9.265503153049544638e-01
9.265503153049544638e-01
9.265503153049544638e-01
9.265503153049544638e-01
9.265503153049544638e-01
9.265503153049544638e-01
9.265503153049544638e-01
9.265503153049544638e-01
9.265503153049544638e-01
9.265503153049544638e-01
9.265503153049544638e-01
9.265503153049544638e-01
9.265503153049544638e-01
9.265503153049544638e-01
9.265503153049544638e-01
9.265503153049544638e-01
9.265503153049544638e-01
9.265503153049544638e-01
9.265503153049544638e-01
9.265503153049544638e-01
9.265503153049544638e-01
9.265503153049544638e-01
9.265503153049544638e-01
9.265503153049544638e-01
9.265503153049544638e-01
9.265503153049544638e-01
9.265503153049544638e-01
9.265503153049544638e-01
9.265503153049544638e-01
9.265503153049544638e-01
9.265503153049544638e-01
9.265503153049544638e-01
9.265503153049544638e-01
9.265503153049544638e-01
9.265503153049544638e-01
9.265503153049544638e-01
9.265503153049544638e-01
9.265503153049544638e-01
9.265503153049544638e-01
9.265503153049544638e-01
9.265503153049544638e-01
9.265503153049544638e-01
9.265503153049544638e-01
9.265503153049544638e-01
9.265503153049544638e-01
9.265503153049544638e-01
9.265503153049544638e-01
9.265503153049544638e-01
9.265503153049544638e-01
9.265503153049544638e-01
9.265503153049544638e-01
9.265503153049544638e-01
9.265503153049544638e-01
9.265503153049544638e-01
9.265503153049544638e-01
9.265503153049544638e-01
9.265503153049544638e-01
9.265503153049544638e-01
9.265503153049544638e-01
9.265503153049544638e-01
9.265503153049544638e-01
9.265503153049544638e-01
9.265503153049544638e-01
9.265503153049544638e-01
9.265503153049544638e-01
9.265503153049544638e-01
9.265503153049544638e-01
9.265503153049544638e-01
9.265503153049544638e-01
9.265503153049544638e-01
9.265503153049544638e-01
9.265503153049544638e-01
9.265503153049544638e-01
9.265503153049544638e-01
9.265503153049544638e-01
9.265503153049544638e-01
9.265503153049544638e-01
9.265503153049544638e-01
9.265503153049544638e-01
9.265503153049544638e-01
9.265503153049544638e-01
9.265503153049544638e-01
9.265503153049544638e-01
9.265503153049544638e-01
9.265503153049544638e-01
9.265503153049544638e-01
9.265503153049544638e-01
9.265503153049544638e-01
9.265503153049544638e-01
9.265503153049544638e-01
9.265503153049544638e-01
9.265503153049544638e-01
9.265503153049544638e-01
9.265503153049544638e-01
9.265503153049544638e-01
9.265503153049544638e-01
9.265503153049544638e-01
9.265503153049544638e-01
9.265503153049544638e-01
9.265503153049544638e-01
9.265503153049544638e-01
9.265503153049544638e-01
9.265503153049544638e-01
9.265503153049544638e-01
9.265503153049544638e-01
9.265503153049544638e-01
9.265503153049544638e-01
9.265503153049544638e-01
9.265503153049544638e-01
9.265503153049544638e-01
9.265503153049544638e-01
9.265503153049544638e-01
9.265503153049544638e-01
9.265503153049544638e-01
9.265503153049544638e-01
9.265503153049544638e-01
9.265503153049544638e-01
9.265503153049544638e-01
9.265503153049544638e-01
9.265503153049544638e-01
9.265503153049544638e-01
9.265503153049544638e-01
9.265503153049544638e-01
9.265503153049544638e-01
9.265503153049544638e-01
9.265503153049544638e-01
9.265503153049544638e-01
9.265503153049544638e-01
9.265503153049544638e-01
9.265503153049544638e-01
9.265503153049544638e-01
9.265503153049544638e-01
9.265503153049544638e-01
9.265503153049544638e-01
9.265503153049544638e-01
9.265503153049544638e-01
9.265503153049544638e-01
9.265503153049544638e-01
9.265503153049544638e-01
9.265503153049544638e-01
9.265503153049544638e-01
9.265503153049544638e-01
9.265503153049544638e-01
9.265503153049544638e-01
9.265503153049544638e-01
9.265503153049544638e-01
9.265503153049544638e-01
9.265503153049544638e-01
9.265503153049544638e-01
9.265503153049544638e-01
9.265503153049544638e-01
9.265503153049544638e-01
9.265503153049544638e-01
9.265503153049544638e-01
9.265503153049544638e-01
9.265503153049544638e-01
9.265503153049544638e-01
9.265503153049544638e-01
9.265503153049544638e-01
9.265503153049544638e-01
9.265503153049544638e-01
9.265503153049544638e-01
9.265503153049544638e-01
9.265503153049544638e-01
9.265503153049544638e-01
9.265503153049544638e-01
9.265503153049544638e-01
9.265503153049544638e-01
9.265503153049544638e-01
9.265503153049544638e-01
9.265503153049544638e-01
9.265503153049544638e-01
9.265503153049544638e-01
9.265503153049544638e-01
9.265503153049544638e-01
9.265503153049544638e-01
9.265503153049544638e-01
9.265503153049544638e-01
9.265503153049544638e-01
9.265503153049544638e-01
9.265503153049544638e-01
9.265503153049544638e-01
9.265503153049544638e-01
9.265503153049544638e-01
9.265503153049544638e-01
9.265503153049544638e-01
9.265503153049544638e-01
