0.000000000000000000e+00
5.535989510447014011e-02
5.535989510447014011e-02
5.535989510447014011e-02
5.535989510447014011e-02
5.535989510447014011e-02
5.535989510447014011e-02
5.535989510447014011e-02
5.535989510447014011e-02
5.535989510447014011e-02
5.535989510447014011e-02
5.166335817491660154e-02
5.166335817491660154e-02
5.653251889859099016e-02
5.725645773920225862e-02
5.279354357902705380e-02
5.662771120226946925e-02
5.563492168955124634e-02
5.638797630103728475e-02
5.328626381322141420e-02
4.972582151602170791e-02
4.756913350828859827e-02
4.056196037389405568e-02
3.932222070203699599e-02
4.510413668231439549e-02
4.337079190233181225e-02
4.907500771132831258e-02
5.558800220762476901e-02
5.310419873442270150e-02
4.558853656188407294e-02
4.573787262340325149e-02
3.704204614792014350e-02
3.864338753446116409e-02
3.183872879062114164e-02
3.634299305357100579e-02
3.738797419282403195e-02
3.233017823750008318e-02
3.170597805180604828e-02
3.071565341930690071e-02
2.901231358374067870e-02
2.886780860701141163e-02
2.544795333278169688e-02
2.976986333525040787e-02
3.419408858363248011e-02
3.729892070333990645e-02
4.098802404879798439e-02
3.897933557915029407e-02
3.564707745394151556e-02
4.209540184385991007e-02
4.191735562605421878e-02
4.122018636139657133e-02
4.999219580777911759e-02
5.531651141724255871e-02
5.721771673183210366e-02
6.008970797155722271e-02
5.351771729492037916e-02
4.914629092984237196e-02
4.125260818771158550e-02
4.104081976267109216e-02
4.460633527504923729e-02
4.035539868638622629e-02
4.235488866869555752e-02
4.643961470569659550e-02
4.261161793710780549e-02
4.394608704188879972e-02
3.512115868867698304e-02
3.730762926712772459e-02
3.735573364552754322e-02
3.619611218259530944e-02
4.404306059641079768e-02
4.415683903688271544e-02
4.132003034173163669e-02
3.658340909351855824e-02
4.506778674060073903e-02
4.048028657013359038e-02
4.066929305596891225e-02
4.625767173257752662e-02
-3.786108766628027561e-02
-3.816145336100432855e-02
-4.004602448710099794e-02
-4.259430335226039449e-02
4.354675254900589737e-02
-4.248488452363649581e-02
3.933402299219913856e-02
3.913542721499489035e-02
-4.072309932989944675e-02
4.644469386253988891e-02
-5.263710671698901972e-02
-5.488024655928749190e-02
4.899275533197206683e-02
5.714415245510037072e-02
5.286550854878244166e-02
4.949205082304607844e-02
5.115013211158198764e-02
4.899630797628547890e-02
4.604347566422958837e-02
4.367086901353745693e-02
5.158007752047085587e-02
4.847023829218133351e-02
4.137464442397720266e-02
4.101806413808693069e-02
4.058755046308667319e-02
3.275831118995240626e-02
3.108122365373177168e-02
3.049592697185914483e-02
3.529566813082488097e-02
3.923030754745836235e-02
3.486180571692322483e-02
2.969916238002092909e-02
2.819946528495875793e-02
2.714195178342465944e-02
2.864487980907818795e-02
2.762876840130824505e-02
3.180114957831336325e-02
3.370493004558043626e-02
3.530240193027126688e-02
4.584491882511653599e-02
4.837142289893972547e-02
5.332950181206810858e-02
5.253919540584875425e-02
4.977820890421528338e-02
4.777163762936737640e-02
5.118235723235656925e-02
5.487997673388215342e-02
5.568872606350191296e-02
5.913282707686891987e-02
6.019622379090436293e-02
6.192632057663641221e-02
6.848157496838416791e-02
5.771762953660961037e-02
5.926309623863126874e-02
5.428341961908391550e-02
5.044587322827861348e-02
4.626529237793310795e-02
4.712874993679005975e-02
4.675333652859652717e-02
4.899272629654238126e-02
4.078837612499191384e-02
4.110919878089906027e-02
3.146469935566752196e-02
2.668328642244252591e-02
2.865272639370620988e-02
3.104284048041960550e-02
3.199124421481305824e-02
3.252894224994639510e-02
3.646746228603337664e-02
3.117769068818519729e-02
3.478323405889846565e-02
3.719486116309912022e-02
3.938338227289613774e-02
3.749545095263350641e-02
-4.181817393138415745e-02
-5.475843697698413309e-02
5.145092726733540428e-02
-4.785976471747135225e-02
5.256641190654792739e-02
4.575462751377974008e-02
4.886885256342660133e-02
5.539250270976251583e-02
5.599724668156805252e-02
5.697535753787939111e-02
5.279186692405976600e-02
5.799820823820084348e-02
5.370460932180638053e-02
5.532466072163874649e-02
5.142188692328123617e-02
4.872007549953750322e-02
4.704701756060630097e-02
4.086973899865702781e-02
4.631405686381881437e-02
4.281080960942863084e-02
4.310859490866755794e-02
5.048695499429525085e-02
4.461441311109439617e-02
4.355516905752512130e-02
5.174293517882796317e-02
4.383150488468250811e-02
4.838298970783851821e-02
4.779880000163714421e-02
4.846505423812089847e-02
4.583438980438164778e-02
4.676068146503731260e-02
4.838225661464177346e-02
4.593914202910250738e-02
4.968848731726213663e-02
5.318381398382632935e-02
5.988436575898158781e-02
5.791099553500465152e-02
5.010566901520480815e-02
5.075981702377469623e-02
4.826072478194667198e-02
5.507505852871354829e-02
5.013823518537543350e-02
5.627423918410224407e-02
5.968808639006562694e-02
6.481636616133021334e-02
5.813278794347451206e-02
-5.261841906820194370e-02
4.904940875676897655e-02
5.156358709475697411e-02
4.782010059933772955e-02
4.442995762795298037e-02
4.057961572980355730e-02
3.718870724955175566e-02
3.825281997369985726e-02
4.204788827377197585e-02
-4.212493182230123839e-02
4.158791098170125378e-02
3.965191037946425023e-02
4.364344570014653396e-02
4.655165725311555952e-02
4.864233934086780592e-02
4.599968141052315079e-02
4.634116362119673066e-02
5.050809228098759873e-02
4.649356896598762917e-02
4.905858034214367197e-02
5.612708251238074375e-02
5.269480634867859670e-02
5.241262798609021972e-02
5.777339391434210825e-02
5.912365362851904754e-02
6.045528847652261589e-02
-5.889369329100022782e-02
6.235316687074982100e-02
7.030271062656484604e-02
7.414286388529923999e-02
7.845285699984641536e-02
7.514761226989218057e-02
7.328747529376856973e-02
7.367756776781347883e-02
6.828279506223632056e-02
6.443696975712456809e-02
6.198964859563809576e-02
5.642345401783915165e-02
5.343178711548041832e-02
5.240640006466084494e-02
4.926067614952536755e-02
5.473523172383157331e-02
5.267883589262867261e-02
5.231143984719855561e-02
4.708313484372913388e-02
3.715430620170015463e-02
3.641327894912028268e-02
3.880079779962650882e-02
3.948720506379495288e-02
4.065303383034862134e-02
4.669795992463016826e-02
4.589356406935413135e-02
4.182142885409188132e-02
