1.000000000000000000e+00
1.000000000000000000e+00
1.000000000000000000e+00
1.000000000000000000e+00
1.000000000000000000e+00
9.948250697422640343e-01
9.635416664742039172e-01
9.021843810351362070e-01
8.459662157130516391e-01
7.781004016817582025e-01
7.250785124088727773e-01
6.873329987982134126e-01
6.205181633500650440e-01
5.410547474476992136e-01
4.703878520088032866e-01
4.189110636619315930e-01
3.588509034153344324e-01
3.256814961572805367e-01
2.776869901536533347e-01
2.598944152060570500e-01
2.457535429990699016e-01
2.241777950077234183e-01
1.982714100821207082e-01
1.980430397747237059e-01
1.974082544066070311e-01
1.873415108462232748e-01
1.893603416593267474e-01
1.854246768024821745e-01
2.263534853308687422e-01
2.398578231320757648e-01
2.328626043953064273e-01
2.419093056967494548e-01
2.433921786334798110e-01
2.463610130713597690e-01
2.418829652039418132e-01
2.381551690783816899e-01
2.526793507452473886e-01
2.723765069108770587e-01
2.863215375388181161e-01
3.007959025506665718e-01
2.996184348181508139e-01
3.045736281812680413e-01
2.867783014658181195e-01
2.878710730615000046e-01
2.873037435728751365e-01
2.841058896352967600e-01
2.829255761153978144e-01
2.729792529876819973e-01
2.784346466367537132e-01
2.857755273085721970e-01
2.941490152420564441e-01
2.979957532710170165e-01
2.947702122994100837e-01
2.953022492836687163e-01
3.013412448668912336e-01
2.928962747612549600e-01
2.954653922585539494e-01
2.978553930066293320e-01
3.042256582458181535e-01
3.068938747069244188e-01
3.060842452667011382e-01
3.028686030541075658e-01
3.011502243381064536e-01
3.057095015882329014e-01
3.131858656171038757e-01
3.048691917077735458e-01
3.073136206171116491e-01
3.050848828833127024e-01
3.023517299672560665e-01
3.022486108196628107e-01
3.072144248882502926e-01
3.022603828507228196e-01
2.981579832395224172e-01
2.972544707596677660e-01
2.945723382576140859e-01
2.942155014505313249e-01
2.918458952759098723e-01
2.911248807675994588e-01
2.824969361592298833e-01
2.851859320879885362e-01
2.933427179314159750e-01
2.899121426994694106e-01
2.843509540247134426e-01
2.843502904486220340e-01
2.843502904486220340e-01
2.856602286396739965e-01
2.880351958165542348e-01
2.837643357979510728e-01
2.900799727012980389e-01
2.900799727012980389e-01
2.871744752055541139e-01
2.877206069901611651e-01
2.885388216514276905e-01
2.972208800685022800e-01
2.880421718183186486e-01
2.813295579558180992e-01
2.815134673288028355e-01
2.809233821584102841e-01
2.806706598615251180e-01
2.813860132019876947e-01
2.851305875056679429e-01
2.856210142934069718e-01
2.870333327321197281e-01
2.872899605148949154e-01
2.872899605148949154e-01
2.818976585291197989e-01
2.816675516521173206e-01
2.812006042988197674e-01
2.816613385467822139e-01
2.797297592684572787e-01
2.797297592684572787e-01
2.828071074575075339e-01
2.828071074575075339e-01
2.832821296213913209e-01
2.916317833592131370e-01
2.907377679333497666e-01
2.914346052553516975e-01
2.915582063921295375e-01
2.913486541713888878e-01
2.909321730610947010e-01
2.909321730610947010e-01
2.914996548602954429e-01
2.919053417669976169e-01
2.907864962640230866e-01
2.905989595252893576e-01
2.913694146064048640e-01
2.924809743022073194e-01
2.964960942544628275e-01
2.950485096187038803e-01
2.941547722673140131e-01
2.939638872654881663e-01
2.939638872654881663e-01
2.939638872654881663e-01
2.940874476102361967e-01
2.940874476102361967e-01
2.933584271130973975e-01
2.933584271130973975e-01
2.931882497070635862e-01
2.931882497070635862e-01
2.930224014808153754e-01
2.923093449924962228e-01
2.848344479124041428e-01
2.846603986980324463e-01
2.844873734464923865e-01
2.837896874020811588e-01
2.841194728339404563e-01
2.841194728339404563e-01
2.860959634168616095e-01
2.860959634168616095e-01
2.860959634168616095e-01
2.860959634168616095e-01
2.860959634168616095e-01
2.854430596742060788e-01
2.854430596742060788e-01
2.844638362327552294e-01
2.847825142299552081e-01
2.846238034864420063e-01
2.841570730414426094e-01
2.840302890825313620e-01
2.916591269293433153e-01
2.914994214126659378e-01
2.910386871647034912e-01
2.908859937409023488e-01
2.904283310607739810e-01
2.907301503233598039e-01
2.911688962412681270e-01
2.915657012350216237e-01
2.915657012350216237e-01
2.920324316800210207e-01
2.920324316800210207e-01
2.920324316800210207e-01
2.911213987763157096e-01
2.911213987763157096e-01
2.911213987763157096e-01
2.839302514052711168e-01
2.828618412193062426e-01
2.828618412193062426e-01
2.828618412193062426e-01
2.828618412193062426e-01
2.831378920944350730e-01
2.831378920944350730e-01
2.831378920944350730e-01
2.843914659204295203e-01
2.840900904876749733e-01
2.843590812020904135e-01
2.844355086333849036e-01
2.844355086333849036e-01
2.844355086333849036e-01
2.844355086333849036e-01
2.844355086333849036e-01
2.838893768487779079e-01
2.837601189125831258e-01
2.842773496580580650e-01
2.847943012212025282e-01
2.848491444884997392e-01
2.851018667853849609e-01
2.851018667853849609e-01
2.851018667853849609e-01
2.851018667853849609e-01
2.851018667853849609e-01
2.862154803691926985e-01
2.864694053785240002e-01
2.864694053785240002e-01
2.863466511824744321e-01
2.863466511824744321e-01
2.868305841548607904e-01
2.868305841548607904e-01
2.868305841548607904e-01
2.870245949646252903e-01
2.870245949646252903e-01
2.870245949646252903e-01
2.870245949646252903e-01
2.870245949646252903e-01
2.870245949646252903e-01
2.866880987004170600e-01
2.871568602508014489e-01
2.871568602508014489e-01
2.874205121211653169e-01
2.876475123136177370e-01
2.878780189280110702e-01
2.878780189280110702e-01
2.883259204964462308e-01
2.883259204964462308e-01
2.883259204964462308e-01
2.883259204964462308e-01
2.883259204964462308e-01
2.877584386972455444e-01
2.877584386972455444e-01
2.881944494370671239e-01
2.886694716009508554e-01
2.890939725564206086e-01
2.890939725564206086e-01
2.890939725564206086e-01
2.886696367227389315e-01
2.885637768403361836e-01
2.885637768403361836e-01
2.873102030143417918e-01
2.873102030143417918e-01
2.869982519493647910e-01
2.869982519493647910e-01
2.861719651701828959e-01
2.861719651701828959e-01
2.861719651701828959e-01
2.861719651701828959e-01
2.869870177771208786e-01
2.869870177771208786e-01
2.866851985145350001e-01
2.866851985145350001e-01
2.866851985145350001e-01
2.866851985145350001e-01
