0.000000000000000000e+00
6.102815813574120202e-02
6.102815813574120202e-02
6.102815813574120202e-02
6.102815813574120202e-02
5.948489118884556920e-02
5.537662919545181112e-02
4.776079165832355228e-02
4.464407342734525580e-02
4.093418793094425606e-02
3.611888677222452326e-02
3.590080469535541358e-02
3.594868009820736260e-02
3.528198450402362379e-02
4.462785936350959631e-02
4.800245525611759878e-02
4.542494165203182083e-02
4.357878386055000219e-02
4.724186247421191531e-02
4.299319922080389184e-02
4.057474488984866290e-02
4.094710340395400078e-02
3.950003119585997896e-02
4.218855452780535115e-02
4.558159206221683996e-02
4.839608317073990085e-02
5.073719096202733425e-02
5.057339246904885705e-02
4.524851066611201150e-02
4.249080923881145416e-02
3.766454668600129063e-02
3.019848348160895923e-02
3.120455973152096510e-02
3.520727720275497463e-02
3.244629674348155357e-02
3.337448467279794523e-02
3.229331018673667342e-02
2.769437114548836329e-02
3.908634981356719912e-02
3.776456965764373591e-02
3.576114552626159099e-02
3.097118671795108177e-02
2.753499376846680821e-02
2.722937562122834665e-02
3.017004098443496971e-02
3.082264391793373623e-02
3.165627128943838270e-02
3.606081491268477157e-02
3.441350869578941457e-02
3.606719816391577155e-02
3.683269722448614253e-02
3.579323203811033555e-02
3.733029387296919743e-02
3.485150498815304393e-02
3.641052032172744507e-02
3.642299492454254689e-02
3.809597118558053636e-02
3.952132171883238065e-02
3.881657159035734744e-02
4.124999210337912392e-02
4.097321740218674152e-02
3.928843482647702279e-02
3.964182017643801820e-02
3.801413214952336500e-02
3.567912658646171103e-02
3.456725180337085618e-02
3.581442760512110191e-02
3.567395346433489822e-02
3.545398975079117748e-02
3.537206890139476395e-02
3.530715219073182753e-02
3.760864461771305095e-02
4.238724815893177983e-02
4.203798790547368797e-02
4.101164321406471774e-02
4.106303222609532927e-02
4.078787102937476983e-02
4.048311928523117692e-02
3.891514840431880423e-02
3.816838181114737272e-02
3.748004285777806893e-02
3.931689324568082844e-02
3.797028755551160734e-02
3.844003822561830458e-02
3.844003822561830458e-02
3.810383462108919705e-02
3.728570467065802502e-02
3.837154156335006311e-02
3.586347031874036889e-02
3.586347031874036889e-02
3.678501539890136757e-02
3.661220116854185802e-02
3.650170215702796400e-02
3.726384777938535064e-02
3.903428912565725523e-02
3.796552313229509951e-02
3.798953974326443883e-02
3.780775854173325234e-02
3.786395002781064306e-02
3.785251803623933264e-02
3.861422271623652508e-02
3.844793329327963333e-02
3.842316375310984161e-02
3.802783740620577224e-02
3.802783740620577224e-02
4.119290830520586782e-02
4.070405609337893887e-02
4.140509770539803347e-02
4.125456059390530256e-02
4.210355776133582056e-02
4.210355776133582056e-02
4.101271644676875161e-02
4.101271644676875161e-02
4.100763265217696046e-02
3.861682605160193099e-02
3.876873592004192320e-02
3.902334737120351227e-02
3.898728607358643156e-02
3.896659622725356237e-02
3.899034833778708409e-02
3.899034833778708409e-02
3.884353825634182661e-02
3.894659034141467052e-02
3.879522165768354430e-02
3.873423190621200218e-02
3.857323150586362132e-02
3.838481324003973488e-02
3.668847334561935875e-02
3.614474415445868144e-02
3.598387771044159883e-02
3.597155663763870054e-02
3.597155663763870054e-02
3.597155663763870054e-02
3.596500880218220925e-02
3.596500880218220925e-02
3.617584261240290588e-02
3.617584261240290588e-02
3.628116040951708671e-02
3.628116040951708671e-02
3.628952022786148535e-02
3.635176456849820853e-02
3.876681832731166538e-02
3.882459929765452039e-02
3.886884241991188371e-02
3.844511268202777804e-02
3.831106044565393831e-02
3.831106044565393831e-02
3.756251107030728759e-02
3.756251107030728759e-02
3.756251107030728759e-02
3.756251107030728759e-02
3.756251107030728759e-02
3.774363735982255025e-02
3.774363735982255025e-02
3.800840071393660896e-02
3.789524824635506078e-02
3.784476307645682353e-02
3.800716284642207538e-02
3.805022484380624764e-02
3.616083182681652936e-02
3.645271988064387181e-02
3.664633791888917413e-02
3.671155830548191584e-02
3.666974002840785174e-02
3.669668161471004164e-02
3.652391674746690436e-02
3.620004597414382824e-02
3.620004597414382824e-02
3.601901531828848729e-02
3.601901531828848729e-02
3.601901531828848729e-02
3.611607347553449227e-02
3.611607347553449227e-02
3.611607347553449227e-02
3.819900556785189166e-02
3.846061279614552270e-02
3.846061279614552270e-02
3.846061279614552270e-02
3.846061279614552270e-02
3.854888748836051565e-02
3.854888748836051565e-02
3.854888748836051565e-02
3.898372119359153759e-02
3.919799427446955115e-02
3.929561121563265869e-02
3.933041829113600313e-02
3.933041829113600313e-02
3.933041829113600313e-02
3.933041829113600313e-02
3.933041829113600313e-02
3.948322112529382283e-02
3.946976938769004156e-02
3.966196316008911704e-02
3.983349789492174331e-02
3.981433778724668276e-02
3.974268909798062827e-02
3.974268909798062827e-02
3.974268909798062827e-02
3.974268909798062827e-02
3.974268909798062827e-02
3.944474822747943282e-02
3.955965228920894222e-02
3.955965228920894222e-02
3.952711872412564137e-02
3.952711872412564137e-02
3.940686638117431306e-02
3.940686638117431306e-02
3.940686638117431306e-02
3.949568130866300958e-02
3.949568130866300958e-02
3.949568130866300958e-02
3.949568130866300958e-02
3.949568130866300958e-02
3.949568130866300958e-02
3.957870050873541629e-02
3.940005024484215940e-02
3.940005024484215940e-02
3.935673466511158819e-02
3.938133143313541501e-02
3.929488342583500188e-02
3.929488342583500188e-02
3.944659501987743400e-02
3.944659501987743400e-02
3.944659501987743400e-02
3.944659501987743400e-02
3.944659501987743400e-02
3.959573037175389415e-02
3.959573037175389415e-02
3.944229514170499024e-02
3.942394536479485595e-02
3.927193501449720986e-02
3.927193501449720986e-02
3.927193501449720986e-02
3.933743764324471037e-02
3.934103912124829044e-02
3.934103912124829044e-02
3.889673744683515982e-02
3.889673744683515982e-02
3.879168936581341848e-02
3.879168936581341848e-02
3.852428788071388804e-02
3.852428788071388804e-02
3.852428788071388804e-02
3.852428788071388804e-02
3.869375393755878495e-02
3.869375393755878495e-02
3.866019429442126010e-02
3.866019429442126010e-02
3.866019429442126010e-02
3.866019429442126010e-02
