0.000000000000000000e+00
6.138490231284526172e-02
6.120079160316296840e-02
6.126824598641340131e-02
6.086173647482817639e-02
6.115518523851624227e-02
6.098932681403344130e-02
6.098656060548546254e-02
6.101505755232624478e-02
6.101505755232624478e-02
6.098303406699865509e-02
6.098986556660548203e-02
6.121951335141940370e-02
6.121951335141940370e-02
6.098013773395891124e-02
6.098013773395891124e-02
6.098013773395891124e-02
6.098013773395891124e-02
6.098013773395891124e-02
6.098013773395891124e-02
6.098013773395891124e-02
6.098013773395891124e-02
6.098013773395891124e-02
6.098013773395891124e-02
6.098013773395891124e-02
6.098013773395891124e-02
6.098013773395891124e-02
6.098013773395891124e-02
6.098013773395891124e-02
6.098013773395891124e-02
6.098013773395891124e-02
6.098013773395891124e-02
6.098013773395891124e-02
6.098013773395891124e-02
6.098013773395891124e-02
6.098013773395891124e-02
6.098013773395891124e-02
6.098013773395891124e-02
6.098013773395891124e-02
6.098013773395891124e-02
6.098013773395891124e-02
6.098013773395891124e-02
6.098013773395891124e-02
6.098013773395891124e-02
6.098013773395891124e-02
6.098013773395891124e-02
6.098013773395891124e-02
6.098013773395891124e-02
6.098013773395891124e-02
6.098013773395891124e-02
6.098013773395891124e-02
6.098013773395891124e-02
6.098013773395891124e-02
6.098013773395891124e-02
6.098013773395891124e-02
6.098013773395891124e-02
6.098013773395891124e-02
6.098013773395891124e-02
6.098013773395891124e-02
6.098013773395891124e-02
6.098013773395891124e-02
6.098013773395891124e-02
6.098013773395891124e-02
6.098013773395891124e-02
6.098013773395891124e-02
6.098013773395891124e-02
6.098013773395891124e-02
6.098013773395891124e-02
6.098013773395891124e-02
6.098013773395891124e-02
6.098013773395891124e-02
6.098013773395891124e-02
6.098013773395891124e-02
6.098013773395891124e-02
6.098013773395891124e-02
6.098013773395891124e-02
6.098013773395891124e-02
6.098013773395891124e-02
6.098013773395891124e-02
6.098013773395891124e-02
6.098013773395891124e-02
6.098013773395891124e-02
6.098013773395891124e-02
6.098013773395891124e-02
6.098013773395891124e-02
6.098013773395891124e-02
6.098013773395891124e-02
6.098013773395891124e-02
6.098013773395891124e-02
6.098013773395891124e-02
6.098013773395891124e-02
6.098013773395891124e-02
6.098013773395891124e-02
6.098013773395891124e-02
6.098013773395891124e-02
6.098013773395891124e-02
6.098013773395891124e-02
6.098013773395891124e-02
6.098013773395891124e-02
6.098013773395891124e-02
6.098013773395891124e-02
6.098013773395891124e-02
6.098013773395891124e-02
6.098013773395891124e-02
6.098013773395891124e-02
6.098013773395891124e-02
6.098013773395891124e-02
6.098013773395891124e-02
6.098013773395891124e-02
6.098013773395891124e-02
6.098013773395891124e-02
6.098013773395891124e-02
6.098013773395891124e-02
6.098013773395891124e-02
6.098013773395891124e-02
6.098013773395891124e-02
6.098013773395891124e-02
6.098013773395891124e-02
6.098013773395891124e-02
6.098013773395891124e-02
6.098013773395891124e-02
6.098013773395891124e-02
6.098013773395891124e-02
6.098013773395891124e-02
6.098013773395891124e-02
6.098013773395891124e-02
6.098013773395891124e-02
6.098013773395891124e-02
6.098013773395891124e-02
6.098013773395891124e-02
6.098013773395891124e-02
6.098013773395891124e-02
6.098013773395891124e-02
6.098013773395891124e-02
6.098013773395891124e-02
6.098013773395891124e-02
6.098013773395891124e-02
6.098013773395891124e-02
6.098013773395891124e-02
6.098013773395891124e-02
6.098013773395891124e-02
6.098013773395891124e-02
6.098013773395891124e-02
6.098013773395891124e-02
6.098013773395891124e-02
6.098013773395891124e-02
6.098013773395891124e-02
6.098013773395891124e-02
6.098013773395891124e-02
6.098013773395891124e-02
6.098013773395891124e-02
6.098013773395891124e-02
6.098013773395891124e-02
6.098013773395891124e-02
6.098013773395891124e-02
6.098013773395891124e-02
6.098013773395891124e-02
6.098013773395891124e-02
6.098013773395891124e-02
6.098013773395891124e-02
6.098013773395891124e-02
6.098013773395891124e-02
6.098013773395891124e-02
6.098013773395891124e-02
6.098013773395891124e-02
6.098013773395891124e-02
6.098013773395891124e-02
6.098013773395891124e-02
6.098013773395891124e-02
6.098013773395891124e-02
6.098013773395891124e-02
6.098013773395891124e-02
6.098013773395891124e-02
6.098013773395891124e-02
6.098013773395891124e-02
6.098013773395891124e-02
6.098013773395891124e-02
6.098013773395891124e-02
6.098013773395891124e-02
6.098013773395891124e-02
6.098013773395891124e-02
6.098013773395891124e-02
6.098013773395891124e-02
6.098013773395891124e-02
6.098013773395891124e-02
6.098013773395891124e-02
6.098013773395891124e-02
6.098013773395891124e-02
6.098013773395891124e-02
6.098013773395891124e-02
6.098013773395891124e-02
6.098013773395891124e-02
6.098013773395891124e-02
6.098013773395891124e-02
6.098013773395891124e-02
6.098013773395891124e-02
6.098013773395891124e-02
6.098013773395891124e-02
6.098013773395891124e-02
6.098013773395891124e-02
6.098013773395891124e-02
6.098013773395891124e-02
6.098013773395891124e-02
6.098013773395891124e-02
6.098013773395891124e-02
6.098013773395891124e-02
6.098013773395891124e-02
6.098013773395891124e-02
6.098013773395891124e-02
6.098013773395891124e-02
6.098013773395891124e-02
6.098013773395891124e-02
6.098013773395891124e-02
6.098013773395891124e-02
6.098013773395891124e-02
6.098013773395891124e-02
6.098013773395891124e-02
6.098013773395891124e-02
6.098013773395891124e-02
6.098013773395891124e-02
6.098013773395891124e-02
6.098013773395891124e-02
6.098013773395891124e-02
6.098013773395891124e-02
6.098013773395891124e-02
6.098013773395891124e-02
6.098013773395891124e-02
6.098013773395891124e-02
6.098013773395891124e-02
6.098013773395891124e-02
6.098013773395891124e-02
6.098013773395891124e-02
6.098013773395891124e-02
6.098013773395891124e-02
6.098013773395891124e-02
6.098013773395891124e-02
6.098013773395891124e-02
6.098013773395891124e-02
6.098013773395891124e-02
6.098013773395891124e-02
6.098013773395891124e-02
6.098013773395891124e-02
6.098013773395891124e-02
6.098013773395891124e-02
6.098013773395891124e-02
6.098013773395891124e-02
6.098013773395891124e-02
6.098013773395891124e-02
6.098013773395891124e-02
6.098013773395891124e-02
