1.000000000000000000e+00
9.989700660265482535e-01
9.971952619281707619e-01
9.947241559238769737e-01
9.911836773429709702e-01
9.883924182642681577e-01
9.880458500235740349e-01
9.858755948913195954e-01
9.848307432257338290e-01
9.848307432257338290e-01
9.847348664729884682e-01
9.842236036910825270e-01
9.836058674055189188e-01
9.836058674055189188e-01
9.826442628411011793e-01
9.826442628411011793e-01
9.826442628411011793e-01
9.826442628411011793e-01
9.826442628411011793e-01
9.826442628411011793e-01
9.826442628411011793e-01
9.826442628411011793e-01
9.826442628411011793e-01
9.826442628411011793e-01
9.826442628411011793e-01
9.826442628411011793e-01
9.826442628411011793e-01
9.826442628411011793e-01
9.826442628411011793e-01
9.826442628411011793e-01
9.826442628411011793e-01
9.826442628411011793e-01
9.826442628411011793e-01
9.826442628411011793e-01
9.826442628411011793e-01
9.826442628411011793e-01
9.826442628411011793e-01
9.826442628411011793e-01
9.826442628411011793e-01
9.826442628411011793e-01
9.826442628411011793e-01
9.826442628411011793e-01
9.826442628411011793e-01
9.826442628411011793e-01
9.826442628411011793e-01
9.826442628411011793e-01
9.826442628411011793e-01
9.826442628411011793e-01
9.826442628411011793e-01
9.826442628411011793e-01
9.826442628411011793e-01
9.826442628411011793e-01
9.826442628411011793e-01
9.826442628411011793e-01
9.826442628411011793e-01
9.826442628411011793e-01
9.826442628411011793e-01
9.826442628411011793e-01
9.826442628411011793e-01
9.826442628411011793e-01
9.826442628411011793e-01
9.826442628411011793e-01
9.826442628411011793e-01
9.826442628411011793e-01
9.826442628411011793e-01
9.826442628411011793e-01
9.826442628411011793e-01
9.826442628411011793e-01
9.826442628411011793e-01
9.826442628411011793e-01
9.826442628411011793e-01
9.826442628411011793e-01
9.826442628411011793e-01
9.826442628411011793e-01
9.826442628411011793e-01
9.826442628411011793e-01
9.826442628411011793e-01
9.826442628411011793e-01
9.826442628411011793e-01
9.826442628411011793e-01
9.826442628411011793e-01
9.826442628411011793e-01
9.826442628411011793e-01
9.826442628411011793e-01
9.826442628411011793e-01
9.826442628411011793e-01
9.826442628411011793e-01
9.826442628411011793e-01
9.826442628411011793e-01
9.826442628411011793e-01
9.826442628411011793e-01
9.826442628411011793e-01
9.826442628411011793e-01
9.826442628411011793e-01
9.826442628411011793e-01
9.826442628411011793e-01
9.826442628411011793e-01
9.826442628411011793e-01
9.826442628411011793e-01
9.826442628411011793e-01
9.826442628411011793e-01
9.826442628411011793e-01
9.826442628411011793e-01
9.826442628411011793e-01
9.826442628411011793e-01
9.826442628411011793e-01
9.826442628411011793e-01
9.826442628411011793e-01
9.826442628411011793e-01
9.826442628411011793e-01
9.826442628411011793e-01
9.826442628411011793e-01
9.826442628411011793e-01
9.826442628411011793e-01
9.826442628411011793e-01
9.826442628411011793e-01
9.826442628411011793e-01
9.826442628411011793e-01
9.826442628411011793e-01
9.826442628411011793e-01
9.826442628411011793e-01
9.826442628411011793e-01
9.826442628411011793e-01
9.826442628411011793e-01
9.826442628411011793e-01
9.826442628411011793e-01
9.826442628411011793e-01
9.826442628411011793e-01
9.826442628411011793e-01
9.826442628411011793e-01
9.826442628411011793e-01
9.826442628411011793e-01
9.826442628411011793e-01
9.826442628411011793e-01
9.826442628411011793e-01
9.826442628411011793e-01
9.826442628411011793e-01
9.826442628411011793e-01
9.826442628411011793e-01
9.826442628411011793e-01
9.826442628411011793e-01
9.826442628411011793e-01
9.826442628411011793e-01
9.826442628411011793e-01
9.826442628411011793e-01
9.826442628411011793e-01
9.826442628411011793e-01
9.826442628411011793e-01
9.826442628411011793e-01
9.826442628411011793e-01
9.826442628411011793e-01
9.826442628411011793e-01
9.826442628411011793e-01
9.826442628411011793e-01
9.826442628411011793e-01
9.826442628411011793e-01
9.826442628411011793e-01
9.826442628411011793e-01
9.826442628411011793e-01
9.826442628411011793e-01
9.826442628411011793e-01
9.826442628411011793e-01
9.826442628411011793e-01
9.826442628411011793e-01
9.826442628411011793e-01
9.826442628411011793e-01
9.826442628411011793e-01
9.826442628411011793e-01
9.826442628411011793e-01
9.826442628411011793e-01
9.826442628411011793e-01
9.826442628411011793e-01
9.826442628411011793e-01
9.826442628411011793e-01
9.826442628411011793e-01
9.826442628411011793e-01
9.826442628411011793e-01
9.826442628411011793e-01
9.826442628411011793e-01
9.826442628411011793e-01
9.826442628411011793e-01
9.826442628411011793e-01
9.826442628411011793e-01
9.826442628411011793e-01
9.826442628411011793e-01
9.826442628411011793e-01
9.826442628411011793e-01
9.826442628411011793e-01
9.826442628411011793e-01
9.826442628411011793e-01
9.826442628411011793e-01
9.826442628411011793e-01
9.826442628411011793e-01
9.826442628411011793e-01
9.826442628411011793e-01
9.826442628411011793e-01
9.826442628411011793e-01
9.826442628411011793e-01
9.826442628411011793e-01
9.826442628411011793e-01
9.826442628411011793e-01
9.826442628411011793e-01
9.826442628411011793e-01
9.826442628411011793e-01
9.826442628411011793e-01
9.826442628411011793e-01
9.826442628411011793e-01
9.826442628411011793e-01
9.826442628411011793e-01
9.826442628411011793e-01
9.826442628411011793e-01
9.826442628411011793e-01
9.826442628411011793e-01
9.826442628411011793e-01
9.826442628411011793e-01
9.826442628411011793e-01
9.826442628411011793e-01
9.826442628411011793e-01
9.826442628411011793e-01
9.826442628411011793e-01
9.826442628411011793e-01
9.826442628411011793e-01
9.826442628411011793e-01
9.826442628411011793e-01
9.826442628411011793e-01
9.826442628411011793e-01
9.826442628411011793e-01
9.826442628411011793e-01
9.826442628411011793e-01
9.826442628411011793e-01
9.826442628411011793e-01
9.826442628411011793e-01
9.826442628411011793e-01
9.826442628411011793e-01
9.826442628411011793e-01
9.826442628411011793e-01
9.826442628411011793e-01
9.826442628411011793e-01
9.826442628411011793e-01
9.826442628411011793e-01
9.826442628411011793e-01
9.826442628411011793e-01
9.826442628411011793e-01
9.826442628411011793e-01
9.826442628411011793e-01
9.826442628411011793e-01
9.826442628411011793e-01
9.826442628411011793e-01
9.826442628411011793e-01
9.826442628411011793e-01
