-7.000000000000000888e+00 1.100078776633105885e-47
-6.987389829497858251e+00 1.972655453787624575e-47
-6.974779658995713838e+00 3.531723692231009367e-47
-6.962169488493571201e+00 6.312919294257600150e-47
-6.949559317991428564e+00 1.126631267923831602e-46
-6.936949147489284151e+00 2.007434645502706963e-46
-6.924338976987141514e+00 3.571158199647855250e-46
-6.911728806484998877e+00 6.342855692447691877e-46
-6.899118635982854464e+00 1.124782747995994273e-45
-6.886508465480711827e+00 1.991409360678448373e-45
-6.873898294978569190e+00 3.520144825926633374e-45
-6.861288124476424777e+00 6.212531679614751039e-45
-6.848677953974282140e+00 1.094674007685496602e-44
-6.836067783472139503e+00 1.925790805352684841e-44
-6.823457612969995090e+00 3.382529027278283963e-44
-6.810847442467852453e+00 5.931739690210051871e-44
-6.798237271965709816e+00 1.038558040705378911e-43
-6.785627101463565403e+00 1.815463848864386384e-43
-6.773016930961422766e+00 3.168491822052778178e-43
-6.760406760459280129e+00 5.521101564031756326e-43
-6.747796589957135716e+00 9.605214122861964171e-43
-6.735186419454993079e+00 1.668386019650747180e-42
-6.722576248952850442e+00 2.893305004684587386e-42
-6.709966078450706028e+00 5.009565828127174246e-42
-6.697355907948563392e+00 8.659925562594950258e-42
-6.684745737446420755e+00 1.494639447256422661e-41
-6.672135566944276341e+00 2.575531938281746543e-41
-6.659525396442133705e+00 4.431039956794486410e-41
-6.646915225939991068e+00 7.611191134791838259e-41
-6.634305055437846654e+00 1.305292474616015996e-40
-6.621694884935704017e+00 2.234967914958952301e-40
-6.609084714433561381e+00 3.820700654678357414e-40
-6.596474543931416967e+00 6.521132175029251998e-40
-6.583864373429274330e+00 1.111248715325610258e-39
-6.571254202927131693e+00 1.890635588931870372e-39
-6.558644032424987280e+00 3.211535168552193946e-39
-6.546033861922844643e+00 5.446604510617506814e-39
-6.533423691420702006e+00 9.222471361328928110e-39
-6.520813520918557593e+00 1.559111277692939789e-38
-6.508203350416414956e+00 2.631571920045430210e-38
-6.495593179914272319e+00 4.434674171836369484e-38
-6.482983009412127906e+00 7.461335022769543809e-38
-6.470372838909985269e+00 1.253371242040295012e-37
-6.457762668407842632e+00 2.102089878142879525e-37
-6.445152497905698219e+00 3.519907217152332984e-37
-6.432542327403555582e+00 5.884635126453796954e-37
-6.419932156901412945e+00 9.822369387158799839e-37
-6.407321986399268532e+00 1.636897153632895950e-36
-6.394711815897125895e+00 2.723547428513690146e-36
-6.382101645394983258e+00 4.524357555469562511e-36
-6.369491474892838845e+00 7.503905117466351734e-36
-6.356881304390696208e+00 1.242585255803622021e-35
-6.344271133888551795e+00 2.054345644644628356e-35
-6.331660963386409158e+00 3.391011813655651640e-35
-6.319050792884266521e+00 5.588478282213843094e-35
-6.306440622382123884e+00 9.195308834274688473e-35
-6.293830451879979471e+00 1.510593357388146908e-34
-6.281220281377836834e+00 2.477635011953207767e-34
-6.268610110875692421e+00 4.057285856583384395e-34
-6.255999940373549784e+00 6.633495116287053025e-34
-6.243389769871407147e+00 1.082823718331284682e-33
-6.230779599369264510e+00 1.764743766664200895e-33
-6.218169428867120097e+00 2.871534999143302149e-33
-6.205559258364977460e+00 4.665037540265428019e-33
-6.192949087862833046e+00 7.566669311500925157e-33
-6.180338917360690409e+00 1.225357910737786393e-32
-6.167728746858547773e+00 1.981206607170943697e-32
-6.155118576356405136e+00 3.198196853324149187e-32
-6.142508405854260722e+00 5.154532021515114534e-32
-6.129898235352118085e+00 8.294341829548321528e-32
-6.117288064849973672e+00 1.332549240811783099e-31
-6.104677894347831035e+00 2.137436703574553627e-31
-6.092067723845688398e+00 3.423039657767768582e-31
-6.079457553343545761e+00 5.473174332846723566e-31
-6.066847382841401348e+00 8.737261358885190273e-31
-6.054237212339258711e+00 1.392579759295747426e-30
-6.041627041837114298e+00 2.216019348327483751e-30
-6.029016871334971661e+00 3.520754532156505704e-30
-6.016406700832829024e+00 5.584787945904376888e-30
-6.003796530330684611e+00 8.844766696657176696e-30
-5.991186359828541974e+00 1.398539836547320606e-29
-5.978576189326399337e+00 2.207862783629693235e-29
-5.965966018824254924e+00 3.479990884469646807e-29
-5.953355848322112287e+00 5.476371933502079975e-29
-5.940745677819969650e+00 8.604320528451894041e-29
-5.928135507317827013e+00 1.349736684931559231e-28
-5.915525336815682600e+00 2.113928836681349470e-28
-5.902915166313539963e+00 3.305525613955104193e-28
-5.890304995811395550e+00 5.160592366150887864e-28
-5.877694825309252913e+00 8.043914809465065870e-28
-5.865084654807110276e+00 1.251826844106233069e-27
-5.852474484304965863e+00 1.945046382348742953e-27
-5.839864313802823226e+00 3.017342299758679138e-27
-5.827254143300680589e+00 4.673348092505711492e-27
-5.814643972798536176e+00 7.226709937346886163e-27
-5.802033802296393539e+00 1.115737612337326585e-26
-5.789423631794250902e+00 1.719857618421967019e-26
-5.776813461292106489e+00 2.646865660522863099e-26
-5.764203290789963852e+00 4.067057407871694406e-26
-5.751593120287821215e+00 6.239326570912865337e-26
-5.738982949785676801e+00 9.556616492430595293e-26
-5.726372779283534165e+00 1.461435452081945993e-25
-5.713762608781391528e+00 2.231331891303374336e-25
-5.701152438279247114e+00 3.401400529290332860e-25
-5.688542267777104477e+00 5.176788949161855781e-25
-5.675932097274961841e+00 7.866331447015597751e-25
-5.663321926772818315e+00 1.193419513139908798e-24
-5.650711756270674790e+00 1.807686662879982877e-24
-5.638101585768532154e+00 2.733772144329254508e-24
-5.625491415266388628e+00 4.127723804190906508e-24
-5.612881244764245103e+00 6.222546012126734145e-24
-5.600271074262102466e+00 9.365582401511497759e-24
-5.587660903759958941e+00 1.407377692623014001e-23
-5.575050733257815416e+00 2.111522693146967643e-23
-5.562440562755672779e+00 3.162933604705871200e-23
-5.549830392253529254e+00 4.730354025844151536e-23
-5.537220221751385729e+00 7.063280898884466267e-23
-5.524610051249243092e+00 1.053000530365387754e-22
-5.511999880747099567e+00 1.567328377395785629e-22
-5.499389710244956042e+00 2.329167463491858097e-22
-5.486779539742813405e+00 3.455817184652875230e-22
-5.474169369240669880e+00 5.119294906436757804e-22
-5.461559198738526355e+00 7.571447185633187535e-22
-5.448949028236382830e+00 1.118039178746643500e-21
-5.436338857734240193e+00 1.648331434877649784e-21
-5.423728687232096668e+00 2.426283079867416499e-21
-5.411118516729953143e+00 3.565724829661277171e-21
-5.398508346227810506e+00 5.231950482606576474e-21
-5.385898175725666981e+00 7.664589257552363116e-21
-5.373288005223523456e+00 1.121046497205320303e-20
-5.360677834721380819e+00 1.637072307801963169e-20
-5.348067664219237294e+00 2.386830683578780261e-20
-5.335457493717093769e+00 3.474440621541640346e-20
-5.322847323214951132e+00 5.049608698324091783e-20
-5.310237152712807607e+00 7.327235064488892662e-20
-5.297626982210664082e+00 1.061529601484277320e-19
-5.285016811708520557e+00 1.535442998756325184e-19
-5.272406641206377920e+00 2.217404428162265592e-19
-5.259796470704234395e+00 3.197170255639882275e-19
-5.247186300202090870e+00 4.602526287158299026e-19
-5.234576129699948233e+00 6.615100865387721307e-19
-5.221965959197804708e+00 9.492625813132599486e-19
-5.209355788695661182e+00 1.360022116401032939e-18
-5.196745618193518546e+00 1.945428692506801772e-18
-5.184135447691375020e+00 2.778397756099219186e-18
-5.171525277189231495e+00 3.961715628320705123e-18
-5.158915106687088858e+00 5.640037274312514325e-18
-5.146304936184945333e+00 8.016604647284558311e-18
-5.133694765682801808e+00 1.137650323896941945e-17
-5.121084595180659171e+00 1.611895862786057977e-17
-5.108474424678515646e+00 2.280211040399222131e-17
-5.095864254176372121e+00 3.220497795072511550e-17
-5.083254083674229484e+00 4.541307268653280109e-17
-5.070643913172085959e+00 6.393647808559423107e-17
-5.058033742669942434e+00 8.987243188797121514e-17
-5.045423572167799797e+00 1.261287991236086019e-16
-5.032813401665656272e+00 1.767307144275706362e-16
-5.020203231163512747e+00 2.472406246695851524e-16
-5.007593060661370110e+00 3.453326809138633539e-16
-4.994982890159226585e+00 4.815768473873446511e-16
-4.982372719657083060e+00 6.705074566500027567e-16
-4.969762549154940423e+00 9.320768912221219703e-16
-4.957152378652796898e+00 1.293629791217667271e-15
-4.944542208150653373e+00 1.792579551984654243e-15
-4.931932037648510736e+00 2.480030676872305415e-15
-4.919321867146367211e+00 3.425672775071225267e-15
-4.906711696644223686e+00 4.724381189637492625e-15
-4.894101526142081049e+00 6.505103983302111805e-15
-4.881491355639937524e+00 8.942806514271010183e-15
-4.868881185137793999e+00 1.227449773559043377e-14
-4.856271014635651362e+00 1.682069570917297770e-14
-4.843660844133507837e+00 2.301412841139428739e-14
-4.831050673631364312e+00 3.143804185394061938e-14
-4.818440503129221675e+00 4.287724244756486734e-14
-4.805830332627078150e+00 5.838598813540173363e-14
-4.793220162124934625e+00 7.937813239956373495e-14
-4.780609991622791988e+00 1.077466059420507706e-13
-4.767999821120648463e+00 1.460215071186178012e-13
-4.755389650618504938e+00 1.975789107274530785e-13
-4.742779480116362301e+00 2.669161830689596197e-13
-4.730169309614218776e+00 3.600143486200960649e-13
-4.717559139112075250e+00 4.848141949634522781e-13
-4.704948968609932614e+00 6.518407150483142403e-13
-4.692338798107789088e+00 8.750206605288729484e-13
-4.679728627605645563e+00 1.172751038249354367e-12
-4.667118457103502926e+00 1.569293108612209772e-12
-4.654508286601359401e+00 2.096587828288826911e-12
-4.641898116099215876e+00 2.796615963633657436e-12
-4.629287945597073239e+00 3.724460844868155476e-12
-4.616677775094929714e+00 4.952275887050237129e-12
-4.604067604592786189e+00 6.574415010920142504e-12
-4.591457434090643552e+00 8.714054994696610334e-12
-4.578847263588500027e+00 1.153172835720584056e-11
-4.566237093086356502e+00 1.523629830427165382e-11
-4.553626922584213865e+00 2.009904937191051445e-11
-4.541016752082070340e+00 2.647174584579442777e-11
-4.528406581579926815e+00 3.480973366875623661e-11
-4.515796411077784178e+00 4.570144123956027416e-11
-4.503186240575640653e+00 5.990598359528046732e-11
-4.490576070073497128e+00 7.840100928239032619e-11
-4.477965899571354491e+00 1.024434696929050458e-10
-4.465355729069210966e+00 1.336466610559307252e-10
-4.452745558567067441e+00 1.740777191435419601e-10
-4.440135388064924804e+00 2.263807718504601216e-10
-4.427525217562781279e+00 2.939322184076348263e-10
-4.414915047060637754e+00 3.810361582882906176e-10
-4.402304876558495117e+00 4.931699006742570786e-10
-4.389694706056351592e+00 6.372918220660179137e-10
-4.377084535554208067e+00 8.222266955134878997e-10
-4.364474365052065430e+00 1.059147097810381692e-09
-4.351864194549921905e+00 1.362173739227194079e-09
-4.339254024047778380e+00 1.749122706467082166e-09
-4.326643853545635743e+00 2.242433844195030164e-09
-4.314033683043492218e+00 2.870322037173416788e-09
-4.301423512541348693e+00 3.668202245222098182e-09
-4.288813342039206056e+00 4.680450082366086706e-09
-4.276203171537062531e+00 5.962572865738186174e-09
-4.263593001034919006e+00 7.583881793320146629e-09
-4.250982830532776369e+00 9.630774713181969758e-09
-4.238372660030632844e+00 1.221076136706144566e-08
-4.225762489528489319e+00 1.545738966036254814e-08
-4.213152319026346682e+00 1.953626315868729304e-08
-4.200542148524203157e+00 2.465237747680018866e-08
-4.187931978022059631e+00 3.105904747095295124e-08
-4.175321807519916995e+00 3.906874926777335283e-08
-4.162711637017773469e+00 4.906626241193448415e-08
-4.150101466515629944e+00 6.152456920695174995e-08
-4.137491296013487307e+00 7.702405225870285952e-08
-4.124881125511343782e+00 9.627562910905388938e-08
-4.112270955009200257e+00 1.201485766835037837e-07
-4.099660784507057620e+00 1.497039303205618813e-07
-4.087050614004914095e+00 1.862344948988793746e-07
-4.074440443502770570e+00 2.313126817898256215e-07
-4.061830273000627933e+00 2.868475880725487853e-07
-4.049220102498484408e+00 3.551529669731374254e-07
-4.036609931996340883e+00 4.390280044369930790e-07
-4.023999761494198246e+00 5.418531200129072337e-07
-4.011389590992054721e+00 6.677033550030592423e-07
-3.998779420489911196e+00 8.214823015739314762e-07
-3.986169249987768559e+00 1.009079967943693455e-06
-3.973559079485625034e+00 1.237558471795211933e-06
-3.960948908983481509e+00 1.515370011830598056e-06
-3.948338738481338872e+00 1.852612191121776786e-06
-3.935728567979194459e+00 2.261326460918468010e-06
-3.923118397477051822e+00 2.755846225103183239e-06
-3.910508226974909185e+00 3.353201998654262414e-06
-3.897898056472764772e+00 4.073591953112145661e-06
-3.885287885970622135e+00 4.940927212566368181e-06
-3.872677715468479498e+00 5.983462388878559420e-06
-3.860067544966335085e+00 7.234523067711039128e-06
-3.847457374464192448e+00 8.733343279394397882e-06
-3.834847203962049811e+00 1.052602741136267506e-05
-3.822237033459905398e+00 1.266665254083079489e-05
-3.809626862957762761e+00 1.521852878473320980e-05
-3.797016692455620124e+00 1.825563697350549353e-05
-3.784406521953475711e+00 2.186426474831035759e-05
-3.771796351451333074e+00 2.614486404697202154e-05
-3.759186180949190437e+00 3.121415486797486541e-05
-3.746576010447046023e+00 3.720750216623796582e-05
-3.733965839944903387e+00 4.428159471670396188e-05
-3.721355669442760750e+00 5.261745675493890577e-05
-3.708745498940616336e+00 6.242382513569628272e-05
-3.696135328438473699e+00 7.394092660309435660e-05
-3.683525157936331063e+00 8.744469149619561580e-05
-3.670914987434186649e+00 1.032514417714237279e-04
-3.658304816932044012e+00 1.217230925527337332e-04
-3.645694646429901375e+00 1.432729074589413033e-04
-3.633084475927756962e+00 1.683718486361391220e-04
-3.620474305425614325e+00 1.975555626663554043e-04
-3.607864134923471688e+00 2.314320432499576002e-04
-3.595253964421327275e+00 2.706900106811011030e-04
-3.582643793919184638e+00 3.161080465613106370e-04
-3.570033623417041113e+00 3.685645198280084280e-04
-3.557423452914897588e+00 4.290483369144240016e-04
-3.544813282412754951e+00 4.986705446012051641e-04
-3.532203111910611426e+00 5.786768087682681505e-04
-3.519592941408467901e+00 6.704607857054454764e-04
-3.506982770906325264e+00 7.755783947978553980e-04
-3.494372600404181739e+00 8.957629921735944020e-04
-3.481762429902038214e+00 1.032941434207785506e-03
-3.469152259399895577e+00 1.189251007546014488e-03
-3.456542088897752052e+00 1.367057188488388390e-03
-3.443931918395608527e+00 1.568972179122641274e-03
-3.431321747893465890e+00 1.797874150500794205e-03
-3.418711577391322365e+00 2.056927104420036914e-03
-3.406101406889178840e+00 2.349601245044317509e-03
-3.393491236387036203e+00 2.679693729749193717e-03
-3.380881065884892678e+00 3.051349645304343456e-03
-3.368270895382749153e+00 3.469083030964584605e-03
-3.355660724880606516e+00 3.937797744419860649e-03
-3.343050554378462991e+00 4.462807940079582814e-03
-3.330440383876319466e+00 5.049857902122515188e-03
-3.317830213374176829e+00 5.705140947464553899e-03
-3.305220042872033304e+00 6.435317086642979544e-03
-3.292609872369889779e+00 7.247529104030406635e-03
-3.279999701867747142e+00 8.149416693234710560e-03
-3.267389531365603617e+00 9.149128259530897936e-03
-3.254779360863460091e+00 1.025532997926491968e-02
-3.242169190361317455e+00 1.147721168696552371e-02
-3.229559019859173929e+00 1.282448914499983994e-02
-3.216948849357030404e+00 1.430740223869128580e-02
-3.204338678854887767e+00 1.593670863248569658e-02
-3.191728508352744242e+00 1.772367242073836363e-02
-3.179118337850600717e+00 1.968004731054477999e-02
-3.166508167348458080e+00 2.181805388450244049e-02
-3.153897996846314555e+00 2.415035050883325082e-02
-3.141287826344171030e+00 2.668999747755957178e-02
-3.128677655842028393e+00 2.945041401679879614e-02
-3.116067485339884868e+00 3.244532781519242348e-02
-3.103457314837741343e+00 3.568871679721364459e-02
-3.090847144335598706e+00 3.919474291587177195e-02
-3.078236973833455181e+00 4.297767781011981036e-02
-3.065626803331311656e+00 4.705182025003858820e-02
-3.053016632829169019e+00 5.143140537931402412e-02
-3.040406462327025494e+00 5.613050585924755920e-02
-3.027796291824881969e+00 6.116292512096981049e-02
-3.015186121322739332e+00 6.654208304181194467e-02
-3.002575950820595807e+00 7.228089447705154935e-02
-2.989965780318452282e+00 7.839164119826844135e-02
-2.977355609816309645e+00 8.488583791304940562e-02
-2.964745439314166120e+00 9.177409316619471180e-02
-2.952135268812022595e+00 9.906596604830335273e-02
-2.939525098309879958e+00 1.067698197618026368e-01
-2.926914927807736433e+00 1.148926732151939190e-01
-2.914304757305592908e+00 1.234400519314790001e-01
-2.901694586803450271e+00 1.324158396642809710e-01
-2.889084416301306746e+00 1.418221322130291118e-01
-2.876474245799163221e+00 1.516590950142724381e-01
-2.863864075297020584e+00 1.619248261580856219e-01
-2.851253904794877059e+00 1.726152265340190339e-01
-2.838643734292733534e+00 1.837238788486688923e-01
-2.826033563790590897e+00 1.952419372744357562e-01
-2.813423393288447372e+00 2.071580294854048765e-01
-2.800813222786303847e+00 2.194581728094530948e-01
-2.788203052284161210e+00 2.321257061751975659e-01
-2.775592881782017685e+00 2.451412394572931308e-01
-2.762982711279874160e+00 2.584826217230853374e-01
-2.750372540777731523e+00 2.721249297585767168e-01
-2.737762370275587998e+00 2.860404781013290432e-01
-2.725152199773444472e+00 3.001988516340531876e-01
-2.712542029271301836e+00 3.145669615959251209e-01
-2.699931858769158310e+00 3.291091256507558405e-01
-2.687321688267014785e+00 3.437871724145039054e-01
-2.674711517764872148e+00 3.585605705910414609e-01
-2.662101347262728623e+00 3.733865825981718678e-01
-2.649491176760585098e+00 3.882204422881618266e-01
-2.636881006258442461e+00 4.030155560827356487e-01
-2.624270835756298936e+00 4.177237265542916855e-01
-2.611660665254155411e+00 4.322953971984156984e-01
-2.599050494752012774e+00 4.466799168603006187e-01
-2.586440324249869249e+00 4.608258220048381260e-01
-2.573830153747725724e+00 4.746811347601081477e-01
-2.561219983245583087e+00 4.881936744218092761e-01
-2.548609812743439562e+00 5.013113798852101288e-01
-2.535999642241296037e+00 5.139826402755165446e-01
-2.523389471739152512e+00 5.261566308808757197e-01
-2.510779301237009875e+00 5.377836513571081500e-01
-2.498169130734866350e+00 5.488154630731149064e-01
-2.485558960232722825e+00 5.592056224028558731e-01
-2.472948789730580188e+00 5.689098067448080664e-01
-2.460338619228436663e+00 5.778861300655527833e-01
-2.447728448726293138e+00 5.860954448196646904e-01
-2.435118278224150501e+00 5.935016271942731292e-01
-2.422508107722006976e+00 6.000718427624542883e-01
-2.409897937219863451e+00 6.057767898041727106e-01
-2.397287766717720814e+00 6.105909177636228424e-01
-2.384677596215577289e+00 6.144926185569020705e-01
-2.372067425713433764e+00 6.174643887193620451e-01
-2.359457255211291127e+00 6.194929606842898284e-01
-2.346847084709147602e+00 6.205694018109609855e-01
-2.334236914207004077e+00 6.206891801242597762e-01
-2.321626743704861440e+00 6.198521960871073988e-01
-2.309016573202717915e+00 6.180627800943423455e-01
-2.296406402700574390e+00 6.153296557483016738e-01
-2.283796232198431753e+00 6.116658693469357866e-01
-2.271186061696288228e+00 6.070886863787168242e-01
-2.258575891194144702e+00 6.016194561714280908e-01
-2.245965720692002066e+00 5.952834461778147013e-01
-2.233355550189858540e+00 5.881096476962833774e-01
-2.220745379687715015e+00 5.801305551152240447e-01
-2.208135209185572378e+00 5.713819210306780860e-01
-2.195525038683428853e+00 5.619024898164685089e-01
-2.182914868181285328e+00 5.517337124202421617e-01
-2.170304697679142691e+00 5.409194453161965122e-01
-2.157694527176999166e+00 5.295056366641396339e-01
-2.145084356674855641e+00 5.175400028036016842e-01
-2.132474186172713004e+00 5.050716982510317088e-01
-2.119864015670569479e+00 4.921509823680454976e-01
-2.107253845168425954e+00 4.788288858292991668e-01
-2.094643674666283317e+00 4.651568799428167367e-01
-2.082033504164139792e+00 4.511865517637210776e-01
-2.069423333661996267e+00 4.369692877983211154e-01
-2.056813163159853630e+00 4.225559689212544101e-01
-2.044202992657710105e+00 4.079966789278365868e-01
-2.031592822155566580e+00 3.933404289198920711e-01
-2.018982651653423943e+00 3.786348994806824075e-01
-2.006372481151280418e+00 3.639262023362178078e-01
-1.993762310649136893e+00 3.492586629313183533e-01
-1.981152140146994256e+00 3.346746250721755467e-01
-1.968541969644850731e+00 3.202142785081597554e-01
-1.955931799142707206e+00 3.059155100470838939e-01
-1.943321628640564569e+00 2.918137785244557247e-01
-1.930711458138421044e+00 2.779420136816155296e-01
-1.918101287636277519e+00 2.643305387535770379e-01
-1.905491117134134882e+00 2.510070163274537025e-01
-1.892880946631991357e+00 2.379964168094445554e-01
-1.880270776129847832e+00 2.253210086343761520e-01
-1.867660605627705195e+00 2.130003691687839262e-01
-1.855050435125561670e+00 2.010514150976218384e-01
-1.842440264623418145e+00 1.894884509471513323e-01
-1.829830094121275508e+00 1.783232342825855632e-01
-1.817219923619131983e+00 1.675650560292890057e-01
-1.804609753116988458e+00 1.572208343001343656e-01
-1.791999582614845821e+00 1.472952200688510127e-01
-1.779389412112702296e+00 1.377907130086494791e-01
-1.766779241610558771e+00 1.287077858163701294e-01
-1.754169071108415245e+00 1.200450153630272659e-01
-1.741558900606272609e+00 1.117992190508237393e-01
-1.728948730104129083e+00 1.039655948122984452e-01
-1.716338559601985558e+00 9.653786325774837973e-02
-1.703728389099842921e+00 8.950841056011905883e-02
-1.691118218597699396e+00 8.286843076052964607e-02
-1.678508048095555871e+00 7.660806628013372421e-02
-1.665897877593413234e+00 7.071654553333940607e-02
-1.653287707091269709e+00 6.518231665144606779e-02
-1.640677536589126184e+00 5.999317644268212929e-02
-1.628067366086983547e+00 5.513639383261704358e-02
-1.615457195584840022e+00 5.059882714638470891e-02
-1.602847025082696497e+00 4.636703470954212786e-02
-1.590236854580553860e+00 4.242737835637198224e-02
-1.577626684078410335e+00 3.876611954177124064e-02
-1.565016513576266810e+00 3.536950785463465613e-02
-1.552406343074124173e+00 3.222386182586321757e-02
-1.539796172571980648e+00 2.931564201220366803e-02
-1.527186002069837123e+00 2.663151641754063492e-02
-1.514575831567694486e+00 2.415841838558832957e-02
-1.501965661065550961e+00 2.188359716203337399e-02
-1.489355490563407436e+00 1.979466137996876984e-02
-1.476745320061264799e+00 1.787961576996029839e-02
-1.464135149559121274e+00 1.612689143552868687e-02
-1.451524979056977749e+00 1.452537006644885782e-02
-1.438914808554835112e+00 1.306440248642657710e-02
-1.426304638052691587e+00 1.173382194887210954e-02
-1.413694467550548062e+00 1.052395260510211213e-02
-1.401084297048405425e+00 9.425613573934503442e-03
-1.388474126546261900e+00 8.430119040834861341e-03
-1.375863956044118375e+00 7.529274809135289882e-03
-1.363253785541975738e+00 6.715371715944592167e-03
-1.350643615039832213e+00 5.981176311819125582e-03
-1.338033444537688688e+00 5.319919186614979756e-03
-1.325423274035546051e+00 4.725281304778269909e-03
-1.312813103533402526e+00 4.191378692163689156e-03
-1.300202933031259001e+00 3.712745793812621039e-03
-1.287592762529116364e+00 3.284317798429668873e-03
-1.274982592026972839e+00 2.901412200999375912e-03
-1.262372421524829313e+00 2.559709850460775010e-03
-1.249762251022686677e+00 2.255235704954514000e-03
-1.237152080520543151e+00 1.984339493167562238e-03
-1.224541910018399626e+00 1.743676456985891179e-03
-1.211931739516256989e+00 1.530188328235619708e-03
-1.199321569014113464e+00 1.341084670929401212e-03
-1.186711398511969939e+00 1.173824700272669240e-03
-1.174101228009827302e+00 1.026099670827753741e-03
-1.161491057507683777e+00 8.958159087580256459e-04
-1.148880887005540252e+00 7.810785470193536877e-04
-1.136270716503397615e+00 6.801760077516714846e-04
-1.123660546001254090e+00 5.915652629443361775e-04
-1.111050375499110565e+00 5.138578926801758151e-04
-1.098440204996967928e+00 4.458069498633992329e-04
-1.085830034494824403e+00 3.862946312521812488e-04
-1.073219863992680878e+00 3.343207467807144534e-04
-1.060609693490538241e+00 2.889919724943002563e-04
-1.047999522988394716e+00 2.495118668544960114e-04
-1.035389352486251191e+00 2.151716256147328469e-04
-1.022779181984108554e+00 1.853415468338408224e-04
-1.010169011481965029e+00 1.594631747989379256e-04
-9.975588409798215039e-01 1.370420895836154892e-04
-9.849486704776788670e-01 1.176413075886664452e-04
-9.723384999755353419e-01 1.008752576198487517e-04
-9.597283294733918169e-01 8.640429677314995411e-05
-9.471181589712491800e-01 7.392973055033627940e-05
-9.345079884691056549e-01 6.318930214851179816e-05
-9.218978179669621298e-01 5.395311669444968636e-05
-9.092876474648186047e-01 4.601996727048635098e-05
-8.966774769626759678e-01 3.921403085205408710e-05
-8.840673064605324427e-01 3.338190370100231353e-05
-8.714571359583889176e-01 2.838994729256705626e-05
-8.588469654562462807e-01 2.412191746091355769e-05
-8.462367949541027556e-01 2.047685109723714248e-05
-8.336266244519592306e-01 1.736718639841440190e-05
-8.210164539498165936e-01 1.471709432034810156e-05
-8.084062834476730686e-01 1.246100051946391198e-05
-7.957961129455295435e-01 1.054227865274641889e-05
-7.831859424433869066e-01 8.912097438874972330e-06
-7.705757719412433815e-01 7.528405350872788598e-06
-7.579656014390998564e-01 6.355038207095493153e-06
-7.453554309369572195e-01 5.360936247433662742e-06
-7.327452604348136944e-01 4.519458522226476900e-06
-7.201350899326701693e-01 3.807783581108873632e-06
-7.075249194305275324e-01 3.206386527717800980e-06
-6.949147489283840073e-01 2.698583504863684523e-06
-6.823045784262404823e-01 2.270135595313901232e-06
-6.696944079240978454e-01 1.908904968351856503e-06
-6.570842374219543203e-01 1.604556874929844082e-06
-6.444740669198107952e-01 1.348301798093644820e-06
-6.318638964176681583e-01 1.132672704270144065e-06
-6.192537259155246332e-01 9.513329190031646045e-07
-6.066435554133811081e-01 7.989106719002238077e-07
-5.940333849112384712e-01 6.708568240289949767e-07
-5.814232144090949461e-01 5.633227108381303941e-07
-5.688130439069514210e-01 4.730554088270510637e-07
-5.562028734048087841e-01 3.973080684684631471e-07
-5.435927029026652590e-01 3.337632529386633667e-07
-5.309825324005217340e-01 2.804674854842944279e-07
-5.183723618983790971e-01 2.357754409947678149e-07
-5.057621913962355720e-01 1.983024225881807837e-07
-4.931520208940920469e-01 1.668839445682946365e-07
-4.805418503919494100e-01 1.405414015687991542e-07
-4.679316798898058849e-01 1.184529424546112748e-07
-4.553215093876623598e-01 9.992878877885221428e-08
-4.427113388855197229e-01 8.439034328278536746e-08
-4.301011683833761978e-01 7.135252587260333788e-08
-4.174909978812326727e-01 6.040885433390461794e-08
-4.048808273790900358e-01 5.121885621097712421e-08
-3.922706568769465107e-01 4.349745809053883167e-08
-3.796604863748029857e-01 3.700605015494410078e-08
-3.670503158726603488e-01 3.154496834625479211e-08
-3.544401453705168237e-01 2.694717473090440484e-08
-3.418299748683732986e-01 2.307294948917417082e-08
-3.292198043662306617e-01 1.980543609252954598e-08
-3.166096338640871366e-01 1.704690530639018361e-08
-3.039994633619436115e-01 1.471562421984834789e-08
-2.913892928598009746e-01 1.274323404152027179e-08
-2.787791223576574495e-01 1.107255533468213938e-08
-2.661689518555139244e-01 9.655752062877069779e-09
-2.535587813533712875e-01 8.452796598618496875e-09
-2.409486108512277625e-01 7.430186989385526808e-09
-2.283384403490842374e-01 6.559875515938240645e-09
-2.157282698469416005e-01 5.818374124459480598e-09
-2.031180993447980754e-01 5.186007843771034788e-09
-1.907296212577645478e-01 4.655062618864403379e-09
-1.790751809198734557e-01 4.225434728645834753e-09
-1.681328766829025823e-01 3.875260146621728371e-09
-1.578591939883211837e-01 3.587416892361334303e-09
-1.482132772030496648e-01 3.348997116866466449e-09
-1.391567671477560997e-01 3.150155093127267203e-09
-1.306536485528615454e-01 2.983297084998584661e-09
-1.226701068356443602e-01 2.842504645172560597e-09
-1.151743936288669723e-01 2.723119283387244327e-09
-1.081367005261812397e-01 2.621440017993153214e-09
-1.015290405422311915e-01 2.534500789036566909e-09
-9.532513681604738720e-02 2.459904982414892184e-09
-8.950031811513789459e-02 2.395701217318983935e-09
-8.403142072473115953e-02 2.340289240577580431e-09
-7.889669633199995757e-02 2.292347994696378094e-09
-7.407572553895482026e-02 2.250780163889470083e-09
-6.954933666007066806e-02 2.214669071137374953e-09
-6.529952948172380867e-02 2.183244909642195327e-09
-6.130940368025181858e-02 2.155858085099430095e-09
-5.756309161397969026e-02 2.131958016562026875e-09
-5.404569522193657799e-02 2.111076158735508405e-09
-5.074322677833183887e-02 2.092812312460301996e-09
-4.764255326718694339e-02 2.076823514363187058e-09
-4.473134415591366320e-02 2.062814963291270183e-09
-4.199802236014917034e-02 2.050532565835493469e-09
-3.943171820485173729e-02 2.039756777185238092e-09
-3.702222619856760516e-02 2.030297484772178096e-09
-3.475996444897584692e-02 2.021989736493405653e-09
-3.263593655831751456e-02 2.014690156999444605e-09
-3.064169584717604811e-02 2.008273927722485223e-09
-2.876931176433708895e-02 2.002632231310024908e-09
-2.701133834915109624e-02 1.997670080640873621e-09
-2.536078462097863737e-02 1.993304467917099651e-09
-2.381108677796769241e-02 1.989462781415805077e-09
-2.235608209460499679e-02 1.986081447078658512e-09
-2.098998441423788677e-02 1.983104759771823070e-09
-1.970736113910750986e-02 1.980483875187358233e-09
-1.850311162639044910e-02 1.978175938307045005e-09
-1.737244690433337180e-02 1.976143328359899688e-09
-1.631087062781888183e-02 1.974353003472513348e-09
-1.531416119762810286e-02 1.972775930885091269e-09
-1.437835497229224616e-02 1.971386590807116170e-09
-1.349973050577157364e-02 1.970162543805109701e-09
-1.267479374828037013e-02 1.969084053125858083e-09
-1.190026415140387275e-02 1.968133754618432940e-09
-1.117306162225225469e-02 1.967296367974921013e-09
-1.049029427477177374e-02 1.966558443897832168e-09
-9.849246929502866038e-03 1.965908142553001427e-09
-9.247370316051994887e-03 1.965335039303111903e-09
-8.682270935339195597e-03 1.964829954258406145e-09
-8.151701541304996398e-03 1.964384802643496433e-09
-7.653552204225974771e-03 1.963992463374872245e-09
-7.185841920100037063e-03 1.963646663583611470e-09
-6.746710732733945948e-03 1.963341877110326074e-09
-6.334412337204842376e-03 1.963073235252024523e-09
-5.947307135282262590e-03 1.962836448258789693e-09
-5.583855715193143839e-03 1.962627736267452266e-09
-5.242612729801200168e-03 1.962443768523808661e-09
-4.922221148855803613e-03 1.962281609887794094e-09
-4.621406862452884928e-03 1.962138673740224193e-09
-4.338973614247355545e-03 1.962012680518817479e-09
-4.073798244268176869e-03 1.961901621204880583e-09
-3.824826222417472815e-03 1.961803725166247521e-09
-3.591067454892035368e-03 1.961717431832937165e-09
-3.371592346850472034e-03 1.961641365746947445e-09
-3.165528105668122608e-03 1.961574314581914970e-09
-2.972055270078842893e-03 1.961515209777813526e-09
-2.790404451401243442e-03 1.961463109478576326e-09
-2.619853273889739126e-03 1.961417183497610266e-09
-2.459723502043294555e-03 1.961376700069741961e-09
-2.309378343447928035e-03 1.961341014176812855e-09
-2.168219916426995363e-03 1.961309557259264247e-09
-2.035686872428882702e-03 1.961281828149272465e-09
-1.911252163696946192e-03 1.961257385079816045e-09
-1.794420947344431763e-03 1.961235838641984314e-09
-1.684728617499294890e-03 1.961216845577825242e-09
-1.581738957693386684e-03 1.961200103309435315e-09
-1.485042406148618429e-03 1.961185345116865909e-09
-1.394254427061488973e-03 1.961172335887941083e-09
-1.309013981409089993e-03 1.961160868371980576e-09
-1.228982091195453740e-03 1.961150759877698110e-09
-1.153840491428526288e-03 1.961141849362605518e-09
-1.083290364467113165e-03 1.961133994867341262e-09
-1.017051151704679570e-03 1.961127071254287263e-09
-9.548594378642998991e-04 1.961120968214087615e-09
-8.964679034679587247e-04 1.961115588508434895e-09
-8.416443413144891576e-04 1.961110846421287789e-09
-7.901707330548732918e-04 1.961106666393413861e-09
-7.418423821927417998e-04 1.961102981818874027e-09
-6.964671000622763746e-04 1.961099733984159279e-09
-6.538644415463101345e-04 1.961096871132955883e-09
-6.138649874953195544e-04 1.961094347641750300e-09
-5.763096709937077546e-04 1.961092123293202299e-09
-5.410491447940707658e-04 1.961090162635528319e-09
-5.079431874039339089e-04 1.961088434417879973e-09
-4.768601454631505969e-04 1.961086911092428468e-09
-4.476764101943878299e-04 1.961085568375805030e-09
-4.202759258447686459e-04 1.961084384862118511e-09
-3.945497281637799845e-04 1.961083341682123892e-09
-3.703955110821903832e-04 1.961082422202551230e-09
-3.477172198687347553e-04 1.961081611761253589e-09
-3.264246691466341703e-04 1.961080897433583529e-09
-3.064331842509692436e-04 1.961080267826553346e-09
-2.876632645006474724e-04 1.961079712897325170e-09
-2.700402670458676067e-04 1.961079223793217287e-09
-2.534941100338807115e-04 1.961078792710720293e-09
-2.379589939125882462e-04 1.961078412771121810e-09
-2.233731397636618432e-04 1.961078077910965850e-09
-2.096785436246481258e-04 1.961077782785416614e-09
-1.968207458230403738e-04 1.961077522683125474e-09
-1.847486144050079770e-04 1.961077293451149860e-09
-1.734141417975726429e-04 1.961077091428802387e-09
-1.627722538955931274e-04 1.961076913389255206e-09
-1.527806308143372189e-04 1.961076756488213452e-09
-1.433995385948514170e-04 1.961076618218517919e-09
-1.345916711928507147e-04 1.961076496370228628e-09
-1.263220021227506255e-04 1.961076388995385281e-09
-1.185576451668948804e-04 1.961076294376960689e-09
-1.112677235960431003e-04 1.961076211001473654e-09
-1.044232473810362147e-04 1.961076137534917593e-09
-9.799699790736354202e-05 1.961076072801432519e-09
-9.196341973416139544e-05 1.961076015764578494e-09
-8.629851896719176359e-05 1.961075965510830899e-09
-8.097976784167412539e-05 1.961075921235003026e-09
-7.598601513551331310e-05 1.961075882227380114e-09
-7.129740205665540287e-05 1.961075847862423369e-09
-6.689528327009240302e-05 1.961075817588809879e-09
-6.276215275045356852e-05 1.961075790920587167e-09
-5.888157416531500463e-05 1.961075767429478747e-09
-5.523811551239205268e-05 1.961075746737990408e-09
-5.181728775067791524e-05 1.961075728513406945e-09
-4.860548718147756638e-05 1.961075712462564383e-09
-4.558994135021126844e-05 1.961075698326995663e-09
-4.275865825384858419e-05 1.961075685878973001e-09
-4.010037865198160146e-05 1.961075674917773161e-09
-3.760453129189908716e-05 1.961075665266520941e-09
-3.526119086959958525e-05 1.961075656769313062e-09
-3.306103855956327154e-05 1.961075649288792046e-09
-3.099532495632644548e-05 1.961075642703883055e-09
-2.905583528048395544e-05 1.961075636907912048e-09
-2.723485671075096226e-05 1.961075631806871603e-09
-2.552514771217800657e-05 1.961075627317922478e-09
-2.391990923854284747e-05 1.961075623368076324e-09
-2.241275769439721272e-05 1.961075619893020260e-09
-2.099769954925015053e-05 1.961075616836089934e-09
-1.966910750293300909e-05 1.961075614147345143e-09
-1.842169810736080741e-05 1.961075611782816275e-09
-1.725051075570132930e-05 1.961075609703709799e-09
-1.615088795539561633e-05 1.961075607875929745e-09
-1.511845680657980123e-05 1.961075606269369633e-09
-1.414911161225593266e-05 1.961075604857534455e-09
-1.323899755105558475e-05 1.961075603617091100e-09
-1.238449534766613459e-05 1.961075602527486197e-09
-1.158220687996078599e-05 1.961075601570611936e-09
-1.082894166559426607e-05 1.961075600730514071e-09
-1.012170417432434343e-05 1.961075599993160724e-09
-9.457681915605696142e-06 1.961075599346171482e-09
-8.834234254082606896e-06 1.961075598778656098e-09
-8.248881908502043135e-06 1.961075598281013902e-09
-7.699297092288845179e-06 1.961075597844857281e-09
-7.183294256573823982e-06 1.961075597462688671e-09
-6.698821398861734940e-06 1.961075597127994025e-09
-6.243951902777456888e-06 1.961075596835019059e-09
-5.816876876438485798e-06 1.961075596578691091e-09
-5.415897958985060038e-06 1.961075596354544170e-09
-5.039420566662596439e-06 1.961075596158662838e-09
-4.685947551597296836e-06 1.961075595987584930e-09
-4.354073248047161842e-06 1.961075595838285860e-09
-4.042477882453245495e-06 1.961075595708097971e-09
-3.749922325059951160e-06 1.961075595594645187e-09
-3.475243162234227762e-06 1.961075595495878995e-09
-3.217348069887064443e-06 1.961075595409987869e-09
-2.975211469598384632e-06 1.961075595335377005e-09
-2.747870450171603521e-06 1.961075595270624479e-09
-2.534420938398601179e-06 1.961075595214511028e-09
-2.334014103807039897e-06 1.961075595165970829e-09
-2.145852983093271333e-06 1.961075595124014988e-09
-1.969189310816785935e-06 1.961075595087834521e-09
-1.803320543752548581e-06 1.961075595056698202e-09
-1.647587067068355029e-06 1.961075595029951317e-09
-1.501369571216668681e-06 1.961075595007036346e-09
-1.364086589109387048e-06 1.961075594987459049e-09
-1.235192183781944781e-06 1.961075594970793428e-09
-1.114173777351006344e-06 1.961075594956643262e-09
-1.000550112631961414e-06 1.961075594944687607e-09
-8.938693393104654022e-07 1.961075594934619992e-09
-7.937072170570570337e-07 1.961075594926210874e-09
-6.996654284390261791e-07 1.961075594919222852e-09
-6.113699949207071113e-07 1.961075594913460712e-09
-5.284697896529079203e-07 1.961075594908765221e-09
-4.506351411371571005e-07 1.961075594904968049e-09
-3.775565222121384326e-07 1.961075594901964970e-09
-3.089433191486484405e-07 1.961075594899617017e-09
-2.445226759580218821e-07 1.961075594897847678e-09
-1.840384093183425875e-07 1.961075594896551486e-09
-1.272499898032904365e-07 1.961075594895666816e-09
-7.393158536218592144e-08 1.961075594895137421e-09
-2.387116324756687046e-08 1.961075594894886371e-09
2.387116324756687046e-08 1.961075594894886371e-09
7.393158536217865548e-08 1.961075594895137421e-09
1.272499898032904365e-07 1.961075594895666816e-09
1.840384093183425875e-07 1.961075594896551486e-09
2.445226759580130942e-07 1.961075594897847678e-09
3.089433191486484405e-07 1.961075594899617017e-09
3.775565222121384326e-07 1.961075594901964970e-09
4.506351411371465126e-07 1.961075594904968049e-09
5.284697896529079203e-07 1.961075594908765221e-09
6.113699949207071113e-07 1.961075594913460712e-09
6.996654284390133677e-07 1.961075594919222852e-09
7.937072170570570337e-07 1.961075594926210874e-09
8.938693393104654022e-07 1.961075594934619992e-09
1.000550112631946167e-06 1.961075594944687607e-09
1.114173777351006344e-06 1.961075594956643262e-09
1.235192183781944781e-06 1.961075594970793428e-09
1.364086589109368413e-06 1.961075594987459049e-09
1.501369571216668681e-06 1.961075595007036346e-09
1.647587067068355029e-06 1.961075595029951317e-09
1.803320543752526134e-06 1.961075595056698202e-09
1.969189310816785935e-06 1.961075595087834521e-09
2.145852983093271333e-06 1.961075595124014988e-09
2.334014103807012369e-06 1.961075595165970829e-09
2.534420938398601179e-06 1.961075595214511028e-09
2.747870450171603521e-06 1.961075595270624479e-09
2.975211469598351597e-06 1.961075595335377005e-09
3.217348069887064443e-06 1.961075595409987869e-09
3.475243162234227762e-06 1.961075595495878995e-09
3.749922325059911349e-06 1.961075595594645187e-09
4.042477882453245495e-06 1.961075595708097971e-09
4.354073248047161842e-06 1.961075595838285860e-09
4.685947551597248555e-06 1.961075595987584930e-09
5.039420566662596439e-06 1.961075596158662838e-09
5.415897958985004981e-06 1.961075596354544170e-09
5.816876876438427352e-06 1.961075596578691091e-09
6.243951902777456888e-06 1.961075596835019059e-09
6.698821398861668871e-06 1.961075597127994025e-09
7.183294256573753678e-06 1.961075597462688671e-09
7.699297092288845179e-06 1.961075597844857281e-09
8.248881908501963514e-06 1.961075598281013902e-09
8.834234254082522193e-06 1.961075598778656098e-09
9.457681915605696142e-06 1.961075599346171482e-09
1.012170417432424687e-05 1.961075599993160724e-09
1.082894166559416273e-05 1.961075600730514071e-09
1.158220687996078599e-05 1.961075601570611936e-09
1.238449534766601939e-05 1.961075602527486197e-09
1.323899755105545939e-05 1.961075603617091100e-09
1.414911161225593266e-05 1.961075604857534455e-09
1.511845680657965724e-05 1.961075606269369633e-09
1.615088795539546725e-05 1.961075607875929745e-09
1.725051075570132930e-05 1.961075609703709799e-09
1.842169810736063801e-05 1.961075611782816275e-09
1.966910750293282952e-05 1.961075614147345143e-09
2.099769954925015053e-05 1.961075616836089934e-09
2.241275769439700604e-05 1.961075619893020260e-09
2.391990923854262385e-05 1.961075623368076324e-09
2.552514771217800657e-05 1.961075627317922478e-09
2.723485671075071492e-05 1.961075631806871603e-09
2.905583528048369117e-05 1.961075636907912048e-09
3.099532495632644548e-05 1.961075642703883055e-09
3.306103855956297338e-05 1.961075649288792046e-09
3.526119086959926676e-05 1.961075656769313062e-09
3.760453129189908716e-05 1.961075665266520941e-09
4.010037865198123555e-05 1.961075674917773161e-09
4.275865825384819795e-05 1.961075685878973001e-09
4.558994135021126844e-05 1.961075698326995663e-09
4.860548718147712592e-05 1.961075712462564383e-09
5.181728775067744768e-05 1.961075728513406945e-09
5.523811551239205268e-05 1.961075746737990408e-09
5.888157416531447608e-05 1.961075767429478747e-09
6.276215275045299931e-05 1.961075790920587167e-09
6.689528327009240302e-05 1.961075817588809879e-09
7.129740205665476590e-05 1.961075847862423369e-09
7.598601513551263547e-05 1.961075882227380114e-09
8.097976784167412539e-05 1.961075921235003026e-09
8.629851896719099109e-05 1.961075965510830899e-09
9.196341973416056873e-05 1.961076015764578494e-09
9.799699790736354202e-05 1.961076072801432519e-09
1.044232473810352796e-04 1.961076137534917593e-09
1.112677235960420974e-04 1.961076211001473654e-09
1.185576451668948804e-04 1.961076294376960689e-09
1.263220021227494871e-04 1.961076388995385281e-09
1.345916711928494950e-04 1.961076496370228628e-09
1.433995385948514170e-04 1.961076618218517919e-09
1.527806308143358637e-04 1.961076756488213452e-09
1.627722538955916909e-04 1.961076913389255206e-09
1.734141417975726429e-04 1.961077091428802387e-09
1.847486144050063236e-04 1.961077293451149860e-09
1.968207458230386390e-04 1.961077522683125474e-09
2.096785436246481258e-04 1.961077782785416614e-09
2.233731397636598375e-04 1.961078077910965850e-09
2.379589939125861320e-04 1.961078412771121810e-09
2.534941100338807115e-04 1.961078792710720293e-09
2.700402670458652214e-04 1.961079223793217287e-09
2.876632645006474724e-04 1.961079712897325170e-09
3.064331842509692436e-04 1.961080267826553346e-09
3.264246691466312429e-04 1.961080897433583529e-09
3.477172198687347553e-04 1.961081611761253589e-09
3.703955110821903832e-04 1.961082422202551230e-09
3.945497281637764609e-04 1.961083341682123892e-09
4.202759258447686459e-04 1.961084384862118511e-09
4.476764101943878299e-04 1.961085568375805030e-09
4.768601454631463685e-04 1.961086911092428468e-09
5.079431874039339089e-04 1.961088434417879973e-09
5.410491447940683806e-04 1.961090162635528319e-09
5.763096709937052609e-04 1.961092123293202299e-09
6.138649874953195544e-04 1.961094347641750300e-09
6.538644415463072072e-04 1.961096871132955883e-09
6.964671000622733388e-04 1.961099733984159279e-09
7.418423821927417998e-04 1.961102981818874027e-09
7.901707330548697139e-04 1.961106666393413861e-09
8.416443413144852545e-04 1.961110846421287789e-09
8.964679034679587247e-04 1.961115588508434895e-09
9.548594378642956708e-04 1.961120968214087615e-09
1.017051151704675017e-03 1.961127071254287263e-09
1.083290364467113165e-03 1.961133994867341262e-09
1.153840491428521084e-03 1.961141849362605518e-09
1.228982091195448319e-03 1.961150759877698110e-09
1.309013981409089993e-03 1.961160868371980576e-09
1.394254427061482901e-03 1.961172335887941083e-09
1.485042406148611707e-03 1.961185345116865909e-09
1.581738957693386684e-03 1.961200103309435315e-09
1.684728617499287517e-03 1.961216845577825242e-09
1.794420947344423523e-03 1.961235838641984314e-09
1.911252163696946192e-03 1.961257385079816045e-09
2.035686872428873594e-03 1.961281828149272465e-09
2.168219916426985822e-03 1.961309557259264247e-09
2.309378343447928035e-03 1.961341014176812855e-09
2.459723502043281544e-03 1.961376700069741961e-09
2.619853273889716141e-03 1.961417183497610266e-09
2.790404451401243442e-03 1.961463109478576326e-09
2.972055270078832485e-03 1.961515209777813526e-09
3.165528105668094852e-03 1.961574314581914970e-09
3.371592346850472034e-03 1.961641365746947445e-09
3.591067454892016286e-03 1.961717431832937165e-09
3.824826222417438987e-03 1.961803725166247521e-09
4.073798244268176869e-03 1.961901621204880583e-09
4.338973614247340800e-03 1.962012680518817479e-09
4.621406862452843295e-03 1.962138673740224193e-09
4.922221148855803613e-03 1.962281609887794094e-09
5.242612729801172412e-03 1.962443768523808661e-09
5.583855715193094399e-03 1.962627736267452266e-09
5.947307135282262590e-03 1.962836448258789693e-09
6.334412337204820692e-03 1.963073235252024523e-09
6.746710732733886100e-03 1.963341877110326074e-09
7.185841920100037063e-03 1.963646663583611470e-09
7.653552204225934005e-03 1.963992463374872245e-09
8.151701541304925275e-03 1.964384802643496433e-09
8.682270935339195597e-03 1.964829954258406145e-09
9.247370316051963662e-03 1.965335039303111903e-09
9.849246929502777567e-03 1.965908142553001427e-09
1.049029427477177374e-02 1.966558443897832168e-09
1.117306162225219397e-02 1.967296367974921013e-09
1.190026415140376694e-02 1.968133754618432940e-09
1.267479374828037013e-02 1.969084053125858083e-09
1.349973050577152334e-02 1.970162543805109701e-09
1.437835497229211779e-02 1.971386590807116170e-09
1.531416119762810286e-02 1.972775930885091269e-09
1.631087062781879510e-02 1.974353003472513348e-09
1.737244690433321567e-02 1.976143328359899688e-09
1.850311162639044910e-02 1.978175938307045005e-09
1.970736113910743700e-02 1.980483875187358233e-09
2.098998441423769942e-02 1.983104759771823070e-09
2.235608209460499679e-02 1.986081447078658512e-09
2.381108677796757098e-02 1.989462781415805077e-09
2.536078462097841185e-02 1.993304467917092207e-09
2.701133834915109624e-02 1.997670080640873621e-09
2.876931176433698834e-02 2.002632231310024908e-09
3.064169584717577749e-02 2.008273927722485223e-09
3.263593655831751456e-02 2.014690156999444605e-09
3.475996444897566651e-02 2.021989736493405653e-09
3.702222619856727903e-02 2.030297484772171064e-09
3.943171820485173729e-02 2.039756777185238092e-09
4.199802236014902462e-02 2.050532565835493469e-09
4.473134415591326768e-02 2.062814963291263152e-09
4.764255326718694339e-02 2.076823514363187058e-09
5.074322677833156825e-02 2.092812312460301996e-09
5.404569522193609227e-02 2.111076158735508405e-09
5.756309161397969026e-02 2.131958016562026875e-09
6.130940368025160347e-02 2.155858085099430095e-09
6.529952948172323968e-02 2.183244909642187469e-09
6.954933666007066806e-02 2.214669071137374953e-09
7.407572553895443168e-02 2.250780163889470083e-09
7.889669633199926368e-02 2.292347994696369822e-09
8.403142072473115953e-02 2.340289240577580431e-09
8.950031811513757540e-02 2.395701217318983935e-09
9.532513681604654066e-02 2.459904982414874813e-09
1.015290405422311915e-01 2.534500789036566909e-09
1.081367005261806707e-01 2.621440017993143701e-09
1.151743936288659592e-01 2.723119283387234814e-09
1.226701068356443602e-01 2.842504645172560597e-09
1.306536485528610736e-01 2.983297084998574321e-09
1.391567671477548507e-01 3.150155093127244869e-09
1.482132772030496648e-01 3.348997116866466449e-09
1.578591939883203232e-01 3.587416892361309074e-09
1.681328766829011112e-01 3.875260146621701074e-09
1.790751809198728173e-01 4.225434728645789258e-09
1.907296212577638539e-01 4.655062618864370291e-09
2.031180993447962990e-01 5.186007843770942143e-09
2.157282698469407123e-01 5.818374124459418559e-09
2.283384403490833492e-01 6.559875515938170335e-09
2.409486108512259861e-01 7.430186989385368816e-09
2.535587813533703994e-01 8.452796598618437318e-09
2.661689518555130363e-01 9.655752062876967208e-09
2.787791223576556732e-01 1.107255533468194251e-08
2.913892928598000864e-01 1.274323404152008981e-08
3.039994633619427233e-01 1.471562421984819073e-08
3.166096338640853602e-01 1.704690530638981966e-08
3.292198043662297735e-01 1.980543609252926474e-08
3.418299748683724104e-01 2.307294948917392598e-08
3.544401453705150473e-01 2.694717473090392839e-08
3.670503158726594606e-01 3.154496834625445462e-08
3.796604863748020975e-01 3.700605015494357800e-08
3.922706568769447344e-01 4.349745809053805743e-08
4.048808273790891477e-01 5.121885621097639629e-08
4.174909978812317846e-01 6.040885433390398267e-08
4.301011683833744215e-01 7.135252587260208057e-08
4.427113388855188347e-01 8.439034328278387192e-08
4.553215093876614716e-01 9.992878877885079814e-08
4.679316798898041085e-01 1.184529424546083234e-07
4.805418503919485218e-01 1.405414015687974072e-07
4.931520208940911587e-01 1.668839445682925719e-07
5.057621913962337956e-01 1.983024225881762044e-07
5.183723618983782089e-01 2.357754409947656973e-07
5.309825324005208458e-01 2.804674854842914633e-07
5.435927029026652590e-01 3.337632529386633667e-07
5.562028734048078960e-01 3.973080684684589119e-07
5.688130439069505329e-01 4.730554088270451874e-07
5.814232144090949461e-01 5.633227108381303941e-07
5.940333849112375830e-01 6.708568240289854475e-07
6.066435554133802199e-01 7.989106719002153374e-07
6.192537259155246332e-01 9.513329190031646045e-07
6.318638964176672701e-01 1.132672704270131994e-06
6.444740669198099070e-01 1.348301798093628091e-06
6.570842374219543203e-01 1.604556874929844082e-06
6.696944079240969572e-01 1.908904968351832786e-06
6.823045784262395941e-01 2.270135595313885138e-06
6.949147489283840073e-01 2.698583504863684523e-06
7.075249194305266442e-01 3.206386527717766675e-06
7.201350899326692812e-01 3.807783581108832975e-06
7.327452604348136944e-01 4.519458522226476900e-06
7.453554309369563313e-01 5.360936247433586509e-06
7.579656014390989682e-01 6.355038207095403368e-06
7.705757719412433815e-01 7.528405350872788598e-06
7.831859424433860184e-01 8.912097438874830028e-06
7.957961129455286553e-01 1.054227865274634435e-05
8.084062834476730686e-01 1.246100051946391198e-05
8.210164539498157055e-01 1.471709432034789149e-05
8.336266244519583424e-01 1.736718639841415457e-05
8.462367949541027556e-01 2.047685109723714248e-05
8.588469654562453925e-01 2.412191746091330019e-05
8.714571359583880295e-01 2.838994729256670389e-05
8.840673064605324427e-01 3.338190370100231353e-05
8.966774769626750796e-01 3.921403085205366697e-05
9.092876474648177165e-01 4.601996727048618835e-05
9.218978179669621298e-01 5.395311669444968636e-05
9.345079884691047667e-01 6.318930214851135093e-05
9.471181589712474036e-01 7.392973055033484283e-05
9.597283294733918169e-01 8.640429677314995411e-05
9.723384999755344538e-01 1.008752576198478573e-04
9.849486704776770907e-01 1.176413075886633146e-04
9.975588409798215039e-01 1.370420895836154892e-04
1.010169011481964141e+00 1.594631747989367872e-04
1.022779181984106778e+00 1.853415468338358893e-04
1.035389352486251191e+00 2.151716256147328469e-04
1.047999522988393828e+00 2.495118668544960114e-04
1.060609693490536465e+00 2.889919724942951605e-04
1.073219863992680878e+00 3.343207467807144534e-04
1.085830034494823515e+00 3.862946312521771289e-04
1.098440204996966152e+00 4.458069498633893124e-04
1.111050375499110565e+00 5.138578926801758151e-04
1.123660546001253202e+00 5.915652629443278292e-04
1.136270716503395839e+00 6.801760077516540290e-04
1.148880887005540252e+00 7.810785470193536877e-04
1.161491057507682889e+00 8.958159087580184901e-04
1.174101228009825526e+00 1.026099670827735526e-03
1.186711398511969939e+00 1.173824700272669240e-03
1.199321569014112576e+00 1.341084670929386900e-03
1.211931739516255213e+00 1.530188328235574822e-03
1.224541910018399626e+00 1.743676456985891179e-03
1.237152080520542263e+00 1.984339493167534049e-03
1.249762251022684900e+00 2.255235704954471933e-03
1.262372421524829313e+00 2.559709850460775010e-03
1.274982592026971950e+00 2.901412200999342519e-03
1.287592762529114587e+00 3.284317798429619000e-03
1.300202933031259001e+00 3.712745793812621039e-03
1.312813103533401637e+00 4.191378692163659665e-03
1.325423274035544274e+00 4.725281304778164958e-03
1.338033444537688688e+00 5.319919186614979756e-03
1.350643615039831325e+00 5.981176311819083082e-03
1.363253785541973961e+00 6.715371715944496757e-03
1.375863956044118375e+00 7.529274809135289882e-03
1.388474126546261012e+00 8.430119040834861341e-03
1.401084297048403648e+00 9.425613573934361195e-03
1.413694467550548062e+00 1.052395260510211213e-02
1.426304638052690699e+00 1.173382194887193260e-02
1.438914808554833336e+00 1.306440248642629781e-02
1.451524979056977749e+00 1.452537006644885782e-02
1.464135149559120386e+00 1.612689143552868687e-02
1.476745320061263023e+00 1.787961576996029839e-02
1.489355490563407436e+00 1.979466137996876984e-02
1.501965661065550073e+00 2.188359716203321786e-02
1.514575831567692710e+00 2.415841838558779181e-02
1.527186002069837123e+00 2.663151641754063492e-02
1.539796172571979760e+00 2.931564201220323782e-02
1.552406343074122397e+00 3.222386182586297471e-02
1.565016513576266810e+00 3.536950785463465613e-02
1.577626684078409447e+00 3.876611954177067165e-02
1.590236854580552084e+00 4.242737835637136468e-02
1.602847025082696497e+00 4.636703470954212786e-02
1.615457195584839134e+00 5.059882714638399420e-02
1.628067366086981771e+00 5.513639383261665500e-02
1.640677536589126184e+00 5.999317644268212929e-02
1.653287707091268821e+00 6.518231665144606779e-02
1.665897877593411458e+00 7.071654553333837911e-02
1.678508048095555871e+00 7.660806628013372421e-02
1.691118218597698508e+00 8.286843076052843871e-02
1.703728389099841145e+00 8.950841056011839270e-02
1.716338559601985558e+00 9.653786325774837973e-02
1.728948730104128195e+00 1.039655948122984452e-01
1.741558900606270832e+00 1.117992190508228928e-01
1.754169071108415245e+00 1.200450153630272659e-01
1.766779241610557882e+00 1.287077858163692134e-01
1.779389412112700519e+00 1.377907130086474807e-01
1.791999582614844932e+00 1.472952200688488478e-01
1.804609753116987569e+00 1.572208343001331998e-01
1.817219923619130206e+00 1.675650560292865632e-01
1.829830094121274620e+00 1.783232342825829542e-01
1.842440264623417256e+00 1.894884509471485567e-01
1.855050435125559893e+00 2.010514150976203673e-01
1.867660605627704307e+00 2.130003691687807899e-01
1.880270776129846944e+00 2.253210086343761520e-01
1.892880946631989580e+00 2.379964168094393651e-01
1.905491117134133994e+00 2.510070163274518706e-01
1.918101287636276631e+00 2.643305387535731521e-01
1.930711458138419268e+00 2.779420136816135867e-01
1.943321628640563681e+00 2.918137785244514504e-01
1.955931799142706318e+00 3.059155100470816180e-01
1.968541969644848955e+00 3.202142785081574794e-01
1.981152140146993368e+00 3.346746250721755467e-01
1.993762310649136005e+00 3.492586629313157998e-01
2.006372481151278642e+00 3.639262023362150877e-01
2.018982651653423055e+00 3.786348994806796320e-01
2.031592822155565692e+00 3.933404289198920156e-01
2.044202992657708329e+00 4.079966789278335337e-01
2.056813163159852742e+00 4.225559689212575187e-01
2.069423333661995379e+00 4.369692877983211154e-01
2.082033504164138016e+00 4.511865517637242973e-01
2.094643674666282429e+00 4.651568799428167367e-01
2.107253845168425066e+00 4.788288858292991113e-01
2.119864015670569479e+00 4.921509823680454976e-01
2.132474186172712116e+00 5.050716982510317088e-01
2.145084356674854753e+00 5.175400028035941347e-01
2.157694527176999166e+00 5.295056366641396339e-01
2.170304697679141803e+00 5.409194453161926264e-01
2.182914868181284440e+00 5.517337124202422727e-01
2.195525038683428853e+00 5.619024898164685089e-01
2.208135209185571490e+00 5.713819210306738672e-01
2.220745379687714127e+00 5.801305551152198259e-01
2.233355550189858540e+00 5.881096476962833774e-01
2.245965720692001177e+00 5.952834461778148123e-01
2.258575891194143814e+00 6.016194561714325317e-01
2.271186061696288228e+00 6.070886863787168242e-01
2.283796232198430864e+00 6.116658693469356756e-01
2.296406402700573501e+00 6.153296557483106666e-01
2.309016573202717915e+00 6.180627800943423455e-01
2.321626743704860552e+00 6.198521960871119507e-01
2.334236914207003188e+00 6.206891801242598872e-01
2.346847084709147602e+00 6.205694018109609855e-01
2.359457255211290239e+00 6.194929606842943803e-01
2.372067425713432876e+00 6.174643887193574932e-01
2.384677596215577289e+00 6.144926185569020705e-01
2.397287766717719926e+00 6.105909177636230645e-01
2.409897937219862563e+00 6.057767898041859223e-01
2.422508107722006976e+00 6.000718427624542883e-01
2.435118278224149613e+00 5.935016271942644694e-01
2.447728448726292250e+00 5.860954448196643574e-01
2.460338619228436663e+00 5.778861300655527833e-01
2.472948789730579300e+00 5.689098067448121743e-01
2.485558960232721937e+00 5.592056224028563172e-01
2.498169130734866350e+00 5.488154630731149064e-01
2.510779301237008987e+00 5.377836513571082611e-01
2.523389471739151624e+00 5.261566308808760528e-01
2.535999642241296037e+00 5.139826402755165446e-01
2.548609812743438674e+00 5.013113798852103509e-01
2.561219983245581311e+00 4.881936744218163815e-01
2.573830153747725724e+00 4.746811347601081477e-01
2.586440324249868361e+00 4.608258220048414566e-01
2.599050494752010998e+00 4.466799168603071690e-01
2.611660665254155411e+00 4.322953971984156984e-01
2.624270835756298048e+00 4.177237265542977918e-01
2.636881006258440685e+00 4.030155560827355932e-01
2.649491176760585098e+00 3.882204422881618266e-01
2.662101347262727735e+00 3.733865825981718678e-01
2.674711517764870372e+00 3.585605705910493435e-01
2.687321688267014785e+00 3.437871724145039054e-01
2.699931858769157422e+00 3.291091256507580054e-01
2.712542029271300059e+00 3.145669615959302279e-01
2.725152199773444472e+00 3.001988516340531876e-01
2.737762370275587109e+00 2.860404781013332620e-01
2.750372540777729746e+00 2.721249297585767168e-01
2.762982711279874160e+00 2.584826217230853374e-01
2.775592881782016796e+00 2.451412394572891063e-01
2.788203052284159433e+00 2.321257061752043105e-01
2.800813222786303847e+00 2.194581728094530948e-01
2.813423393288446483e+00 2.071580294854074578e-01
2.826033563790589120e+00 1.952419372744357562e-01
2.838643734292733534e+00 1.837238788486688923e-01
2.851253904794876171e+00 1.726152265340190339e-01
2.863864075297018807e+00 1.619248261580853998e-01
2.876474245799163221e+00 1.516590950142724381e-01
2.889084416301305858e+00 1.418221322130288897e-01
2.901694586803448495e+00 1.324158396642809710e-01
2.914304757305592908e+00 1.234400519314790001e-01
2.926914927807735545e+00 1.148926732151939190e-01
2.939525098309878182e+00 1.067698197618024564e-01
2.952135268812022595e+00 9.906596604830335273e-02
2.964745439314165232e+00 9.177409316619604407e-02
2.977355609816307869e+00 8.488583791305050197e-02
2.989965780318452282e+00 7.839164119826844135e-02
3.002575950820594919e+00 7.228089447705154935e-02
3.015186121322737556e+00 6.654208304181194467e-02
3.027796291824881969e+00 6.116292512096981049e-02
3.040406462327024606e+00 5.613050585924840574e-02
3.053016632829167243e+00 5.143140537931478046e-02
3.065626803331311656e+00 4.705182025003858820e-02
3.078236973833454293e+00 4.297767781011981036e-02
3.090847144335596930e+00 3.919474291587232706e-02
3.103457314837741343e+00 3.568871679721364459e-02
3.116067485339883980e+00 3.244532781519290227e-02
3.128677655842026617e+00 2.945041401679922635e-02
3.141287826344171030e+00 2.668999747755957178e-02
3.153897996846313667e+00 2.415035050883325082e-02
3.166508167348456304e+00 2.181805388450245783e-02
3.179118337850600717e+00 1.968004731054477999e-02
3.191728508352743354e+00 1.772367242073863078e-02
3.204338678854885991e+00 1.593670863248592209e-02
3.216948849357030404e+00 1.430740223869128580e-02
3.229559019859173041e+00 1.282448914500003423e-02
3.242169190361315678e+00 1.147721168696550290e-02
3.254779360863460091e+00 1.025532997926491968e-02
3.267389531365602728e+00 9.149128259530915283e-03
3.279999701867745365e+00 8.149416693234833725e-03
3.292609872369889779e+00 7.247529104030406635e-03
3.305220042872032415e+00 6.435317086642882399e-03
3.317830213374175052e+00 5.705140947464569512e-03
3.330440383876319466e+00 5.049857902122515188e-03
3.343050554378462103e+00 4.462807940079575007e-03
3.355660724880604739e+00 3.937797744419860649e-03
3.368270895382749153e+00 3.469083030964584605e-03
3.380881065884891790e+00 3.051349645304343456e-03
3.393491236387034427e+00 2.679693729749276984e-03
3.406101406889178840e+00 2.349601245044317509e-03
3.418711577391321477e+00 2.056927104420039083e-03
3.431321747893464114e+00 1.797874150500845380e-03
3.443931918395608527e+00 1.568972179122641274e-03
3.456542088897751164e+00 1.367057188488388390e-03
3.469152259399893801e+00 1.189251007546049399e-03
3.481762429902038214e+00 1.032941434207785506e-03
3.494372600404180851e+00 8.957629921735951609e-04
3.506982770906323488e+00 7.755783947978547475e-04
3.519592941408467901e+00 6.704607857054454764e-04
3.532203111910610538e+00 5.786768087682840882e-04
3.544813282412753175e+00 4.986705446012202345e-04
3.557423452914897588e+00 4.290483369144240016e-04
3.570033623417040225e+00 3.685645198280136864e-04
3.582643793919182862e+00 3.161080465613100949e-04
3.595253964421327275e+00 2.706900106811011030e-04
3.607864134923469912e+00 2.314320432499580068e-04
3.620474305425612549e+00 1.975555626663641593e-04
3.633084475927756962e+00 1.683718486361391220e-04
3.645694646429899599e+00 1.432729074589436072e-04
3.658304816932042236e+00 1.217230925527371891e-04
3.670914987434186649e+00 1.032514417714237279e-04
3.683525157936329286e+00 8.744469149619809591e-05
3.696135328438471923e+00 7.394092660309659277e-05
3.708745498940616336e+00 6.242382513569628272e-05
3.721355669442758973e+00 5.261745675494040333e-05
3.733965839944901610e+00 4.428159471670530358e-05
3.746576010447046023e+00 3.720750216623796582e-05
3.759186180949188660e+00 3.121415486797581408e-05
3.771796351451333074e+00 2.614486404697202154e-05
3.784406521953475711e+00 2.186426474831035759e-05
3.797016692455618347e+00 1.825563697350607968e-05
3.809626862957762761e+00 1.521852878473320980e-05
3.822237033459905398e+00 1.266665254083079489e-05
3.834847203962048034e+00 1.052602741136295458e-05
3.847457374464192448e+00 8.733343279394397882e-06
3.860067544966335085e+00 7.234523067711039128e-06
3.872677715468477722e+00 5.983462388878718662e-06
3.885287885970622135e+00 4.940927212566368181e-06
3.897898056472764772e+00 4.073591953112145661e-06
3.910508226974907409e+00 3.353201998654363635e-06
3.923118397477051822e+00 2.755846225103183239e-06
3.935728567979194459e+00 2.261326460918468010e-06
3.948338738481337096e+00 1.852612191121859160e-06
3.960948908983481509e+00 1.515370011830598056e-06
3.973559079485624146e+00 1.237558471795231838e-06
3.986169249987766783e+00 1.009079967943709549e-06
3.998779420489911196e+00 8.214823015739314762e-07
4.011389590992053833e+00 6.677033550030699361e-07
4.023999761494196470e+00 5.418531200129225861e-07
4.036609931996340883e+00 4.390280044369930790e-07
4.049220102498483520e+00 3.551529669731374254e-07
4.061830273000626157e+00 2.868475880725528616e-07
4.074440443502770570e+00 2.313126817898256215e-07
4.087050614004913207e+00 1.862344948988846685e-07
4.099660784507055844e+00 1.497039303205663811e-07
4.112270955009200257e+00 1.201485766835037837e-07
4.124881125511342894e+00 9.627562910905559668e-08
4.137491296013485531e+00 7.702405225870395802e-08
4.150101466515629944e+00 6.152456920695174995e-08
4.162711637017772581e+00 4.906626241193517898e-08
4.175321807519915218e+00 3.906874926777460353e-08
4.187931978022059631e+00 3.105904747095295124e-08
4.200542148524202268e+00 2.465237747680132686e-08
4.213152319026344905e+00 1.953626315868777942e-08
4.225762489528489319e+00 1.545738966036254814e-08
4.238372660030631955e+00 1.221076136706174841e-08
4.250982830532774592e+00 9.630774713182277470e-09
4.263593001034919006e+00 7.583881793320146629e-09
4.276203171537061642e+00 5.962572865738461625e-09
4.288813342039204279e+00 4.680450082366202511e-09
4.301423512541348693e+00 3.668202245222098182e-09
4.314033683043491330e+00 2.870322037173508605e-09
4.326643853545633966e+00 2.242433844195085999e-09
4.339254024047778380e+00 1.749122706467082166e-09
4.351864194549921017e+00 1.362173739227194079e-09
4.364474365052063654e+00 1.059147097810415606e-09
4.377084535554208067e+00 8.222266955134878997e-10
4.389694706056350704e+00 6.372918220660338369e-10
4.402304876558493341e+00 4.931699006742711407e-10
4.414915047060635978e+00 3.810361582883122794e-10
4.427525217562778614e+00 2.939322184076432015e-10
4.440135388064924804e+00 2.263807718504601216e-10
4.452745558567067441e+00 1.740777191435419601e-10
4.465355729069210078e+00 1.336466610559345251e-10
4.477965899571352715e+00 1.024434696929112368e-10
4.490576070073495352e+00 7.840100928239561239e-11
4.503186240575637989e+00 5.990598359528216046e-11
4.515796411077784178e+00 4.570144123956027416e-11
4.528406581579926815e+00 3.480973366875623661e-11
4.541016752082069452e+00 2.647174584579518063e-11
4.553626922584212089e+00 2.009904937191080203e-11
4.566237093086354726e+00 1.523629830427187031e-11
4.578847263588500915e+00 1.153172835720567738e-11
4.591457434090643552e+00 8.714054994696610334e-12
4.604067604592786189e+00 6.574415010920142504e-12
4.616677775094928826e+00 4.952275887050641833e-12
4.629287945597071463e+00 3.724460844868261297e-12
4.641898116099214100e+00 2.796615963633865846e-12
4.654508286601360290e+00 2.096587828288826911e-12
4.667118457103502926e+00 1.569293108612209772e-12
4.679728627605645563e+00 1.172751038249354367e-12
4.692338798107788200e+00 8.750206605288853682e-13
4.704948968609930837e+00 6.518407150483235299e-13
4.717559139112073474e+00 4.848141949634746944e-13
4.730169309614219664e+00 3.600143486200909657e-13
4.742779480116362301e+00 2.669161830689596197e-13
4.755389650618504938e+00 1.975789107274530785e-13
4.767999821120647574e+00 1.460215071186240363e-13
4.780609991622790211e+00 1.077466059420584194e-13
4.793220162124932848e+00 7.937813239956487091e-14
4.805830332627079038e+00 5.838598813540069864e-14
4.818440503129221675e+00 4.287724244756486734e-14
4.831050673631364312e+00 3.143804185394061938e-14
4.843660844133506949e+00 2.301412841139469444e-14
4.856271014635649586e+00 1.682069570917345733e-14
4.868881185137792222e+00 1.227449773559130625e-14
4.881491355639938412e+00 8.942806514270882388e-15
4.894101526142081049e+00 6.505103983302111805e-15
4.906711696644223686e+00 4.724381189637492625e-15
4.919321867146366323e+00 3.425672775071322692e-15
4.931932037648508960e+00 2.480030676872340914e-15
4.944542208150651597e+00 1.792579551984781644e-15
4.957152378652797786e+00 1.293629791217630589e-15
4.969762549154940423e+00 9.320768912221219703e-16
4.982372719657083060e+00 6.705074566500027567e-16
4.994982890159225697e+00 4.815768473873651615e-16
5.007593060661368334e+00 3.453326809138780465e-16
5.020203231163510971e+00 2.472406246695957034e-16
5.032813401665657160e+00 1.767307144275580884e-16
5.045423572167799797e+00 1.261287991236086019e-16
5.058033742669942434e+00 8.987243188797121514e-17
5.070643913172085071e+00 6.393647808559695511e-17
5.083254083674227708e+00 4.541307268653699192e-17
5.095864254176370345e+00 3.220497795072625565e-17
5.108474424678516534e+00 2.280211040399124756e-17
5.121084595180659171e+00 1.611895862786057977e-17
5.133694765682801808e+00 1.137650323896941945e-17
5.146304936184944445e+00 8.016604647284900356e-18
5.158915106687087082e+00 5.640037274312914918e-18
5.171525277189229719e+00 3.961715628320902338e-18
5.184135447691375909e+00 2.778397756099179512e-18
5.196745618193518546e+00 1.945428692506801772e-18
5.209355788695661182e+00 1.360022116401032939e-18
5.221965959197803819e+00 9.492625813132734301e-19
5.234576129699946456e+00 6.615100865388191233e-19
5.247186300202089093e+00 4.602526287158560952e-19
5.259796470704235283e+00 3.197170255639791756e-19
5.272406641206377920e+00 2.217404428162265592e-19
5.285016811708520557e+00 1.535442998756325184e-19
5.297626982210663193e+00 1.061529601484292487e-19
5.310237152712805830e+00 7.327235064489413867e-20
5.322847323214948467e+00 5.049608698324630441e-20
5.335457493717094657e+00 3.474440621541590994e-20
5.348067664219237294e+00 2.386830683578780261e-20
5.360677834721379931e+00 1.637072307801986341e-20
5.373288005223522568e+00 1.121046497205352051e-20
5.385898175725665205e+00 7.664589257552743788e-21
5.398508346227807841e+00 5.231950482607060213e-21
5.411118516729954031e+00 3.565724829661277171e-21
5.423728687232096668e+00 2.426283079867416499e-21
5.436338857734239305e+00 1.648331434877719938e-21
5.448949028236381942e+00 1.118039178746675285e-21
5.461559198738524579e+00 7.571447185633832647e-22
5.474169369240667216e+00 5.119294906437195088e-22
5.486779539742813405e+00 3.455817184652875230e-22
5.499389710244956042e+00 2.329167463491858097e-22
5.511999880747098679e+00 1.567328377395830063e-22
5.524610051249241316e+00 1.053000530365417729e-22
5.537220221751383953e+00 7.063280898884716647e-23
5.549830392253526590e+00 4.730354025844420724e-23
5.562440562755672779e+00 3.162933604705871200e-23
5.575050733257815416e+00 2.111522693146967643e-23
5.587660903759958053e+00 1.407377692623014001e-23
5.600271074262100690e+00 9.365582401512029670e-24
5.612881244764243327e+00 6.222546012126911204e-24
5.625491415266385964e+00 4.127723804191141607e-24
5.638101585768532154e+00 2.733772144329254508e-24
5.650711756270674790e+00 1.807686662879982877e-24
5.663321926772817427e+00 1.193419513139942777e-24
5.675932097274960064e+00 7.866331447016100091e-25
5.688542267777102701e+00 5.176788949161855781e-25
5.701152438279245338e+00 3.401400529290429747e-25
5.713762608781391528e+00 2.231331891303374336e-25
5.726372779283534165e+00 1.461435452081945993e-25
5.738982949785676801e+00 9.556616492430595293e-26
5.751593120287819438e+00 6.239326570913220051e-26
5.764203290789962075e+00 4.067057407871954989e-26
5.776813461292104712e+00 2.646865660523088670e-26
5.789423631794250902e+00 1.719857618421967019e-26
5.802033802296393539e+00 1.115737612337326585e-26
5.814643972798536176e+00 7.226709937346886163e-27
5.827254143300678813e+00 4.673348092506110403e-27
5.839864313802821449e+00 3.017342299758786399e-27
5.852474484304964086e+00 1.945046382348867433e-27
5.865084654807110276e+00 1.251826844106233069e-27
5.877694825309252913e+00 8.043914809465065870e-28
5.890304995811395550e+00 5.160592366150887864e-28
5.902915166313538187e+00 3.305525613955197912e-28
5.915525336815680824e+00 2.113928836681469645e-28
5.928135507317823460e+00 1.349736684931693307e-28
5.940745677819969650e+00 8.604320528451894041e-29
5.953355848322112287e+00 5.476371933502079975e-29
5.965966018824254924e+00 3.479990884469646807e-29
5.978576189326397561e+00 2.207862783629881569e-29
5.991186359828540198e+00 1.398539836547400199e-29
6.003796530330682835e+00 8.844766696657679762e-30
6.016406700832829024e+00 5.584787945904376888e-30
6.029016871334971661e+00 3.520754532156505704e-30
6.041627041837114298e+00 2.216019348327483751e-30
6.054237212339256935e+00 1.392579759295826599e-30
6.066847382841399572e+00 8.737261358885936465e-31
6.079457553343542209e+00 5.473174332847189497e-31
6.092067723845688398e+00 3.423039657767768582e-31
6.104677894347831035e+00 2.137436703574553627e-31
6.117288064849973672e+00 1.332549240811783099e-31
6.129898235352116309e+00 8.294341829549028746e-32
6.142508405854258946e+00 5.154532021515261233e-32
6.155118576356401583e+00 3.198196853324513196e-32
6.167728746858547773e+00 1.981206607170943697e-32
6.180338917360690409e+00 1.225357910737786393e-32
6.192949087862833046e+00 7.566669311500925157e-33
6.205559258364975683e+00 4.665037540265692815e-33
6.218169428867118320e+00 2.871534999143547103e-33
6.230779599369264510e+00 1.764743766664200895e-33
6.243389769871407147e+00 1.082823718331284682e-33
6.255999940373549784e+00 6.633495116287053025e-34
6.268610110875692421e+00 4.057285856583384395e-34
6.281220281377835057e+00 2.477635011953419023e-34
6.293830451879977694e+00 1.510593357388297224e-34
6.306440622382123884e+00 9.195308834274688473e-35
6.319050792884266521e+00 5.588478282213843094e-35
6.331660963386409158e+00 3.391011813655651640e-35
6.344271133888551795e+00 2.054345644644628356e-35
6.356881304390694432e+00 1.242585255803692582e-35
6.369491474892837068e+00 7.503905117466990525e-36
6.382101645394983258e+00 4.524357555469562511e-36
6.394711815897125895e+00 2.723547428513690146e-36
6.407321986399268532e+00 1.636897153632895950e-36
6.419932156901411169e+00 9.822369387159636748e-37
6.432542327403553806e+00 5.884635126454633028e-37
6.445152497905696443e+00 3.519907217152533023e-37
6.457762668407842632e+00 2.102089878142879525e-37
6.470372838909985269e+00 1.253371242040295012e-37
6.482983009412127906e+00 7.461335022769543809e-38
6.495593179914270543e+00 4.434674171836495814e-38
6.508203350416413180e+00 2.631571920045654681e-38
6.520813520918555817e+00 1.559111277693072905e-38
6.533423691420702006e+00 9.222471361328928110e-39
6.546033861922844643e+00 5.446604510617506814e-39
6.558644032424987280e+00 3.211535168552193946e-39
6.571254202927129917e+00 1.890635588931924205e-39
6.583864373429272554e+00 1.111248715325705038e-39
6.596474543931415191e+00 6.521132175029622309e-40
6.609084714433561381e+00 3.820700654678357414e-40
6.621694884935704017e+00 2.234967914958952301e-40
6.634305055437846654e+00 1.305292474616015996e-40
6.646915225939989291e+00 7.611191134792054410e-41
6.659525396442131928e+00 4.431039956794864164e-41
6.672135566944274565e+00 2.575531938281966262e-41
6.684745737446420755e+00 1.494639447256422661e-41
6.697355907948563392e+00 8.659925562594950258e-42
6.709966078450706028e+00 5.009565828127174246e-42
6.722576248952848665e+00 2.893305004684916201e-42
6.735186419454991302e+00 1.668386019650842129e-42
6.747796589957133939e+00 9.605214122862510602e-43
6.760406760459280129e+00 5.521101564031756326e-43
6.773016930961422766e+00 3.168491822052778178e-43
6.785627101463565403e+00 1.815463848864386384e-43
6.798237271965708040e+00 1.038558040705482262e-43
6.810847442467850676e+00 5.931739690210220142e-44
6.823457612969993313e+00 3.382529027278572213e-44
6.836067783472139503e+00 1.925790805352684841e-44
6.848677953974282140e+00 1.094674007685496602e-44
6.861288124476424777e+00 6.212531679614751039e-45
6.873898294978567414e+00 3.520144825926933946e-45
6.886508465480710051e+00 1.991409360678731520e-45
6.899118635982852688e+00 1.124782747996058214e-45
6.911728806484998877e+00 6.342855692447691877e-46
6.924338976987141514e+00 3.571158199647855250e-46
6.936949147489284151e+00 2.007434645502706963e-46
6.949559317991426788e+00 1.126631267923895582e-46
6.962169488493569425e+00 6.312919294258497626e-47
6.974779658995712062e+00 3.531723692231561660e-47
6.987389829497858251e+00 1.972655453787624575e-47
7.000000000000000888e+00 1.100078776633105885e-47
