0.000000000000000000e+00
3.410300360205903436e-02
3.471576077910250996e-02
3.765917880975457738e-02
3.636470145376791835e-02
3.545952630082179619e-02
3.514779048342079465e-02
3.510769639384020424e-02
3.453604591404284968e-02
3.482223722970356761e-02
3.485361080248755572e-02
3.480981760117692753e-02
3.480981760117692753e-02
3.480981760117692753e-02
3.474510213881257942e-02
3.474510213881257942e-02
3.474510213881257942e-02
3.474510213881257942e-02
3.474510213881257942e-02
3.474510213881257942e-02
3.474510213881257942e-02
3.474510213881257942e-02
3.474510213881257942e-02
3.474510213881257942e-02
3.474510213881257942e-02
3.474510213881257942e-02
3.474510213881257942e-02
3.474510213881257942e-02
3.474510213881257942e-02
3.474510213881257942e-02
3.474510213881257942e-02
3.474510213881257942e-02
3.474510213881257942e-02
3.474510213881257942e-02
3.474510213881257942e-02
3.474510213881257942e-02
3.474510213881257942e-02
3.474510213881257942e-02
3.474510213881257942e-02
3.474510213881257942e-02
3.474510213881257942e-02
3.474510213881257942e-02
3.474510213881257942e-02
3.474510213881257942e-02
3.474510213881257942e-02
3.474510213881257942e-02
3.474510213881257942e-02
3.474510213881257942e-02
3.474510213881257942e-02
3.474510213881257942e-02
3.474510213881257942e-02
3.474510213881257942e-02
3.474510213881257942e-02
3.474510213881257942e-02
3.474510213881257942e-02
3.474510213881257942e-02
3.474510213881257942e-02
3.474510213881257942e-02
3.474510213881257942e-02
3.474510213881257942e-02
3.474510213881257942e-02
3.474510213881257942e-02
3.474510213881257942e-02
3.474510213881257942e-02
3.474510213881257942e-02
3.474510213881257942e-02
3.474510213881257942e-02
3.474510213881257942e-02
3.474510213881257942e-02
3.474510213881257942e-02
3.474510213881257942e-02
3.474510213881257942e-02
3.474510213881257942e-02
3.474510213881257942e-02
3.474510213881257942e-02
3.474510213881257942e-02
3.474510213881257942e-02
3.474510213881257942e-02
3.474510213881257942e-02
3.474510213881257942e-02
3.474510213881257942e-02
3.474510213881257942e-02
3.474510213881257942e-02
3.474510213881257942e-02
3.474510213881257942e-02
3.474510213881257942e-02
3.474510213881257942e-02
3.474510213881257942e-02
3.474510213881257942e-02
3.474510213881257942e-02
3.474510213881257942e-02
3.474510213881257942e-02
3.474510213881257942e-02
3.474510213881257942e-02
3.474510213881257942e-02
3.474510213881257942e-02
3.474510213881257942e-02
3.474510213881257942e-02
3.474510213881257942e-02
3.474510213881257942e-02
3.474510213881257942e-02
3.474510213881257942e-02
3.474510213881257942e-02
3.474510213881257942e-02
3.474510213881257942e-02
3.474510213881257942e-02
3.474510213881257942e-02
3.474510213881257942e-02
3.474510213881257942e-02
3.474510213881257942e-02
3.474510213881257942e-02
3.474510213881257942e-02
3.474510213881257942e-02
3.474510213881257942e-02
3.474510213881257942e-02
3.474510213881257942e-02
3.474510213881257942e-02
3.474510213881257942e-02
3.474510213881257942e-02
3.474510213881257942e-02
3.474510213881257942e-02
3.474510213881257942e-02
3.474510213881257942e-02
3.474510213881257942e-02
3.474510213881257942e-02
3.474510213881257942e-02
3.474510213881257942e-02
3.474510213881257942e-02
3.474510213881257942e-02
3.474510213881257942e-02
3.474510213881257942e-02
3.474510213881257942e-02
3.474510213881257942e-02
3.474510213881257942e-02
3.474510213881257942e-02
3.474510213881257942e-02
3.474510213881257942e-02
3.474510213881257942e-02
3.474510213881257942e-02
3.474510213881257942e-02
3.474510213881257942e-02
3.474510213881257942e-02
3.474510213881257942e-02
3.474510213881257942e-02
3.474510213881257942e-02
3.474510213881257942e-02
3.474510213881257942e-02
3.474510213881257942e-02
3.474510213881257942e-02
3.474510213881257942e-02
3.474510213881257942e-02
3.474510213881257942e-02
3.474510213881257942e-02
3.474510213881257942e-02
3.474510213881257942e-02
3.474510213881257942e-02
3.474510213881257942e-02
3.474510213881257942e-02
3.474510213881257942e-02
3.474510213881257942e-02
3.474510213881257942e-02
3.474510213881257942e-02
3.474510213881257942e-02
3.474510213881257942e-02
3.474510213881257942e-02
3.474510213881257942e-02
3.474510213881257942e-02
3.474510213881257942e-02
3.474510213881257942e-02
3.474510213881257942e-02
3.474510213881257942e-02
3.474510213881257942e-02
3.474510213881257942e-02
3.474510213881257942e-02
3.474510213881257942e-02
3.474510213881257942e-02
3.474510213881257942e-02
3.474510213881257942e-02
3.474510213881257942e-02
3.474510213881257942e-02
3.474510213881257942e-02
3.474510213881257942e-02
3.474510213881257942e-02
3.474510213881257942e-02
3.474510213881257942e-02
3.474510213881257942e-02
3.474510213881257942e-02
3.474510213881257942e-02
3.474510213881257942e-02
3.474510213881257942e-02
3.474510213881257942e-02
3.474510213881257942e-02
3.474510213881257942e-02
3.474510213881257942e-02
3.474510213881257942e-02
3.474510213881257942e-02
3.474510213881257942e-02
3.474510213881257942e-02
3.474510213881257942e-02
3.474510213881257942e-02
3.474510213881257942e-02
3.474510213881257942e-02
3.474510213881257942e-02
3.474510213881257942e-02
3.474510213881257942e-02
3.474510213881257942e-02
3.474510213881257942e-02
3.474510213881257942e-02
3.474510213881257942e-02
3.474510213881257942e-02
3.474510213881257942e-02
3.474510213881257942e-02
3.474510213881257942e-02
3.474510213881257942e-02
3.474510213881257942e-02
3.474510213881257942e-02
3.474510213881257942e-02
3.474510213881257942e-02
3.474510213881257942e-02
3.474510213881257942e-02
3.474510213881257942e-02
3.474510213881257942e-02
3.474510213881257942e-02
3.474510213881257942e-02
3.474510213881257942e-02
3.474510213881257942e-02
3.474510213881257942e-02
3.474510213881257942e-02
3.474510213881257942e-02
3.474510213881257942e-02
3.474510213881257942e-02
3.474510213881257942e-02
3.474510213881257942e-02
3.474510213881257942e-02
3.474510213881257942e-02
3.474510213881257942e-02
3.474510213881257942e-02
3.474510213881257942e-02
3.474510213881257942e-02
3.474510213881257942e-02
3.474510213881257942e-02
3.474510213881257942e-02
3.474510213881257942e-02
3.474510213881257942e-02
3.474510213881257942e-02
3.474510213881257942e-02
3.474510213881257942e-02
3.474510213881257942e-02
3.474510213881257942e-02
3.474510213881257942e-02
