1.000000000000000000e+00
9.993812386034459649e-01
9.979713205311593338e-01
9.943235516428218235e-01
9.897366409750484317e-01
9.846622728656297951e-01
9.801367332656852893e-01
9.757675605070980085e-01
9.686510517490517502e-01
9.664915825596465115e-01
9.604783076547664944e-01
9.570541796347010743e-01
9.544781069734057377e-01
9.521232694684017561e-01
9.464085375371459330e-01
9.414317234705388282e-01
9.387594927144095047e-01
9.312888743658545021e-01
9.271216497988098437e-01
9.159133579576957951e-01
9.103879890488634219e-01
9.056785636918083249e-01
9.047441892782284167e-01
9.030016861663717753e-01
9.010884579203369826e-01
8.982255947305266552e-01
8.966357393851565050e-01
8.936203666349956665e-01
8.886018480849778856e-01
8.848256634941373822e-01
8.836418557227126991e-01
8.805220641252060609e-01
8.769804740353088768e-01
8.743418282143424758e-01
8.669820528110211422e-01
8.648380887253435123e-01
8.637034671484468129e-01
8.617320340968541714e-01
8.556695549593429373e-01
8.496758869201975761e-01
8.483685231136882665e-01
8.453435586942000812e-01
8.447796085404293276e-01
8.427266374503803448e-01
8.420829628831074665e-01
8.382165014318836427e-01
8.407425344211242324e-01
8.378304109179833814e-01
8.385224759293389285e-01
8.408194744082377881e-01
8.399876492335596190e-01
8.399876492335596190e-01
8.379453987089756639e-01
8.377468614011650550e-01
8.376202478044360022e-01
8.372998722163196295e-01
8.358883121748699185e-01
8.350466579218723817e-01
8.350466579218723817e-01
8.350466579218723817e-01
8.333075439201536039e-01
8.318701568698880777e-01
8.318701568698880777e-01
8.300959798964905323e-01
8.300959798964905323e-01
8.304718976558395083e-01
8.288612081040871438e-01
8.288612081040871438e-01
8.288612081040871438e-01
8.288612081040871438e-01
8.288393804219185146e-01
8.305675881843846975e-01
8.305675881843846975e-01
8.305675881843846975e-01
8.293609905842825869e-01
8.293609905842825869e-01
8.283206588017479888e-01
8.281244490097635635e-01
8.280461253299015167e-01
8.290638509097510989e-01
8.290638509097510989e-01
8.325510869957721827e-01
8.325510869957721827e-01
8.327472967877567189e-01
8.327472967877567189e-01
8.330735030589615508e-01
8.330735030589615508e-01
8.330735030589615508e-01
8.330735030589615508e-01
8.315418897909760965e-01
8.315418897909760965e-01
8.315418897909760965e-01
8.315418897909760965e-01
8.315418897909760965e-01
8.315418897909760965e-01
8.315418897909760965e-01
8.308467117169114902e-01
8.308467117169114902e-01
8.308467117169114902e-01
8.308467117169114902e-01
8.308467117169114902e-01
8.308467117169114902e-01
8.317131357188056739e-01
8.317131357188056739e-01
8.317131357188056739e-01
8.317131357188056739e-01
8.317131357188056739e-01
8.292946692715923440e-01
8.292946692715923440e-01
8.292946692715923440e-01
8.292946692715923440e-01
8.292946692715923440e-01
8.292946692715923440e-01
8.292946692715923440e-01
8.267212451257639483e-01
8.267212451257639483e-01
8.267212451257639483e-01
8.267212451257639483e-01
8.267212451257639483e-01
8.267212451257639483e-01
8.274164231998283325e-01
8.274164231998283325e-01
8.274164231998283325e-01
8.274164231998283325e-01
8.274164231998283325e-01
8.274164231998283325e-01
8.274164231998283325e-01
8.274164231998283325e-01
8.274164231998283325e-01
8.274164231998283325e-01
8.274164231998283325e-01
8.276126329918127578e-01
8.276126329918127578e-01
8.276126329918127578e-01
8.276126329918127578e-01
8.276126329918127578e-01
8.276126329918127578e-01
8.276126329918127578e-01
8.276126329918127578e-01
8.266128127320886421e-01
8.266128127320886421e-01
8.266128127320886421e-01
8.266128127320886421e-01
8.266128127320886421e-01
8.266128127320886421e-01
8.266128127320886421e-01
8.266128127320886421e-01
8.266128127320886421e-01
8.266128127320886421e-01
8.266128127320886421e-01
8.266128127320886421e-01
8.266128127320886421e-01
8.266128127320886421e-01
8.266128127320886421e-01
8.266128127320886421e-01
8.266128127320886421e-01
8.266128127320886421e-01
8.266128127320886421e-01
8.266128127320886421e-01
8.266128127320886421e-01
8.266128127320886421e-01
8.266128127320886421e-01
8.266128127320886421e-01
8.266128127320886421e-01
8.266128127320886421e-01
8.266128127320886421e-01
8.266128127320886421e-01
8.266128127320886421e-01
8.266128127320886421e-01
8.266128127320886421e-01
8.266128127320886421e-01
8.266128127320886421e-01
8.266128127320886421e-01
8.266128127320886421e-01
8.266128127320886421e-01
8.266128127320886421e-01
8.266128127320886421e-01
8.266128127320886421e-01
8.266128127320886421e-01
8.266128127320886421e-01
8.266128127320886421e-01
8.266128127320886421e-01
8.266128127320886421e-01
8.266128127320886421e-01
8.266128127320886421e-01
8.266128127320886421e-01
8.266128127320886421e-01
8.266128127320886421e-01
8.266128127320886421e-01
8.266128127320886421e-01
8.266128127320886421e-01
8.266128127320886421e-01
8.266128127320886421e-01
8.266128127320886421e-01
8.266128127320886421e-01
8.266128127320886421e-01
8.266128127320886421e-01
8.266128127320886421e-01
8.266128127320886421e-01
8.266128127320886421e-01
8.266128127320886421e-01
8.266128127320886421e-01
8.266128127320886421e-01
8.266128127320886421e-01
8.266128127320886421e-01
8.266128127320886421e-01
8.266128127320886421e-01
8.266128127320886421e-01
8.266128127320886421e-01
8.266128127320886421e-01
8.266128127320886421e-01
8.266128127320886421e-01
8.266128127320886421e-01
8.266128127320886421e-01
8.266128127320886421e-01
8.266128127320886421e-01
8.266128127320886421e-01
8.266128127320886421e-01
8.266128127320886421e-01
8.266128127320886421e-01
8.266128127320886421e-01
8.266128127320886421e-01
8.266128127320886421e-01
8.266128127320886421e-01
8.266128127320886421e-01
8.266128127320886421e-01
8.266128127320886421e-01
8.266128127320886421e-01
8.266128127320886421e-01
8.266128127320886421e-01
8.266128127320886421e-01
8.266128127320886421e-01
8.266128127320886421e-01
8.266128127320886421e-01
8.266128127320886421e-01
8.266128127320886421e-01
8.266128127320886421e-01
8.266128127320886421e-01
8.266128127320886421e-01
8.266128127320886421e-01
8.266128127320886421e-01
8.266128127320886421e-01
8.266128127320886421e-01
8.266128127320886421e-01
8.266128127320886421e-01
8.266128127320886421e-01
8.266128127320886421e-01
8.266128127320886421e-01
8.266128127320886421e-01
8.266128127320886421e-01
