0.000000000000000000e+00
4.386796809733751329e-02
4.386872104376537268e-02
4.368398600797910453e-02
4.400951451911813694e-02
4.407542715276996370e-02
4.385218819575657095e-02
4.372778749210790017e-02
4.338558698094798632e-02
4.370990660825260082e-02
4.419501360021572262e-02
4.544579812877835162e-02
4.456652847095585873e-02
4.528667345278374751e-02
4.565426179700207698e-02
4.465950320563638609e-02
4.416209510714898950e-02
4.418228935338811003e-02
4.357899034543622624e-02
4.269770527549867495e-02
4.178966567074505339e-02
4.165180624973484347e-02
4.141249878827325814e-02
4.101658380961204636e-02
4.093699970135736971e-02
4.052088045487372420e-02
4.094154410833617669e-02
4.099960871729414758e-02
4.183485411973350554e-02
4.188341165570218932e-02
4.213675994287539167e-02
4.129015408184446428e-02
4.167361698412729715e-02
4.229855594190370244e-02
4.397071965610205996e-02
4.397958279463515946e-02
4.411577537979132629e-02
4.405486925683590321e-02
4.236902051485249426e-02
4.148749022834356814e-02
4.183426925092142978e-02
4.168264864788981394e-02
4.138410466387160841e-02
4.072654469373641895e-02
4.058000078859463206e-02
4.122437221517673972e-02
4.036604494850582620e-02
4.005056980496200097e-02
3.984176411065313422e-02
3.962965618943900536e-02
4.012439402865979748e-02
4.012439402865979748e-02
3.927343124071560471e-02
3.928974533458563095e-02
3.929341417402950482e-02
3.931627174265311248e-02
4.021330563554834092e-02
4.024327356706404457e-02
4.024327356706404457e-02
4.024327356706404457e-02
4.014406929564382637e-02
4.012782086308607638e-02
4.012782086308607638e-02
4.023637018159877815e-02
4.023637018159877815e-02
4.034968298078790705e-02
4.044760128901072477e-02
4.044760128901072477e-02
4.044760128901072477e-02
4.044760128901072477e-02
4.042258115804028135e-02
3.985117284606819882e-02
3.985117284606819882e-02
3.985117284606819882e-02
3.943940842768373090e-02
3.943940842768373090e-02
3.952632610502188754e-02
3.954576830926611469e-02
3.955332848537234519e-02
3.998757255648926340e-02
3.998757255648926340e-02
4.029390677755804312e-02
4.029390677755804312e-02
4.027245023786944073e-02
4.027245023786944073e-02
4.028055189453065565e-02
4.028055189453065565e-02
4.028055189453065565e-02
4.028055189453065565e-02
3.970631303619906460e-02
3.970631303619906460e-02
3.970631303619906460e-02
3.970631303619906460e-02
3.970631303619906460e-02
3.970631303619906460e-02
3.970631303619906460e-02
3.938910909949713129e-02
3.938910909949713129e-02
3.938910909949713129e-02
3.938910909949713129e-02
3.938910909949713129e-02
3.938910909949713129e-02
3.933815101685357585e-02
3.933815101685357585e-02
3.933815101685357585e-02
3.933815101685357585e-02
3.933815101685357585e-02
3.950892774717050526e-02
3.950892774717050526e-02
3.950892774717050526e-02
3.950892774717050526e-02
3.950892774717050526e-02
3.950892774717050526e-02
3.950892774717050526e-02
4.031711567484298070e-02
4.031711567484298070e-02
4.031711567484298070e-02
4.031711567484298070e-02
4.031711567484298070e-02
4.031711567484298070e-02
4.063484950881045971e-02
4.063484950881045971e-02
4.063484950881045971e-02
4.063484950881045971e-02
4.063484950881045971e-02
4.063484950881045971e-02
4.063484950881045971e-02
4.063484950881045971e-02
4.063484950881045971e-02
4.063484950881045971e-02
4.063484950881045971e-02
4.061630538207336438e-02
4.061630538207336438e-02
4.061630538207336438e-02
4.061630538207336438e-02
4.061630538207336438e-02
4.061630538207336438e-02
4.061630538207336438e-02
4.061630538207336438e-02
4.096976479831920120e-02
4.096976479831920120e-02
4.096976479831920120e-02
4.096976479831920120e-02
4.096976479831920120e-02
4.096976479831920120e-02
4.096976479831920120e-02
4.096976479831920120e-02
4.096976479831920120e-02
4.096976479831920120e-02
4.096976479831920120e-02
4.096976479831920120e-02
4.096976479831920120e-02
4.096976479831920120e-02
4.096976479831920120e-02
4.096976479831920120e-02
4.096976479831920120e-02
4.096976479831920120e-02
4.096976479831920120e-02
4.096976479831920120e-02
4.096976479831920120e-02
4.096976479831920120e-02
4.096976479831920120e-02
4.096976479831920120e-02
4.096976479831920120e-02
4.096976479831920120e-02
4.096976479831920120e-02
4.096976479831920120e-02
4.096976479831920120e-02
4.096976479831920120e-02
4.096976479831920120e-02
4.096976479831920120e-02
4.096976479831920120e-02
4.096976479831920120e-02
4.096976479831920120e-02
4.096976479831920120e-02
4.096976479831920120e-02
4.096976479831920120e-02
4.096976479831920120e-02
4.096976479831920120e-02
4.096976479831920120e-02
4.096976479831920120e-02
4.096976479831920120e-02
4.096976479831920120e-02
4.096976479831920120e-02
4.096976479831920120e-02
4.096976479831920120e-02
4.096976479831920120e-02
4.096976479831920120e-02
4.096976479831920120e-02
4.096976479831920120e-02
4.096976479831920120e-02
4.096976479831920120e-02
4.096976479831920120e-02
4.096976479831920120e-02
4.096976479831920120e-02
4.096976479831920120e-02
4.096976479831920120e-02
4.096976479831920120e-02
4.096976479831920120e-02
4.096976479831920120e-02
4.096976479831920120e-02
4.096976479831920120e-02
4.096976479831920120e-02
4.096976479831920120e-02
4.096976479831920120e-02
4.096976479831920120e-02
4.096976479831920120e-02
4.096976479831920120e-02
4.096976479831920120e-02
4.096976479831920120e-02
4.096976479831920120e-02
4.096976479831920120e-02
4.096976479831920120e-02
4.096976479831920120e-02
4.096976479831920120e-02
4.096976479831920120e-02
4.096976479831920120e-02
4.096976479831920120e-02
4.096976479831920120e-02
4.096976479831920120e-02
4.096976479831920120e-02
4.096976479831920120e-02
4.096976479831920120e-02
4.096976479831920120e-02
4.096976479831920120e-02
4.096976479831920120e-02
4.096976479831920120e-02
4.096976479831920120e-02
4.096976479831920120e-02
4.096976479831920120e-02
4.096976479831920120e-02
4.096976479831920120e-02
4.096976479831920120e-02
4.096976479831920120e-02
4.096976479831920120e-02
4.096976479831920120e-02
4.096976479831920120e-02
4.096976479831920120e-02
4.096976479831920120e-02
4.096976479831920120e-02
4.096976479831920120e-02
4.096976479831920120e-02
4.096976479831920120e-02
4.096976479831920120e-02
4.096976479831920120e-02
4.096976479831920120e-02
4.096976479831920120e-02
4.096976479831920120e-02
4.096976479831920120e-02
4.096976479831920120e-02
