0.000000000000000000e+00
2.437250190279903819e-02
2.437250190279903819e-02
2.437250190279903819e-02
2.437250190279903819e-02
2.433448781482177789e-02
2.261849552363645252e-02
2.293042308289865508e-02
2.165721548759441326e-02
2.121762698887613360e-02
2.040333834286584339e-02
1.935496157216820209e-02
1.930225896052577619e-02
1.868677868124163366e-02
1.597000349040218758e-02
1.686128382342122825e-02
1.430280278269831749e-02
1.302535860705641112e-02
1.264270132532366482e-02
1.289114202922750536e-02
1.361400237112253726e-02
1.263442334375659837e-02
1.224895150656003101e-02
1.224401217415341768e-02
1.276822116546742075e-02
1.194279628639395401e-02
1.118343378449321822e-02
1.090425282187176652e-02
1.140525957507524703e-02
1.241647245914342945e-02
1.329085630503873579e-02
1.093523596969015084e-02
1.097768188902168394e-02
1.174345694124273413e-02
1.246686809362734967e-02
1.157648001253956151e-02
1.242061139606981217e-02
1.344017053943286251e-02
1.410209542883978512e-02
1.429758110339147438e-02
1.480426965168596398e-02
1.524553559826882093e-02
1.447409706144562984e-02
1.326453930338002997e-02
1.235437115067026907e-02
1.277435639970166126e-02
1.260904918003289028e-02
1.352066519888002472e-02
1.505505101958005097e-02
1.410939694797591105e-02
1.221424609867272602e-02
1.287875142258179846e-02
1.191919943978892761e-02
1.215039488835451681e-02
1.266887026850631835e-02
1.190421583194943740e-02
1.301828448500288830e-02
1.301590849614113476e-02
1.264508690255799518e-02
1.240092384419732609e-02
1.279961759002913070e-02
1.347287484211153082e-02
1.295226056954666520e-02
1.324163689716009208e-02
1.340786203193062263e-02
1.434879588976991499e-02
1.516282611770981316e-02
1.386309431918364941e-02
1.437713231726440478e-02
1.362911666313489610e-02
1.404899157325801944e-02
1.495362743185735081e-02
1.538621281653095203e-02
1.485284940793942833e-02
1.363864058185865896e-02
1.360156587686438441e-02
1.420028838804686389e-02
1.398859217435381892e-02
1.457777227454444026e-02
1.410090567595389394e-02
1.543892062854285673e-02
1.544898482023679583e-02
1.573939618402054111e-02
1.719397099239574137e-02
1.658714139391451528e-02
1.599958627712511766e-02
1.641113129377757412e-02
1.737806113040436459e-02
1.748085277654634270e-02
1.731443718118709160e-02
1.756168261150798174e-02
1.849278728763367394e-02
1.838034802038236368e-02
1.776081682230745348e-02
1.762244061332825240e-02
1.804721359563469726e-02
1.869168171440231674e-02
1.853537123448880178e-02
1.753786139483372308e-02
1.729553501594743511e-02
1.662805341949622276e-02
1.717780484210280206e-02
1.673559693545219676e-02
1.614811232372874786e-02
1.578496904475196888e-02
1.421787831837015119e-02
1.459352029420165307e-02
1.696516264205505387e-02
1.741339148293561886e-02
1.816034332306078886e-02
1.754323382267273732e-02
1.632942746260991271e-02
1.727402761370535819e-02
1.813423448597701118e-02
1.792597545733009765e-02
1.808493503492577745e-02
1.773563246740744379e-02
1.641000763360434683e-02
1.617588516404709284e-02
1.659978919969079883e-02
1.633756834719570297e-02
1.596657493686430562e-02
1.538189736847278728e-02
1.517655268163305669e-02
1.432159720436074375e-02
1.600953012435803180e-02
1.599057200672761997e-02
1.665430141381952014e-02
1.592733687832572145e-02
1.539970220160735703e-02
1.463142281780812314e-02
1.413544508555693822e-02
1.408013657777819165e-02
1.411377982639443716e-02
1.415144642027840217e-02
1.434460232874072878e-02
1.522174526818375652e-02
1.456779423376806243e-02
1.482709242566315234e-02
1.547881055795335969e-02
1.619020063297414366e-02
1.705208997491024225e-02
1.640668762597437616e-02
1.678483715697315706e-02
1.722453145108805012e-02
1.859080599283775836e-02
1.775155522631149951e-02
1.828966158008012155e-02
1.800933106788315391e-02
1.790818109519875384e-02
1.797361998616783113e-02
1.768092497672064251e-02
1.702069883514537724e-02
1.631428389016870498e-02
1.596963586826381440e-02
1.627164301764788892e-02
1.570560918912397227e-02
1.546168711042202916e-02
1.616852030815682864e-02
1.674307416960355357e-02
1.657331148299970303e-02
1.669850284693916859e-02
1.737578606283886676e-02
1.739038704625773049e-02
1.621393970944030177e-02
1.666116702577380773e-02
1.763288100115133553e-02
1.634049548606889349e-02
1.635106206965995443e-02
1.609349483793959604e-02
1.618041751977286266e-02
1.646512916740757240e-02
1.589138630356277601e-02
1.600909934448398880e-02
1.646618953441736019e-02
1.637529155924733262e-02
1.645130708255790677e-02
1.487976339911820621e-02
1.483178276916530432e-02
1.493294612574792325e-02
1.411537805306962816e-02
1.404102025085129067e-02
1.362707290137790163e-02
1.327141616866100993e-02
1.338100168963613119e-02
1.383309591678501087e-02
1.350264955992596001e-02
1.252355420149391628e-02
1.279326650576738909e-02
1.291864533975182160e-02
1.297172859996167417e-02
1.338409829101889353e-02
1.311479563864613625e-02
1.354669995785787694e-02
1.368767315884372553e-02
1.417717716386125010e-02
1.488162480555656024e-02
1.544867297562873242e-02
1.592096484428887418e-02
1.619461428246020754e-02
1.618521718716203761e-02
1.590755587739536500e-02
1.650719116004700782e-02
1.668472136127996386e-02
1.641520574183006828e-02
1.579554169329496979e-02
1.587519880955061066e-02
1.623529272937475343e-02
1.583164649019705786e-02
1.567823686950006040e-02
1.504175183931758496e-02
1.570962891425537952e-02
1.525892949353377902e-02
1.574478845802628965e-02
1.484572937684612570e-02
1.476712806294839912e-02
1.439084145216197076e-02
1.449774954399567911e-02
1.390711292208039219e-02
1.417021552688563051e-02
1.435331449218422289e-02
1.457899414886191895e-02
1.522761933932428001e-02
1.530668628293520468e-02
1.611866222692053680e-02
1.640204084810615789e-02
1.540537287151785319e-02
1.504494047884662872e-02
1.535226893987537596e-02
1.550966012298231854e-02
1.573719108255155694e-02
1.623601023510600275e-02
1.699870761729095972e-02
1.693488631023134031e-02
1.711176929482200251e-02
1.708440703567039656e-02
1.699840085221657193e-02
1.726088520211824587e-02
1.727809767586660841e-02
1.737949147941522665e-02
1.773749272578236530e-02
1.696575098146923741e-02
1.702376622225348912e-02
1.624260243160594031e-02
1.585301225148791002e-02
1.633543758120517206e-02
1.611617594245674800e-02
1.603589081701039046e-02
1.599211944058029355e-02
1.607608793808286765e-02
