1.000000000000000000e+00
1.000000000000000000e+00
1.000000000000000000e+00
1.000000000000000000e+00
1.000000000000000000e+00
9.938822219128410351e-01
9.513529691141462408e-01
8.857120426004088110e-01
8.113033502064310731e-01
7.451966095245495803e-01
6.816706000282077849e-01
6.214094719330043315e-01
5.555786248125831328e-01
4.981535988544839033e-01
4.426421014041256874e-01
3.992550543141996644e-01
3.432111393810327593e-01
2.983208549741148130e-01
2.675068266282003004e-01
2.386682856821228105e-01
2.140263695374839126e-01
1.922731678751567752e-01
1.760645767528673800e-01
1.591757052875957534e-01
1.463803205696929954e-01
1.315811855041385814e-01
1.275304982455635894e-01
1.225244438269999375e-01
1.135160775629643626e-01
1.139463353195141193e-01
1.112361789897247794e-01
1.146083812918314848e-01
1.131076290011191338e-01
1.146689213323844742e-01
1.190856708415510834e-01
1.168805523543405833e-01
1.174050800039728726e-01
1.135840406238188272e-01
1.118904669434822863e-01
1.116242056703599800e-01
1.110492355447893625e-01
1.133349794984638698e-01
1.148670204246202003e-01
1.040928455630030086e-01
1.040055013174329551e-01
1.051802312518898830e-01
1.027301337361282429e-01
1.030362137992264782e-01
1.026429857797394735e-01
1.048650335722712129e-01
1.025634031525738260e-01
1.000737539180928948e-01
9.768599553479101472e-02
9.036108281738995662e-02
8.877740466652275786e-02
9.055866034804509190e-02
9.192995359002277544e-02
8.923820765059421734e-02
8.891765567392626024e-02
8.866930981111692534e-02
8.724241824177172977e-02
8.540257741303305949e-02
8.352266222073367885e-02
8.689060837004534965e-02
8.796239642487442556e-02
8.978404623248893712e-02
8.558099758562900949e-02
8.666822232950804894e-02
8.745719767530556188e-02
8.614883406915427311e-02
8.110793134946826799e-02
8.615860815018737406e-02
8.729872758218659712e-02
8.575138716308712550e-02
8.639723186932411758e-02
8.887507407688674532e-02
9.181635859205997119e-02
8.871777011711332039e-02
9.067107989751278796e-02
8.823656048476012648e-02
8.633793574430309592e-02
8.347379323612282020e-02
8.474872629354177067e-02
7.999516831813770212e-02
7.849287374622879176e-02
7.545388809260997198e-02
7.710763576907433969e-02
7.391116555188038950e-02
7.510248333151563205e-02
7.328984266140116388e-02
7.111399476242373507e-02
7.133817094102283540e-02
7.074401271335960251e-02
7.021899114928489838e-02
6.966009588990203227e-02
7.026741704036369718e-02
6.963984685678320519e-02
6.918392730620694098e-02
6.948449872232603797e-02
6.957269823651186791e-02
7.122936502962148864e-02
7.238752770053932806e-02
7.090029711773511434e-02
7.046107962193089158e-02
7.254547406254985287e-02
7.386452817758404343e-02
7.101930201578221524e-02
7.067877197997597671e-02
6.937089074085998897e-02
6.641448539033187326e-02
6.769630961078142162e-02
6.890721998538357207e-02
6.632760345590477113e-02
6.654384525691553476e-02
6.629590151811724785e-02
7.052984196696622521e-02
7.039514281307961141e-02
7.007684379740330982e-02
7.027708915617746077e-02
6.964215625621872352e-02
6.850083749172886094e-02
6.881515665811281657e-02
6.963351510406019795e-02
6.669286330196530499e-02
6.654494057482643332e-02
6.449566563794187357e-02
6.508517080026306190e-02
6.581453964521068178e-02
6.816438510845437837e-02
6.826803707533853072e-02
6.841725639007104065e-02
6.609741489641372814e-02
6.903935906151868751e-02
6.881370075053447333e-02
6.739121309916047686e-02
6.961540988722235423e-02
7.042602111070797588e-02
7.210512623093612294e-02
7.191109119116398385e-02
6.817768424297170060e-02
6.548254305170062017e-02
6.606456102317216639e-02
6.416840413294036538e-02
6.406790910296959740e-02
6.287353382365816479e-02
6.306907844707380917e-02
6.247540066644007017e-02
6.516402435190263298e-02
6.156072563573662670e-02
5.945978747319802249e-02
6.087444152140935455e-02
6.168949528186208620e-02
6.262202400769126265e-02
6.136000965932525419e-02
6.351844026061277682e-02
6.308726670704287165e-02
6.172983002248950968e-02
6.206352103876713877e-02
6.302225200808424244e-02
6.211489069086715414e-02
6.252728680629927871e-02
6.076285183403706824e-02
6.092174394625747558e-02
6.248428753916230455e-02
6.178458707260761629e-02
6.158933312291937912e-02
6.257915956659973467e-02
6.282776256887820376e-02
6.234336797493447713e-02
6.130692914332813021e-02
6.207582913768716626e-02
6.340305708604739021e-02
6.557943084986531113e-02
6.562626842128103932e-02
6.514152368018982786e-02
6.579967977940361090e-02
6.555942930106860300e-02
6.797169301054573065e-02
6.557409270011727020e-02
6.442264164677083405e-02
6.365730943690270371e-02
6.293744376943172236e-02
6.253152598566144582e-02
6.220839899389477706e-02
6.183797434364259049e-02
6.173801136425558639e-02
6.025012296638219966e-02
6.217671146969204476e-02
6.142256088844063461e-02
6.064344531300276675e-02
5.911535635303084152e-02
5.861378160450690655e-02
5.954718620412013247e-02
5.904322092436577879e-02
5.920260773621398298e-02
6.041740339825000389e-02
5.934217053324113145e-02
5.906846057456890953e-02
6.121667815267258644e-02
6.392405926620423062e-02
6.567130959289146919e-02
6.485141885161990749e-02
6.492820728155665466e-02
6.621700570423670607e-02
6.650691820753523720e-02
6.712272314570474907e-02
6.552515990837079474e-02
6.559328340679258795e-02
6.438573432973254684e-02
6.275730947740172649e-02
6.400843557669967654e-02
6.448142802711190336e-02
6.546499486287742087e-02
6.487290212790436383e-02
6.800164508134802499e-02
6.842426093874229287e-02
6.726421832495650677e-02
6.877562365133871314e-02
6.801470587210131646e-02
6.723612271399238838e-02
6.755156338660148196e-02
6.686989295459470906e-02
6.338504868107099066e-02
6.329848686320081741e-02
6.400293236131653074e-02
6.691905833347332189e-02
6.597278837393889817e-02
6.433754243979053489e-02
6.368767469159432315e-02
6.035573222419630957e-02
6.001139334306714729e-02
6.287356797313026213e-02
6.267041753654557790e-02
6.123366022216990973e-02
6.197956772964188787e-02
6.254557436425092765e-02
6.239832411441740417e-02
6.355317424272406701e-02
6.367695550470958699e-02
6.364415573255961800e-02
6.349255102819796603e-02
6.499834900199043253e-02
6.541158744641674405e-02
6.447140916625947182e-02
6.261149892858891564e-02
6.318713309165506498e-02
6.517226714238168184e-02
6.680376971678468612e-02
6.687995939888538577e-02
6.671938840080182676e-02
