1.000000000000000000e+00
9.408193459734092157e-01
6.960234819386995619e-01
4.736937249508179071e-01
3.419014426524218386e-01
2.194334787335289749e-01
9.462382925880594153e-02
4.056577283320327021e-02
5.151921192958682644e-02
3.463607938836180122e-02
3.329840841393431200e-02
4.065002999901604075e-02
3.968357292846563106e-02
3.329840841393431200e-02
3.514377296534731965e-02
4.035701760656792980e-02
3.689633459644081626e-02
3.514377296534731965e-02
3.741279993305289542e-02
3.757449368890989488e-02
3.966136943649160862e-02
3.966136943649160862e-02
4.035701760656792980e-02
4.035701760656792980e-02
3.966136943649160862e-02
3.982306319234861502e-02
4.035701760656792980e-02
3.982306319234861502e-02
3.966136943649160862e-02
4.035701760656792980e-02
4.035701760656792980e-02
3.982306319234861502e-02
3.982306319234861502e-02
4.035701760656792980e-02
3.982306319234861502e-02
3.982306319234861502e-02
4.035701760656792980e-02
4.035701760656792980e-02
3.982306319234861502e-02
3.982306319234861502e-02
4.035701760656792980e-02
3.982306319234861502e-02
3.966136943649160862e-02
4.035701760656792980e-02
4.035701760656792980e-02
3.982306319234861502e-02
3.982306319234861502e-02
4.035701760656792980e-02
4.035701760656792980e-02
3.966136943649160862e-02
4.035701760656792980e-02
4.035701760656792980e-02
3.966136943649160862e-02
3.966136943649160862e-02
4.035701760656792980e-02
4.035701760656792980e-02
3.966136943649160862e-02
3.982306319234861502e-02
4.035701760656792980e-02
3.966136943649160862e-02
3.966136943649160862e-02
4.035701760656792980e-02
4.035701760656792980e-02
3.966136943649160862e-02
3.966136943649160862e-02
4.035701760656792980e-02
3.982306319234861502e-02
3.966136943649160862e-02
4.035701760656792980e-02
4.035701760656792980e-02
3.966136943649160862e-02
3.966136943649160862e-02
4.035701760656792980e-02
3.966136943649160862e-02
3.966136943649160862e-02
4.019532385071093727e-02
4.035701760656792980e-02
3.966136943649160862e-02
3.966136943649160862e-02
4.035701760656792980e-02
4.019532385071093727e-02
3.966136943649160862e-02
4.019532385071093727e-02
4.035701760656792980e-02
3.966136943649160862e-02
3.966136943649160862e-02
4.035701760656792980e-02
4.035701760656792980e-02
3.966136943649160862e-02
3.966136943649160862e-02
4.035701760656792980e-02
3.966136943649160862e-02
3.966136943649160862e-02
4.035701760656792980e-02
4.035701760656792980e-02
3.966136943649160862e-02
3.966136943649160862e-02
4.035701760656792980e-02
3.966136943649160862e-02
3.966136943649160862e-02
4.035701760656792980e-02
4.035701760656792980e-02
3.966136943649160862e-02
3.966136943649160862e-02
4.035701760656792980e-02
4.019532385071093727e-02
3.966136943649160862e-02
4.019532385071093727e-02
4.035701760656792980e-02
3.966136943649160862e-02
3.966136943649160862e-02
4.035701760656792980e-02
4.019532385071093727e-02
3.966136943649160862e-02
4.019532385071093727e-02
4.035701760656792980e-02
3.966136943649160862e-02
3.966136943649160862e-02
4.035701760656792980e-02
4.019532385071093727e-02
3.966136943649160862e-02
4.019532385071093727e-02
4.035701760656792980e-02
4.019532385071093727e-02
3.966136943649160862e-02
4.019532385071093727e-02
4.019532385071093727e-02
3.966136943649160862e-02
4.019532385071093727e-02
4.035701760656792980e-02
4.019532385071093727e-02
3.966136943649160862e-02
4.019532385071093727e-02
4.019532385071093727e-02
3.966136943649160862e-02
3.966136943649160862e-02
3.966136943649160862e-02
3.966136943649160862e-02
3.966136943649160862e-02
3.966136943649160862e-02
3.966136943649160862e-02
3.966136943649160862e-02
3.966136943649160862e-02
3.966136943649160862e-02
3.966136943649160862e-02
3.966136943649160862e-02
3.966136943649160862e-02
3.982306319234861502e-02
3.966136943649160862e-02
3.966136943649160862e-02
3.982306319234861502e-02
3.982306319234861502e-02
3.966136943649160862e-02
3.966136943649160862e-02
3.982306319234861502e-02
3.982306319234861502e-02
3.966136943649160862e-02
3.982306319234861502e-02
3.982306319234861502e-02
3.966136943649160862e-02
3.982306319234861502e-02
3.982306319234861502e-02
3.982306319234861502e-02
3.966136943649160862e-02
3.982306319234861502e-02
3.982306319234861502e-02
3.966136943649160862e-02
3.966136943649160862e-02
3.982306319234861502e-02
3.966136943649160862e-02
3.966136943649160862e-02
3.966136943649160862e-02
3.982306319234861502e-02
3.982306319234861502e-02
3.982306319234861502e-02
3.982306319234861502e-02
3.982306319234861502e-02
3.982306319234861502e-02
3.982306319234861502e-02
3.982306319234861502e-02
3.982306319234861502e-02
3.982306319234861502e-02
3.982306319234861502e-02
3.982306319234861502e-02
3.982306319234861502e-02
3.982306319234861502e-02
3.982306319234861502e-02
3.982306319234861502e-02
3.982306319234861502e-02
3.982306319234861502e-02
3.982306319234861502e-02
3.982306319234861502e-02
3.982306319234861502e-02
3.982306319234861502e-02
3.982306319234861502e-02
3.982306319234861502e-02
3.982306319234861502e-02
3.982306319234861502e-02
3.982306319234861502e-02
3.982306319234861502e-02
3.982306319234861502e-02
3.982306319234861502e-02
3.982306319234861502e-02
3.982306319234861502e-02
3.982306319234861502e-02
3.982306319234861502e-02
3.982306319234861502e-02
3.982306319234861502e-02
3.982306319234861502e-02
3.982306319234861502e-02
3.982306319234861502e-02
3.982306319234861502e-02
3.982306319234861502e-02
3.982306319234861502e-02
3.982306319234861502e-02
3.982306319234861502e-02
3.982306319234861502e-02
3.982306319234861502e-02
3.982306319234861502e-02
3.982306319234861502e-02
3.982306319234861502e-02
3.982306319234861502e-02
3.982306319234861502e-02
3.982306319234861502e-02
3.982306319234861502e-02
3.982306319234861502e-02
3.982306319234861502e-02
3.982306319234861502e-02
3.982306319234861502e-02
3.982306319234861502e-02
3.982306319234861502e-02
3.982306319234861502e-02
3.982306319234861502e-02
3.982306319234861502e-02
3.982306319234861502e-02
3.982306319234861502e-02
3.982306319234861502e-02
3.982306319234861502e-02
3.982306319234861502e-02
3.982306319234861502e-02
3.982306319234861502e-02
3.982306319234861502e-02
3.982306319234861502e-02
3.982306319234861502e-02
3.982306319234861502e-02
3.982306319234861502e-02
3.982306319234861502e-02
3.982306319234861502e-02
3.982306319234861502e-02
3.982306319234861502e-02
