-1.899999999999999911e+00 0.000000000000000000e+00
-1.896386430678465906e+00 0.000000000000000000e+00
-1.892772861356932124e+00 0.000000000000000000e+00
-1.889159292035398119e+00 0.000000000000000000e+00
-1.885545722713864114e+00 0.000000000000000000e+00
-1.881932153392330331e+00 0.000000000000000000e+00
-1.878318584070796327e+00 0.000000000000000000e+00
-1.874705014749262544e+00 0.000000000000000000e+00
-1.871091445427728539e+00 0.000000000000000000e+00
-1.867477876106194534e+00 0.000000000000000000e+00
-1.863864306784660752e+00 0.000000000000000000e+00
-1.860250737463126747e+00 0.000000000000000000e+00
-1.856637168141592742e+00 0.000000000000000000e+00
-1.853023598820058959e+00 0.000000000000000000e+00
-1.849410029498524954e+00 0.000000000000000000e+00
-1.845796460176990950e+00 0.000000000000000000e+00
-1.842182890855457167e+00 0.000000000000000000e+00
-1.838569321533923162e+00 0.000000000000000000e+00
-1.834955752212389379e+00 0.000000000000000000e+00
-1.831342182890855375e+00 0.000000000000000000e+00
-1.827728613569321370e+00 0.000000000000000000e+00
-1.824115044247787587e+00 0.000000000000000000e+00
-1.820501474926253582e+00 0.000000000000000000e+00
-1.816887905604719577e+00 0.000000000000000000e+00
-1.813274336283185795e+00 0.000000000000000000e+00
-1.809660766961651790e+00 0.000000000000000000e+00
-1.806047197640118007e+00 0.000000000000000000e+00
-1.802433628318584002e+00 0.000000000000000000e+00
-1.798820058997049998e+00 0.000000000000000000e+00
-1.795206489675516215e+00 0.000000000000000000e+00
-1.791592920353982210e+00 0.000000000000000000e+00
-1.787979351032448205e+00 0.000000000000000000e+00
-1.784365781710914423e+00 0.000000000000000000e+00
-1.780752212389380418e+00 0.000000000000000000e+00
-1.777138643067846413e+00 0.000000000000000000e+00
-1.773525073746312630e+00 0.000000000000000000e+00
-1.769911504424778625e+00 0.000000000000000000e+00
-1.766297935103244843e+00 0.000000000000000000e+00
-1.762684365781710838e+00 0.000000000000000000e+00
-1.759070796460176833e+00 0.000000000000000000e+00
-1.755457227138643050e+00 0.000000000000000000e+00
-1.751843657817109046e+00 0.000000000000000000e+00
-1.748230088495575041e+00 0.000000000000000000e+00
-1.744616519174041258e+00 0.000000000000000000e+00
-1.741002949852507253e+00 0.000000000000000000e+00
-1.737389380530973249e+00 0.000000000000000000e+00
-1.733775811209439466e+00 0.000000000000000000e+00
-1.730162241887905461e+00 0.000000000000000000e+00
-1.726548672566371678e+00 0.000000000000000000e+00
-1.722935103244837673e+00 0.000000000000000000e+00
-1.719321533923303669e+00 0.000000000000000000e+00
-1.715707964601769886e+00 0.000000000000000000e+00
-1.712094395280235881e+00 0.000000000000000000e+00
-1.708480825958701876e+00 0.000000000000000000e+00
-1.704867256637168094e+00 0.000000000000000000e+00
-1.701253687315634089e+00 0.000000000000000000e+00
-1.697640117994100084e+00 0.000000000000000000e+00
-1.694026548672566301e+00 0.000000000000000000e+00
-1.690412979351032297e+00 0.000000000000000000e+00
-1.686799410029498514e+00 0.000000000000000000e+00
-1.683185840707964509e+00 0.000000000000000000e+00
-1.679572271386430504e+00 0.000000000000000000e+00
-1.675958702064896721e+00 0.000000000000000000e+00
-1.672345132743362717e+00 0.000000000000000000e+00
-1.668731563421828712e+00 0.000000000000000000e+00
-1.665117994100294929e+00 0.000000000000000000e+00
-1.661504424778760924e+00 0.000000000000000000e+00
-1.657890855457226920e+00 0.000000000000000000e+00
-1.654277286135693137e+00 0.000000000000000000e+00
-1.650663716814159132e+00 0.000000000000000000e+00
-1.647050147492625349e+00 0.000000000000000000e+00
-1.643436578171091345e+00 0.000000000000000000e+00
-1.639823008849557340e+00 0.000000000000000000e+00
-1.636209439528023557e+00 0.000000000000000000e+00
-1.632595870206489552e+00 0.000000000000000000e+00
-1.628982300884955770e+00 0.000000000000000000e+00
-1.625368731563421765e+00 0.000000000000000000e+00
-1.621755162241887760e+00 0.000000000000000000e+00
-1.618141592920353755e+00 0.000000000000000000e+00
-1.614528023598819972e+00 0.000000000000000000e+00
-1.610914454277285968e+00 0.000000000000000000e+00
-1.607300884955752185e+00 0.000000000000000000e+00
-1.603687315634218180e+00 0.000000000000000000e+00
-1.600073746312684175e+00 0.000000000000000000e+00
-1.596460176991150393e+00 0.000000000000000000e+00
-1.592846607669616388e+00 0.000000000000000000e+00
-1.589233038348082605e+00 0.000000000000000000e+00
-1.585619469026548600e+00 0.000000000000000000e+00
-1.582005899705014595e+00 0.000000000000000000e+00
-1.578392330383480591e+00 0.000000000000000000e+00
-1.574778761061946808e+00 0.000000000000000000e+00
-1.571165191740412803e+00 0.000000000000000000e+00
-1.567551622418879020e+00 0.000000000000000000e+00
-1.563938053097345016e+00 0.000000000000000000e+00
-1.560324483775811011e+00 0.000000000000000000e+00
-1.556710914454277228e+00 0.000000000000000000e+00
-1.553097345132743223e+00 0.000000000000000000e+00
-1.549483775811209441e+00 0.000000000000000000e+00
-1.545870206489675436e+00 0.000000000000000000e+00
-1.542256637168141431e+00 0.000000000000000000e+00
-1.538643067846607426e+00 0.000000000000000000e+00
-1.535029498525073643e+00 0.000000000000000000e+00
-1.531415929203539639e+00 0.000000000000000000e+00
-1.527802359882005856e+00 0.000000000000000000e+00
-1.524188790560471851e+00 0.000000000000000000e+00
-1.520575221238937846e+00 0.000000000000000000e+00
-1.516961651917404064e+00 0.000000000000000000e+00
-1.513348082595870059e+00 0.000000000000000000e+00
-1.509734513274336276e+00 0.000000000000000000e+00
-1.506120943952802271e+00 0.000000000000000000e+00
-1.502507374631268267e+00 0.000000000000000000e+00
-1.498893805309734262e+00 0.000000000000000000e+00
-1.495280235988200479e+00 0.000000000000000000e+00
-1.491666666666666474e+00 0.000000000000000000e+00
-1.488053097345132691e+00 0.000000000000000000e+00
-1.484439528023598687e+00 0.000000000000000000e+00
-1.480825958702064682e+00 0.000000000000000000e+00
-1.477212389380530899e+00 0.000000000000000000e+00
-1.473598820058996894e+00 0.000000000000000000e+00
-1.469985250737463112e+00 0.000000000000000000e+00
-1.466371681415929107e+00 0.000000000000000000e+00
-1.462758112094395102e+00 0.000000000000000000e+00
-1.459144542772861097e+00 0.000000000000000000e+00
-1.455530973451327315e+00 0.000000000000000000e+00
-1.451917404129793310e+00 0.000000000000000000e+00
-1.448303834808259527e+00 0.000000000000000000e+00
-1.444690265486725522e+00 0.000000000000000000e+00
-1.441076696165191517e+00 0.000000000000000000e+00
-1.437463126843657735e+00 0.000000000000000000e+00
-1.433849557522123730e+00 0.000000000000000000e+00
-1.430235988200589947e+00 0.000000000000000000e+00
-1.426622418879055942e+00 0.000000000000000000e+00
-1.423008849557521938e+00 0.000000000000000000e+00
-1.419395280235987933e+00 0.000000000000000000e+00
-1.415781710914454150e+00 0.000000000000000000e+00
-1.412168141592920145e+00 0.000000000000000000e+00
-1.408554572271386363e+00 0.000000000000000000e+00
-1.404941002949852358e+00 0.000000000000000000e+00
-1.401327433628318353e+00 0.000000000000000000e+00
-1.397713864306784570e+00 0.000000000000000000e+00
-1.394100294985250565e+00 0.000000000000000000e+00
-1.390486725663716783e+00 0.000000000000000000e+00
-1.386873156342182778e+00 0.000000000000000000e+00
-1.383259587020648773e+00 0.000000000000000000e+00
-1.379646017699114768e+00 0.000000000000000000e+00
-1.376032448377580986e+00 0.000000000000000000e+00
-1.372418879056047203e+00 0.000000000000000000e+00
-1.368805309734513198e+00 0.000000000000000000e+00
-1.365191740412979193e+00 0.000000000000000000e+00
-1.361578171091445189e+00 0.000000000000000000e+00
-1.357964601769911406e+00 0.000000000000000000e+00
-1.354351032448377401e+00 0.000000000000000000e+00
-1.350737463126843618e+00 0.000000000000000000e+00
-1.347123893805309613e+00 0.000000000000000000e+00
-1.343510324483775609e+00 0.000000000000000000e+00
-1.339896755162241604e+00 0.000000000000000000e+00
-1.336283185840707821e+00 0.000000000000000000e+00
-1.332669616519174038e+00 0.000000000000000000e+00
-1.329056047197640034e+00 0.000000000000000000e+00
-1.325442477876106029e+00 0.000000000000000000e+00
-1.321828908554572024e+00 0.000000000000000000e+00
-1.318215339233038241e+00 0.000000000000000000e+00
-1.314601769911504237e+00 0.000000000000000000e+00
-1.310988200589970454e+00 0.000000000000000000e+00
-1.307374631268436449e+00 0.000000000000000000e+00
-1.303761061946902444e+00 0.000000000000000000e+00
-1.300147492625368439e+00 0.000000000000000000e+00
-1.296533923303834657e+00 0.000000000000000000e+00
-1.292920353982300874e+00 0.000000000000000000e+00
-1.289306784660766869e+00 0.000000000000000000e+00
-1.285693215339232864e+00 0.000000000000000000e+00
-1.282079646017698860e+00 0.000000000000000000e+00
-1.278466076696165077e+00 0.000000000000000000e+00
-1.274852507374631072e+00 0.000000000000000000e+00
-1.271238938053097289e+00 0.000000000000000000e+00
-1.267625368731563285e+00 0.000000000000000000e+00
-1.264011799410029280e+00 0.000000000000000000e+00
-1.260398230088495275e+00 0.000000000000000000e+00
-1.256784660766961492e+00 0.000000000000000000e+00
-1.253171091445427709e+00 0.000000000000000000e+00
-1.249557522123893705e+00 0.000000000000000000e+00
-1.245943952802359700e+00 0.000000000000000000e+00
-1.242330383480825695e+00 0.000000000000000000e+00
-1.238716814159291912e+00 0.000000000000000000e+00
-1.235103244837757908e+00 0.000000000000000000e+00
-1.231489675516224125e+00 0.000000000000000000e+00
-1.227876106194690120e+00 0.000000000000000000e+00
-1.224262536873156115e+00 0.000000000000000000e+00
-1.220648967551622111e+00 0.000000000000000000e+00
-1.217035398230088328e+00 0.000000000000000000e+00
-1.213421828908554545e+00 0.000000000000000000e+00
-1.209808259587020540e+00 0.000000000000000000e+00
-1.206194690265486535e+00 0.000000000000000000e+00
-1.202581120943952531e+00 0.000000000000000000e+00
-1.198967551622418748e+00 0.000000000000000000e+00
-1.195353982300884743e+00 0.000000000000000000e+00
-1.191740412979350960e+00 0.000000000000000000e+00
-1.188126843657816956e+00 0.000000000000000000e+00
-1.184513274336282951e+00 0.000000000000000000e+00
-1.180899705014748946e+00 0.000000000000000000e+00
-1.177286135693215163e+00 0.000000000000000000e+00
-1.173672566371681381e+00 0.000000000000000000e+00
-1.170058997050147376e+00 0.000000000000000000e+00
-1.166445427728613371e+00 0.000000000000000000e+00
-1.162831858407079366e+00 0.000000000000000000e+00
-1.159218289085545583e+00 0.000000000000000000e+00
-1.155604719764011579e+00 0.000000000000000000e+00
-1.151991150442477796e+00 0.000000000000000000e+00
-1.148377581120943791e+00 0.000000000000000000e+00
-1.144764011799409786e+00 0.000000000000000000e+00
-1.141150442477875782e+00 0.000000000000000000e+00
-1.137536873156341999e+00 0.000000000000000000e+00
-1.133923303834808216e+00 0.000000000000000000e+00
-1.130309734513274211e+00 0.000000000000000000e+00
-1.126696165191740207e+00 0.000000000000000000e+00
-1.123082595870206202e+00 0.000000000000000000e+00
-1.119469026548672419e+00 0.000000000000000000e+00
-1.115855457227138636e+00 0.000000000000000000e+00
-1.112241887905604631e+00 0.000000000000000000e+00
-1.108628318584070627e+00 0.000000000000000000e+00
-1.105014749262536622e+00 0.000000000000000000e+00
-1.101401179941002617e+00 0.000000000000000000e+00
-1.097787610619468834e+00 0.000000000000000000e+00
-1.094174041297935052e+00 0.000000000000000000e+00
-1.090560471976401047e+00 0.000000000000000000e+00
-1.086946902654867042e+00 0.000000000000000000e+00
-1.083333333333333037e+00 0.000000000000000000e+00
-1.079719764011799255e+00 0.000000000000000000e+00
-1.076106194690265472e+00 0.000000000000000000e+00
-1.072492625368731467e+00 0.000000000000000000e+00
-1.068879056047197462e+00 0.000000000000000000e+00
-1.065265486725663457e+00 0.000000000000000000e+00
-1.061651917404129453e+00 0.000000000000000000e+00
-1.058038348082595670e+00 0.000000000000000000e+00
-1.054424778761061887e+00 0.000000000000000000e+00
-1.050811209439527882e+00 0.000000000000000000e+00
-1.047197640117993878e+00 0.000000000000000000e+00
-1.043584070796459873e+00 0.000000000000000000e+00
-1.039970501474926090e+00 0.000000000000000000e+00
-1.036356932153392307e+00 0.000000000000000000e+00
-1.032743362831858303e+00 0.000000000000000000e+00
-1.029129793510324298e+00 0.000000000000000000e+00
-1.025516224188790293e+00 0.000000000000000000e+00
-1.021902654867256510e+00 0.000000000000000000e+00
-1.018289085545722505e+00 0.000000000000000000e+00
-1.014675516224188723e+00 0.000000000000000000e+00
-1.011061946902654718e+00 0.000000000000000000e+00
-1.007448377581120713e+00 0.000000000000000000e+00
-1.003834808259586708e+00 0.000000000000000000e+00
-1.000221238938052926e+00 0.000000000000000000e+00
-9.966076696165190318e-01 0.000000000000000000e+00
-9.929941002949850271e-01 0.000000000000000000e+00
-9.893805309734511333e-01 0.000000000000000000e+00
-9.857669616519172395e-01 0.000000000000000000e+00
-9.821533923303833458e-01 0.000000000000000000e+00
-9.785398230088493410e-01 0.000000000000000000e+00
-9.749262536873154472e-01 0.000000000000000000e+00
-9.713126843657815535e-01 0.000000000000000000e+00
-9.676991150442475487e-01 0.000000000000000000e+00
-9.640855457227136549e-01 0.000000000000000000e+00
-9.604719764011797611e-01 0.000000000000000000e+00
-9.568584070796458674e-01 0.000000000000000000e+00
-9.532448377581118626e-01 0.000000000000000000e+00
-9.496312684365779688e-01 0.000000000000000000e+00
-9.460176991150440751e-01 0.000000000000000000e+00
-9.424041297935101813e-01 0.000000000000000000e+00
-9.387905604719761765e-01 0.000000000000000000e+00
-9.351769911504422828e-01 0.000000000000000000e+00
-9.315634218289083890e-01 0.000000000000000000e+00
-9.279498525073743842e-01 0.000000000000000000e+00
-9.243362831858404904e-01 0.000000000000000000e+00
-9.207227138643065967e-01 0.000000000000000000e+00
-9.171091445427727029e-01 0.000000000000000000e+00
-9.134955752212386981e-01 0.000000000000000000e+00
-9.098820058997048044e-01 0.000000000000000000e+00
-9.062684365781709106e-01 0.000000000000000000e+00
-9.026548672566370168e-01 0.000000000000000000e+00
-8.990412979351030121e-01 0.000000000000000000e+00
-8.954277286135692293e-01 0.000000000000000000e+00
-8.918141592920352245e-01 0.000000000000000000e+00
-8.882005899705012197e-01 0.000000000000000000e+00
-8.845870206489674370e-01 0.000000000000000000e+00
-8.809734513274334322e-01 0.000000000000000000e+00
-8.773598820058994274e-01 0.000000000000000000e+00
-8.737463126843656447e-01 0.000000000000000000e+00
-8.701327433628316399e-01 0.000000000000000000e+00
-8.665191740412976351e-01 0.000000000000000000e+00
-8.629056047197638524e-01 0.000000000000000000e+00
-8.592920353982298476e-01 0.000000000000000000e+00
-8.556784660766960648e-01 0.000000000000000000e+00
-8.520648967551620601e-01 0.000000000000000000e+00
-8.484513274336280553e-01 0.000000000000000000e+00
-8.448377581120942725e-01 0.000000000000000000e+00
-8.412241887905602677e-01 0.000000000000000000e+00
-8.376106194690262630e-01 0.000000000000000000e+00
-8.339970501474924802e-01 0.000000000000000000e+00
-8.303834808259584754e-01 0.000000000000000000e+00
-8.267699115044244706e-01 0.000000000000000000e+00
-8.231563421828906879e-01 0.000000000000000000e+00
-8.195427728613566831e-01 0.000000000000000000e+00
-8.159292035398229004e-01 0.000000000000000000e+00
-8.123156342182888956e-01 0.000000000000000000e+00
-8.087020648967548908e-01 0.000000000000000000e+00
-8.050884955752211081e-01 0.000000000000000000e+00
-8.014749262536871033e-01 0.000000000000000000e+00
-7.978613569321530985e-01 0.000000000000000000e+00
-7.942477876106193158e-01 0.000000000000000000e+00
-7.906342182890853110e-01 0.000000000000000000e+00
-7.870206489675513062e-01 0.000000000000000000e+00
-7.834070796460175234e-01 0.000000000000000000e+00
-7.797935103244835187e-01 0.000000000000000000e+00
-7.761799410029497359e-01 0.000000000000000000e+00
-7.725663716814157311e-01 0.000000000000000000e+00
-7.689528023598817263e-01 0.000000000000000000e+00
-7.653392330383479436e-01 0.000000000000000000e+00
-7.617256637168139388e-01 0.000000000000000000e+00
-7.581120943952799340e-01 0.000000000000000000e+00
-7.544985250737461513e-01 0.000000000000000000e+00
-7.508849557522121465e-01 0.000000000000000000e+00
-7.472713864306783638e-01 0.000000000000000000e+00
-7.436578171091443590e-01 0.000000000000000000e+00
-7.400442477876103542e-01 0.000000000000000000e+00
-7.364306784660765715e-01 0.000000000000000000e+00
-7.328171091445425667e-01 0.000000000000000000e+00
-7.292035398230085619e-01 0.000000000000000000e+00
-7.255899705014747791e-01 0.000000000000000000e+00
-7.219764011799407744e-01 0.000000000000000000e+00
-7.183628318584067696e-01 0.000000000000000000e+00
-7.147492625368729868e-01 0.000000000000000000e+00
-7.111356932153389820e-01 0.000000000000000000e+00
-7.075221238938051993e-01 0.000000000000000000e+00
-7.039085545722711945e-01 0.000000000000000000e+00
-7.002949852507371897e-01 0.000000000000000000e+00
-6.966814159292034070e-01 0.000000000000000000e+00
-6.930678466076694022e-01 0.000000000000000000e+00
-6.894542772861353974e-01 0.000000000000000000e+00
-6.858407079646016147e-01 0.000000000000000000e+00
-6.822271386430676099e-01 0.000000000000000000e+00
-6.786135693215336051e-01 0.000000000000000000e+00
-6.749999999999998224e-01 0.000000000000000000e+00
-6.713864306784658176e-01 0.000000000000000000e+00
-6.677728613569320348e-01 0.000000000000000000e+00
-6.641592920353980301e-01 0.000000000000000000e+00
-6.605457227138640253e-01 0.000000000000000000e+00
-6.569321533923302425e-01 0.000000000000000000e+00
-6.533185840707962377e-01 0.000000000000000000e+00
-6.497050147492622330e-01 0.000000000000000000e+00
-6.460914454277284502e-01 0.000000000000000000e+00
-6.424778761061944454e-01 0.000000000000000000e+00
-6.388643067846604406e-01 0.000000000000000000e+00
-6.352507374631266579e-01 0.000000000000000000e+00
-6.316371681415926531e-01 0.000000000000000000e+00
-6.280235988200588704e-01 0.000000000000000000e+00
-6.244100294985248656e-01 0.000000000000000000e+00
-6.207964601769908608e-01 0.000000000000000000e+00
-6.171828908554570781e-01 0.000000000000000000e+00
-6.135693215339230733e-01 0.000000000000000000e+00
-6.099557522123890685e-01 0.000000000000000000e+00
-6.063421828908552857e-01 0.000000000000000000e+00
-6.027286135693212810e-01 0.000000000000000000e+00
-5.991150442477872762e-01 0.000000000000000000e+00
-5.955014749262534934e-01 0.000000000000000000e+00
-5.918879056047194887e-01 0.000000000000000000e+00
-5.882743362831857059e-01 0.000000000000000000e+00
-5.846607669616517011e-01 0.000000000000000000e+00
-5.810471976401176963e-01 0.000000000000000000e+00
-5.774336283185839136e-01 0.000000000000000000e+00
-5.738200589970499088e-01 0.000000000000000000e+00
-5.702064896755159040e-01 0.000000000000000000e+00
-5.665929203539821213e-01 0.000000000000000000e+00
-5.629793510324481165e-01 0.000000000000000000e+00
-5.593657817109143338e-01 9.629339437445895146e-321
-5.557522123893803290e-01 7.050227201662491865e-302
-5.521386430678463242e-01 4.324950429402309813e-284
-5.485250737463125414e-01 2.556973875239181336e-267
-5.449115044247785367e-01 1.662661456793359390e-251
-5.412979351032445319e-01 1.346946155672152733e-236
-5.376843657817107491e-01 1.529166479897454434e-222
-5.340707964601767443e-01 2.718509171951871188e-209
-5.304572271386427396e-01 8.403835024613515592e-197
-5.268436578171089568e-01 4.986921480190785782e-185
-5.232300884955749520e-01 6.236140941840056079e-174
-5.196165191740411693e-01 1.794593911388414572e-163
-5.160029498525071645e-01 1.291423088836343838e-153
-5.123893805309731597e-01 2.513483353372191433e-144
-5.087758112094393770e-01 1.424700920465834542e-135
-5.051622418879053722e-01 2.521951286253331514e-127
-5.015486725663713674e-01 1.489127238547834069e-119
-4.979351032448375847e-01 3.121143309346247541e-112
-4.943215339233035799e-01 2.462439535158917278e-105
-4.907079646017695751e-01 7.729202223276667757e-99
-4.870943952802357924e-01 1.016981666046637001e-92
-4.834808259587017876e-01 5.892697626601594920e-87
-4.798672566371680048e-01 1.575230189545939185e-81
-4.762536873156340000e-01 2.029877958073722094e-76
-4.726401179940999953e-01 1.314268426407903359e-71
-4.690265486725662125e-01 4.445945995245319129e-67
-4.654129793510322077e-01 8.153246079003527911e-63
-4.617994100294982029e-01 8.392665757858299339e-59
-4.581858407079644202e-01 5.011137995453849553e-55
-4.545722713864304154e-01 1.790190236981228896e-51
-4.509587020648964106e-01 3.939928048427542766e-48
-4.473451327433626279e-01 5.491448159939945593e-45
-4.437315634218286231e-01 4.975100172404007797e-42
-4.401179941002948404e-01 3.002629064734424576e-39
-4.365044247787608356e-01 1.235528210684859953e-36
-4.328908554572268308e-01 3.542848189144388430e-34
-4.292772861356930481e-01 7.227076293192521251e-32
-4.256637168141590433e-01 1.069394722287943016e-29
-4.220501474926250385e-01 1.169111892627062613e-27
-4.184365781710912557e-01 9.608227385400568721e-26
-4.148230088495572510e-01 6.033935692307519646e-24
-4.112094395280232462e-01 2.940545227298968283e-22
-4.075958702064894634e-01 1.128354398061287690e-20
-4.039823008849554586e-01 3.456342928963858042e-19
-4.003687315634216759e-01 8.561848298014626147e-18
-3.967551622418876711e-01 1.736221044935604839e-16
-3.931415929203536663e-01 2.915655584530717432e-15
-3.895280235988198836e-01 4.099062676617188189e-14
-3.859144542772858788e-01 4.874228715881893589e-13
-3.823008849557518740e-01 4.949982550267148778e-12
-3.786873156342180913e-01 4.332544482003630601e-11
-3.750737463126840865e-01 3.296585675265856938e-10
-3.714601769911500817e-01 2.198345382005391922e-09
-3.678466076696162990e-01 1.294689969961135864e-08
-3.642330383480822942e-01 6.782864459300411066e-08
-3.606194690265485114e-01 3.182723860856320432e-07
-3.570058997050145067e-01 1.346220008196202976e-06
-3.533923303834805019e-01 5.164145699554411120e-06
-3.497787610619467191e-01 1.806885646455095635e-05
-3.461651917404127143e-01 5.797699065721511691e-05
-3.425516224188787096e-01 1.714680715508585325e-04
-3.389380530973449268e-01 4.696749922572645837e-04
-3.353244837758109220e-01 1.196915496015976558e-03
-3.317109144542771393e-01 2.849933576148802952e-03
-3.280973451327431345e-01 6.365885718575339802e-03
-3.244837758112091297e-01 1.339009793251942117e-02
-3.208702064896753470e-01 2.661726256350991499e-02
-3.172566371681413422e-01 5.017217203235621592e-02
-3.136430678466073374e-01 8.996295761775070787e-02
-3.100294985250735547e-01 1.539105137095620190e-01
-3.064159292035395499e-01 2.519442748214024141e-01
-3.028023598820055451e-01 3.956670914111523607e-01
-2.991887905604717623e-01 5.976347561062290703e-01
-2.955752212389377576e-01 8.702637746125739815e-01
-2.919616519174039748e-01 1.224460361506304329e+00
-2.883480825958699700e-01 1.668135176028292754e+00
-2.847345132743359652e-01 2.204813243456064331e+00
-2.811209439528021825e-01 2.832554262281877566e+00
-2.775073746312681777e-01 3.543362365708270900e+00
-2.738938053097341729e-01 4.323194009762758583e+00
-2.702802359882003902e-01 5.152583341667200223e+00
-2.666666666666663854e-01 6.007814694476977024e+00
-2.630530973451323806e-01 6.862498657095170707e+00
-2.594395280235985979e-01 7.689363055120959523e+00
-2.558259587020645931e-01 8.462057637770373120e+00
-2.522123893805308104e-01 9.156788960498898788e+00
-2.485988200589968056e-01 9.753642472085243043e+00
-2.449852507374628008e-01 1.023750216007030645e+01
-2.413716814159290180e-01 1.059853413852149373e+01
-2.377581120943950133e-01 1.083225086453940555e+01
-2.341445427728610085e-01 1.093921160961954264e+01
-2.305309734513272257e-01 1.092443977486519557e+01
-2.269174041297932209e-01 1.079664866012630497e+01
-2.233038348082592162e-01 1.056736633311625617e+01
-2.196902654867254334e-01 1.025004033884875021e+01
-2.160766961651914286e-01 9.859187515531681711e+00
-2.124631268436576459e-01 9.409636270985094697e+00
-2.088495575221236411e-01 8.915890858963676280e+00
-2.052359882005896363e-01 8.391631266750419371e+00
-2.016224188790558536e-01 7.849349332860208861e+00
-1.980088495575218488e-01 7.300112070850591550e+00
-1.943952802359878440e-01 6.753436816503058715e+00
-1.907817109144540613e-01 6.217259359554668130e+00
-1.871681415929200565e-01 5.697975117203902151e+00
-1.835545722713860517e-01 5.200534051279270820e+00
-1.799410029498522690e-01 4.728571849194191046e+00
-1.763274336283182642e-01 4.284562383317616963e+00
-1.727138643067844814e-01 3.869979237611262946e+00
-1.691002949852504766e-01 3.485456852391341620e+00
-1.654867256637164719e-01 3.130944391996196785e+00
-1.618731563421826891e-01 2.805847670914692671e+00
-1.582595870206486843e-01 2.509156329527414186e+00
-1.546460176991146795e-01 2.239554924657066071e+00
-1.510324483775808968e-01 1.995517716551514997e+00
-1.474188790560468920e-01 1.775387734474345613e+00
-1.438053097345131093e-01 1.577441237772092553e+00
-1.401917404129791045e-01 1.399939009675013057e+00
-1.365781710914450997e-01 1.241166075835288707e+00
-1.329646017699113170e-01 1.099461471935898604e+00
-1.293510324483773122e-01 9.732396312108043679e-01
-1.257374631268433074e-01 8.610048531348237777e-01
-1.221238938053095247e-01 7.613601721123696153e-01
-1.185103244837755199e-01 6.730117871943875896e-01
-1.148967551622415151e-01 5.947700532643602767e-01
-1.112831858407077323e-01 5.255478793512303737e-01
-1.076696165191737276e-01 4.643572362088752570e-01
-1.040560471976399448e-01 4.103043461230542754e-01
-1.004424778761059400e-01 3.625840144025694323e-01
-9.682890855457193524e-02 3.204734642949827461e-01
-9.321533923303815250e-02 2.833259544417425779e-01
-8.960176991150414771e-02 2.505643892612838264e-01
-8.598820058997014293e-02 2.216750763647062084e-01
-8.237463126843636019e-02 1.962017397113578476e-01
-7.876106194690235540e-02 1.737398611588894526e-01
-7.514749262536835062e-02 1.539313948964246281e-01
-7.153392330383456788e-02 1.364598776406873715e-01
-6.792035398230056309e-02 1.210459412412565744e-01
-6.430678466076678035e-02 1.074432224541679720e-01
-6.069321533923277556e-02 9.543465622404093129e-02
-5.707964601769877078e-02 8.482913312453627119e-02
-5.346607669616498804e-02 7.545849803142123946e-02
-4.985250737463098325e-02 6.717486513936070380e-02
-4.623893805309697846e-02 5.984822367597649601e-02
-4.262536873156319572e-02 5.336430878934386030e-02
-3.901179941002919094e-02 4.762271283114872383e-02
-3.539823008849518615e-02 4.253521342666132660e-02
-3.178466076696140341e-02 3.802429616037376198e-02
-2.817109144542739863e-02 3.402185129582834672e-02
-2.455752212389361588e-02 3.046802560297699400e-02
-2.094395280235961110e-02 2.731021202317350516e-02
-1.733038348082560631e-02 2.450216151609318008e-02
-1.371681415929182357e-02 2.200320297416908516e-02
-1.010324483775781879e-02 1.977755853932016902e-02
-6.489675516223814000e-03 1.779374300277487136e-02
-2.876106194690031259e-03 1.602403720674479976e-02
7.374631268439735265e-04 1.444402619225328317e-02
4.351032448377978312e-03 1.303214092551125899e-02
7.964601769911761053e-03 1.176927615004971957e-02
1.157817109144576584e-02 1.063861362357649415e-02
1.519174041297954858e-02 9.625349015649188600e-03
1.880530973451355337e-02 8.716437612667663620e-03
2.241887905604755815e-02 7.900373711730164852e-03
2.603244837758134089e-02 7.166999040242993252e-03
2.964601769911534568e-02 6.507336210196312462e-03
3.325958702064935046e-02 5.913443787504138287e-03
3.687315634218313321e-02 5.378290043333793999e-03
4.048672566371713799e-02 4.895642868993408878e-03
4.410029498525114278e-02 4.459973689711716448e-03
4.771386430678492552e-02 4.066373514781678085e-03
5.132743362831893030e-02 3.710479519866918211e-03
5.494100294985271304e-02 3.388410778358253404e-03
5.855457227138671783e-02 3.096711948088796094e-03
6.216814159292072262e-02 2.832303882168558246e-03
6.578171091445450536e-02 2.592440272162823637e-03
6.939528023598851014e-02 2.374669551689446555e-03
7.300884955752251493e-02 2.176801391605785903e-03
7.662241887905629767e-02 1.996877206727971314e-03
8.023598820059030245e-02 1.833144170536878548e-03
8.384955752212408520e-02 1.684032300334786141e-03
8.746312684365808998e-02 1.548134232318247811e-03
9.107669616519209477e-02 1.424187355304447474e-03
9.469026548672587751e-02 1.311058014476279478e-03
9.830383480825988229e-02 1.207727533427081388e-03
1.019174041297938871e-01 1.113279834783695516e-03
1.055309734513278919e-01 1.026890467446540814e-03
1.091445427728614526e-01 9.478168725914331173e-04
1.127581120943954573e-01 8.753897415286355501e-04
1.163716814159294621e-01 8.090053367402267508e-04
1.199852507374634669e-01 7.481186632846874643e-04
1.235988200589974717e-01 6.922373915856953538e-04
1.272123893805314765e-01 6.409164446821603986e-04
1.308259587020650372e-01 5.937531735441536895e-04
1.344395280235990420e-01 5.503830532567646587e-04
1.380530973451330468e-01 5.104758409160259748e-04
1.416666666666670515e-01 4.737321431186823075e-04
1.452802359882010563e-01 4.398803470914348273e-04
1.488938053097346170e-01 4.086738749081196618e-04
1.525073746312686218e-01 3.798887249828670804e-04
1.561209439528026266e-01 3.533212691884821881e-04
1.597345132743366314e-01 3.287862776054144786e-04
1.633480825958706362e-01 3.061151461216874282e-04
1.669616519174046410e-01 2.851543049334284707e-04
1.705752212389382017e-01 2.657637884872740314e-04
1.741887905604722064e-01 2.478159496021125176e-04
1.778023598820062112e-01 2.311943024445695745e-04
1.814159292035402160e-01 2.157924807425000858e-04
1.850294985250742208e-01 2.015132991310811044e-04
1.886430678466077815e-01 1.882679068612555149e-04
1.922566371681417863e-01 1.759750242813899496e-04
1.958702064896757911e-01 1.645602535486657969e-04
1.994837758112097958e-01 1.539554559530308098e-04
2.030973451327438006e-01 1.440981890577985522e-04
2.067109144542778054e-01 1.349311975895527106e-04
2.103244837758113661e-01 1.264019526568272832e-04
2.139380530973453709e-01 1.184622344516636277e-04
2.175516224188793757e-01 1.110677540990024389e-04
2.211651917404133805e-01 1.041778107733116901e-04
2.247787610619473853e-01 9.775498060640362664e-05
2.283923303834809460e-01 9.176483427080056577e-05
2.320058997050149507e-01 8.617568044420221174e-05
2.356194690265489555e-01 8.095833264718153518e-05
2.392330383480829603e-01 7.608589720194467018e-05
2.428466076696169651e-01 7.153358028841434681e-05
2.464601769911509699e-01 6.727851227802693942e-05
2.500737463126845306e-01 6.329958770816134395e-05
2.536873156342185354e-01 5.957731942345913451e-05
2.573008849557525402e-01 5.609370555655476327e-05
2.609144542772865449e-01 5.283210815174379810e-05
2.645280235988205497e-01 4.977714235258768601e-05
2.681415929203541104e-01 4.691457517981353236e-05
2.717551622418881152e-01 4.423123302043072732e-05
2.753687315634221200e-01 4.171491703391915233e-05
2.789823008849561248e-01 3.935432575765272827e-05
2.825958702064901296e-01 3.713898426234588459e-05
2.862094395280241343e-01 3.505917927003859684e-05
2.898230088495576950e-01 3.310589970270662547e-05
2.934365781710916998e-01 3.127078217962643797e-05
2.970501474926257046e-01 2.954606102673729790e-05
3.006637168141597094e-01 2.792452240190019305e-05
3.042772861356937142e-01 2.639946217665189884e-05
3.078908554572272749e-01 2.496464724816661317e-05
3.115044247787612797e-01 2.361427998505548990e-05
3.151179941002952845e-01 2.234296553765872061e-05
3.187315634218292892e-01 2.114568176792830097e-05
3.223451327433632940e-01 2.001775157610735434e-05
3.259587020648972988e-01 1.895481742141940642e-05
3.295722713864308595e-01 1.795281785210512806e-05
3.331858407079648643e-01 1.700796587655766101e-05
3.367994100294988691e-01 1.611672902219502153e-05
3.404129793510328739e-01 1.527581094219906843e-05
3.440265486725668787e-01 1.448213444250666886e-05
3.476401179941004393e-01 1.373282581255182341e-05
3.512536873156344441e-01 1.302520035336097341e-05
3.548672566371684489e-01 1.235674900578307899e-05
3.584808259587024537e-01 1.172512598997754878e-05
3.620943952802364585e-01 1.112813737487935452e-05
3.657079646017700192e-01 1.056373050326574936e-05
3.693215339233040240e-01 1.002998420434148936e-05
3.729351032448380288e-01 9.525099731488983283e-06
3.765486725663720335e-01 9.047392368051818332e-06
3.801622418879060383e-01 8.595283648783204436e-06
3.837758112094400431e-01 8.167294148933346536e-06
3.873893805309736038e-01 7.762036796914773175e-06
3.910029498525076086e-01 7.378210670103338753e-06
3.946165191740416134e-01 7.014595236640025522e-06
3.982300884955756182e-01 6.670045009118763960e-06
4.018436578171096230e-01 6.343484578808906385e-06
4.054572271386431837e-01 6.033904001586690972e-06
4.090707964601771884e-01 5.740354509062834776e-06
4.126843657817111932e-01 5.461944520509688407e-06
4.162979351032451980e-01 5.197835933129124488e-06
4.199115044247792028e-01 4.947240669978986995e-06
4.235250737463132076e-01 4.709417466504072490e-06
4.271386430678467683e-01 4.483668878109556856e-06
4.307522123893807731e-01 4.269338492584613897e-06
4.343657817109147778e-01 4.065808332441562769e-06
4.379793510324487826e-01 3.872496433387985836e-06
4.415929203539827874e-01 3.688854586210990574e-06
4.452064896755163481e-01 3.514366230325485829e-06
4.488200589970503529e-01 3.348544488133856425e-06
4.524336283185843577e-01 3.190930330168026699e-06
4.560471976401183625e-01 3.041090861741273025e-06
4.596607669616523673e-01 2.898617722535070918e-06
4.632743362831863720e-01 2.763125591187594545e-06
4.668879056047199327e-01 2.634250787541026430e-06
4.705014749262539375e-01 2.511649965750020676e-06
4.741150442477879423e-01 2.394998891955232346e-06
4.777286135693219471e-01 2.283991300688263672e-06
4.813421828908559519e-01 2.178337824601852859e-06
4.849557522123895126e-01 2.077764992512424752e-06
4.885693215339235174e-01 1.982014291105938939e-06
4.921828908554575222e-01 1.890841285993662092e-06
4.957964601769915269e-01 1.804014798114530825e-06
4.994100294985255317e-01 1.721316131767233025e-06
5.030235988200595365e-01 1.642538350820217935e-06
5.066371681415930972e-01 1.567485599892682080e-06
5.102507374631271020e-01 1.495972467525983026e-06
5.138643067846611068e-01 1.427823388574987396e-06
5.174778761061951116e-01 1.362872083242442600e-06
5.210914454277291163e-01 1.300961030359587299e-06
5.247050147492626770e-01 1.241940972682371960e-06
5.283185840707966818e-01 1.185670452127124082e-06
5.319321533923306866e-01 1.132015373012321886e-06
5.355457227138646914e-01 1.080848591505729562e-06
5.391592920353986962e-01 1.032049529599080164e-06
5.427728613569327010e-01 9.855038120466971260e-07
5.463864306784662617e-01 9.411029248101038944e-07
5.500000000000002665e-01 8.987438936491033172e-07
5.536135693215342712e-01 8.583289815911719215e-07
5.572271386430682760e-01 8.197654040955692900e-07
5.608407079646022808e-01 7.829650608075909138e-07
5.644542772861358415e-01 7.478442828716300165e-07
5.680678466076698463e-01 7.143235948396703458e-07
5.716814159292038511e-01 6.823274902753847015e-07
5.752949852507378559e-01 6.517842202128789530e-07
5.789085545722718606e-01 6.226255936839476180e-07
5.825221238938058654e-01 5.947867895788619388e-07
5.861356932153394261e-01 5.682061791532711281e-07
5.897492625368734309e-01 5.428251585380431724e-07
5.933628318584074357e-01 5.185879906502470250e-07
5.969764011799414405e-01 4.954416559418761424e-07
6.005899705014754453e-01 4.733357114589001977e-07
6.042035398230090060e-01 4.522221577165492140e-07
6.078171091445430108e-01 4.320553129281149182e-07
6.114306784660770155e-01 4.127916941535632450e-07
6.150442477876110203e-01 3.943899049614529063e-07
6.186578171091450251e-01 3.768105292231213001e-07
6.222713864306790299e-01 3.600160306816904373e-07
6.258849557522125906e-01 3.439706579606893931e-07
6.294985250737465954e-01 3.286403546977210204e-07
6.331120943952806002e-01 3.139926745079629386e-07
6.367256637168146050e-01 2.999967005003908346e-07
6.403392330383486097e-01 2.866229690864624019e-07
6.439528023598821704e-01 2.738433978369313481e-07
6.475663716814161752e-01 2.616312171571001685e-07
6.511799410029501800e-01 2.499609055648434413e-07
6.547935103244841848e-01 2.388081283685523381e-07
6.584070796460181896e-01 2.281496795543948051e-07
6.620206489675521944e-01 2.179634267035894143e-07
6.656342182890857551e-01 2.082282587711015916e-07
6.692477876106197598e-01 1.989240365670825098e-07
6.728613569321537646e-01 1.900315457918257562e-07
6.764749262536877694e-01 1.815324524836709129e-07
6.800884955752217742e-01 1.734092607476152920e-07
6.837020648967553349e-01 1.656452726400549203e-07
6.873156342182893397e-01 1.582245500923131822e-07
6.909292035398233445e-01 1.511318787624548947e-07
6.945427728613573493e-01 1.443527337111962388e-07
6.981563421828913540e-01 1.378732468037653385e-07
7.017699115044253588e-01 1.316801757451621986e-07
7.053834808259589195e-01 1.257608746615504432e-07
7.089970501474929243e-01 1.201032661454823943e-07
7.126106194690269291e-01 1.146958146873205014e-07
7.162241887905609339e-01 1.095275014196000211e-07
7.198377581120949387e-01 1.045878001051933781e-07
7.234513274336284994e-01 9.986665430403071628e-08
7.270648967551625041e-01 9.535445565674725127e-08
7.306784660766965089e-01 9.104202322709470100e-08
7.342920353982305137e-01 8.692058384813840202e-08
7.379056047197645185e-01 8.298175342033536086e-08
7.415191740412985233e-01 7.921751911243248384e-08
7.451327433628320840e-01 7.562022241881342523e-08
7.487463126843660888e-01 7.218254302946447961e-08
7.523598820059000936e-01 6.889748347112046963e-08
7.559734513274340983e-01 6.575835448039676027e-08
7.595870206489681031e-01 6.275876107183456761e-08
7.632005899705016638e-01 5.989258926579339049e-08
7.668141592920356686e-01 5.715399344300282181e-08
7.704277286135696734e-01 5.453738429436317672e-08
7.740412979351036782e-01 5.203741733626660936e-08
7.776548672566376830e-01 4.964898196328691628e-08
7.812684365781712437e-01 4.736719101157726741e-08
7.848820058997052485e-01 4.518737080773389254e-08
7.884955752212392532e-01 4.310505167919694307e-08
7.921091445427732580e-01 4.111595890352960367e-08
7.957227138643072628e-01 3.921600407509446018e-08
7.993362831858412676e-01 3.740127686876367066e-08
8.029498525073748283e-01 3.566803718136663582e-08
8.065634218289088331e-01 3.401270763256270034e-08
8.101769911504428379e-01 3.243186640778951278e-08
8.137905604719768426e-01 3.092224042681207463e-08
8.174041297935108474e-01 2.948069882225290981e-08
8.210176991150444081e-01 2.810424671327766724e-08
8.246312684365784129e-01 2.679001926036610570e-08
8.282448377581124177e-01 2.553527598780837552e-08
8.318584070796464225e-01 2.433739536125103039e-08
8.354719764011804273e-01 2.319386960824122085e-08
8.390855457227144321e-01 2.210229977033800594e-08
8.426991150442479928e-01 2.106039097592341625e-08
8.463126843657819975e-01 2.006594792338619661e-08
8.499262536873160023e-01 1.911687056487374237e-08
8.535398230088500071e-01 1.821114998128188039e-08
8.571533923303840119e-01 1.734686443962212625e-08
8.607669616519175726e-01 1.652217562433691461e-08
8.643805309734515774e-01 1.573532503455083058e-08
8.679941002949855822e-01 1.498463053963319887e-08
8.716076696165195870e-01 1.426848308582083978e-08
8.752212389380535917e-01 1.358534354700398165e-08
8.788348082595875965e-01 1.293373971310966784e-08
8.824483775811211572e-01 1.231226340983393432e-08
8.860619469026551620e-01 1.171956774377485915e-08
8.896755162241891668e-01 1.115436446730594656e-08
8.932890855457231716e-01 1.061542145779577917e-08
8.969026548672571764e-01 1.010156030603845870e-08
9.005162241887907371e-01 9.611654009005511221e-09
9.041297935103247418e-01 9.144624762255897216e-09
9.077433628318587466e-01 8.699441847567700295e-09
9.113569321533927514e-01 8.275119611555559029e-09
9.149705014749267562e-01 7.870715531243528358e-09
9.185840707964607610e-01 7.485328362746942710e-09
9.221976401179943217e-01 7.118096369397491793e-09
9.258112094395283265e-01 6.768195625815917418e-09
9.294247787610623313e-01 6.434838394597133332e-09
9.330383480825963360e-01 6.117271572428356270e-09
9.366519174041303408e-01 5.814775202605340763e-09
9.402654867256639015e-01 5.526661051051604581e-09
9.438790560471979063e-01 5.252271243077336295e-09
9.474926253687319111e-01 4.990976958241396407e-09
9.511061946902659159e-01 4.742177180798494927e-09
9.547197640117999207e-01 4.505297503327942997e-09
9.583333333333339255e-01 4.279788981249151260e-09
9.619469026548674861e-01 4.065127036032253295e-09
9.655604719764014909e-01 3.860810405009388990e-09
9.691740412979354957e-01 3.666360135788318452e-09
9.727876106194695005e-01 3.481318623356069631e-09
9.764011799410035053e-01 3.305248688047769477e-09
9.800147492625370660e-01 3.137732692635851418e-09
9.836283185840710708e-01 2.978371696871430506e-09
9.872418879056050756e-01 2.826784647884376671e-09
9.908554572271390803e-01 2.682607604917388320e-09
9.944690265486730851e-01 2.545492996937359430e-09
9.980825958702070899e-01 2.415108911729947181e-09
1.001696165191740651e+00 2.291138415145337372e-09
1.005309734513274655e+00 2.173278899219568148e-09
1.008923303834808660e+00 2.061241457952782679e-09
1.012536873156342665e+00 1.954750289577063324e-09
1.016150442477876670e+00 1.853542124197848680e-09
1.019764011799410230e+00 1.757365675740614474e-09
1.023377581120944235e+00 1.665981117180418909e-09
1.026991150442478240e+00 1.579159578075867823e-09
1.030604719764012245e+00 1.496682663470613799e-09
1.034218289085546250e+00 1.418341993266028411e-09
1.037831858407080254e+00 1.343938761205950411e-09
1.041445427728613815e+00 1.273283312652104652e-09
1.045058997050147820e+00 1.206194740362350365e-09
1.048672566371681825e+00 1.142500497518407796e-09
1.052286135693215829e+00 1.082036027280546557e-09
1.055899705014749834e+00 1.024644408177967083e-09
1.059513274336283395e+00 9.701760146721053832e-10
1.063126843657817400e+00 9.184881922583049204e-10
1.066740412979351404e+00 8.694449464977933605e-10
1.070353982300885409e+00 8.229166453972784424e-10
1.073967551622419414e+00 7.787797345778393078e-10
1.077581120943953419e+00 7.369164646983639833e-10
1.081194690265486980e+00 6.972146306206340912e-10
1.084808259587020984e+00 6.595673218248767349e-10
1.088421828908554989e+00 6.238726836048491635e-10
1.092035398230088994e+00 5.900336885910664432e-10
1.095648967551622999e+00 5.579579181695752874e-10
1.099262536873156559e+00 5.275573533815890686e-10
1.102876106194690564e+00 4.987481749063972724e-10
1.106489675516224569e+00 4.714505717464905505e-10
1.110103244837758574e+00 4.455885582495305774e-10
1.113716814159292579e+00 4.210897991168940981e-10
1.117330383480826583e+00 3.978854420629564072e-10
1.120943952802360144e+00 3.759099578032100995e-10
1.124557522123894149e+00 3.551009870624320527e-10
1.128171091445428154e+00 3.353991943069956119e-10
1.131784660766962158e+00 3.167481279174884465e-10
1.135398230088496163e+00 2.990940865295142323e-10
1.139011799410029724e+00 2.823859912818335268e-10
1.142625368731563729e+00 2.665752637216020557e-10
1.146238938053097733e+00 2.516157091268614115e-10
1.149852507374631738e+00 2.374634050162931778e-10
1.153466076696165743e+00 2.240765946256447529e-10
1.157079646017699748e+00 2.114155851394261869e-10
1.160693215339233308e+00 1.994426504750858111e-10
1.164306784660767313e+00 1.881219384252743226e-10
1.167920353982301318e+00 1.774193819718125136e-10
1.171533923303835323e+00 1.673026145926244283e-10
1.175147492625369328e+00 1.577408893903391436e-10
1.178761061946902888e+00 1.487050018782678292e-10
1.182374631268436893e+00 1.401672162662717021e-10
1.185988200589970898e+00 1.321011950955811202e-10
1.189601769911504903e+00 1.244819320777787300e-10
1.193215339233038907e+00 1.172856879992901838e-10
1.196828908554572468e+00 1.104899295583158834e-10
1.200442477876106473e+00 1.040732710068032409e-10
1.204056047197640478e+00 9.801541847524527877e-11
1.207669616519174483e+00 9.229711686323264274e-11
1.211283185840708487e+00 8.690009918353340360e-11
1.214896755162242492e+00 8.180703825216379558e-11
1.218510324483776053e+00 7.700150062140623160e-11
1.222123893805310058e+00 7.246790265702587718e-11
1.225737463126844062e+00 6.819146866509039048e-11
1.229351032448378067e+00 6.415819097774003723e-11
1.232964601769912072e+00 6.035479191109532963e-11
1.236578171091445633e+00 5.676868751211237651e-11
1.240191740412979637e+00 5.338795301471524284e-11
1.243805309734513642e+00 5.020128992891156183e-11
1.247418879056047647e+00 4.719799468979551061e-11
1.251032448377581652e+00 4.436792879646984282e-11
1.254646017699115657e+00 4.170149037387367775e-11
1.258259587020649217e+00 3.918958709336019534e-11
1.261873156342183222e+00 3.682361039060167594e-11
1.265486725663717227e+00 3.459541092202835530e-11
1.269100294985251232e+00 3.249727520352183929e-11
1.272713864306785236e+00 3.052190337749778107e-11
1.276327433628318797e+00 2.866238805683709841e-11
1.279941002949852802e+00 2.691219419634094137e-11
1.283554572271386807e+00 2.526513994451790683e-11
1.287168141592920811e+00 2.371537843055723540e-11
1.290781710914454816e+00 2.225738044330316280e-11
1.294395280235988821e+00 2.088591796092378509e-11
1.298008849557522382e+00 1.959604849177300929e-11
1.301622418879056386e+00 1.838310018866830255e-11
1.305235988200590391e+00 1.724265770047310798e-11
1.308849557522124396e+00 1.617054872644798619e-11
1.312463126843658401e+00 1.516283124037315272e-11
1.316076696165191962e+00 1.421578135288950809e-11
1.319690265486725966e+00 1.332588178191537934e-11
1.323303834808259971e+00 1.248981090233249846e-11
1.326917404129793976e+00 1.170443234741632416e-11
1.330530973451327981e+00 1.096678513572240137e-11
1.334144542772861985e+00 1.027407429831516085e-11
1.337758112094395546e+00 9.623661982356120156e-12
1.341371681415929551e+00 9.013059008150599726e-12
1.344985250737463556e+00 8.439916857788037185e-12
1.348598820058997561e+00 7.902020074501434991e-12
1.352212389380531565e+00 7.397279052823488546e-12
1.355825958702065126e+00 6.923723200525047376e-12
1.359439528023599131e+00 6.479494454191322987e-12
1.363053097345133136e+00 6.062841131127257070e-12
1.366666666666667140e+00 5.672112101075793776e-12
1.370280235988201145e+00 5.305751262001233524e-12
1.373893805309735150e+00 4.962292304915657274e-12
1.377507374631268711e+00 4.640353753427044272e-12
1.381120943952802715e+00 4.338634264353794248e-12
1.384734513274336720e+00 4.055908176391352513e-12
1.388348082595870725e+00 3.791021294424786192e-12
1.391961651917404730e+00 3.542886897667576340e-12
1.395575221238938290e+00 3.310481960363416477e-12
1.399188790560472295e+00 3.092843574322409044e-12
1.402802359882006300e+00 2.889065563072573562e-12
1.406415929203540305e+00 2.698295277895317555e-12
1.410029498525074310e+00 2.519730566477839803e-12
1.413643067846608314e+00 2.352616905362502409e-12
1.417256637168141875e+00 2.196244687795034302e-12
1.420870206489675880e+00 2.049946658981788260e-12
1.424483775811209885e+00 1.913095491151666985e-12
1.428097345132743889e+00 1.785101491188938551e-12
1.431710914454277894e+00 1.665410433956080293e-12
1.435324483775811455e+00 1.553501514762168994e-12
1.438938053097345460e+00 1.448885414754106626e-12
1.442551622418879465e+00 1.351102473314642709e-12
1.446165191740413469e+00 1.259720961842972578e-12
1.449778761061947474e+00 1.174335453573595559e-12
1.453392330383481479e+00 1.094565284354274697e-12
1.457005899705015040e+00 1.020053099557946737e-12
1.460619469026549044e+00 9.504634825450832842e-13
1.464233038348083049e+00 8.854816603233225138e-13
1.467846607669617054e+00 8.248122822707961093e-13
1.471460176991151059e+00 7.681782679986584550e-13
1.475073746312684619e+00 7.153197206276459336e-13
1.478687315634218624e+00 6.659929019432086464e-13
1.482300884955752629e+00 6.199692660744240420e-13
1.485914454277286634e+00 5.770345485140094268e-13
1.489528023598820639e+00 5.369879074603676086e-13
1.493141592920354643e+00 4.996411146185850576e-13
1.496755162241888204e+00 4.648177927455983355e-13
1.500368731563422209e+00 4.323526973655693601e-13
1.503982300884956214e+00 4.020910402162344439e-13
1.507595870206490218e+00 3.738878521139369029e-13
1.511209439528024223e+00 3.476073830470473796e-13
1.514823008849557784e+00 3.231225374224053100e-13
1.518436578171091789e+00 3.003143424992595384e-13
1.522050147492625793e+00 2.790714481493971118e-13
1.525663716814159798e+00 2.592896561810302342e-13
1.529277286135693803e+00 2.408714775582253839e-13
1.532890855457227808e+00 2.237257159368833129e-13
1.536504424778761368e+00 2.077670760231362716e-13
1.540117994100295373e+00 1.929157953405491635e-13
1.543731563421829378e+00 1.790972980690060770e-13
1.547345132743363383e+00 1.662418696906563730e-13
1.550958702064897388e+00 1.542843512471420744e-13
1.554572271386430948e+00 1.431638520776941215e-13
1.558185840707964953e+00 1.328234799695440752e-13
1.561799410029498958e+00 1.232100877109142562e-13
1.565412979351032963e+00 1.142740350924805127e-13
1.569026548672566967e+00 1.059689654560475248e-13
1.572640117994100972e+00 9.825159593917959496e-14
1.576253687315634533e+00 9.108152061195848688e-14
1.579867256637168538e+00 8.442102574694240812e-14
1.583480825958702543e+00 7.823491650596604130e-14
1.587094395280236547e+00 7.249035436768327314e-14
1.590707964601770552e+00 6.715670465793036779e-14
1.594321533923304113e+00 6.220539358107786819e-14
1.597935103244838118e+00 5.760977418472291002e-14
1.601548672566372122e+00 5.334500072241326310e-14
1.605162241887906127e+00 4.938791090968881382e-14
1.608775811209440132e+00 4.571691559766281948e-14
1.612389380530973693e+00 4.231189541574061294e-14
1.616002949852507697e+00 3.915410396092166271e-14
1.619616519174041702e+00 3.622607713563554508e-14
1.623230088495575707e+00 3.351154825912927063e-14
1.626843657817109712e+00 3.099536859930284384e-14
1.630457227138643717e+00 2.866343299250347520e-14
1.634070796460177277e+00 2.650261023829357169e-14
1.637684365781711282e+00 2.450067797460504727e-14
1.641297935103245287e+00 2.264626175607354679e-14
1.644911504424779292e+00 2.092877807474907794e-14
1.648525073746313296e+00 1.933838107786098856e-14
1.652138643067846857e+00 1.786591275192484224e-14
1.655752212389380862e+00 1.650285635625524492e-14
1.659365781710914867e+00 1.524129290195127020e-14
1.662979351032448871e+00 1.407386048467020900e-14
1.666592920353982876e+00 1.299371629107132352e-14
1.670206489675516881e+00 1.199450110969234282e-14
1.673820058997050442e+00 1.107030618729518421e-14
1.677433628318584447e+00 1.021564228138219323e-14
1.681047197640118451e+00 9.425410768702181927e-15
1.684660766961652456e+00 8.694876678138934735e-15
1.688274336283186461e+00 8.019643524461429323e-15
1.691887905604720022e+00 7.395629827018441699e-15
1.695501474926254026e+00 6.819047204621427180e-15
1.699115044247788031e+00 6.286379944596904910e-15
1.702728613569322036e+00 5.794365950330745181e-15
1.706342182890856041e+00 5.339978977587211960e-15
1.709955752212390045e+00 4.920412075497260284e-15
1.713569321533923606e+00 4.533062153381348092e-15
1.717182890855457611e+00 4.175515599530914570e-15
1.720796460176991616e+00 3.845534882731555426e-15
1.724410029498525621e+00 3.541046071689482239e-15
1.728023598820059625e+00 3.260127211636630486e-15
1.731637168141593186e+00 3.000997501252664683e-15
1.735250737463127191e+00 2.762007216672142739e-15
1.738864306784661196e+00 2.541628332751492948e-15
1.742477876106195200e+00 2.338445794967202647e-15
1.746091445427729205e+00 2.151149398320849184e-15
1.749705014749263210e+00 1.978526232440966890e-15
1.753318584070796771e+00 1.819453654714438412e-15
1.756932153392330775e+00 1.672892755759006415e-15
1.760545722713864780e+00 1.537882283871929928e-15
1.764159292035398785e+00 1.413532997268377193e-15
1.767772861356932790e+00 1.299022414966540971e-15
1.771386430678466350e+00 1.193589939089267131e-15
1.775000000000000355e+00 1.096532323146440813e-15
1.778613569321534360e+00 1.007199462541827748e-15
1.782227138643068365e+00 9.249904851214403836e-16
1.785840707964602370e+00 8.493501210544615608e-16
1.789454277286136374e+00 7.797653327165442905e-16
1.793067846607669935e+00 7.157621865367068809e-16
1.796681415929203940e+00 6.569029499771639030e-16
1.800294985250737945e+00 6.027833979458366571e-16
1.803908554572271949e+00 5.530303139988412205e-16
1.807522123893805954e+00 5.072991726788233591e-16
1.811135693215339515e+00 4.652719902601514385e-16
1.814749262536873520e+00 4.266553320359255708e-16
1.818362831858407525e+00 3.911784650900756964e-16
1.821976401179941529e+00 3.585916462523993940e-16
1.825589970501475534e+00 3.286645356400189964e-16
1.829203539823009539e+00 3.011847268473875333e-16
1.832817109144543100e+00 2.759563854622069278e-16
1.836430678466077104e+00 2.527989881591587822e-16
1.840044247787611109e+00 2.315461551594593452e-16
1.843657817109145114e+00 2.120445693447726062e-16
1.847271386430679119e+00 1.941529757809395497e-16
1.850884955752212679e+00 1.777412558426548103e-16
1.854498525073746684e+00 1.626895705364918184e-16
1.858112094395280689e+00 1.488875679986330210e-16
1.861725663716814694e+00 1.362336504968531258e-16
1.865339233038348699e+00 1.246342965956254096e-16
1.868952802359882703e+00 1.140034344500855820e-16
1.872566371681416264e+00 1.042618624804825971e-16
1.876179941002950269e+00 9.533671394511488375e-17
1.879793510324484274e+00 8.716096217782461569e-17
1.883407079646018278e+00 7.967296348707769395e-17
1.887020648967552283e+00 7.281603492875970165e-17
1.890634218289085844e+00 6.653806436492161998e-17
1.894247787610619849e+00 6.079115040701418948e-17
1.897861356932153853e+00 5.553127001545807968e-17
1.901474926253687858e+00 5.071797168855806501e-17
1.905088495575221863e+00 4.631409232375362461e-17
1.908702064896755868e+00 4.228549597356050486e-17
1.912315634218289429e+00 3.860083284817463110e-17
1.915929203539823433e+00 3.523131703713610865e-17
1.919542772861357438e+00 3.215052153441594861e-17
1.923156342182891443e+00 2.933418925522541630e-17
1.926769911504425448e+00 2.676005882948462135e-17
1.930383480825959008e+00 2.440770404655774586e-17
1.933997050147493013e+00 2.225838590915325517e-17
1.937610619469027018e+00 2.029491633161537507e-17
1.941224188790561023e+00 1.850153258956079918e-17
1.944837758112095027e+00 1.686378169442121979e-17
1.948451327433629032e+00 1.536841392820498162e-17
1.952064896755162593e+00 1.400328483109402378e-17
1.955678466076696598e+00 1.275726498760981863e-17
1.959292035398230603e+00 1.162015700635755349e-17
1.962905604719764607e+00 1.058261913400100802e-17
1.966519174041298612e+00 9.636094986451668355e-18
1.970132743362832173e+00 8.772748919458830275e-18
1.973746312684366178e+00 7.985406597112870993e-18
1.977359882005900182e+00 7.267500350418854272e-18
1.980973451327434187e+00 6.613018949248606840e-18
1.984587020648968192e+00 6.016461439824715468e-18
1.988200589970502197e+00 5.472794726586650446e-18
1.991814159292035757e+00 4.977414601998334578e-18
1.995427728613569762e+00 4.526109950713631433e-18
1.999041297935103767e+00 4.115029875668873078e-18
2.002654867256637772e+00 3.740653513224229282e-18
2.006268436578171777e+00 3.399762322567600618e-18
2.009882005899705337e+00 3.089414651310300273e-18
2.013495575221239342e+00 2.806922394661212638e-18
2.017109144542773347e+00 2.549829579847023202e-18
2.020722713864307352e+00 2.315892720641778180e-18
2.024336283185841356e+00 2.103062799058782920e-18
2.027949852507374917e+00 1.909468742515553097e-18
2.031563421828908922e+00 1.733402275176177258e-18
2.035176991150442927e+00 1.573304031774208611e-18
2.038790560471976931e+00 1.427750831073839270e-18
2.042404129793510936e+00 1.295444014302965100e-18
2.046017699115044941e+00 1.175198761431785847e-18
2.049631268436578502e+00 1.065934305126982761e-18
2.053244837758112507e+00 9.666649686271167486e-19
2.056858407079646511e+00 8.764919596998860352e-19
2.060471976401180516e+00 7.945958582951487674e-19
2.064085545722714521e+00 7.202297405334906481e-19
2.067699115044248082e+00 6.527128863021085793e-19
2.071312684365782086e+00 5.914250219960297305e-19
2.074926253687316091e+00 5.358010538740037296e-19
2.078539823008850096e+00 4.853262511174127310e-19
2.082153392330384101e+00 4.395318410139117912e-19
2.085766961651918106e+00 3.979909817553518869e-19
2.089380530973451666e+00 3.603150811634213268e-19
2.092994100294985671e+00 3.261504322549167291e-19
2.096607669616519676e+00 2.951751389492466265e-19
2.100221238938053236e+00 2.670963074195337668e-19
2.103834808259587685e+00 2.416474806109817096e-19
2.107448377581121246e+00 2.185862953096291379e-19
2.111061946902655695e+00 1.976923428535264081e-19
2.114675516224189256e+00 1.787652161496564029e-19
2.118289085545722816e+00 1.616227271030341338e-19
2.121902654867257265e+00 1.460992798909479635e-19
2.125516224188790826e+00 1.320443867331282629e-19
2.129129793510325275e+00 1.193213139274017583e-19
2.132743362831858835e+00 1.078058469475040447e-19
2.136356932153393284e+00 9.738516434246110106e-20
2.139970501474926845e+00 8.795681104237682481e-20
2.143584070796460406e+00 7.942776246940778018e-20
2.147197640117994855e+00 7.171357158121500997e-20
2.150811209439528415e+00 6.473759164234819832e-20
2.154424778761062864e+00 5.843026813169526954e-20
2.158038348082596425e+00 5.272849375603123398e-20
2.161651917404129986e+00 4.757502105460284322e-20
2.165265486725664434e+00 4.291792755175496995e-20
2.168879056047197995e+00 3.871012884705154696e-20
2.172492625368732444e+00 3.490893542858869330e-20
2.176106194690266005e+00 3.147564935813490989e-20
2.179719764011799565e+00 2.837519730904932170e-20
2.183333333333334014e+00 2.557579674227279510e-20
2.186946902654867575e+00 2.304865228420391716e-20
2.190560471976402024e+00 2.076767962523342929e-20
2.194174041297935585e+00 1.870925449098334194e-20
2.197787610619469145e+00 1.685198445171125809e-20
2.201401179941003594e+00 1.517650153055181106e-20
2.205014749262537155e+00 1.366527374978086414e-20
2.208628318584071604e+00 1.230243391749460584e-20
2.212241887905605164e+00 1.107362410632097217e-20
2.215855457227138725e+00 9.965854412110622666e-21
2.219469026548673174e+00 8.967374705189296931e-21
2.223082595870206735e+00 8.067558200561601558e-21
2.226696165191741184e+00 7.256795777446385944e-21
2.230309734513274744e+00 6.526400073477894204e-21
2.233923303834809193e+00 5.868518465589649055e-21
2.237536873156342754e+00 5.276054128756660266e-21
2.241150442477876314e+00 4.742594435984484624e-21
2.244764011799410763e+00 4.262346028855003875e-21
2.248377581120944324e+00 3.830075948062011434e-21
2.251991150442478773e+00 3.441058268216653642e-21
2.255604719764012334e+00 3.091025731224921907e-21
2.259218289085545894e+00 2.776125918135220814e-21
2.262831858407080343e+00 2.492881540935738575e-21
2.266445427728613904e+00 2.238154473663563283e-21
2.270058997050148353e+00 2.009113176717218988e-21
2.273672566371681913e+00 1.803203199719945476e-21
2.277286135693215474e+00 1.618120476929441516e-21
2.280899705014749923e+00 1.451787155285960154e-21
2.284513274336283484e+00 1.302329718945813718e-21
2.288126843657817933e+00 1.168059195775792434e-21
2.291740412979351493e+00 1.047453250968406340e-21
2.295353982300885054e+00 9.391399908488058998e-22
2.298967551622419503e+00 8.418833162419539787e-22
2.302581120943953064e+00 7.545696795909843377e-22
2.306194690265487512e+00 6.761961134985166238e-22
2.309808259587021073e+00 6.058594106212721858e-22
2.313421828908555522e+00 5.427463459898419481e-22
2.317035398230089083e+00 4.861248429551310869e-22
2.320648967551622643e+00 4.353359931648165023e-22
2.324262536873157092e+00 3.897868493360836039e-22
2.327876106194690653e+00 3.489439171858784509e-22
2.331489675516225102e+00 3.123272797777562498e-22
2.335103244837758663e+00 2.795052938087590710e-22
2.338716814159292223e+00 2.500898030448856849e-22
2.342330383480826672e+00 2.237318192757797685e-22
2.345943952802360233e+00 2.001176258421814698e-22
2.349557522123894682e+00 1.789652630392229189e-22
2.353171091445428242e+00 1.600213585535026165e-22
2.356784660766961803e+00 1.430582695874740950e-22
2.360398230088496252e+00 1.278715064950035856e-22
2.364011799410029813e+00 1.142774106256473868e-22
2.367625368731564262e+00 1.021110616800965459e-22
2.371238938053097822e+00 9.122439223999781517e-23
2.374852507374631383e+00 8.148448927408610898e-23
2.378466076696165832e+00 7.277206436020726053e-23
2.382079646017699393e+00 6.498007611761895574e-23
2.385693215339233841e+00 5.801248993297857421e-23
2.389306784660767402e+00 5.178316150210970619e-23
2.392920353982301851e+00 4.621483201180688751e-23
2.396533923303835412e+00 4.123822396449365051e-23
2.400147492625368972e+00 3.679122771477002508e-23
2.403761061946903421e+00 3.281816975163415660e-23
2.407374631268436982e+00 2.926915463256875235e-23
2.410988200589971431e+00 2.609947326467301628e-23
2.414601769911504991e+00 2.326907094137758687e-23
2.418215339233038552e+00 2.074206918801938644e-23
2.421828908554573001e+00 1.848633605235480548e-23
2.425442477876106562e+00 1.647310000261438054e-23
2.429056047197641011e+00 1.467660307140069585e-23
2.432669616519174571e+00 1.307378931342892173e-23
2.436283185840708132e+00 1.164402503308462501e-23
2.439896755162242581e+00 1.036884758813964499e-23
2.443510324483776142e+00 9.231739892200459040e-24
2.447123893805310590e+00 8.217928023885433995e-24
2.450737463126844151e+00 7.314199608299426986e-24
2.454351032448377712e+00 6.508740868721821851e-24
2.457964601769912161e+00 5.790990456024995422e-24
2.461578171091445721e+00 5.151508352362182980e-24
2.465191740412980170e+00 4.581858316086808896e-24
2.468805309734513731e+00 4.074502488514860152e-24
2.472418879056048180e+00 3.622706921613946795e-24
2.476032448377581741e+00 3.220456910497565972e-24
2.479646017699115301e+00 2.862381127024757060e-24
2.483259587020649750e+00 2.543683652088926159e-24
2.486873156342183311e+00 2.260083095384100941e-24
2.490486725663717760e+00 2.007758073568235137e-24
2.494100294985251320e+00 1.783298391682653104e-24
2.497713864306784881e+00 1.583661339236273919e-24
2.501327433628319330e+00 1.406132572255696882e-24
2.504941002949852891e+00 1.248291106489204855e-24
2.508554572271387340e+00 1.107977995425863501e-24
2.512168141592920900e+00 9.832683103928292616e-25
2.515781710914454461e+00 8.724460791952084607e-25
2.519395280235988910e+00 7.739818750133559375e-25
2.523008849557522471e+00 6.865127789536744646e-25
2.526622418879056919e+00 6.088244681233609636e-25
2.530235988200590480e+00 5.398352066852887015e-25
2.533849557522124041e+00 4.785815403319719824e-25
2.537463126843658490e+00 4.242055152635295523e-25
2.541076696165192050e+00 3.759432612924898725e-25
2.544690265486726499e+00 3.331147953437007895e-25
2.548303834808260060e+00 2.951149165597979270e-25
2.551917404129794509e+00 2.614050776323347779e-25
2.555530973451328070e+00 2.315061290127749505e-25
2.559144542772861630e+00 2.049918434529214035e-25
2.562758112094396079e+00 1.814831380083438813e-25
2.566371681415929640e+00 1.606429193226890314e-25
2.569985250737464089e+00 1.421714857975882199e-25
2.573598820058997649e+00 1.258024272336359375e-25
2.577212389380531210e+00 1.112989687843810020e-25
2.580825958702065659e+00 9.845071167236246426e-26
2.584439528023599220e+00 8.707072813940372329e-26
2.588053097345133668e+00 7.699297260336611371e-26
2.591666666666667229e+00 6.806997502374358889e-26
2.595280235988200790e+00 6.017078608709962682e-26
2.598893805309735239e+00 5.317914705430758502e-26
2.602507374631268799e+00 4.699186000328319861e-26
2.606120943952803248e+00 4.151733678897432817e-26
2.609734513274336809e+00 3.667430735801792859e-26
2.613348082595870370e+00 3.239067012695603397e-26
2.616961651917404819e+00 2.860246898574808872e-26
2.620575221238938379e+00 2.525298314514703002e-26
2.624188790560472828e+00 2.229191752784600273e-26
2.627802359882006389e+00 1.967468272751420502e-26
2.631415929203539950e+00 1.736175474324500119e-26
2.635029498525074398e+00 1.531810575449379791e-26
2.638643067846607959e+00 1.351269814627435203e-26
2.642256637168142408e+00 1.191803483829736867e-26
2.645870206489675969e+00 1.050975972533835568e-26
2.649483775811210418e+00 9.266302709010409695e-27
2.653097345132743978e+00 8.168564401827714865e-27
2.656710914454277539e+00 7.199636120578616122e-27
2.660324483775811988e+00 6.344551264481573683e-27
2.663938053097345549e+00 5.590064600455180823e-27
2.667551622418879997e+00 4.924456358613313882e-27
2.671165191740413558e+00 4.337358380703044041e-27
2.674778761061947119e+00 3.819599867014302269e-27
2.678392330383481568e+00 3.363070537270538297e-27
2.682005899705015128e+00 2.960599261643486785e-27
2.685619469026549577e+00 2.605846432490840819e-27
2.689233038348083138e+00 2.293208538501995331e-27
2.692846607669616699e+00 2.017733573154873902e-27
2.696460176991151148e+00 1.775046061011445824e-27
2.700073746312684708e+00 1.561280620386946783e-27
2.703687315634219157e+00 1.373023101141611015e-27
2.707300884955752718e+00 1.207258443350290268e-27
2.710914454277286278e+00 1.061324497840346145e-27
2.714528023598820727e+00 9.328711343347743938e-28
2.718141592920354288e+00 8.198240383307780437e-28
2.721755162241888737e+00 7.203526649077145429e-28
2.725368731563422298e+00 6.328418773002827372e-28
2.728982300884956747e+00 5.558668511018464032e-28
2.732595870206490307e+00 4.881708721092058835e-28
2.736209439528023868e+00 4.286456977202560060e-28
2.739823008849558317e+00 3.763141890350420380e-28
2.743436578171091877e+00 3.303149538946798580e-28
2.747050147492626326e+00 2.898887704822649985e-28
2.750663716814159887e+00 2.543665872135693643e-28
2.754277286135693448e+00 2.231589178230883760e-28
2.757890855457227897e+00 1.957464711305592530e-28
2.761504424778761457e+00 1.716718732390827091e-28
2.765117994100295906e+00 1.505323561275287007e-28
2.768731563421829467e+00 1.319733009845962239e-28
2.772345132743363028e+00 1.156825373927835041e-28
2.775958702064897476e+00 1.013853107899260124e-28
2.779572271386431037e+00 8.883984067346269469e-29
2.783185840707965486e+00 7.783340091274051228e-29
2.786799410029499047e+00 6.817886142442643312e-29
2.790412979351032607e+00 5.971163745864589531e-29
2.794026548672567056e+00 5.228699894024190753e-29
2.797640117994100617e+00 4.577769779946799445e-29
2.801253687315635066e+00 4.007187608960263298e-29
2.804867256637168627e+00 3.507122199610479685e-29
2.808480825958703075e+00 3.068934465555895248e-29
2.812094395280236636e+00 2.685034207921600177e-29
2.815707964601770197e+00 2.348753946443392773e-29
2.819321533923304646e+00 2.054237782224524585e-29
2.822935103244838206e+00 1.796343518946866822e-29
2.826548672566372655e+00 1.570556476403480032e-29
2.830162241887906216e+00 1.372913613333867538e-29
2.833775811209439777e+00 1.199936738467104001e-29
2.837389380530974226e+00 1.048573731849756470e-29
2.841002949852507786e+00 9.161468250932676207e-30
2.844616519174042235e+00 8.003071010296985607e-30
2.848230088495575796e+00 6.989944721069960894e-30
2.851843657817109357e+00 6.104024841783228716e-30
2.855457227138643805e+00 5.329473694766672206e-30
2.859070796460177366e+00 4.652408406881010612e-30
2.862684365781711815e+00 4.060661781889933294e-30
2.866297935103245376e+00 3.543572156164581993e-30
2.869911504424778936e+00 3.091798758126128129e-30
2.873525073746313385e+00 2.697159505488881951e-30
2.877138643067846946e+00 2.352488539328162368e-30
2.880752212389381395e+00 2.051511115966654481e-30
2.884365781710914955e+00 1.788733761644162271e-30
2.887979351032449404e+00 1.559347845350028235e-30
2.891592920353982965e+00 1.359144945986036631e-30
2.895206489675516526e+00 1.184442584643847022e-30
2.898820058997050975e+00 1.032019064315396836e-30
2.902433628318584535e+00 8.990563104964695672e-31
2.906047197640118984e+00 7.830897393072198331e-31
2.909660766961652545e+00 6.819642970478399211e-31
2.913274336283186106e+00 5.937959184059004799e-31
2.916887905604720554e+00 5.169377414895557375e-31
2.920501474926254115e+00 4.499504979337397835e-31
2.924115044247788564e+00 3.915765668068577903e-31
2.927728613569322125e+00 3.407172430698056495e-31
2.931342182890855685e+00 2.964128259109580148e-31
2.934955752212390134e+00 2.578251802885502697e-31
2.938569321533923695e+00 2.242224672353815470e-31
2.942182890855458144e+00 1.949657756107961991e-31
2.945796460176991705e+00 1.694974206303741669e-31
2.949410029498525265e+00 1.473307031996149371e-31
2.953023598820059714e+00 1.280409492985392723e-31
2.956637168141593275e+00 1.112576708256711560e-31
2.960250737463127724e+00 9.665770877967342715e-32
2.963864306784661284e+00 8.395923675929181566e-32
2.967477876106195733e+00 7.291651778143230878e-32
2.971091445427729294e+00 6.331532060540498980e-32
2.974705014749262855e+00 5.496891332882859725e-32
2.978318584070797304e+00 4.771456218284610798e-32
2.981932153392330864e+00 4.141047237215539694e-32
2.985545722713865313e+00 3.593311562995424218e-32
2.989159292035398874e+00 3.117489602201494621e-32
2.992772861356932435e+00 2.704211155439624483e-32
2.996386430678466883e+00 2.345317441863300776e-32
3.000000000000000000e+00 2.033705733693157976e-32
