-1.899999999999999911e+00 0.000000000000000000e+00
-1.897861356932153409e+00 0.000000000000000000e+00
-1.895722713864306685e+00 0.000000000000000000e+00
-1.893584070796460184e+00 0.000000000000000000e+00
-1.891445427728613460e+00 0.000000000000000000e+00
-1.889306784660766958e+00 0.000000000000000000e+00
-1.887168141592920234e+00 0.000000000000000000e+00
-1.885029498525073732e+00 0.000000000000000000e+00
-1.882890855457227008e+00 0.000000000000000000e+00
-1.880752212389380507e+00 0.000000000000000000e+00
-1.878613569321533783e+00 0.000000000000000000e+00
-1.876474926253687281e+00 0.000000000000000000e+00
-1.874336283185840557e+00 0.000000000000000000e+00
-1.872197640117994055e+00 0.000000000000000000e+00
-1.870058997050147331e+00 0.000000000000000000e+00
-1.867920353982300830e+00 0.000000000000000000e+00
-1.865781710914454106e+00 0.000000000000000000e+00
-1.863643067846607604e+00 0.000000000000000000e+00
-1.861504424778760880e+00 0.000000000000000000e+00
-1.859365781710914378e+00 0.000000000000000000e+00
-1.857227138643067654e+00 0.000000000000000000e+00
-1.855088495575221152e+00 0.000000000000000000e+00
-1.852949852507374651e+00 0.000000000000000000e+00
-1.850811209439527927e+00 0.000000000000000000e+00
-1.848672566371681425e+00 0.000000000000000000e+00
-1.846533923303834701e+00 0.000000000000000000e+00
-1.844395280235988199e+00 0.000000000000000000e+00
-1.842256637168141475e+00 0.000000000000000000e+00
-1.840117994100294974e+00 0.000000000000000000e+00
-1.837979351032448250e+00 0.000000000000000000e+00
-1.835840707964601748e+00 0.000000000000000000e+00
-1.833702064896755024e+00 0.000000000000000000e+00
-1.831563421828908522e+00 0.000000000000000000e+00
-1.829424778761061798e+00 0.000000000000000000e+00
-1.827286135693215297e+00 0.000000000000000000e+00
-1.825147492625368573e+00 0.000000000000000000e+00
-1.823008849557522071e+00 0.000000000000000000e+00
-1.820870206489675347e+00 0.000000000000000000e+00
-1.818731563421828845e+00 0.000000000000000000e+00
-1.816592920353982121e+00 0.000000000000000000e+00
-1.814454277286135619e+00 0.000000000000000000e+00
-1.812315634218288896e+00 0.000000000000000000e+00
-1.810176991150442394e+00 0.000000000000000000e+00
-1.808038348082595892e+00 0.000000000000000000e+00
-1.805899705014749168e+00 0.000000000000000000e+00
-1.803761061946902666e+00 0.000000000000000000e+00
-1.801622418879055942e+00 0.000000000000000000e+00
-1.799483775811209441e+00 0.000000000000000000e+00
-1.797345132743362717e+00 0.000000000000000000e+00
-1.795206489675516215e+00 0.000000000000000000e+00
-1.793067846607669491e+00 0.000000000000000000e+00
-1.790929203539822989e+00 0.000000000000000000e+00
-1.788790560471976265e+00 0.000000000000000000e+00
-1.786651917404129764e+00 0.000000000000000000e+00
-1.784513274336283040e+00 0.000000000000000000e+00
-1.782374631268436538e+00 0.000000000000000000e+00
-1.780235988200589814e+00 0.000000000000000000e+00
-1.778097345132743312e+00 0.000000000000000000e+00
-1.775958702064896588e+00 0.000000000000000000e+00
-1.773820058997050086e+00 0.000000000000000000e+00
-1.771681415929203363e+00 0.000000000000000000e+00
-1.769542772861356861e+00 0.000000000000000000e+00
-1.767404129793510137e+00 0.000000000000000000e+00
-1.765265486725663635e+00 0.000000000000000000e+00
-1.763126843657817133e+00 0.000000000000000000e+00
-1.760988200589970409e+00 0.000000000000000000e+00
-1.758849557522123686e+00 0.000000000000000000e+00
-1.756710914454277184e+00 0.000000000000000000e+00
-1.754572271386430682e+00 0.000000000000000000e+00
-1.752433628318583958e+00 0.000000000000000000e+00
-1.750294985250737456e+00 0.000000000000000000e+00
-1.748156342182890732e+00 0.000000000000000000e+00
-1.746017699115044230e+00 0.000000000000000000e+00
-1.743879056047197507e+00 0.000000000000000000e+00
-1.741740412979351005e+00 0.000000000000000000e+00
-1.739601769911504281e+00 0.000000000000000000e+00
-1.737463126843657779e+00 0.000000000000000000e+00
-1.735324483775811055e+00 0.000000000000000000e+00
-1.733185840707964553e+00 0.000000000000000000e+00
-1.731047197640117830e+00 0.000000000000000000e+00
-1.728908554572271328e+00 0.000000000000000000e+00
-1.726769911504424604e+00 0.000000000000000000e+00
-1.724631268436578102e+00 0.000000000000000000e+00
-1.722492625368731378e+00 0.000000000000000000e+00
-1.720353982300884876e+00 0.000000000000000000e+00
-1.718215339233038375e+00 0.000000000000000000e+00
-1.716076696165191651e+00 0.000000000000000000e+00
-1.713938053097344927e+00 0.000000000000000000e+00
-1.711799410029498425e+00 0.000000000000000000e+00
-1.709660766961651923e+00 0.000000000000000000e+00
-1.707522123893805199e+00 0.000000000000000000e+00
-1.705383480825958697e+00 0.000000000000000000e+00
-1.703244837758111974e+00 0.000000000000000000e+00
-1.701106194690265472e+00 0.000000000000000000e+00
-1.698967551622418748e+00 0.000000000000000000e+00
-1.696828908554572246e+00 0.000000000000000000e+00
-1.694690265486725522e+00 0.000000000000000000e+00
-1.692551622418879020e+00 0.000000000000000000e+00
-1.690412979351032297e+00 0.000000000000000000e+00
-1.688274336283185795e+00 0.000000000000000000e+00
-1.686135693215339071e+00 0.000000000000000000e+00
-1.683997050147492569e+00 0.000000000000000000e+00
-1.681858407079645845e+00 0.000000000000000000e+00
-1.679719764011799343e+00 0.000000000000000000e+00
-1.677581120943952619e+00 0.000000000000000000e+00
-1.675442477876106118e+00 0.000000000000000000e+00
-1.673303834808259616e+00 0.000000000000000000e+00
-1.671165191740412892e+00 0.000000000000000000e+00
-1.669026548672566168e+00 0.000000000000000000e+00
-1.666887905604719666e+00 0.000000000000000000e+00
-1.664749262536873164e+00 0.000000000000000000e+00
-1.662610619469026441e+00 0.000000000000000000e+00
-1.660471976401179939e+00 0.000000000000000000e+00
-1.658333333333333215e+00 0.000000000000000000e+00
-1.656194690265486713e+00 0.000000000000000000e+00
-1.654056047197639989e+00 0.000000000000000000e+00
-1.651917404129793487e+00 0.000000000000000000e+00
-1.649778761061946764e+00 0.000000000000000000e+00
-1.647640117994100262e+00 0.000000000000000000e+00
-1.645501474926253538e+00 0.000000000000000000e+00
-1.643362831858407036e+00 0.000000000000000000e+00
-1.641224188790560312e+00 0.000000000000000000e+00
-1.639085545722713810e+00 0.000000000000000000e+00
-1.636946902654867309e+00 0.000000000000000000e+00
-1.634808259587020585e+00 0.000000000000000000e+00
-1.632669616519173861e+00 0.000000000000000000e+00
-1.630530973451327359e+00 0.000000000000000000e+00
-1.628392330383480857e+00 0.000000000000000000e+00
-1.626253687315634133e+00 0.000000000000000000e+00
-1.624115044247787409e+00 0.000000000000000000e+00
-1.621976401179940908e+00 0.000000000000000000e+00
-1.619837758112094406e+00 0.000000000000000000e+00
-1.617699115044247682e+00 0.000000000000000000e+00
-1.615560471976400958e+00 0.000000000000000000e+00
-1.613421828908554456e+00 0.000000000000000000e+00
-1.611283185840707954e+00 0.000000000000000000e+00
-1.609144542772861231e+00 0.000000000000000000e+00
-1.607005899705014729e+00 0.000000000000000000e+00
-1.604867256637168005e+00 0.000000000000000000e+00
-1.602728613569321503e+00 0.000000000000000000e+00
-1.600589970501474779e+00 0.000000000000000000e+00
-1.598451327433628277e+00 0.000000000000000000e+00
-1.596312684365781553e+00 0.000000000000000000e+00
-1.594174041297935052e+00 0.000000000000000000e+00
-1.592035398230088550e+00 0.000000000000000000e+00
-1.589896755162241826e+00 0.000000000000000000e+00
-1.587758112094395102e+00 0.000000000000000000e+00
-1.585619469026548600e+00 0.000000000000000000e+00
-1.583480825958702098e+00 0.000000000000000000e+00
-1.581342182890855375e+00 0.000000000000000000e+00
-1.579203539823008651e+00 0.000000000000000000e+00
-1.577064896755162149e+00 0.000000000000000000e+00
-1.574926253687315647e+00 0.000000000000000000e+00
-1.572787610619468923e+00 0.000000000000000000e+00
-1.570648967551622199e+00 0.000000000000000000e+00
-1.568510324483775698e+00 0.000000000000000000e+00
-1.566371681415929196e+00 0.000000000000000000e+00
-1.564233038348082472e+00 0.000000000000000000e+00
-1.562094395280235970e+00 0.000000000000000000e+00
-1.559955752212389246e+00 0.000000000000000000e+00
-1.557817109144542744e+00 0.000000000000000000e+00
-1.555678466076696020e+00 0.000000000000000000e+00
-1.553539823008849519e+00 0.000000000000000000e+00
-1.551401179941002795e+00 0.000000000000000000e+00
-1.549262536873156293e+00 0.000000000000000000e+00
-1.547123893805309569e+00 0.000000000000000000e+00
-1.544985250737463067e+00 0.000000000000000000e+00
-1.542846607669616343e+00 0.000000000000000000e+00
-1.540707964601769842e+00 0.000000000000000000e+00
-1.538569321533923340e+00 0.000000000000000000e+00
-1.536430678466076616e+00 0.000000000000000000e+00
-1.534292035398229892e+00 0.000000000000000000e+00
-1.532153392330383390e+00 0.000000000000000000e+00
-1.530014749262536888e+00 0.000000000000000000e+00
-1.527876106194690164e+00 0.000000000000000000e+00
-1.525737463126843441e+00 0.000000000000000000e+00
-1.523598820058996939e+00 0.000000000000000000e+00
-1.521460176991150437e+00 0.000000000000000000e+00
-1.519321533923303713e+00 0.000000000000000000e+00
-1.517182890855457211e+00 0.000000000000000000e+00
-1.515044247787610487e+00 0.000000000000000000e+00
-1.512905604719763986e+00 0.000000000000000000e+00
-1.510766961651917262e+00 0.000000000000000000e+00
-1.508628318584070760e+00 0.000000000000000000e+00
-1.506489675516224036e+00 0.000000000000000000e+00
-1.504351032448377534e+00 0.000000000000000000e+00
-1.502212389380530810e+00 0.000000000000000000e+00
-1.500073746312684309e+00 0.000000000000000000e+00
-1.497935103244837585e+00 0.000000000000000000e+00
-1.495796460176991083e+00 0.000000000000000000e+00
-1.493657817109144581e+00 0.000000000000000000e+00
-1.491519174041297857e+00 0.000000000000000000e+00
-1.489380530973451133e+00 0.000000000000000000e+00
-1.487241887905604631e+00 0.000000000000000000e+00
-1.485103244837758130e+00 0.000000000000000000e+00
-1.482964601769911406e+00 0.000000000000000000e+00
-1.480825958702064682e+00 0.000000000000000000e+00
-1.478687315634218180e+00 0.000000000000000000e+00
-1.476548672566371678e+00 0.000000000000000000e+00
-1.474410029498524954e+00 0.000000000000000000e+00
-1.472271386430678453e+00 0.000000000000000000e+00
-1.470132743362831729e+00 0.000000000000000000e+00
-1.467994100294985227e+00 0.000000000000000000e+00
-1.465855457227138503e+00 0.000000000000000000e+00
-1.463716814159292001e+00 0.000000000000000000e+00
-1.461578171091445277e+00 0.000000000000000000e+00
-1.459439528023598776e+00 0.000000000000000000e+00
-1.457300884955752052e+00 0.000000000000000000e+00
-1.455162241887905550e+00 0.000000000000000000e+00
-1.453023598820058826e+00 0.000000000000000000e+00
-1.450884955752212324e+00 0.000000000000000000e+00
-1.448746312684365822e+00 0.000000000000000000e+00
-1.446607669616519098e+00 0.000000000000000000e+00
-1.444469026548672375e+00 0.000000000000000000e+00
-1.442330383480825873e+00 0.000000000000000000e+00
-1.440191740412979371e+00 0.000000000000000000e+00
-1.438053097345132647e+00 0.000000000000000000e+00
-1.435914454277285923e+00 0.000000000000000000e+00
-1.433775811209439421e+00 0.000000000000000000e+00
-1.431637168141592920e+00 0.000000000000000000e+00
-1.429498525073746196e+00 0.000000000000000000e+00
-1.427359882005899694e+00 0.000000000000000000e+00
-1.425221238938052970e+00 0.000000000000000000e+00
-1.423082595870206468e+00 0.000000000000000000e+00
-1.420943952802359744e+00 0.000000000000000000e+00
-1.418805309734513243e+00 0.000000000000000000e+00
-1.416666666666666519e+00 0.000000000000000000e+00
-1.414528023598820017e+00 0.000000000000000000e+00
-1.412389380530973293e+00 0.000000000000000000e+00
-1.410250737463126791e+00 0.000000000000000000e+00
-1.408112094395280067e+00 0.000000000000000000e+00
-1.405973451327433565e+00 0.000000000000000000e+00
-1.403834808259587064e+00 0.000000000000000000e+00
-1.401696165191740340e+00 0.000000000000000000e+00
-1.399557522123893616e+00 0.000000000000000000e+00
-1.397418879056047114e+00 0.000000000000000000e+00
-1.395280235988200612e+00 0.000000000000000000e+00
-1.393141592920353888e+00 0.000000000000000000e+00
-1.391002949852507165e+00 0.000000000000000000e+00
-1.388864306784660663e+00 0.000000000000000000e+00
-1.386725663716814161e+00 0.000000000000000000e+00
-1.384587020648967437e+00 0.000000000000000000e+00
-1.382448377581120713e+00 0.000000000000000000e+00
-1.380309734513274211e+00 0.000000000000000000e+00
-1.378171091445427709e+00 0.000000000000000000e+00
-1.376032448377580986e+00 0.000000000000000000e+00
-1.373893805309734484e+00 0.000000000000000000e+00
-1.371755162241887760e+00 0.000000000000000000e+00
-1.369616519174041258e+00 0.000000000000000000e+00
-1.367477876106194756e+00 0.000000000000000000e+00
-1.365339233038348032e+00 0.000000000000000000e+00
-1.363200589970501309e+00 0.000000000000000000e+00
-1.361061946902654807e+00 0.000000000000000000e+00
-1.358923303834808305e+00 0.000000000000000000e+00
-1.356784660766961581e+00 0.000000000000000000e+00
-1.354646017699114857e+00 0.000000000000000000e+00
-1.352507374631268355e+00 0.000000000000000000e+00
-1.350368731563421854e+00 0.000000000000000000e+00
-1.348230088495575130e+00 0.000000000000000000e+00
-1.346091445427728406e+00 0.000000000000000000e+00
-1.343952802359881904e+00 0.000000000000000000e+00
-1.341814159292035402e+00 0.000000000000000000e+00
-1.339675516224188678e+00 0.000000000000000000e+00
-1.337536873156341954e+00 0.000000000000000000e+00
-1.335398230088495453e+00 0.000000000000000000e+00
-1.333259587020648951e+00 0.000000000000000000e+00
-1.331120943952802227e+00 0.000000000000000000e+00
-1.328982300884955725e+00 0.000000000000000000e+00
-1.326843657817109001e+00 0.000000000000000000e+00
-1.324705014749262499e+00 0.000000000000000000e+00
-1.322566371681415998e+00 0.000000000000000000e+00
-1.320427728613569274e+00 0.000000000000000000e+00
-1.318289085545722550e+00 0.000000000000000000e+00
-1.316150442477876048e+00 0.000000000000000000e+00
-1.314011799410029546e+00 0.000000000000000000e+00
-1.311873156342182822e+00 0.000000000000000000e+00
-1.309734513274336098e+00 0.000000000000000000e+00
-1.307595870206489597e+00 0.000000000000000000e+00
-1.305457227138643095e+00 0.000000000000000000e+00
-1.303318584070796371e+00 0.000000000000000000e+00
-1.301179941002949647e+00 0.000000000000000000e+00
-1.299041297935103145e+00 0.000000000000000000e+00
-1.296902654867256643e+00 0.000000000000000000e+00
-1.294764011799409920e+00 0.000000000000000000e+00
-1.292625368731563196e+00 0.000000000000000000e+00
-1.290486725663716694e+00 0.000000000000000000e+00
-1.288348082595870192e+00 0.000000000000000000e+00
-1.286209439528023468e+00 0.000000000000000000e+00
-1.284070796460176966e+00 0.000000000000000000e+00
-1.281932153392330243e+00 0.000000000000000000e+00
-1.279793510324483741e+00 0.000000000000000000e+00
-1.277654867256637239e+00 0.000000000000000000e+00
-1.275516224188790515e+00 0.000000000000000000e+00
-1.273377581120943791e+00 0.000000000000000000e+00
-1.271238938053097289e+00 0.000000000000000000e+00
-1.269100294985250788e+00 0.000000000000000000e+00
-1.266961651917404064e+00 0.000000000000000000e+00
-1.264823008849557340e+00 0.000000000000000000e+00
-1.262684365781710838e+00 0.000000000000000000e+00
-1.260545722713864336e+00 0.000000000000000000e+00
-1.258407079646017612e+00 0.000000000000000000e+00
-1.256268436578170888e+00 0.000000000000000000e+00
-1.254129793510324387e+00 0.000000000000000000e+00
-1.251991150442477885e+00 0.000000000000000000e+00
-1.249852507374631161e+00 0.000000000000000000e+00
-1.247713864306784437e+00 0.000000000000000000e+00
-1.245575221238937935e+00 0.000000000000000000e+00
-1.243436578171091433e+00 0.000000000000000000e+00
-1.241297935103244710e+00 0.000000000000000000e+00
-1.239159292035397986e+00 0.000000000000000000e+00
-1.237020648967551484e+00 0.000000000000000000e+00
-1.234882005899704982e+00 0.000000000000000000e+00
-1.232743362831858480e+00 0.000000000000000000e+00
-1.230604719764011756e+00 0.000000000000000000e+00
-1.228466076696165032e+00 0.000000000000000000e+00
-1.226327433628318531e+00 0.000000000000000000e+00
-1.224188790560472029e+00 0.000000000000000000e+00
-1.222050147492625305e+00 0.000000000000000000e+00
-1.219911504424778581e+00 0.000000000000000000e+00
-1.217772861356932079e+00 0.000000000000000000e+00
-1.215634218289085577e+00 0.000000000000000000e+00
-1.213495575221238854e+00 0.000000000000000000e+00
-1.211356932153392130e+00 0.000000000000000000e+00
-1.209218289085545628e+00 0.000000000000000000e+00
-1.207079646017699126e+00 0.000000000000000000e+00
-1.204941002949852402e+00 0.000000000000000000e+00
-1.202802359882005678e+00 0.000000000000000000e+00
-1.200663716814159176e+00 0.000000000000000000e+00
-1.198525073746312675e+00 0.000000000000000000e+00
-1.196386430678465951e+00 0.000000000000000000e+00
-1.194247787610619227e+00 0.000000000000000000e+00
-1.192109144542772725e+00 0.000000000000000000e+00
-1.189970501474926223e+00 0.000000000000000000e+00
-1.187831858407079721e+00 0.000000000000000000e+00
-1.185693215339232998e+00 0.000000000000000000e+00
-1.183554572271386274e+00 0.000000000000000000e+00
-1.181415929203539772e+00 0.000000000000000000e+00
-1.179277286135693270e+00 0.000000000000000000e+00
-1.177138643067846546e+00 0.000000000000000000e+00
-1.174999999999999822e+00 0.000000000000000000e+00
-1.172861356932153321e+00 0.000000000000000000e+00
-1.170722713864306819e+00 0.000000000000000000e+00
-1.168584070796460095e+00 0.000000000000000000e+00
-1.166445427728613371e+00 0.000000000000000000e+00
-1.164306784660766869e+00 0.000000000000000000e+00
-1.162168141592920367e+00 0.000000000000000000e+00
-1.160029498525073643e+00 0.000000000000000000e+00
-1.157890855457226920e+00 0.000000000000000000e+00
-1.155752212389380418e+00 0.000000000000000000e+00
-1.153613569321533916e+00 0.000000000000000000e+00
-1.151474926253687192e+00 0.000000000000000000e+00
-1.149336283185840468e+00 0.000000000000000000e+00
-1.147197640117993966e+00 0.000000000000000000e+00
-1.145058997050147465e+00 0.000000000000000000e+00
-1.142920353982300963e+00 0.000000000000000000e+00
-1.140781710914454239e+00 0.000000000000000000e+00
-1.138643067846607515e+00 0.000000000000000000e+00
-1.136504424778761013e+00 0.000000000000000000e+00
-1.134365781710914511e+00 0.000000000000000000e+00
-1.132227138643067788e+00 0.000000000000000000e+00
-1.130088495575221064e+00 0.000000000000000000e+00
-1.127949852507374562e+00 0.000000000000000000e+00
-1.125811209439528060e+00 0.000000000000000000e+00
-1.123672566371681336e+00 0.000000000000000000e+00
-1.121533923303834612e+00 0.000000000000000000e+00
-1.119395280235988110e+00 0.000000000000000000e+00
-1.117256637168141609e+00 0.000000000000000000e+00
-1.115117994100294885e+00 0.000000000000000000e+00
-1.112979351032448161e+00 0.000000000000000000e+00
-1.110840707964601659e+00 0.000000000000000000e+00
-1.108702064896755157e+00 0.000000000000000000e+00
-1.106563421828908433e+00 0.000000000000000000e+00
-1.104424778761061710e+00 0.000000000000000000e+00
-1.102286135693215208e+00 0.000000000000000000e+00
-1.100147492625368706e+00 0.000000000000000000e+00
-1.098008849557522204e+00 0.000000000000000000e+00
-1.095870206489675480e+00 0.000000000000000000e+00
-1.093731563421828756e+00 0.000000000000000000e+00
-1.091592920353982255e+00 0.000000000000000000e+00
-1.089454277286135753e+00 0.000000000000000000e+00
-1.087315634218289029e+00 0.000000000000000000e+00
-1.085176991150442305e+00 0.000000000000000000e+00
-1.083038348082595803e+00 0.000000000000000000e+00
-1.080899705014749301e+00 0.000000000000000000e+00
-1.078761061946902577e+00 0.000000000000000000e+00
-1.076622418879055854e+00 0.000000000000000000e+00
-1.074483775811209352e+00 0.000000000000000000e+00
-1.072345132743362850e+00 0.000000000000000000e+00
-1.070206489675516126e+00 0.000000000000000000e+00
-1.068067846607669402e+00 0.000000000000000000e+00
-1.065929203539822900e+00 0.000000000000000000e+00
-1.063790560471976399e+00 0.000000000000000000e+00
-1.061651917404129675e+00 0.000000000000000000e+00
-1.059513274336282951e+00 0.000000000000000000e+00
-1.057374631268436449e+00 0.000000000000000000e+00
-1.055235988200589947e+00 0.000000000000000000e+00
-1.053097345132743445e+00 0.000000000000000000e+00
-1.050958702064896721e+00 0.000000000000000000e+00
-1.048820058997049998e+00 0.000000000000000000e+00
-1.046681415929203496e+00 0.000000000000000000e+00
-1.044542772861356994e+00 0.000000000000000000e+00
-1.042404129793510270e+00 0.000000000000000000e+00
-1.040265486725663546e+00 0.000000000000000000e+00
-1.038126843657817044e+00 0.000000000000000000e+00
-1.035988200589970543e+00 0.000000000000000000e+00
-1.033849557522123819e+00 0.000000000000000000e+00
-1.031710914454277095e+00 0.000000000000000000e+00
-1.029572271386430593e+00 0.000000000000000000e+00
-1.027433628318584091e+00 0.000000000000000000e+00
-1.025294985250737367e+00 0.000000000000000000e+00
-1.023156342182890643e+00 0.000000000000000000e+00
-1.021017699115044142e+00 0.000000000000000000e+00
-1.018879056047197640e+00 0.000000000000000000e+00
-1.016740412979350916e+00 0.000000000000000000e+00
-1.014601769911504192e+00 0.000000000000000000e+00
-1.012463126843657690e+00 0.000000000000000000e+00
-1.010324483775811188e+00 0.000000000000000000e+00
-1.008185840707964687e+00 0.000000000000000000e+00
-1.006047197640117963e+00 0.000000000000000000e+00
-1.003908554572271239e+00 0.000000000000000000e+00
-1.001769911504424737e+00 0.000000000000000000e+00
-9.996312684365781243e-01 0.000000000000000000e+00
-9.974926253687315114e-01 0.000000000000000000e+00
-9.953539823008848986e-01 0.000000000000000000e+00
-9.932153392330382857e-01 0.000000000000000000e+00
-9.910766961651916729e-01 0.000000000000000000e+00
-9.889380530973450600e-01 0.000000000000000000e+00
-9.867994100294984472e-01 0.000000000000000000e+00
-9.846607669616518344e-01 0.000000000000000000e+00
-9.825221238938052215e-01 0.000000000000000000e+00
-9.803834808259586087e-01 0.000000000000000000e+00
-9.782448377581119958e-01 0.000000000000000000e+00
-9.761061946902653830e-01 0.000000000000000000e+00
-9.739675516224187701e-01 0.000000000000000000e+00
-9.718289085545721573e-01 0.000000000000000000e+00
-9.696902654867255444e-01 0.000000000000000000e+00
-9.675516224188789316e-01 0.000000000000000000e+00
-9.654129793510323188e-01 0.000000000000000000e+00
-9.632743362831858169e-01 0.000000000000000000e+00
-9.611356932153392041e-01 0.000000000000000000e+00
-9.589970501474925912e-01 0.000000000000000000e+00
-9.568584070796459784e-01 0.000000000000000000e+00
-9.547197640117993656e-01 0.000000000000000000e+00
-9.525811209439527527e-01 0.000000000000000000e+00
-9.504424778761061399e-01 0.000000000000000000e+00
-9.483038348082595270e-01 0.000000000000000000e+00
-9.461651917404129142e-01 0.000000000000000000e+00
-9.440265486725663013e-01 0.000000000000000000e+00
-9.418879056047196885e-01 0.000000000000000000e+00
-9.397492625368730756e-01 0.000000000000000000e+00
-9.376106194690264628e-01 0.000000000000000000e+00
-9.354719764011798500e-01 0.000000000000000000e+00
-9.333333333333332371e-01 0.000000000000000000e+00
-9.311946902654866243e-01 0.000000000000000000e+00
-9.290560471976400114e-01 0.000000000000000000e+00
-9.269174041297933986e-01 0.000000000000000000e+00
-9.247787610619467857e-01 0.000000000000000000e+00
-9.226401179941001729e-01 0.000000000000000000e+00
-9.205014749262535600e-01 0.000000000000000000e+00
-9.183628318584070582e-01 0.000000000000000000e+00
-9.162241887905604454e-01 0.000000000000000000e+00
-9.140855457227138325e-01 0.000000000000000000e+00
-9.119469026548672197e-01 0.000000000000000000e+00
-9.098082595870206069e-01 0.000000000000000000e+00
-9.076696165191739940e-01 0.000000000000000000e+00
-9.055309734513273812e-01 0.000000000000000000e+00
-9.033923303834807683e-01 0.000000000000000000e+00
-9.012536873156341555e-01 0.000000000000000000e+00
-8.991150442477875426e-01 0.000000000000000000e+00
-8.969764011799408188e-01 0.000000000000000000e+00
-8.948377581120943169e-01 0.000000000000000000e+00
-8.926991150442478151e-01 0.000000000000000000e+00
-8.905604719764010913e-01 0.000000000000000000e+00
-8.884218289085545894e-01 0.000000000000000000e+00
-8.862831858407078656e-01 0.000000000000000000e+00
-8.841445427728613637e-01 0.000000000000000000e+00
-8.820058997050146399e-01 0.000000000000000000e+00
-8.798672566371681381e-01 0.000000000000000000e+00
-8.777286135693214142e-01 0.000000000000000000e+00
-8.755899705014749124e-01 0.000000000000000000e+00
-8.734513274336281885e-01 0.000000000000000000e+00
-8.713126843657816867e-01 0.000000000000000000e+00
-8.691740412979349628e-01 0.000000000000000000e+00
-8.670353982300884610e-01 0.000000000000000000e+00
-8.648967551622417371e-01 0.000000000000000000e+00
-8.627581120943952353e-01 0.000000000000000000e+00
-8.606194690265485114e-01 0.000000000000000000e+00
-8.584808259587020096e-01 0.000000000000000000e+00
-8.563421828908552857e-01 0.000000000000000000e+00
-8.542035398230087839e-01 0.000000000000000000e+00
-8.520648967551620601e-01 0.000000000000000000e+00
-8.499262536873155582e-01 0.000000000000000000e+00
-8.477876106194690564e-01 0.000000000000000000e+00
-8.456489675516223326e-01 0.000000000000000000e+00
-8.435103244837758307e-01 0.000000000000000000e+00
-8.413716814159291069e-01 0.000000000000000000e+00
-8.392330383480826050e-01 0.000000000000000000e+00
-8.370943952802358812e-01 0.000000000000000000e+00
-8.349557522123893794e-01 0.000000000000000000e+00
-8.328171091445426555e-01 0.000000000000000000e+00
-8.306784660766961537e-01 0.000000000000000000e+00
-8.285398230088494298e-01 0.000000000000000000e+00
-8.264011799410029280e-01 0.000000000000000000e+00
-8.242625368731562041e-01 0.000000000000000000e+00
-8.221238938053097023e-01 0.000000000000000000e+00
-8.199852507374629784e-01 0.000000000000000000e+00
-8.178466076696164766e-01 0.000000000000000000e+00
-8.157079646017697527e-01 0.000000000000000000e+00
-8.135693215339232509e-01 0.000000000000000000e+00
-8.114306784660765270e-01 0.000000000000000000e+00
-8.092920353982300252e-01 0.000000000000000000e+00
-8.071533923303833014e-01 0.000000000000000000e+00
-8.050147492625367995e-01 0.000000000000000000e+00
-8.028761061946902977e-01 0.000000000000000000e+00
-8.007374631268435738e-01 0.000000000000000000e+00
-7.985988200589970720e-01 0.000000000000000000e+00
-7.964601769911503482e-01 0.000000000000000000e+00
-7.943215339233038463e-01 0.000000000000000000e+00
-7.921828908554571225e-01 0.000000000000000000e+00
-7.900442477876106206e-01 0.000000000000000000e+00
-7.879056047197638968e-01 0.000000000000000000e+00
-7.857669616519173950e-01 0.000000000000000000e+00
-7.836283185840706711e-01 0.000000000000000000e+00
-7.814896755162241693e-01 0.000000000000000000e+00
-7.793510324483774454e-01 0.000000000000000000e+00
-7.772123893805309436e-01 0.000000000000000000e+00
-7.750737463126842197e-01 0.000000000000000000e+00
-7.729351032448377179e-01 0.000000000000000000e+00
-7.707964601769909940e-01 0.000000000000000000e+00
-7.686578171091444922e-01 0.000000000000000000e+00
-7.665191740412977683e-01 0.000000000000000000e+00
-7.643805309734512665e-01 0.000000000000000000e+00
-7.622418879056045427e-01 0.000000000000000000e+00
-7.601032448377580408e-01 0.000000000000000000e+00
-7.579646017699115390e-01 0.000000000000000000e+00
-7.558259587020648151e-01 0.000000000000000000e+00
-7.536873156342183133e-01 0.000000000000000000e+00
-7.515486725663715895e-01 0.000000000000000000e+00
-7.494100294985250876e-01 0.000000000000000000e+00
-7.472713864306783638e-01 0.000000000000000000e+00
-7.451327433628318619e-01 0.000000000000000000e+00
-7.429941002949851381e-01 0.000000000000000000e+00
-7.408554572271386363e-01 0.000000000000000000e+00
-7.387168141592919124e-01 0.000000000000000000e+00
-7.365781710914454106e-01 0.000000000000000000e+00
-7.344395280235986867e-01 0.000000000000000000e+00
-7.323008849557521849e-01 0.000000000000000000e+00
-7.301622418879054610e-01 0.000000000000000000e+00
-7.280235988200589592e-01 0.000000000000000000e+00
-7.258849557522122353e-01 0.000000000000000000e+00
-7.237463126843657335e-01 0.000000000000000000e+00
-7.216076696165190096e-01 0.000000000000000000e+00
-7.194690265486725078e-01 0.000000000000000000e+00
-7.173303834808257839e-01 0.000000000000000000e+00
-7.151917404129792821e-01 0.000000000000000000e+00
-7.130530973451327803e-01 0.000000000000000000e+00
-7.109144542772860564e-01 0.000000000000000000e+00
-7.087758112094395546e-01 0.000000000000000000e+00
-7.066371681415928308e-01 0.000000000000000000e+00
-7.044985250737463289e-01 0.000000000000000000e+00
-7.023598820058996051e-01 0.000000000000000000e+00
-7.002212389380531032e-01 0.000000000000000000e+00
-6.980825958702063794e-01 0.000000000000000000e+00
-6.959439528023598776e-01 0.000000000000000000e+00
-6.938053097345131537e-01 0.000000000000000000e+00
-6.916666666666666519e-01 0.000000000000000000e+00
-6.895280235988199280e-01 0.000000000000000000e+00
-6.873893805309734262e-01 0.000000000000000000e+00
-6.852507374631267023e-01 0.000000000000000000e+00
-6.831120943952802005e-01 0.000000000000000000e+00
-6.809734513274334766e-01 0.000000000000000000e+00
-6.788348082595869748e-01 0.000000000000000000e+00
-6.766961651917402509e-01 0.000000000000000000e+00
-6.745575221238937491e-01 0.000000000000000000e+00
-6.724188790560470252e-01 0.000000000000000000e+00
-6.702802359882005234e-01 0.000000000000000000e+00
-6.681415929203540216e-01 0.000000000000000000e+00
-6.660029498525072977e-01 0.000000000000000000e+00
-6.638643067846607959e-01 0.000000000000000000e+00
-6.617256637168140720e-01 0.000000000000000000e+00
-6.595870206489675702e-01 0.000000000000000000e+00
-6.574483775811208464e-01 0.000000000000000000e+00
-6.553097345132743445e-01 0.000000000000000000e+00
-6.531710914454276207e-01 0.000000000000000000e+00
-6.510324483775811188e-01 0.000000000000000000e+00
-6.488938053097343950e-01 0.000000000000000000e+00
-6.467551622418878932e-01 0.000000000000000000e+00
-6.446165191740411693e-01 0.000000000000000000e+00
-6.424778761061946675e-01 0.000000000000000000e+00
-6.403392330383479436e-01 0.000000000000000000e+00
-6.382005899705014418e-01 0.000000000000000000e+00
-6.360619469026547179e-01 0.000000000000000000e+00
-6.339233038348082161e-01 0.000000000000000000e+00
-6.317846607669614922e-01 0.000000000000000000e+00
-6.296460176991149904e-01 0.000000000000000000e+00
-6.275073746312682665e-01 0.000000000000000000e+00
-6.253687315634217647e-01 0.000000000000000000e+00
-6.232300884955750409e-01 0.000000000000000000e+00
-6.210914454277285390e-01 0.000000000000000000e+00
-6.189528023598820372e-01 0.000000000000000000e+00
-6.168141592920353133e-01 0.000000000000000000e+00
-6.146755162241888115e-01 0.000000000000000000e+00
-6.125368731563420877e-01 0.000000000000000000e+00
-6.103982300884955858e-01 0.000000000000000000e+00
-6.082595870206488620e-01 0.000000000000000000e+00
-6.061209439528023601e-01 0.000000000000000000e+00
-6.039823008849556363e-01 0.000000000000000000e+00
-6.018436578171091345e-01 0.000000000000000000e+00
-5.997050147492624106e-01 0.000000000000000000e+00
-5.975663716814159088e-01 0.000000000000000000e+00
-5.954277286135691849e-01 0.000000000000000000e+00
-5.932890855457226831e-01 0.000000000000000000e+00
-5.911504424778759592e-01 0.000000000000000000e+00
-5.890117994100294574e-01 0.000000000000000000e+00
-5.868731563421827335e-01 0.000000000000000000e+00
-5.847345132743362317e-01 0.000000000000000000e+00
-5.825958702064895078e-01 0.000000000000000000e+00
-5.804572271386430060e-01 0.000000000000000000e+00
-5.783185840707962821e-01 0.000000000000000000e+00
-5.761799410029497803e-01 0.000000000000000000e+00
-5.740412979351032785e-01 0.000000000000000000e+00
-5.719026548672565546e-01 1.759901355738187490e-318
-5.697640117994100528e-01 3.781517427119991303e-310
-5.676253687315633290e-01 4.956789596253354610e-302
-5.654867256637168271e-01 4.013981798272973986e-294
-5.633480825958701033e-01 2.032987842722159815e-286
-5.612094395280236014e-01 6.517583423910158332e-279
-5.590707964601768776e-01 1.338154632947477191e-271
-5.569321533923303758e-01 1.779672924661486549e-264
-5.547935103244836519e-01 1.550274858875962526e-257
-5.526548672566371501e-01 8.941483751048956892e-251
-5.505162241887904262e-01 3.450810051039965464e-244
-5.483775811209439244e-01 9.003363137769434718e-238
-5.462389380530972005e-01 1.604016536285899382e-231
-5.441002949852506987e-01 1.970473994950037930e-225
-5.419616519174039748e-01 1.685077688962450920e-219
-5.398230088495574730e-01 1.012467137025732849e-213
-5.376843657817107491e-01 4.312962698119596039e-208
-5.355457227138642473e-01 1.314093729447952533e-202
-5.334070796460175234e-01 2.888402104258945991e-197
-5.312684365781710216e-01 4.618485416756037492e-192
-5.291297935103245198e-01 5.416136738342561884e-187
-5.269911504424777959e-01 4.695428127821458794e-182
-5.248525073746312941e-01 3.032605501000693322e-177
-5.227138643067845702e-01 1.470231833134443644e-172
-5.205752212389380684e-01 5.389835946933050180e-168
-5.184365781710913446e-01 1.504854294909606403e-163
-5.162979351032448427e-01 3.222349796456064052e-159
-5.141592920353981189e-01 5.327987291599072865e-155
-5.120206489675516170e-01 6.847682976805678632e-151
-5.098820058997048932e-01 6.885229984546296016e-147
-5.077433628318583914e-01 5.450301195855932404e-143
-5.056047197640116675e-01 3.417535676849935041e-139
-5.034660766961651657e-01 1.707621010458971576e-135
-5.013274336283184418e-01 6.838880615687774108e-132
-4.991887905604719400e-01 2.207793258683949827e-128
-4.970501474926252161e-01 5.777148666415300534e-125
-4.949115044247787143e-01 1.231944431424972249e-121
-4.927728613569319904e-01 2.152147936964839645e-118
-4.906342182890854886e-01 3.095846208528807281e-115
-4.884955752212387647e-01 3.685352480713994235e-112
-4.863569321533922629e-01 3.648228045603023394e-109
-4.842182890855457611e-01 3.017486050799817597e-106
-4.820796460176990372e-01 2.094949193559652448e-103
-4.799410029498525354e-01 1.226365977953104784e-100
-4.778023598820058115e-01 6.079791331522909218e-98
-4.756637168141593097e-01 2.563505600614438303e-95
-4.735250737463125859e-01 9.231336527593757317e-93
-4.713864306784660840e-01 2.850632152264762242e-90
-4.692477876106193602e-01 7.578454816526041575e-88
-4.671091445427728583e-01 1.741228769772460702e-85
-4.649705014749261345e-01 3.470537767485517195e-83
-4.628318584070796327e-01 6.022710134962060532e-81
-4.606932153392329088e-01 9.132492228613514590e-79
-4.585545722713864070e-01 1.214219532566996941e-76
-4.564159292035396831e-01 1.420317842933869639e-74
-4.542772861356931813e-01 1.466515392380174162e-72
-4.521386430678464574e-01 1.340899433922833003e-70
-4.499999999999999556e-01 1.089116601283554357e-68
-4.478613569321532317e-01 7.882182376277776550e-67
-4.457227138643067299e-01 5.098048813350207067e-65
-4.435840707964600060e-01 2.955325933860582916e-63
-4.414454277286135042e-01 1.539844901210391554e-61
-4.393067846607670024e-01 7.231256103168581383e-60
-4.371681415929202785e-01 3.068881359014150695e-58
-4.350294985250737767e-01 1.180077971150869569e-56
-4.328908554572270528e-01 4.122030481236445888e-55
-4.307522123893805510e-01 1.311169858177518104e-53
-4.286135693215338272e-01 3.807183371808389293e-52
-4.264749262536873253e-01 1.011506502865012410e-50
-4.243362831858406015e-01 2.464622490158184496e-49
-4.221976401179940996e-01 5.519761015638275993e-48
-4.200589970501473758e-01 1.138740390817389457e-46
-4.179203539823008740e-01 2.168632597062133060e-45
-4.157817109144541501e-01 3.820345697886609756e-44
-4.136430678466076483e-01 6.238072083979471701e-43
-4.115044247787609244e-01 9.459808818553137868e-42
-4.093657817109144226e-01 1.334842208852551745e-40
-4.072271386430676987e-01 1.755913712514987078e-39
-4.050884955752211969e-01 2.157204899202321406e-38
-4.029498525073744730e-01 2.479497732627236526e-37
-4.008112094395279712e-01 2.670973146601904102e-36
-3.986725663716812473e-01 2.701089745570240693e-35
-3.965339233038347455e-01 2.568524296585333513e-34
-3.943952802359880216e-01 2.300365068912700770e-33
-3.922566371681415198e-01 1.943362203430862784e-32
-3.901179941002950180e-01 1.551003590877397441e-31
-3.879793510324482941e-01 1.171157231447693229e-30
-3.858407079646017923e-01 8.378876606993514947e-30
-3.837020648967550684e-01 5.687656860833046797e-29
-3.815634218289085666e-01 3.668184542938333984e-28
-3.794247787610618428e-01 2.250697541972660307e-27
-3.772861356932153409e-01 1.315510775988573310e-26
-3.751474926253686171e-01 7.333844287817734749e-26
-3.730088495575221152e-01 3.904483250657399738e-25
-3.708702064896753914e-01 1.987517333803108285e-24
-3.687315634218288896e-01 9.684590640678213916e-24
-3.665929203539821657e-01 4.522400910566782806e-23
-3.644542772861356639e-01 2.026077547751233328e-22
-3.623156342182889400e-01 8.717895636567096480e-22
-3.601769911504424382e-01 3.606560222422388595e-21
-3.580383480825957143e-01 1.435972756868713249e-20
-3.558997050147492125e-01 5.508138043941027754e-20
-3.537610619469024886e-01 2.037473579840784806e-19
-3.516224188790559868e-01 7.274778665913532669e-19
-3.494837758112092629e-01 2.509514364798190509e-18
-3.473451327433627611e-01 8.371298640162729733e-18
-3.452064896755162593e-01 2.702777607737212752e-17
-3.430678466076695354e-01 8.453049021068257388e-17
-3.409292035398230336e-01 2.563089518163989835e-16
-3.387905604719763097e-01 7.540738360541144419e-16
-3.366519174041298079e-01 2.154304081746098624e-15
-3.345132743362830841e-01 5.981052977551594942e-15
-3.323746312684365822e-01 1.614922435087259233e-14
-3.302359882005898584e-01 4.243718062798245168e-14
-3.280973451327433565e-01 1.086104203092374040e-13
-3.259587020648966327e-01 2.709117778219160257e-13
-3.238200589970501309e-01 6.590361438045502817e-13
-3.216814159292034070e-01 1.564593416145059269e-12
-3.195427728613569052e-01 3.627298241377746674e-12
-3.174041297935101813e-01 8.217239190961837870e-12
-3.152654867256636795e-01 1.820094249119245268e-11
-3.131268436578169556e-01 3.944070535813902103e-11
-3.109882005899704538e-01 8.366218949152168215e-11
-3.088495575221237299e-01 1.738168855765448664e-10
-3.067109144542772281e-01 3.538922066264264103e-10
-3.045722713864305042e-01 7.064774230585924516e-10
-3.024336283185840024e-01 1.383565712948149176e-09
-3.002949852507375006e-01 2.659473244088726138e-09
-2.981563421828907767e-01 5.019959505115103702e-09
-2.960176991150442749e-01 9.309415850739463294e-09
-2.938790560471975510e-01 1.696937098144437390e-08
-2.917404129793510492e-01 3.041783888537841608e-08
-2.896017699115043253e-01 5.364179861308193103e-08
-2.874631268436578235e-01 9.310622938760118835e-08
-2.853244837758110997e-01 1.591247635012414123e-07
-2.831858407079645978e-01 2.678914622234402586e-07
-2.810471976401178740e-01 4.444427862704745832e-07
-2.789085545722713722e-01 7.269056550610419093e-07
-2.767699115044246483e-01 1.172493240812357999e-06
-2.746312684365781465e-01 1.865835704873496286e-06
-2.724926253687314226e-01 2.930378165761845811e-06
-2.703539823008849208e-01 4.543740937539538771e-06
-2.682153392330381969e-01 6.958113695385262505e-06
-2.660766961651916951e-01 1.052693964965536559e-05
-2.639380530973449712e-01 1.573932950013995450e-05
-2.617994100294984694e-01 2.326381682464492070e-05
-2.596607669616517455e-01 3.400321316723778077e-05
-2.575221238938052437e-01 4.916242695669898724e-05
-2.553834808259587419e-01 7.033115864704672713e-05
-2.532448377581120180e-01 9.958335776151745809e-05
-2.511061946902655162e-01 1.395952090513986226e-04
-2.489675516224187923e-01 1.937831897953180230e-04
-2.468289085545722905e-01 2.664633965745051548e-04
-2.446902654867255666e-01 3.630328703702944489e-04
-2.425516224188790648e-01 4.901730519456877662e-04
-2.404129793510323410e-01 6.560747802789080891e-04
-2.382743362831858391e-01 8.706834177265495569e-04
-2.361356932153391153e-01 1.145961766591781835e-03
-2.339970501474926134e-01 1.496167460173083953e-03
-2.318584070796458896e-01 1.938140501096524606e-03
-2.297197640117993878e-01 2.491595620099188238e-03
-2.275811209439526639e-01 3.179413182502337752e-03
-2.254424778761061621e-01 4.027921522196472974e-03
-2.233038348082594382e-01 5.067162878408496170e-03
-2.211651917404129364e-01 6.331134590359473527e-03
-2.190265486725662125e-01 7.857996905618312017e-03
-2.168879056047197107e-01 9.690238708768479994e-03
-2.147492625368729868e-01 1.187479269828305498e-02
-2.126106194690264850e-01 1.446309204126067054e-02
-2.104719764011799832e-01 1.751106131688984907e-02
-2.083333333333332593e-01 2.107903560772548743e-02
-2.061946902654867575e-01 2.523160288967781981e-02
-2.040560471976400336e-01 3.003736637341456947e-02
-2.019174041297935318e-01 3.556862511929476112e-02
-1.997787610619468079e-01 4.190097303567574122e-02
-1.976401179941003061e-01 4.911281822216453236e-02
-1.955014749262535823e-01 5.728482647836333902e-02
-1.933628318584070804e-01 6.649929460763644162e-02
-1.912241887905603566e-01 7.683946084950570021e-02
-1.890855457227138547e-01 8.838876132222524273e-02
-1.869469026548671309e-01 1.012300427042477635e-01
-1.848082595870206291e-01 1.154447424918186721e-01
-1.826696165191739052e-01 1.311120490113740489e-01
-1.805309734513274034e-01 1.483080539198625980e-01
-1.783923303834806795e-01 1.671049101840758333e-01
-1.762536873156341777e-01 1.875700084908382692e-01
-1.741150442477874538e-01 2.097651847125680535e-01
-1.719764011799409520e-01 2.337459704537806215e-01
-1.698377581120942281e-01 2.595608978582690796e-01
-1.676991150442477263e-01 2.872508687934515192e-01
-1.655604719764012245e-01 3.168485972831299180e-01
-1.634218289085545006e-01 3.483781326698316416e-01
-1.612831858407079988e-01 3.818544694932430317e-01
-1.591445427728612749e-01 4.172832485116932388e-01
-1.570058997050147731e-01 4.546605517082961123e-01
-1.548672566371680492e-01 4.939727925498990091e-01
-1.527286135693215474e-01 5.351967012389901024e-01
-1.505899705014748235e-01 5.782994032476983515e-01
-1.484513274336283217e-01 6.232385880745223705e-01
-1.463126843657815979e-01 6.699627639413369140e-01
-1.441740412979350960e-01 7.184115930664818350e-01
-1.420353982300883722e-01 7.685163012229890844e-01
-1.398967551622418704e-01 8.202001545256473181e-01
-1.377581120943951465e-01 8.733789957910021995e-01
-1.356194690265486447e-01 9.279618323788486611e-01
-1.334808259587019208e-01 9.838514671489269059e-01
-1.313421828908554190e-01 1.040945164043605375e+00
-1.292035398230086951e-01 1.099135339827634228e+00
-1.270648967551621933e-01 1.158310273666101509e+00
-1.249262536873154694e-01 1.218354826488694975e+00
-1.227876106194689676e-01 1.279151162456722002e+00
-1.206489675516224658e-01 1.340579465304519546e+00
-1.185103244837757419e-01 1.402518642852083719e+00
-1.163716814159292401e-01 1.464847013566898282e+00
-1.142330383480825162e-01 1.527442969674360107e+00
-1.120943952802360144e-01 1.590185611963665258e+00
-1.099557522123892905e-01 1.652955352097570607e+00
-1.078171091445427887e-01 1.715634478896519211e+00
-1.056784660766960648e-01 1.778107685721390885e+00
-1.035398230088495630e-01 1.840262556713551989e+00
-1.014011799410028392e-01 1.901990010259748232e+00
-9.926253687315633734e-02 1.963184698624432567e+00
-9.712389380530961347e-02 2.023745363229779493e+00
-9.498525073746311165e-02 2.083575145558277164e+00
-9.284660766961638778e-02 2.142581854103332795e+00
-9.070796460176988596e-02 2.200678188195933416e+00
-8.856932153392316209e-02 2.257781919892045686e+00
-8.643067846607666027e-02 2.313816035412998851e+00
-8.429203539822993640e-02 2.368708837893535257e+00
-8.215339233038343458e-02 2.422394013408457170e+00
-8.001474926253671072e-02 2.474810662422813667e+00
-7.787610619469020889e-02 2.525903298943395381e+00
-7.573746312684348503e-02 2.575621819744237762e+00
-7.359882005899698321e-02 2.623921446099285237e+00
-7.146017699115048138e-02 2.670762640483257844e+00
-6.932153392330375752e-02 2.716111000701890710e+00
-6.718289085545725570e-02 2.759937133886520844e+00
-6.504424778761053183e-02 2.802216512740656196e+00
-6.290560471976403001e-02 2.842929316358339786e+00
-6.076696165191730614e-02 2.882060257851682294e+00
-5.862831858407080432e-02 2.919598400927774673e+00
-5.648967551622408045e-02 2.955536967448096686e+00
-5.435103244837757863e-02 2.989873137888091836e+00
-5.221238938053085477e-02 3.022607846492845418e+00
-5.007374631268435294e-02 3.053745572799246855e+00
-4.793510324483762908e-02 3.083294131067546573e+00
-4.579646017699112726e-02 3.111264459036499730e+00
-4.365781710914440339e-02 3.137670407289690822e+00
-4.151917404129790157e-02 3.162528530394672188e+00
-3.938053097345117770e-02 3.185857880854959578e+00
-3.724188790560467588e-02 3.207679806796785105e+00
-3.510324483775795201e-02 3.228017754199420164e+00
-3.296460176991145019e-02 3.246897074369580860e+00
-3.082595870206472632e-02 3.264344837258761789e+00
-2.868731563421822450e-02 3.280389651125800388e+00
-2.654867256637172268e-02 3.295061488957566009e+00
-2.441002949852499881e-02 3.308391521976560057e+00
-2.227138643067849699e-02 3.320411960488005576e+00
-2.013274336283177313e-02 3.331155902247518341e+00
-1.799410029498527130e-02 3.340657188466390703e+00
-1.585545722713854744e-02 3.348950267512896151e+00
-1.371681415929204562e-02 3.356070066315658629e+00
-1.157817109144532175e-02 3.362051869428216211e+00
-9.439528023598819928e-03 3.366931205671945371e+00
-7.300884955752096062e-03 3.370743742238851759e+00
-5.162241887905594240e-03 3.373525186103318863e+00
-3.023598820058870373e-03 3.375311192564982576e+00
-8.849557522123685516e-04 3.376137280722308898e+00
1.253687315634355315e-03 3.376037782629810469e+00
3.392330383480857137e-03 3.375031535522750925e+00
5.530973451327581003e-03 3.373125579423041032e+00
7.669616519174082825e-03 3.370327306022893765e+00
9.808259587020806691e-03 3.366644786408998780e+00
1.194690265486730851e-02 3.362086752765875541e+00
1.408554572271403238e-02 3.356662579404915192e+00
1.622418879056053420e-02 3.350382263166206798e+00
1.836283185840703602e-02 3.343256403240107755e+00
2.050147492625375989e-02 3.335296180456229109e+00
2.264011799410026171e-02 3.326513336086902584e+00
2.477876106194698558e-02 3.316920150212812946e+00
2.691740412979348740e-02 3.306529419697733729e+00
2.905604719764021127e-02 3.295354435819522365e+00
3.119469026548671309e-02 3.283408961603761167e+00
3.333333333333343695e-02 3.270707208906035834e+00
3.547197640117993878e-02 3.257263815288601538e+00
3.761061946902666264e-02 3.243093820735746480e+00
3.974926253687316446e-02 3.228212644252285379e+00
4.188790560471988833e-02 3.212636060388137427e+00
4.402654867256639015e-02 3.196380175731165174e+00
4.616519174041311402e-02 3.179461405409513830e+00
4.830383480825961584e-02 3.161896449643741835e+00
5.044247787610633971e-02 3.143702270387352726e+00
5.258112094395284153e-02 3.124896068093918622e+00
5.471976401179956540e-02 3.105495258647009038e+00
5.685840707964606722e-02 3.085517450488294067e+00
5.899705014749279108e-02 3.064980421977684610e+00
6.113569321533929291e-02 3.043902099017834928e+00
6.327433628318579473e-02 3.022300532974280696e+00
6.541297935103251859e-02 3.000193878920712542e+00
6.755162241887902042e-02 2.977600374237340919e+00
6.969026548672574428e-02 2.954538317589347596e+00
7.182890855457224610e-02 2.931026048310194199e+00
7.396755162241896997e-02 2.907081926213551881e+00
7.610619469026547179e-02 2.882724311855899391e+00
7.824483775811219566e-02 2.857971547270290014e+00
8.038348082595869748e-02 2.832841937190321513e+00
8.252212389380542135e-02 2.807353730781885215e+00
8.466076696165192317e-02 2.781525103898356388e+00
8.679941002949864703e-02 2.755374141874224581e+00
8.893805309734514886e-02 2.728918822869620620e+00
9.107669616519187272e-02 2.702177001777595677e+00
9.321533923303837454e-02 2.675166394704287409e+00
9.535398230088509841e-02 2.647904564030345576e+00
9.749262536873160023e-02 2.620408904061227950e+00
9.963126843657832410e-02 2.592696627272204513e+00
1.017699115044248259e-01 2.564784751152621833e+00
1.039085545722713277e-01 2.536690085652910209e+00
1.060471976401182737e-01 2.508429221236239570e+00
1.081858407079647755e-01 2.480018517536010325e+00
1.103244837758112773e-01 2.451474092618480594e+00
1.124631268436577791e-01 2.422811812849532842e+00
1.146017699115042809e-01 2.394047283362865208e+00
1.167404129793512269e-01 2.365195839126054800e+00
1.188790560471977287e-01 2.336272536600152439e+00
1.210176991150442305e-01 2.307292145987175580e+00
1.231563421828907323e-01 2.278269144059171136e+00
1.252949852507376782e-01 2.249217707561731228e+00
1.274336283185841801e-01 2.220151707183773304e+00
1.295722713864306819e-01 2.191084702084885816e+00
1.317109144542771837e-01 2.162029934970757239e+00
1.338495575221241296e-01 2.133000327706481514e+00
1.359882005899706314e-01 2.104008477456967618e+00
1.381268436578171332e-01 2.075066653343075718e+00
1.402654867256636351e-01 2.046186793601623588e+00
1.424041297935105810e-01 2.017380503236930522e+00
1.445427728613570828e-01 1.988659052150986595e+00
1.466814159292035846e-01 1.960033373739141327e+00
1.488200589970500864e-01 1.931514063937782133e+00
1.509587020648970324e-01 1.903111380710011291e+00
1.530973451327435342e-01 1.874835243955433883e+00
1.552359882005900360e-01 1.846695235829393322e+00
1.573746312684365378e-01 1.818700601457390320e+00
1.595132743362830396e-01 1.790860250029860490e+00
1.616519174041299856e-01 1.763182756262493545e+00
1.637905604719764874e-01 1.735676362207253964e+00
1.659292035398229892e-01 1.708348979399103351e+00
1.680678466076694910e-01 1.681208191323556811e+00
1.702064896755164369e-01 1.654261256189991203e+00
1.723451327433629388e-01 1.627515109996047649e+00
1.744837758112094406e-01 1.600976369867989968e+00
1.766224188790559424e-01 1.574651337662563488e+00
1.787610619469028883e-01 1.548546003815683303e+00
1.808997050147493901e-01 1.522666051423395173e+00
1.830383480825958920e-01 1.497016860540995031e+00
1.851769911504423938e-01 1.471603512686108894e+00
1.873156342182893397e-01 1.446430795531915336e+00
1.894542772861358415e-01 1.421503207776873001e+00
1.915929203539823433e-01 1.396824964177475703e+00
1.937315634218288452e-01 1.372400000731046621e+00
1.958702064896757911e-01 1.348231979995617502e+00
1.980088495575222929e-01 1.324324296534320933e+00
2.001474926253687947e-01 1.300680082472124743e+00
2.022861356932152965e-01 1.277302213152846422e+00
2.044247787610617983e-01 1.254193312884940070e+00
2.065634218289087443e-01 1.231355760764661467e+00
2.087020648967552461e-01 1.208791696565719720e+00
2.108407079646017479e-01 1.186503026684776474e+00
2.129793510324482497e-01 1.164491430132518657e+00
2.151179941002951956e-01 1.142758364560423567e+00
2.172566371681416975e-01 1.121305072313654172e+00
2.193952802359881993e-01 1.100132586500859100e+00
2.215339233038347011e-01 1.079241737072077045e+00
2.236725663716816470e-01 1.058633156896243710e+00
2.258112094395281488e-01 1.038307287830220860e+00
2.279498525073746507e-01 1.018264386771516650e+00
2.300884955752211525e-01 9.985045316873926158e-01
2.322271386430680984e-01 9.790276276132162669e-01
2.343657817109146002e-01 9.598334126134182576e-01
2.365044247787611020e-01 9.409214636987195401e-01
2.386430678466076039e-01 9.222912026935250474e-01
2.407817109144545498e-01 9.039419020479447786e-01
2.429203539823010516e-01 8.858726905890565995e-01
2.450589970501475534e-01 8.680825592062998419e-01
2.471976401179940552e-01 8.505703664665060781e-01
2.493362831858405571e-01 8.333348441540615603e-01
2.514749262536875030e-01 8.163746027321344689e-01
2.536135693215340048e-01 7.996881367212974601e-01
2.557522123893805066e-01 7.832738299919707048e-01
2.578908554572270084e-01 7.671299609675635844e-01
2.600294985250739543e-01 7.512547077354069236e-01
2.621681415929204562e-01 7.356461530628085610e-01
2.643067846607669580e-01 7.203022893158576023e-01
2.664454277286134598e-01 7.052210232789282163e-01
2.685840707964604057e-01 6.904001808728726930e-01
2.707227138643069075e-01 6.758375117704311652e-01
2.728613569321534094e-01 6.615306939072692627e-01
2.749999999999999112e-01 6.474773378876131913e-01
2.771386430678468571e-01 6.336749912833840037e-01
2.792772861356933589e-01 6.201211428261355074e-01
2.814159292035398607e-01 6.068132264911286766e-01
2.835545722713863626e-01 5.937486254732412538e-01
2.856932153392333085e-01 5.809246760544041210e-01
2.878318584070798103e-01 5.683386713625786513e-01
2.899705014749263121e-01 5.559878650223274432e-01
2.921091445427728139e-01 5.438694746972934091e-01
2.942477876106193158e-01 5.319806855249570310e-01
2.963864306784662617e-01 5.203186534442273414e-01
2.985250737463127635e-01 5.088805084165495263e-01
3.006637168141592653e-01 4.976633575413011434e-01
3.028023598820057671e-01 4.866642880664092674e-01
3.049410029498527130e-01 4.758803702951869274e-01
3.070796460176992149e-01 4.653086603905247642e-01
3.092182890855457167e-01 4.549462030776209032e-01
3.113569321533922185e-01 4.447900342465705981e-01
3.134955752212391644e-01 4.348371834561660654e-01
3.156342182890856662e-01 4.250846763404060868e-01
3.177728613569321681e-01 4.155295369191513433e-01
3.199115044247786699e-01 4.061687898145936448e-01
3.220501474926256158e-01 3.969994623751009755e-01
3.241887905604721176e-01 3.880185867081881734e-01
3.263274336283186194e-01 3.792232016242789716e-01
3.284660766961651213e-01 3.706103544930959837e-01
3.306047197640120672e-01 3.621771030144332881e-01
3.327433628318585690e-01 3.539205169051873323e-01
3.348820058997050708e-01 3.458376795044721397e-01
3.370206489675515726e-01 3.379256892987428929e-01
3.391592920353980745e-01 3.301816613688030588e-01
3.412979351032450204e-01 3.226027287606142435e-01
3.434365781710915222e-01 3.151860437818648220e-01
3.455752212389380240e-01 3.079287792261685697e-01
3.477138643067845258e-01 3.008281295269017996e-01
3.498525073746314717e-01 2.938813118425504523e-01
3.519911504424779736e-01 2.870855670755557698e-01
3.541297935103244754e-01 2.804381608265308357e-01
3.562684365781709772e-01 2.739363842858002496e-01
3.584070796460179231e-01 2.675775550641640299e-01
3.605457227138644249e-01 2.613590179647676814e-01
3.626843657817109268e-01 2.552781456979620334e-01
3.648230088495574286e-01 2.493323395410060039e-01
3.669616519174043745e-01 2.435190299444632001e-01
3.691002949852508763e-01 2.378356770870933556e-01
3.712389380530973781e-01 2.322797713810403064e-01
3.733775811209438800e-01 2.268488339290888056e-01
3.755162241887908259e-01 2.215404169357260977e-01
3.776548672566373277e-01 2.163521040737333700e-01
3.797935103244838295e-01 2.112815108079761361e-01
3.819321533923303313e-01 2.063262846780756499e-01
3.840707964601768332e-01 2.014841055415685367e-01
3.862094395280237791e-01 1.967526857791561390e-01
3.883480825958702809e-01 1.921297704636200643e-01
3.904867256637167827e-01 1.876131374939052354e-01
3.926253687315632845e-01 1.832005976959065474e-01
3.947640117994102305e-01 1.788899948913871552e-01
3.969026548672567323e-01 1.746792059364964955e-01
3.990412979351032341e-01 1.705661407312387967e-01
4.011799410029497359e-01 1.665487422013006980e-01
4.033185840707966818e-01 1.626249862535342761e-01
4.054572271386431837e-01 1.587928817064003795e-01
4.075958702064896855e-01 1.550504701966245458e-01
4.097345132743361873e-01 1.513958260632963237e-01
4.118731563421831332e-01 1.478270562105973296e-01
4.140117994100296350e-01 1.443422999503103932e-01
4.161504424778761368e-01 1.409397288252307590e-01
4.182890855457226387e-01 1.376175464145711347e-01
4.204277286135695846e-01 1.343739881224085275e-01
4.225663716814160864e-01 1.312073209501946058e-01
4.247050147492625882e-01 1.281158432543126058e-01
4.268436578171090900e-01 1.250978844896450393e-01
4.289823008849555919e-01 1.221518049400581729e-01
4.311209439528025378e-01 1.192759954367121761e-01
4.332595870206490396e-01 1.164688770650420535e-01
4.353982300884955414e-01 1.137289008612422242e-01
4.375368731563420432e-01 1.110545474990602965e-01
4.396755162241889892e-01 1.084443269676527571e-01
4.418141592920354910e-01 1.058967782412655739e-01
4.439528023598819928e-01 1.034104689414234585e-01
4.460914454277284946e-01 1.009839949923362207e-01
4.482300884955754405e-01 9.861598027016267587e-02
4.503687315634219424e-01 9.630507624676867828e-02
4.525073746312684442e-01 9.404996162857627573e-02
4.546460176991149460e-01 9.184934199109126562e-02
4.567846607669618919e-01 8.970194940965200980e-02
4.589233038348083937e-01 8.760654208693498257e-02
4.610619469026548956e-01 8.556190397771833156e-02
4.632005899705013974e-01 8.356684441138717556e-02
4.653392330383483433e-01 8.162019771263930024e-02
4.674778761061948451e-01 7.972082282083182980e-02
4.696165191740413469e-01 7.786760290837890786e-02
4.717551622418878488e-01 7.605944499860511909e-02
4.738938053097343506e-01 7.429527958342450888e-02
4.760324483775812965e-01 7.257406024120417742e-02
4.781710914454277983e-01 7.089476325515244037e-02
4.803097345132743001e-01 6.925638723254677609e-02
4.824483775811208019e-01 6.765795272511022918e-02
4.845870206489677479e-01 6.609850185081564411e-02
4.867256637168142497e-01 6.457709791739514593e-02
4.888643067846607515e-01 6.309282504779488432e-02
4.910029498525072533e-01 6.164478780782975398e-02
4.931415929203541992e-01 6.023211083624454426e-02
4.952802359882007011e-01 5.885393847740939127e-02
4.974188790560472029e-01 5.750943441681901497e-02
4.995575221238937047e-01 5.619778131961112450e-02
5.016961651917406506e-01 5.491818047223926552e-02
5.038348082595871524e-01 5.366985142748672416e-02
5.059734513274336543e-01 5.245203165294494430e-02
5.081120943952801561e-01 5.126397618310376408e-02
5.102507374631271020e-01 5.010495727517477044e-02
5.123893805309736038e-01 4.897426406875837052e-02
5.145280235988201056e-01 4.787120224945500685e-02
5.166666666666666075e-01 4.679509371652617461e-02
5.188053097345131093e-01 4.574527625467530306e-02
5.209439528023600552e-01 4.472110321003552186e-02
5.230825958702065570e-01 4.372194317042701200e-02
5.252212389380530588e-01 4.274717964994409480e-02
5.273598820058995607e-01 4.179621077792701478e-02
5.294985250737465066e-01 4.086844899235995282e-02
5.316371681415930084e-01 3.996332073773817967e-02
5.337758112094395102e-01 3.908026616742901055e-02
5.359144542772860120e-01 3.821873885056241427e-02
5.380530973451329579e-01 3.737820548346019317e-02
5.401917404129794598e-01 3.655814560562633403e-02
5.423303834808259616e-01 3.575805132030243638e-02
5.444690265486724634e-01 3.497742701959482420e-02
5.466076696165194093e-01 3.421578911417205715e-02
5.487463126843659111e-01 3.347266576752543077e-02
5.508849557522124130e-01 3.274759663478635230e-02
5.530235988200589148e-01 3.204013260608475078e-02
5.551622418879058607e-01 3.134983555443429659e-02
5.573008849557523625e-01 3.067627808811799681e-02
5.594395280235988643e-01 3.001904330755909844e-02
5.615781710914453662e-01 2.937772456663993378e-02
5.637168141592918680e-01 2.875192523844984430e-02
5.658554572271388139e-01 2.814125848541979696e-02
5.679941002949853157e-01 2.754534703381572580e-02
5.701327433628318175e-01 2.696382295254967643e-02
5.722713864306783194e-01 2.639632743627137040e-02
5.744100294985252653e-01 2.584251059269556880e-02
5.765486725663717671e-01 2.530203123412785166e-02
5.786873156342182689e-01 2.477455667313742740e-02
5.808259587020647707e-01 2.425976252233439864e-02
5.829646017699117166e-01 2.375733249820357468e-02
5.851032448377582185e-01 2.326695822894478405e-02
5.872418879056047203e-01 2.278833906626842945e-02
5.893805309734512221e-01 2.232118190109865299e-02
5.915191740412981680e-01 2.186520098312781310e-02
5.936578171091446698e-01 2.142011774417269115e-02
5.957964601769911717e-01 2.098566062527663229e-02
5.979351032448376735e-01 2.056156490750480487e-02
6.000737463126846194e-01 2.014757254637647779e-02
6.022123893805311212e-01 1.974343200988193728e-02
6.043510324483776230e-01 1.934889812002365053e-02
6.064896755162241249e-01 1.896373189783234769e-02
6.086283185840710708e-01 1.858770041179634222e-02
6.107669616519175726e-01 1.822057662965124308e-02
6.129056047197640744e-01 1.786213927347328825e-02
6.150442477876105762e-01 1.751217267802025399e-02
6.171828908554570781e-01 1.717046665226370020e-02
6.193215339233040240e-01 1.683681634405588892e-02
6.214601769911505258e-01 1.651102210787897331e-02
6.235988200589970276e-01 1.619288937561594657e-02
6.257374631268435294e-01 1.588222853029202380e-02
6.278761061946904753e-01 1.557885478273080340e-02
6.300147492625369772e-01 1.528258805106946783e-02
6.321533923303834790e-01 1.499325284307920572e-02
6.342920353982299808e-01 1.471067814123883620e-02
6.364306784660769267e-01 1.443469729050596458e-02
6.385693215339234285e-01 1.416514788873426620e-02
6.407079646017699304e-01 1.390187167968360421e-02
6.428466076696164322e-01 1.364471444857343237e-02
6.449852507374633781e-01 1.339352592012450424e-02
6.471238938053098799e-01 1.314815965904276608e-02
6.492625368731563817e-01 1.290847297289089007e-02
6.514011799410028836e-01 1.267432681730181789e-02
6.535398230088498295e-01 1.244558570348299788e-02
6.556784660766963313e-01 1.222211760796421132e-02
6.578171091445428331e-01 1.200379388454183432e-02
6.599557522123893349e-01 1.179048917837117842e-02
6.620943952802358368e-01 1.158208134216238278e-02
6.642330383480827827e-01 1.137845135443369196e-02
6.663716814159292845e-01 1.117948323977720898e-02
6.685103244837757863e-01 1.098506399109257931e-02
6.706489675516222881e-01 1.079508349374667248e-02
6.727876106194692341e-01 1.060943445161478468e-02
6.749262536873157359e-01 1.042801231496274725e-02
6.770648967551622377e-01 1.025071521012708466e-02
6.792035398230087395e-01 1.007744387095501314e-02
6.813421828908556854e-01 9.908101571961301993e-03
6.834808259587021873e-01 9.742594063165806173e-03
6.856194690265486891e-01 9.580829506570682011e-03
6.877581120943951909e-01 9.422718414241557788e-03
6.898967551622421368e-01 9.268173587953719775e-03
6.920353982300886386e-01 9.117110060368341720e-03
6.941740412979351404e-01 8.969445037702540244e-03
6.963126843657816423e-01 8.825097843857546837e-03
6.984513274336285882e-01 8.683989865972093977e-03
7.005899705014750900e-01 8.546044501365973947e-03
7.027286135693215918e-01 8.411187105841405609e-03
7.048672566371680936e-01 8.279344943309939822e-03
7.070058997050145955e-01 8.150447136712752130e-03
7.091445427728615414e-01 8.024424620203897407e-03
7.112831858407080432e-01 7.901210092565783688e-03
7.134218289085545450e-01 7.780737971826681004e-03
7.155604719764010468e-01 7.662944351052073354e-03
7.176991150442479928e-01 7.547766955280654083e-03
7.198377581120944946e-01 7.435145099577057312e-03
7.219764011799409964e-01 7.325019648174750306e-03
7.241150442477874982e-01 7.217332974680913150e-03
7.262536873156344441e-01 7.112028923319003992e-03
7.283923303834809460e-01 7.009052771181950754e-03
7.305309734513274478e-01 6.908351191471886164e-03
7.326696165191739496e-01 6.809872217701491183e-03
7.348082595870208955e-01 6.713565208833469078e-03
7.369469026548673973e-01 6.619380815334444286e-03
7.390855457227138992e-01 6.527270946121132775e-03
7.412241887905604010e-01 6.437188736375189062e-03
7.433628318584073469e-01 6.349088516206659143e-03
7.455014749262538487e-01 6.262925780143938949e-03
7.476401179941003505e-01 6.178657157428760725e-03
7.497787610619468524e-01 6.096240383097671807e-03
7.519174041297933542e-01 6.015634269828526448e-03
7.540560471976403001e-01 5.936798680533688505e-03
7.561946902654868019e-01 5.859694501680970564e-03
7.583333333333333037e-01 5.784283617323380221e-03
7.604719764011798055e-01 5.710528883820173603e-03
7.626106194690267515e-01 5.638394105231853311e-03
7.647492625368732533e-01 5.567844009371464287e-03
7.668879056047197551e-01 5.498844224496011318e-03
7.690265486725662569e-01 5.431361256621419428e-03
7.711651917404132028e-01 5.365362467445095908e-03
7.733038348082597047e-01 5.300816052861537925e-03
7.754424778761062065e-01 5.237691022054259508e-03
7.775811209439527083e-01 5.175957177151059574e-03
7.797197640117996542e-01 5.115585093426939546e-03
7.818584070796461560e-01 5.056546100041688779e-03
7.839970501474926579e-01 4.998812261297720487e-03
7.861356932153391597e-01 4.942356358405754907e-03
7.882743362831861056e-01 4.887151871744428548e-03
7.904129793510326074e-01 4.833172963602202533e-03
7.925516224188791092e-01 4.780394461388604715e-03
7.946902654867256111e-01 4.728791841303133479e-03
7.968289085545721129e-01 4.678341212450282983e-03
7.989675516224190588e-01 4.629019301388988261e-03
8.011061946902655606e-01 4.580803437106102660e-03
8.032448377581120624e-01 4.533671536402422882e-03
8.053834808259585643e-01 4.487602089681188948e-03
8.075221238938055102e-01 4.442574147129080102e-03
8.096607669616520120e-01 4.398567305279115283e-03
8.117994100294985138e-01 4.355561693946961507e-03
8.139380530973450156e-01 4.313537963529820267e-03
8.160766961651919615e-01 4.272477272659898351e-03
8.182153392330384634e-01 4.232361276203452059e-03
8.203539823008849652e-01 4.193172113595797917e-03
8.224926253687314670e-01 4.154892397505625945e-03
8.246312684365784129e-01 4.117505202818540211e-03
8.267699115044249147e-01 4.080994055933391713e-03
8.289085545722714166e-01 4.045342924362847932e-03
8.310471976401179184e-01 4.010536206631238471e-03
8.331858407079648643e-01 3.976558722461771660e-03
8.353244837758113661e-01 3.943395703246657669e-03
8.374631268436578679e-01 3.911032782793101223e-03
8.396017699115043698e-01 3.879455988338115745e-03
8.417404129793508716e-01 3.848651731826160244e-03
8.438790560471978175e-01 3.818606801443154026e-03
8.460176991150443193e-01 3.789308353400735237e-03
8.481563421828908211e-01 3.760743903964644010e-03
8.502949852507373230e-01 3.732901321722072435e-03
8.524336283185842689e-01 3.705768820081530371e-03
8.545722713864307707e-01 3.679334950000891138e-03
8.567109144542772725e-01 3.653588592937208161e-03
8.588495575221237743e-01 3.628518954014391638e-03
8.609882005899707202e-01 3.604115555403050990e-03
8.631268436578172221e-01 3.580368229907604245e-03
8.652654867256637239e-01 3.557267114757309799e-03
8.674041297935102257e-01 3.534802645594779975e-03
8.695427728613571716e-01 3.512965550659760249e-03
8.716814159292036734e-01 3.491746845162274366e-03
8.738200589970501753e-01 3.471137825842351109e-03
8.759587020648966771e-01 3.451130065711406104e-03
8.780973451327436230e-01 3.431715408972681354e-03
8.802359882005901248e-01 3.412885966116076513e-03
8.823746312684366266e-01 3.394634109184188273e-03
8.845132743362831285e-01 3.376952467206897207e-03
8.866519174041296303e-01 3.359833921799968391e-03
8.887905604719765762e-01 3.343271602925651769e-03
8.909292035398230780e-01 3.327258884811963319e-03
8.930678466076695798e-01 3.311789382027243486e-03
8.952064896755160817e-01 3.296856945708206976e-03
8.973451327433630276e-01 3.282455659938056554e-03
8.994837758112095294e-01 3.268579838272177122e-03
9.016224188790560312e-01 3.255224020409703579e-03
9.037610619469025330e-01 3.242382969007746255e-03
9.058997050147494789e-01 3.230051666636471995e-03
9.080383480825959808e-01 3.218225312873179526e-03
9.101769911504424826e-01 3.206899321533023765e-03
9.123156342182889844e-01 3.196069318034419713e-03
9.144542772861359303e-01 3.185731136897794122e-03
9.165929203539824321e-01 3.175880819375666991e-03
9.187315634218289340e-01 3.166514611212407990e-03
9.208702064896754358e-01 3.157628960532549763e-03
9.230088495575223817e-01 3.149220515855941614e-03
9.251474926253688835e-01 3.141286124238353624e-03
9.272861356932153853e-01 3.133822829537040704e-03
9.294247787610618872e-01 3.126827870799142421e-03
9.315634218289083890e-01 3.120298680772781112e-03
9.337020648967553349e-01 3.114232884539548142e-03
9.358407079646018367e-01 3.108628298267674880e-03
9.379793510324483385e-01 3.103482928085164998e-03
9.401179941002948404e-01 3.098794969071940516e-03
9.422566371681417863e-01 3.094562804371407509e-03
9.443952802359882881e-01 3.090785004419858983e-03
9.465339233038347899e-01 3.087460326294085271e-03
9.486725663716812917e-01 3.084587713176836343e-03
9.508112094395282377e-01 3.082166293939825070e-03
9.529498525073747395e-01 3.080195382844392888e-03
9.550884955752212413e-01 3.078674479359686921e-03
9.572271386430677431e-01 3.077603268098729784e-03
9.593657817109146890e-01 3.076981618872544691e-03
9.615044247787611909e-01 3.076809586862152852e-03
9.636430678466076927e-01 3.077087412909893394e-03
9.657817109144541945e-01 3.077815523929826411e-03
9.679203539823011404e-01 3.078994533437644145e-03
9.700589970501476422e-01 3.080625242201955570e-03
9.721976401179941440e-01 3.082708639016032339e-03
9.743362831858406459e-01 3.085245901592950819e-03
9.764749262536871477e-01 3.088238397583286700e-03
9.786135693215340936e-01 3.091687685717861046e-03
9.807522123893805954e-01 3.095595517075876504e-03
9.828908554572270972e-01 3.099963836480463305e-03
9.850294985250735991e-01 3.104794784022660292e-03
9.871681415929205450e-01 3.110090696715508887e-03
9.893067846607670468e-01 3.115854110279909703e-03
9.914454277286135486e-01 3.122087761064312218e-03
9.935840707964600504e-01 3.128794588099768383e-03
9.957227138643069964e-01 3.135977735292394541e-03
9.978613569321534982e-01 3.143640553755958685e-03
1.000000000000000000e+00 3.151786604286092690e-03
