1.000000000000000000e+00
9.871841661703412152e-01
9.450718826913456772e-01
8.936034151413945192e-01
8.346824501789016360e-01
7.864063156895547690e-01
7.535184632934159854e-01
7.420545091518134795e-01
7.343437241167897200e-01
7.310512141484850623e-01
7.304507887636502161e-01
7.299225476726017847e-01
7.285025716922969297e-01
7.284340781281503086e-01
7.289545291534793581e-01
7.267424941415538964e-01
7.267424941415538964e-01
7.267424941415538964e-01
7.267424941415538964e-01
7.267424941415538964e-01
7.267424941415538964e-01
7.267424941415538964e-01
6.889329968286731498e-01
6.619705388554940617e-01
6.277369733464958079e-01
5.594256450337544706e-01
5.135208311940397952e-01
4.477551491165072117e-01
3.948013100582797863e-01
3.434904727493385823e-01
3.158502286489593414e-01
2.961276144677331690e-01
2.826601748891796051e-01
2.708763281838474923e-01
2.609658524755332221e-01
2.491757362320879965e-01
2.459978376822609669e-01
2.435604641177740171e-01
2.423466088159390575e-01
2.382171540508182528e-01
2.341902513768844563e-01
2.377509595699414946e-01
2.382024535011728339e-01
2.447398101465274867e-01
2.574287431398147308e-01
2.841347462055668349e-01
2.934496467345757420e-01
2.955765432142893889e-01
3.064299997508108109e-01
3.248927566527006205e-01
3.302803744011167941e-01
3.536156048717551958e-01
3.640157632328489545e-01
3.720532117388125060e-01
3.776835063680420990e-01
3.883834155947163969e-01
4.040676376576194939e-01
4.177484755830000451e-01
4.179732763026828835e-01
4.157417679004336564e-01
4.245975669129373742e-01
4.152984601706850021e-01
4.120695472054636821e-01
4.056799646192827402e-01
4.015456198140315291e-01
3.919100376073191283e-01
3.873956304713594423e-01
3.871595704957482842e-01
3.825778936105898587e-01
3.785827035498811055e-01
3.723231485193053691e-01
3.577169264289162265e-01
3.577169264289162265e-01
3.475347414860475159e-01
3.423134802367731599e-01
3.411046379727784017e-01
3.347203898391385990e-01
3.162552655235829069e-01
3.149409692697084928e-01
3.101056591655634853e-01
3.090795508817760218e-01
3.048274274552076890e-01
3.054386540882783607e-01
3.119760107336331245e-01
3.123075495665601498e-01
3.136443871481416346e-01
3.161447555092157802e-01
3.135122345631811136e-01
3.137003974812855311e-01
3.155850606381935819e-01
3.197018502240172033e-01
3.038070119932231861e-01
3.094654190597601051e-01
3.155056428442019612e-01
3.174870975406882678e-01
3.192278283274813111e-01
3.115087929735849692e-01
3.066739211222426764e-01
3.106085631614388110e-01
3.057168947332519204e-01
3.096639836344425301e-01
3.161781949578086337e-01
3.189939211363084781e-01
3.181621525504118031e-01
3.167576798825558204e-01
3.266620993420366048e-01
3.289539491856960929e-01
3.289539491856960929e-01
3.218408884029892447e-01
3.269313977231311230e-01
3.309866868703180698e-01
3.372983785780106492e-01
3.343031549255340296e-01
3.366582832958943117e-01
3.366582832958943117e-01
3.360627560109420986e-01
3.333611267335708228e-01
3.335405852265007631e-01
3.350176272220936613e-01
3.350176272220936613e-01
3.350176272220936613e-01
3.350861881630095573e-01
3.350861881630095573e-01
3.350861881630095573e-01
3.343359259044904608e-01
3.357056872958387728e-01
3.449767048573321726e-01
3.449767048573321726e-01
3.474923427190099723e-01
3.463133383098311313e-01
3.427844496972267119e-01
3.427844496972267119e-01
3.404759494095967454e-01
3.411765027052737209e-01
3.360859933851316761e-01
3.339919283476848189e-01
3.339919283476848189e-01
3.339919283476848189e-01
3.367764551696475483e-01
3.275280320884204621e-01
3.212163403807278828e-01
3.169194559864176863e-01
3.169194559864176863e-01
3.169194559864176863e-01
3.167924939179143640e-01
3.152186105386928783e-01
3.160501722469437613e-01
3.090238923733391041e-01
3.062834803133879791e-01
3.064664585961857646e-01
3.044850038996995134e-01
3.048962227660488300e-01
3.038005106674606104e-01
3.050289561206864231e-01
3.062343996760047427e-01
3.163539958731553248e-01
3.163539958731553248e-01
3.175330002823341657e-01
3.107488679618060634e-01
3.139223296684330311e-01
3.139223296684330311e-01
3.192785583045081310e-01
3.192785583045081310e-01
3.192785583045081310e-01
3.173916926882321410e-01
3.187616035364673195e-01
3.208556685739141767e-01
3.167188165503316277e-01
3.140658572354441125e-01
3.171900557466609261e-01
3.171900557466609261e-01
3.168949829961109632e-01
3.104579149560007800e-01
3.033251173760079800e-01
3.033251173760079800e-01
2.998131958665714025e-01
2.948176131593448490e-01
2.878480199531836536e-01
2.812172560207098493e-01
2.812172560207098493e-01
2.805853734917377884e-01
2.747061895261566078e-01
2.723568365001386993e-01
2.723568365001386993e-01
2.729544312617955271e-01
2.670430091773020043e-01
2.677850800522407204e-01
2.646514946965184967e-01
2.646514946965184967e-01
2.633191660952891033e-01
2.633191660952891033e-01
2.735063133724643936e-01
2.735063133724643936e-01
2.735063133724643936e-01
2.742887201038179401e-01
2.804034142137085683e-01
2.804034142137085683e-01
2.908136691505495142e-01
2.871325630965077536e-01
2.871325630965077536e-01
2.824354566985568527e-01
2.799350883374827625e-01
2.735789951977349865e-01
2.762354751217119819e-01
2.774091418742784532e-01
2.774091418742784532e-01
2.718287777803230498e-01
2.685502532761036565e-01
2.662079736276390940e-01
2.672449463805485759e-01
2.672449463805485759e-01
2.640945848720571143e-01
2.629192084218695546e-01
2.629192084218695546e-01
2.548977366627043772e-01
2.481247060333310051e-01
2.481247060333310051e-01
2.428360654481222791e-01
2.428360654481222791e-01
2.428360654481222791e-01
2.390856384111992028e-01
2.390070859638600276e-01
2.368844113817457631e-01
2.368844113817457631e-01
2.361441367996896801e-01
2.361441367996896801e-01
2.349639399127131933e-01
2.349639399127131933e-01
2.361549435590978852e-01
2.377551891040181886e-01
2.403034878552418041e-01
2.376137251093884684e-01
2.376137251093884684e-01
2.393430590390657475e-01
2.372898905099257438e-01
2.410871342676139673e-01
2.390437648247119851e-01
2.392762269015321908e-01
2.392762269015321908e-01
2.458430125372762787e-01
2.501750858913663333e-01
2.536700609925817695e-01
2.536700609925817695e-01
2.536700609925817695e-01
2.536700609925817695e-01
2.598083962004406611e-01
2.598083962004406611e-01
2.650017364433123190e-01
2.650017364433123190e-01
2.647989760523688507e-01
