1.000000000000000000e+00
1.000000000000000000e+00
1.000000000000000000e+00
1.000000000000000000e+00
1.000000000000000000e+00
1.000000000000000000e+00
1.000000000000000000e+00
1.000000000000000000e+00
1.000000000000000000e+00
1.000000000000000000e+00
1.000000000000000000e+00
1.000000000000000000e+00
1.000000000000000000e+00
1.000000000000000000e+00
1.000000000000000000e+00
1.000000000000000000e+00
1.000000000000000000e+00
1.000000000000000000e+00
1.000000000000000000e+00
1.000000000000000000e+00
1.000000000000000000e+00
1.000000000000000000e+00
1.000000000000000000e+00
1.000000000000000000e+00
1.000000000000000000e+00
1.000000000000000000e+00
1.000000000000000000e+00
1.000000000000000000e+00
1.000000000000000000e+00
9.916745049501130005e-01
9.833619858978505102e-01
9.833619858978505102e-01
9.833619858978505102e-01
9.833619858978505102e-01
9.833619858978505102e-01
9.765292990611953439e-01
9.765292990611953439e-01
9.765292990611953439e-01
9.571308391574365748e-01
9.509506474707827284e-01
9.388962087352201724e-01
9.388962087352201724e-01
9.332527333260636215e-01
9.275270196262019873e-01
9.165794568195899661e-01
9.059358565193206259e-01
8.954740212986890269e-01
8.852932231906284199e-01
8.852932231906284199e-01
8.704220249458385350e-01
8.559063610255492893e-01
8.511670316969351946e-01
8.420095310970674429e-01
8.329074484825099711e-01
8.239651946468842247e-01
8.106432537475076749e-01
7.889805487861212274e-01
7.764241090325316730e-01
7.722741545984276312e-01
7.641499771075799252e-01
7.561239789878755335e-01
7.403437322598198644e-01
7.324243818854496713e-01
7.248766355400113603e-01
7.135660188581935959e-01
7.060991196609505138e-01
6.877228283945537868e-01
6.733433839209027605e-01
6.662649180100076451e-01
6.487993771942861532e-01
6.350185219791777413e-01
6.282317496777529708e-01
6.115607123501257680e-01
6.017101739629102664e-01
5.952498094192114619e-01
5.920270770927464898e-01
5.731544185136894232e-01
5.637697688598840573e-01
5.575896860610132233e-01
5.484802799920643901e-01
5.484802799920643901e-01
5.395952791435688622e-01
5.278941633452453042e-01
5.278941633452453042e-01
5.221783408455864528e-01
5.137336384018869051e-01
5.025766171023600126e-01
4.942727941007413750e-01
4.806546307113087613e-01
4.698605934859484412e-01
4.671924562407607229e-01
4.566338033672951435e-01
4.488258510566910386e-01
4.410855375821265967e-01
4.385401508411801985e-01
4.334871768940740666e-01
4.259951727160450896e-01
4.235376951975109439e-01
4.137444628272922142e-01
3.992510883398330823e-01
3.899871183124831164e-01
3.805089709128161024e-01
3.687800715783671190e-01
3.640310871919490987e-01
3.594031919860685154e-01
3.502869324587501998e-01
3.344622930515065984e-01
3.322284439940794698e-01
3.211423662191764117e-01
3.145376474219809815e-01
3.079303658256784537e-01
3.035232441351253807e-01
2.923032758193723768e-01
2.795945261821594086e-01
2.712036324719391267e-01
2.658730124672891715e-01
2.502972144332380466e-01
2.454259133842359442e-01
2.357503301955522490e-01
2.277294973632040809e-01
2.217573053264049188e-01
2.087552513091304462e-01
2.040137206007136828e-01
1.937225604750284769e-01
1.898617015401755648e-01
1.860310857796781681e-01
1.822503539757147351e-01
1.803615383767804281e-01
1.738694444095687519e-01
1.645906865208458247e-01
1.645906865208458247e-01
1.584855677747862568e-01
1.526546424735536478e-01
1.508857257017816034e-01
1.455430736825208959e-01
1.473637070329677501e-01
1.473637070329677501e-01
1.322626053566399451e-01
1.289546150811839431e-01
1.219188900839910800e-01
1.153823826288464943e-01
1.104856503469719281e-01
1.037989372203835109e-01
1.119605670968790295e-01
1.005956112855517226e-01
9.541087431891154269e-02
8.368485637016712109e-02
7.747383920800759993e-02
7.440113117121387176e-02
7.119131752683957592e-02
7.085473989776872039e-02
6.292689665301613722e-02
5.978021586258924075e-02
5.978021586258924075e-02
4.812934931579630760e-02
3.706373801077799540e-02
4.006646838063458727e-02
3.418805774558507371e-02
2.703494793468579765e-02
1.712041721268907357e-02
1.150766145739048202e-02
3.910072893837996354e-03
-3.235418090335583086e-03
-1.194640046573551898e-02
-2.129447542083655331e-02
-3.497619510489868855e-02
-4.597063599694679870e-02
-5.196557050490625135e-02
-5.337540791533151863e-02
-5.650374417019011358e-02
-5.993990226223329387e-02
-6.133411966244185082e-02
-6.133411966244185082e-02
-6.478618148751666417e-02
-7.097870418749673005e-02
-7.306438233404273508e-02
-6.864288036746463151e-02
-7.432505735910231726e-02
-7.847500231073381571e-02
-8.511934880677030080e-02
-9.146136116023850793e-02
-9.530307132849066831e-02
-1.024251931554066852e-01
-1.024251931554066852e-01
-9.728029100155079212e-02
-9.856663764571382824e-02
-1.053626205861204201e-01
-1.093489694515077798e-01
-1.145682190330856304e-01
-1.175367061357062010e-01
-1.230528480063052821e-01
-1.213780009385380526e-01
-1.179641839257587338e-01
-1.224642035887892194e-01
-1.252657412772388290e-01
-1.336288647572723143e-01
-1.321525504188934552e-01
-1.289110262729339373e-01
-1.310137465492514919e-01
-1.227161269515865266e-01
-1.239091910994679913e-01
-1.202128125203514170e-01
-1.215074020895330897e-01
-1.238609220288520579e-01
-1.197355704458706871e-01
-1.170581309023562555e-01
-1.139265611677945239e-01
-1.218208874810436382e-01
-1.257800624642462228e-01
-1.221775511812565607e-01
-1.231596868280840223e-01
-1.111823343315331558e-01
-1.265121853865563140e-01
-1.298503539706522825e-01
-1.138621654959598301e-01
-1.165382119527614418e-01
-1.175158931767178172e-01
-1.185607557582021437e-01
-1.185909531567104908e-01
-1.117691903670206544e-01
-1.079033017858487403e-01
-1.127934843250498614e-01
-1.020077340677497529e-01
-9.824337553233558618e-02
-9.824337553233558618e-02
-9.523378273891107415e-02
-9.458203534898897147e-02
-9.353735929661810555e-02
-8.821868179358764717e-02
-9.030512749507042802e-02
-8.808338889478108114e-02
-7.753532289688959411e-02
-7.972980788548209019e-02
-7.585778045739427489e-02
-7.805847011457865692e-02
-7.313169502079007456e-02
-7.886538550967842065e-02
-8.461752057351662470e-02
-7.263586031848939806e-02
-6.981227820993023137e-02
-7.297383643837633549e-02
-7.297383643837633549e-02
-7.756371318841387419e-02
-8.264967384611947299e-02
-7.855141439592372432e-02
-8.234386422808541439e-02
-8.113083083635756754e-02
-8.329245419237615855e-02
-8.623161637117721101e-02
-8.810386929094936315e-02
