1.000000000000000000e+00
1.000000000000000000e+00
1.000000000000000000e+00
1.000000000000000000e+00
1.000000000000000000e+00
1.000000000000000000e+00
1.000000000000000000e+00
9.925146615921243143e-01
9.729184988885049012e-01
9.150579727521893636e-01
8.583602937547616385e-01
8.170562219742439902e-01
7.628165024616498924e-01
6.819563684303140416e-01
6.211250006087249975e-01
5.741739669036349802e-01
5.431928803774107584e-01
4.906685602177250360e-01
4.435435232356211288e-01
4.119668775343997003e-01
3.647753339585567134e-01
3.364135979137945487e-01
3.025450004291103667e-01
2.754692800786127105e-01
2.590742369124580113e-01
2.373653136638181338e-01
2.222450925285891221e-01
2.161812740421169277e-01
2.056480294192614688e-01
1.979712205602399411e-01
1.871409799651519157e-01
1.765344261324797992e-01
1.714109624533835807e-01
1.628342405567197726e-01
1.474543570999299336e-01
1.402491449008834989e-01
1.290505489943221118e-01
1.125991943631530073e-01
1.035533385396057160e-01
1.010575401747734470e-01
1.067762090417923165e-01
9.841770960437809523e-02
9.030071304483766603e-02
8.627181741667207249e-02
9.102529534763843799e-02
8.670711749779656807e-02
8.518912844430308329e-02
8.832349245193858722e-02
8.527320687665916610e-02
7.955280614940260508e-02
8.442046777277376068e-02
8.330132450991471760e-02
7.612917684954799424e-02
8.318835536315667689e-02
8.023307840112789413e-02
7.846670752983070374e-02
7.436885732171831520e-02
7.267247279025393358e-02
7.116332437970358804e-02
6.340027359129214723e-02
6.738477078379856433e-02
6.375414590599885745e-02
6.535597406200013837e-02
6.545890368543796911e-02
6.583342295333831362e-02
5.962234938697136277e-02
6.171380098691664484e-02
6.173721926017506495e-02
6.102360596603654402e-02
5.405155518010110183e-02
4.546320044668246407e-02
4.478227219043029450e-02
4.343604980631921020e-02
4.702926477747522427e-02
4.553594077160063452e-02
4.621487695595538625e-02
4.557445522272689925e-02
4.367839588398898798e-02
4.524642683183767444e-02
4.543692852227208812e-02
4.483208979560596857e-02
4.343578259232670075e-02
4.171814742459319103e-02
4.113617468605513389e-02
3.998061957533021599e-02
3.955741647178428327e-02
3.955741647178428327e-02
3.766500960635024015e-02
3.766500960635024015e-02
3.657189308420553259e-02
3.722492152006957877e-02
3.831360297415779825e-02
3.831360297415779825e-02
3.991684206472709273e-02
3.991684206472709273e-02
3.991684206472709273e-02
3.941301818750570646e-02
4.501809739961573631e-02
4.218135550041952203e-02
4.288770749355613060e-02
4.240495436449898820e-02
4.362273750002751416e-02
4.267398007811488286e-02
3.712218040563568938e-02
3.665842935388340801e-02
3.619655537608077595e-02
3.619655537608077595e-02
3.529361512511740295e-02
3.529361512511740295e-02
3.529361512511740295e-02
3.584346510199196145e-02
2.871415880249209712e-02
2.785337334858960234e-02
2.785337334858960234e-02
2.785337334858960234e-02
2.424962203723850240e-02
2.424962203723850240e-02
2.424962203723850240e-02
2.424962203723850240e-02
2.343819621957940122e-02
2.343819621957940122e-02
2.343819621957940122e-02
2.343819621957940122e-02
2.343819621957940122e-02
2.304880527296420539e-02
2.227614881503118052e-02
2.150679117120720199e-02
2.165842814106810552e-02
2.128089082864383433e-02
2.128089082864383433e-02
2.128089082864383433e-02
2.178896237807021949e-02
2.105935407197142076e-02
2.105935407197142076e-02
2.105935407197142076e-02
2.105935407197142076e-02
2.105935407197142076e-02
2.105935407197142076e-02
2.035903640453444463e-02
2.035903640453444463e-02
1.967085792138655032e-02
1.967085792138655032e-02
1.967085792138655032e-02
1.967085792138655032e-02
1.967085792138655032e-02
1.967085792138655032e-02
1.934077906517622444e-02
1.934077906517622444e-02
1.934077906517622444e-02
1.934077906517622444e-02
1.934077906517622444e-02
1.902035097126296773e-02
1.902035097126296773e-02
1.902035097126296773e-02
1.870714138090605327e-02
1.839532063644830004e-02
1.839532063644830004e-02
1.839532063644830004e-02
1.808908713426450945e-02
1.778490990311105968e-02
1.748367974084279880e-02
1.748367974084279880e-02
1.813555032238413356e-02
1.813555032238413356e-02
1.813555032238413356e-02
1.784394860758138981e-02
1.726274388025388767e-02
1.726274388025388767e-02
1.726274388025388767e-02
1.726274388025388767e-02
1.726274388025388767e-02
1.672972143547915222e-02
1.672972143547915222e-02
1.672972143547915222e-02
1.672972143547915222e-02
1.672972143547915222e-02
1.645615425069675217e-02
1.645615425069675217e-02
1.618451926717810047e-02
1.618451926717810047e-02
1.618451926717810047e-02
1.553264868563676571e-02
1.553264868563676571e-02
1.526940331763074893e-02
1.526940331763074893e-02
1.500943647946201623e-02
1.500943647946201623e-02
1.475173483425625334e-02
1.475173483425625334e-02
1.449609922125408117e-02
1.449609922125408117e-02
1.449609922125408117e-02
1.502912166602881489e-02
1.502912166602881489e-02
1.502912166602881489e-02
1.502912166602881489e-02
1.502912166602881489e-02
1.544875893056048971e-02
1.544875893056048971e-02
1.433026978709956399e-02
1.433026978709956399e-02
1.433026978709956399e-02
1.409147251414748746e-02
1.409147251414748746e-02
1.409147251414748746e-02
1.362114815943463869e-02
1.362114815943463869e-02
1.338873056386197420e-02
1.338873056386197420e-02
1.315817639865308510e-02
1.315817639865308510e-02
1.315817639865308510e-02
1.315817639865308510e-02
1.270546932632918638e-02
1.270546932632918638e-02
1.270546932632918638e-02
1.228583206179751156e-02
1.228583206179751156e-02
1.228583206179751156e-02
1.228583206179751156e-02
1.228583206179751156e-02
1.228583206179751156e-02
1.206921514390964928e-02
1.206921514390964928e-02
1.206921514390964928e-02
1.223657684594887593e-02
1.223657684594887593e-02
1.223657684594887593e-02
1.223657684594887593e-02
1.223657684594887593e-02
1.223657684594887593e-02
1.223657684594887593e-02
1.223657684594887593e-02
1.223657684594887593e-02
1.223657684594887593e-02
1.223657684594887593e-02
1.223657684594887593e-02
1.223657684594887593e-02
1.223657684594887593e-02
1.223657684594887593e-02
1.223657684594887593e-02
1.223657684594887593e-02
1.223657684594887593e-02
1.175020941420400894e-02
1.175020941420400894e-02
1.175020941420400894e-02
1.175020941420400894e-02
1.175020941420400894e-02
1.175020941420400894e-02
1.175020941420400894e-02
