1.000000000000000000e+00
9.999999999999997780e-01
9.999999999999997780e-01
9.999999999999997780e-01
9.999999999999997780e-01
9.999999999999997780e-01
9.999999999999997780e-01
9.999999999999997780e-01
9.999999999999997780e-01
9.999999999999997780e-01
9.999999999999997780e-01
9.999999999999997780e-01
9.999999999999997780e-01
9.999999999999997780e-01
9.999999999999997780e-01
9.999999999999997780e-01
9.999999999999997780e-01
9.999999999999997780e-01
9.999999999999997780e-01
9.999999999999997780e-01
9.999999999999997780e-01
9.999999999999997780e-01
9.999999999999997780e-01
9.999999999999997780e-01
9.999999999999997780e-01
9.897328014158293108e-01
9.897328014158293108e-01
9.897328014158293108e-01
9.897328014158293108e-01
9.897328014158293108e-01
9.897328014158293108e-01
9.897328014158293108e-01
9.818292292610147909e-01
9.741477127979044637e-01
9.665517718875091813e-01
9.665517718875091813e-01
9.595248081781881933e-01
9.595248081781881933e-01
9.396405903789388780e-01
9.268069084038083050e-01
9.268069084038083050e-01
9.139584011657245766e-01
9.078499856326662787e-01
8.961609171333182466e-01
8.904208062754945807e-01
8.347644879252342776e-01
8.239092357728314830e-01
8.081056452250188205e-01
7.976501734234260343e-01
7.720258136521767067e-01
7.623237311467727650e-01
7.425898178802573524e-01
7.329472638909659832e-01
7.094710902155690890e-01
6.817460516380540181e-01
6.544498914969977266e-01
6.364273331179222115e-01
6.364273331179222115e-01
6.105326147958094474e-01
5.809181379544564594e-01
5.682888521272142501e-01
5.518929345742218384e-01
5.237129965215882033e-01
4.999729897597917083e-01
4.844501290940435578e-01
4.806182291418754637e-01
4.541011533945594758e-01
4.467334243481360101e-01
4.320204839927029861e-01
4.139326307854587772e-01
3.959234367521011766e-01
3.748827999904753572e-01
3.610670430679372989e-01
3.268899239618264785e-01
3.067118737987754584e-01
2.933175248128017110e-01
2.834951551627650779e-01
2.734813460711612021e-01
2.482694239278463166e-01
2.198537783545515545e-01
2.074017129274960125e-01
1.920061142467995308e-01
1.896318395414714475e-01
1.805858512307822461e-01
1.717764438548970984e-01
1.541812652942560480e-01
1.455247884858152096e-01
1.226229895069458203e-01
1.254174314020879422e-01
1.364395398925639935e-01
1.369501484635164690e-01
1.287597158294959410e-01
1.232263793024861998e-01
1.017915697491220128e-01
9.659369860377277350e-02
9.140026003008108746e-02
9.649512852137318020e-02
8.623600356247829168e-02
9.423544644482738375e-02
7.913093533078068009e-02
8.895923564278285234e-02
7.159499771023007664e-02
6.659276809367109529e-02
6.192168677505501678e-02
5.234531538574178217e-02
4.752283741300394188e-02
4.269482638759120041e-02
5.669440818392841586e-02
5.435720772624631075e-02
5.205919054580793875e-02
4.306855245689199252e-02
4.540369073829268742e-02
2.544671266357970488e-02
1.677861644197907454e-02
1.023271079107863565e-02
1.441520707733146521e-02
1.453663967718070785e-02
2.694849805896086178e-02
2.484974782962232759e-02
2.075372871668814193e-02
1.662701611464021539e-02
6.356001156731453348e-03
8.371816163874636757e-03
6.137689454872327297e-03
8.230487924779806425e-03
1.719398836379533143e-03
9.355298919504234645e-03
1.523959635025128045e-02
3.638368892599372351e-03
3.621480712661888108e-03
-5.942479057969748436e-03
-1.151010611098698955e-02
-1.888775666811425393e-03
-9.452002138963678927e-06
-2.018097583528138950e-02
-1.623836848239491176e-02
-2.736867904538374530e-02
-2.734281066198022622e-02
-1.670895923892608270e-02
-2.555442045359924280e-02
-1.482341604264323341e-02
-9.464932963312720077e-03
-1.656264774705215256e-02
-9.611017549037257843e-03
-1.487818029622631384e-02
-6.332811866932912433e-03
-1.846712868446611852e-02
-1.846818401767242462e-02
-1.372143583017975191e-02
-2.029567900720026519e-02
-2.994516670603282124e-02
-3.492939730717117830e-02
-8.842924435247978554e-03
-1.187044160308738279e-02
-7.141787573158061946e-03
8.152651529078037366e-04
2.664765915022867734e-02
3.196199140019095886e-02
3.835615738602447811e-02
3.203874889988009983e-02
1.194276824393547716e-02
1.029180907432363477e-02
1.025147875332916604e-02
1.147224022453152475e-03
-1.880936431049779790e-03
-2.063740478265625386e-02
-1.876797985772488955e-03
4.077415548223773702e-03
1.737510176650202895e-02
9.795462267781353954e-03
1.575797404271469734e-02
8.602803598044713590e-03
5.900979492924664400e-03
1.492926376473871497e-03
9.921159510060300127e-03
1.276702554684544869e-02
4.119161232649275368e-03
1.403255935512548458e-02
1.809124161278758899e-02
2.087971896436928779e-02
2.784303426870356896e-02
3.362695836458561016e-02
3.776592078567186928e-02
3.761986922850585335e-02
3.905244509231316913e-02
3.647412365228624304e-02
4.723373231991249976e-02
4.856093432902333640e-02
3.899624593587183718e-02
4.425851252536197600e-02
4.309724609774993193e-02
2.477928105391550423e-02
1.837129386267412692e-02
2.624831756480577177e-02
3.907060739405666255e-02
6.197482226372020425e-02
5.906850374577114066e-02
5.791801568869348743e-02
6.019349316401314404e-02
6.134872924812585088e-02
7.494976461608501839e-02
7.240846088302156647e-02
6.958383874244335188e-02
7.326941833359300327e-02
8.298916887054783031e-02
8.056782998237228821e-02
7.469439612516311222e-02
7.554309231816221104e-02
6.033037055661370773e-02
6.002435255575622880e-02
5.140107013323428481e-02
5.366263135438877757e-02
6.196554946285613014e-02
6.305991434834415377e-02
7.007920397031787429e-02
6.541679721430428140e-02
6.783606505916482676e-02
8.274604965206537599e-02
8.270810747818933828e-02
6.681996407963719520e-02
9.270291880142948748e-02
1.007342545273683249e-01
9.862485842264137603e-02
9.297685270741595787e-02
8.963014616012088265e-02
7.857851789768885431e-02
6.929954678788781408e-02
6.379258245304508801e-02
7.476659330811466497e-02
7.475100702116423135e-02
7.804114282808342906e-02
7.167778103605239315e-02
6.020248265725293424e-02
4.847914828083704775e-02
4.086667170504518914e-02
4.629220281444413471e-02
4.041514809760470006e-02
3.833173849604821354e-02
4.337337630322773280e-02
3.795923648248703680e-02
3.456552783578388521e-02
3.960953267555711310e-02
4.049321337879748656e-02
2.145508629168620118e-02
2.349166038691787028e-02
9.066671475890797360e-03
3.432002007929157994e-02
3.737591717248051754e-02
3.141517980171391194e-02
2.529417625376113171e-02
