0.000000000000000000e+00
7.452864419692083187e-02
7.452864419692083187e-02
7.452864419692083187e-02
7.452864419692083187e-02
7.452864419692083187e-02
7.452864419692083187e-02
7.452864419692083187e-02
7.452864419692083187e-02
7.452864419692083187e-02
7.452864419692083187e-02
7.452864419692083187e-02
7.452864419692083187e-02
7.452864419692083187e-02
7.452864419692083187e-02
7.452864419692083187e-02
7.452864419692083187e-02
7.452864419692083187e-02
7.452864419692083187e-02
7.452864419692083187e-02
7.452864419692083187e-02
7.452864419692083187e-02
7.452864419692083187e-02
7.452864419692083187e-02
7.452864419692083187e-02
7.918994900968648332e-02
7.918994900968648332e-02
7.918994900968648332e-02
7.918994900968648332e-02
7.918994900968648332e-02
7.918994900968648332e-02
7.918994900968648332e-02
8.005598122611401468e-02
7.918827092975214144e-02
8.129305899574842953e-02
8.129305899574842953e-02
8.020808447381763684e-02
8.020808447381763684e-02
8.080478223844371477e-02
7.682875025918735334e-02
7.682875025918735334e-02
8.099417980265070927e-02
8.274071406775011794e-02
8.200904243334961041e-02
8.109888975827408975e-02
7.661005637917922551e-02
7.538079918916865130e-02
8.166423057500839244e-02
8.570789948380796996e-02
8.079894180033812823e-02
6.970271187590128259e-02
6.775719086472983821e-02
6.790572657818279290e-02
7.009812810310533937e-02
7.277399286605795714e-02
7.202952628869746521e-02
7.131438482794690004e-02
7.131438482794690004e-02
6.708519250473740647e-02
6.737412588051470974e-02
6.858855249705377022e-02
6.718982842189075155e-02
6.028447852883898200e-02
6.089356870575558106e-02
5.950535496516318190e-02
6.083828172159408409e-02
6.254574522814615456e-02
6.161515868345052854e-02
6.288028065405977529e-02
6.181065708230415456e-02
6.258181934744162789e-02
6.139167701150319290e-02
5.720189822198944868e-02
5.386893839861692929e-02
5.487779091697186223e-02
4.970732756709409644e-02
5.230182867202059355e-02
6.113888425090191481e-02
6.334187172052482828e-02
5.616364893923089796e-02
5.654054795542573508e-02
5.932529252494201516e-02
5.322897653927577410e-02
5.363940840216380873e-02
4.682248821892686513e-02
5.075128850768415717e-02
5.128995144619569180e-02
4.934940893403694240e-02
5.172898368941688391e-02
5.068403279045415738e-02
5.426485009520808783e-02
5.767523403054092973e-02
5.919293359163043527e-02
5.579487325566981348e-02
5.495594864533295820e-02
4.775435464304653155e-02
5.323217192474332532e-02
5.176602426224524711e-02
4.832582917354533852e-02
4.851579956575739067e-02
4.855830298631026026e-02
5.293506978609955477e-02
5.499507544393919534e-02
5.688883456325161125e-02
5.790422138417166548e-02
5.490780663738172723e-02
5.297355788669652621e-02
5.045246601540066128e-02
5.062620582226884380e-02
5.090391200077512557e-02
5.876887299347385851e-02
5.372469367495110587e-02
4.934639152254794575e-02
5.172782105459167168e-02
5.269395254629260367e-02
5.013220870122780948e-02
5.306451951448556970e-02
5.003153798121445783e-02
4.950903723280099950e-02
4.952897008354258807e-02
4.909424893088391167e-02
4.931158783953837332e-02
4.941885027866846358e-02
5.535633092199979816e-02
5.788348510176976464e-02
6.129623982080432271e-02
6.474675721236358705e-02
6.472091967568337212e-02
6.251427445923880832e-02
6.388794852482723718e-02
-6.531958749692774735e-02
-6.546867511933834871e-02
-6.204289454894513361e-02
-6.673098276190185529e-02
-6.500518145156937433e-02
-6.178481717875106832e-02
-6.119480726699316059e-02
-5.791712971997303727e-02
-6.211479932788046415e-02
-6.559239556218803002e-02
-6.034057350064375019e-02
-6.115355963550576229e-02
-6.575967102331430059e-02
-6.930462244012051964e-02
-7.160662454986649328e-02
-7.164180645447608409e-02
-7.389279248392827126e-02
-7.049733013635654799e-02
-7.364290225987270289e-02
-7.500200164776464617e-02
-7.067191474271448948e-02
-7.067768202981167258e-02
-6.769932021069773043e-02
-6.736006934656579848e-02
-6.803680815546177263e-02
6.917456055279427862e-02
7.335268946096680509e-02
7.646248612868795924e-02
8.015850612295578881e-02
8.273761801171082564e-02
7.963027508247425001e-02
7.968804092780613912e-02
7.888284236026624208e-02
8.348860191189111379e-02
-8.522419408256576290e-02
-8.258969654845030317e-02
-7.618551608666923602e-02
7.752440673767942159e-02
7.977132135318863726e-02
8.248297218094986782e-02
8.555047974148087542e-02
8.739267498908188936e-02
8.549001721726236236e-02
8.508229474243390877e-02
7.971068660710219078e-02
7.907663168403579468e-02
8.043853905721490283e-02
8.121034506749064130e-02
8.055720706841339174e-02
8.238737682620521363e-02
8.018147725402119397e-02
8.251893234678116251e-02
8.361027087800611268e-02
8.347014538814491458e-02
7.491095870143393842e-02
7.577991171317317864e-02
7.698728126675681571e-02
7.510636221077855723e-02
7.593373138731784877e-02
7.822249483957291472e-02
7.552863970857816300e-02
7.671928661831813046e-02
7.314574925141610617e-02
7.255392112444242203e-02
7.437905232253889942e-02
7.656896553358562285e-02
7.282776998502545063e-02
7.461673453725274630e-02
7.615423421477908461e-02
7.673305649403426576e-02
7.887278112757122039e-02
7.962414459280695023e-02
7.686640860132191999e-02
7.629626061623269451e-02
7.600464965850071974e-02
7.512840005491856765e-02
7.584335225201584152e-02
8.152446369385768499e-02
8.066103878428869389e-02
8.317133940595809738e-02
8.428213611875029487e-02
8.217922276541884952e-02
8.180572625672134779e-02
8.088553432571714275e-02
7.795515646021759781e-02
7.567278107233869899e-02
7.650489837047079467e-02
7.539668612128790082e-02
7.502690801866498949e-02
7.278327526246435031e-02
7.507646646420373937e-02
7.557004530642448537e-02
7.699656013357898676e-02
7.935965031872453668e-02
7.720093324809339241e-02
7.872304484827194471e-02
7.196990709006699516e-02
7.398915778447888447e-02
7.674161268711877926e-02
7.520603377209446327e-02
7.555217531769703454e-02
7.846571940567888259e-02
7.591665376862118120e-02
7.597922145191020327e-02
7.331026435699340704e-02
7.185026944602157517e-02
7.512578033827205237e-02
7.410914349953488800e-02
7.145558521190999157e-02
7.342472128017336896e-02
7.575736652502028379e-02
7.349867792230195540e-02
6.931016271250796390e-02
6.825873519602598805e-02
6.959643230117500134e-02
6.891590652780017756e-02
6.915832610810331016e-02
6.751985128863251251e-02
6.564644081181832125e-02
6.589438980663843426e-02
