1.000000000000000000e+00
9.999999999999998890e-01
9.999999999999998890e-01
9.999999999999998890e-01
9.999999999999998890e-01
9.999999999999998890e-01
9.999999999999998890e-01
9.999999999999998890e-01
9.999999999999998890e-01
9.999999999999998890e-01
9.999999999999998890e-01
9.999999999999998890e-01
9.999999999999998890e-01
9.999999999999998890e-01
9.999999999999998890e-01
9.999999999999998890e-01
9.999999999999998890e-01
9.999999999999998890e-01
9.999999999999998890e-01
9.999999999999998890e-01
9.999999999999998890e-01
9.999999999999998890e-01
9.999999999999998890e-01
9.999999999999998890e-01
9.999999999999998890e-01
9.999999999999998890e-01
9.999999999999998890e-01
9.999999999999998890e-01
9.921527659151313516e-01
9.921527659151313516e-01
9.921527659151313516e-01
9.852070215468861081e-01
9.716810201714387585e-01
9.523359682842413854e-01
9.398309203363585107e-01
9.398309203363585107e-01
9.040486370792035764e-01
8.980647407971987795e-01
8.752474112100137038e-01
8.476493865853239607e-01
8.260588128117395401e-01
8.101246887624304893e-01
8.101246887624304893e-01
8.051726616291138283e-01
7.903474961738484739e-01
7.615279253927221825e-01
7.428000492089209539e-01
7.428000492089209539e-01
7.247765645540834578e-01
7.247765645540834578e-01
6.990082766031165962e-01
6.905054330735242996e-01
6.699244926558332036e-01
6.372681445876466899e-01
6.090634890374574395e-01
5.935594977244742498e-01
5.744022201768433922e-01
5.632036256352727088e-01
5.557739858860571980e-01
5.485015632450450651e-01
5.449122951809024507e-01
5.372814722564966949e-01
5.200933711691541061e-01
5.055454050915297870e-01
4.754233289544392282e-01
4.621807536792099658e-01
4.428305755405724797e-01
4.262731881402063161e-01
4.011940577321181367e-01
3.949584595227993433e-01
3.735646308569929852e-01
3.554474843245653548e-01
3.399517031728248040e-01
3.283092278798766528e-01
3.079404273165718409e-01
2.737188509322327490e-01
2.681205247617940435e-01
2.475162117720063060e-01
2.393166718921651281e-01
2.256164195230712100e-01
2.062241515293079808e-01
1.928649739839954635e-01
1.707828202584949495e-01
1.520738489669165860e-01
1.394252195856849619e-01
1.193365395326663470e-01
1.045035307350492271e-01
8.960739216004021124e-02
7.909631838890826550e-02
6.188101450160993916e-02
5.478078765129430067e-02
4.775590458718152742e-02
4.094974609856746189e-02
3.605291414244092552e-02
2.457600970235054166e-02
2.234526652888816148e-02
7.454154356848661893e-03
-7.697914064948437399e-03
-2.268241437732155738e-02
-3.361589055412909227e-02
-4.001140646795887240e-02
-4.210979359416581330e-02
-5.602406939890260812e-02
-4.953198346276400932e-02
-6.386931396019046581e-02
-6.762012426343429194e-02
-7.380543329150256182e-02
-7.932919818739808671e-02
-8.804435276510651220e-02
-9.740649435202905493e-02
-1.090108801771875191e-01
-1.090185101124644673e-01
-1.138530958765181789e-01
-1.193483390955181189e-01
-1.229927165822353174e-01
-1.323809548278538917e-01
-1.356864363788445882e-01
-1.393108641418213389e-01
-1.447596768707938575e-01
-1.620948971808500449e-01
-1.584749010537231384e-01
-1.661112030226520042e-01
-1.678570962423575619e-01
-1.642657415357197948e-01
-1.700154986959297732e-01
-1.768454146994460352e-01
-1.802115738379384546e-01
-1.778519820024303810e-01
-1.681853841920239734e-01
-1.584193409050083101e-01
-1.604064829929691960e-01
-1.489764817192021085e-01
-1.527029410716466973e-01
-1.592568921478015043e-01
-1.515561710278205132e-01
-1.531506670689331551e-01
-1.429733773713383060e-01
-1.401363439912130526e-01
-1.333062177225066980e-01
-1.456310290083233094e-01
-1.462319983592184902e-01
-1.520814385112037315e-01
-1.496336702382428385e-01
-1.553041159396837401e-01
-1.552317102276852823e-01
-1.611357298142440941e-01
-1.551313833205803239e-01
-1.545493755805957270e-01
-1.420990746622433354e-01
-1.400922847174541908e-01
-1.345054723052702406e-01
-1.262655677462007076e-01
-1.347267384766065446e-01
-1.374943664040324531e-01
-1.311067051942636785e-01
-1.236706020810423995e-01
-1.249499472577967618e-01
-1.304755727623415351e-01
-1.339683481470904103e-01
-1.334896794594735980e-01
-1.348198809193952019e-01
-1.265464242369879477e-01
-1.225659788941329542e-01
-1.248610056608611268e-01
-1.221552874119616466e-01
-1.178432384387514548e-01
-1.270021226446180207e-01
-1.156932573275684800e-01
-1.078526585972269802e-01
-9.581697304591912934e-02
-8.816570320013650264e-02
-8.737714371825114346e-02
-8.216164937056057160e-02
-7.325751173386280124e-02
-7.304762155101537924e-02
-6.976976544589510998e-02
-6.842349488156812543e-02
-5.265389328500154342e-02
-5.217570123054728753e-02
-4.850178392898212010e-02
-5.901861045451257254e-02
-4.766864737785602574e-02
-4.096293825309158670e-02
-3.751578281537024800e-02
-3.982792209659119509e-02
-3.476849476559866481e-02
-4.213265180903014856e-02
-3.944166558365466702e-02
-2.636861172827710542e-02
-1.372715748033661275e-02
-1.915713175450142053e-02
-2.832077642116164612e-02
-3.126027697963141422e-02
-4.320884777106138303e-02
-4.156805869526157549e-02
-3.318099630808837852e-02
-4.213834843315013984e-02
-5.847401369961278267e-02
-4.862114688531941897e-02
-3.468454378199967852e-02
-4.330307849066689085e-02
-4.093718806007515948e-02
-4.718935803220662695e-02
-4.488790478231843850e-02
-5.195379831722526931e-02
-5.586349437529632145e-02
-6.076173994413937990e-02
-4.428857698445499286e-02
-3.582572197904380223e-02
-2.982557224196818665e-02
-1.912159764321964134e-02
-1.815382775020046857e-02
-1.823048338937334478e-02
-4.931317939952556059e-03
-1.409315908042236241e-02
-1.901107841104452204e-02
-1.093027679118487895e-02
-1.093027679118487895e-02
-1.083380195664288698e-02
-3.082790187147362720e-02
-3.412362036116135117e-02
-2.757336364064153639e-02
-2.565964803850122322e-02
-2.566142428305901238e-02
-2.527362684724846972e-02
-2.099224813640765755e-02
-1.510276977040813685e-02
-1.509865361547645113e-02
-7.826305506542112489e-03
8.207964187386340704e-03
7.519691471048966548e-03
7.310189575283299220e-03
9.628722964708924872e-03
9.628722964708924872e-03
-1.814914467545850497e-03
-1.196322144206229520e-03
-8.514989512549126990e-03
-2.116473173797216514e-02
-2.210193726537299994e-02
-1.423047345220278259e-02
-3.866837675390232595e-03
-1.412245021273155973e-02
-6.645978898827334044e-03
-4.021670282811283699e-03
-1.327189079795046585e-02
-1.632488878183913084e-02
-1.557829143411910283e-02
-1.814143101019140975e-02
-2.231017921938707391e-02
-1.251330140070141574e-02
