1.000000000000000000e+00
1.000000000000000222e+00
1.000000000000000222e+00
1.000000000000000222e+00
1.000000000000000222e+00
1.000000000000000222e+00
1.000000000000000222e+00
1.000000000000000222e+00
1.000000000000000222e+00
1.000000000000000222e+00
1.000000000000000222e+00
1.000000000000000222e+00
1.000000000000000222e+00
1.000000000000000222e+00
1.000000000000000222e+00
9.918095323814158926e-01
9.918095323814158926e-01
9.773845134230024767e-01
9.703635822865801508e-01
9.572929197534839618e-01
9.449498743720418092e-01
9.161661548576588432e-01
9.051230050136601646e-01
8.683081758445788667e-01
8.432270283611145167e-01
8.189951512494163532e-01
8.096407701826182635e-01
7.828816433271866826e-01
7.615862078453721207e-01
7.284081145862992823e-01
6.643360564514865230e-01
6.294670157529757004e-01
6.068695498222714813e-01
5.740337851801675662e-01
5.495192310637421196e-01
5.324606095556528862e-01
5.057789202502651627e-01
4.895657979489050349e-01
4.611795042134528844e-01
4.519058099128425154e-01
4.340046897686863914e-01
4.223505403385986456e-01
4.109612160527273406e-01
4.053688920014996699e-01
3.972471846465123746e-01
3.787236029511648061e-01
3.657855101892802385e-01
3.455595531390402431e-01
3.280857764197997462e-01
3.159513818094566440e-01
3.040528945762410729e-01
2.970660007763640809e-01
2.810025845398067545e-01
2.764950504957148780e-01
2.632667800656374735e-01
2.524223965474594045e-01
2.438952872354520907e-01
2.355266532505312094e-01
2.252890663672690308e-01
2.252890663672690308e-01
2.193097967457440511e-01
2.036706483238607257e-01
2.017427616988118066e-01
1.997753635023956365e-01
1.904607153989292534e-01
1.776861306183243894e-01
1.741774120981660623e-01
1.688535679970333547e-01
1.636387983752801423e-01
1.584686976056338958e-01
1.499896646362600672e-01
1.449853652053479380e-01
1.350891269276001672e-01
1.301970601760332191e-01
1.253934577502861247e-01
1.190593236356101009e-01
1.175033366690552972e-01
1.128837989556733395e-01
1.113647907334633091e-01
1.113647907334633091e-01
1.113647907334633091e-01
1.069615949237729541e-01
1.069229431640759675e-01
1.040683177334469078e-01
1.012421102724224697e-01
9.983730338720400721e-02
9.708604621419432423e-02
9.572229586800409806e-02
9.168174249313992830e-02
9.167142191868934975e-02
9.035327827938553769e-02
8.905361120976680589e-02
8.905361120976680589e-02
8.905361120976680589e-02
8.652633964580203063e-02
8.528249119977961146e-02
7.788170140621478166e-02
7.666289128332284819e-02
7.301512609926390229e-02
7.301512609926390229e-02
7.183577897125739686e-02
6.950082754895590964e-02
6.717213173828553985e-02
6.717213173828553985e-02
6.489279882834682323e-02
6.376442690193862006e-02
6.376442690193862006e-02
6.044762835987748523e-02
6.044762835987748523e-02
6.044762835987748523e-02
5.721787090926635372e-02
5.721787090926635372e-02
5.723568349392938598e-02
5.618801564470151527e-02
5.515213261974356157e-02
5.721429503523890042e-02
5.721257534160775066e-02
5.620591476911101364e-02
5.520678931991116617e-02
5.221941233590791931e-02
5.024917830800163659e-02
5.034211074579097306e-02
4.747850937485146444e-02
4.747850937485146444e-02
4.461271113515426212e-02
4.177853236631693529e-02
4.084384825446408379e-02
3.991137235912761011e-02
3.806218064566159465e-02
3.622562051027799351e-02
3.440471082109712586e-02
3.350245835583536697e-02
3.350245835583536697e-02
3.083623784424975589e-02
2.817910251476997419e-02
2.730491934224340764e-02
2.730491934224340764e-02
2.388352197925516437e-02
2.388352197925516437e-02
2.218556221501982728e-02
2.218556221501982728e-02
2.218556221501982728e-02
2.218556221501982728e-02
2.216413866005860836e-02
2.216413866005860836e-02
2.139711551134110268e-02
1.897196492769265275e-02
1.897196492769265275e-02
1.737625861947625361e-02
1.737625861947625361e-02
1.658769391789543732e-02
1.580581633805547281e-02
1.580581633805547281e-02
1.349149690576156163e-02
1.272697431612631810e-02
1.196319022395503015e-02
1.196319022395503015e-02
1.196319022395503015e-02
1.196319022395503015e-02
1.196319022395503015e-02
1.122703550402911858e-02
9.809466160797468415e-03
9.809466160797468415e-03
9.086283002696281252e-03
9.086283002696281252e-03
9.086283002696281252e-03
9.086283002696281252e-03
9.086283002696281252e-03
8.382953619194251707e-03
5.558442538678694776e-03
5.558442538678694776e-03
6.272657342681620986e-03
4.218728379975969674e-03
4.218728379975969674e-03
4.218728379975969674e-03
2.869136040436036459e-03
2.869136040436036459e-03
2.203477223140320150e-03
2.203477223140320150e-03
2.263225277193475153e-04
2.263225277193475153e-04
2.263225277193475153e-04
2.263225277193475153e-04
-4.200207020077877367e-04
-1.062163694122170415e-03
-2.339653757775480084e-03
-2.339653757775480084e-03
-2.339653757775480084e-03
-2.339653757775480084e-03
-2.339653757775480084e-03
-2.339653757775480084e-03
-2.339653757775480084e-03
-2.339653757775480084e-03
-2.950545765435305581e-03
-2.950545765435305581e-03
-2.950545765435305581e-03
-2.950545765435305581e-03
-3.550148326394162498e-03
-3.550148326394162498e-03
-4.141721191948158007e-03
-4.141721191948158007e-03
-4.141721191948158007e-03
-4.726298230690571117e-03
-5.307955891954424868e-03
-5.885255850021212098e-03
-6.460777636530123762e-03
-6.460777636530123762e-03
-5.320969679407937074e-03
-5.886724985928650650e-03
-5.886724985928650650e-03
-5.886724985928650650e-03
-5.886724985928650650e-03
-5.886724985928650650e-03
-4.780656067316367205e-03
-4.780656067316367205e-03
-5.329544174337929804e-03
-5.329544174337929804e-03
-6.415738865489163667e-03
-6.957245461395466027e-03
-7.495034988150572897e-03
-8.030531607593935708e-03
-9.096975936310631658e-03
-9.096975936310631658e-03
-9.096975936310631658e-03
-1.014808718899798921e-02
-1.014808718899798921e-02
-1.067006851140444267e-02
-1.067006851140444267e-02
-1.170563578498123695e-02
-1.170563578498123695e-02
-1.221731019538649203e-02
-1.221731019538649203e-02
-1.272522041161874319e-02
-1.272522041161874319e-02
-1.322875109581162119e-02
-1.322875109581162119e-02
-1.322875109581162119e-02
-1.322875109581162119e-02
-1.372301564830689588e-02
-1.323592923285120751e-02
-1.323592923285120751e-02
-1.323592923285120751e-02
-1.323592923285120751e-02
-1.371988091764620235e-02
-1.371988091764620235e-02
-1.371988091764620235e-02
-1.419782568558427237e-02
-1.467480478176483999e-02
-1.467480478176483999e-02
-1.467480478176483999e-02
