0.000000000000000000e+00
8.831038535803048539e-02
8.831038535803048539e-02
8.831038535803048539e-02
8.831038535803048539e-02
8.831038535803048539e-02
8.831038535803048539e-02
8.831038535803048539e-02
8.831038535803048539e-02
8.831038535803048539e-02
8.831038535803048539e-02
8.831038535803048539e-02
8.831038535803048539e-02
8.831038535803048539e-02
8.831038535803048539e-02
8.688334198494999938e-02
8.688334198494999938e-02
8.851542216194596691e-02
8.778478654558097283e-02
9.339421367270565877e-02
9.435168190486072082e-02
9.341641096863229077e-02
8.903920485956327846e-02
8.316937999800691483e-02
7.879892391215249925e-02
7.663722486878514484e-02
7.399860002785983715e-02
7.404289181404540010e-02
7.291450029043464176e-02
6.831255146028525349e-02
6.076312065383526750e-02
6.174568941521308557e-02
5.892461409198781336e-02
5.735774684957645198e-02
5.769950031395607720e-02
5.539665002174037206e-02
5.382320263321613979e-02
5.207238014916095586e-02
4.746373482895338558e-02
4.454774472294163040e-02
4.654462361918196983e-02
4.566914196211346172e-02
4.391907157551142721e-02
4.524333063180283748e-02
4.262548943525620859e-02
4.073508552470066907e-02
4.237506516436666953e-02
3.965989261140764194e-02
3.828915886888186598e-02
3.805859090625843960e-02
3.909712740663551234e-02
3.797599396737699751e-02
3.738147240461314053e-02
3.754503967917161705e-02
3.701871667284287876e-02
3.509296665202493032e-02
3.558451153101486325e-02
3.600901257484721146e-02
3.423522432338731852e-02
3.423522432338731852e-02
3.479610321225657527e-02
3.437424460625380235e-02
3.524379654590533567e-02
3.569311970495869096e-02
3.567062177402632178e-02
3.555640129084009643e-02
3.411772424412111426e-02
3.396316071269483289e-02
3.417104932285545266e-02
3.424496948267859858e-02
3.447330533592877361e-02
3.283530258875252267e-02
3.066371733231081434e-02
3.074376829837770220e-02
2.924639938023151572e-02
2.973810627261657194e-02
3.000134592691012722e-02
2.833202176798166674e-02
2.886376163531633940e-02
2.886376163531633940e-02
2.886376163531633940e-02
2.950606771564440178e-02
3.029167016981442959e-02
3.073156723251517508e-02
3.068843107977989315e-02
3.069190996922922798e-02
2.962288230377992104e-02
2.943327513114318839e-02
2.957611677074288570e-02
2.965421925318122501e-02
2.988423881759577974e-02
3.016597958765585355e-02
3.016597958765585355e-02
3.016597958765585355e-02
2.903747109302499615e-02
2.837839952973024785e-02
2.627369509735231687e-02
2.568710275121119033e-02
2.559086090268781685e-02
2.559086090268781685e-02
2.504627880524274916e-02
2.526158148074800214e-02
2.520229648355441429e-02
2.520229648355441429e-02
2.521650018836459409e-02
2.472713748591306993e-02
2.472713748591306993e-02
2.444232572385561519e-02
2.444232572385561519e-02
2.444232572385561519e-02
2.407789634705881018e-02
2.407789634705881018e-02
2.321280789056577587e-02
2.284817022063825517e-02
2.321890592734524375e-02
2.374879322848792371e-02
2.504355244426019478e-02
2.546705858031485248e-02
2.567294522452283345e-02
2.561167087817447716e-02
2.508579695418927669e-02
2.601157515697945233e-02
2.566937462022335359e-02
2.566937462022335359e-02
2.500288356430903358e-02
2.499608334341963875e-02
2.496841149758381381e-02
2.533733184838903030e-02
2.566219839187313875e-02
2.607001570418238101e-02
2.679414547347717598e-02
2.637941414733225090e-02
2.637941414733225090e-02
2.530331008304572901e-02
2.543074971825379227e-02
2.579687085713655917e-02
2.579687085713655917e-02
2.587743374365659640e-02
2.587743374365659640e-02
2.510496982675550562e-02
2.510496982675550562e-02
2.510496982675550562e-02
2.510496982675550562e-02
2.572735059273252231e-02
2.572735059273252231e-02
2.577462167197000151e-02
2.490379601452171257e-02
2.490379601452171257e-02
2.494427564129896371e-02
2.494427564129896371e-02
2.532939098350682483e-02
2.567667884235973197e-02
2.567667884235973197e-02
2.621282034900336219e-02
2.626592509700554148e-02
2.604437756952781083e-02
2.604437756952781083e-02
2.604437756952781083e-02
2.604437756952781083e-02
2.604437756952781083e-02
2.629579372591002440e-02
2.587148926365635815e-02
2.587148926365635815e-02
2.593449061417584314e-02
2.593449061417584314e-02
2.593449061417584314e-02
2.593449061417584314e-02
2.593449061417584314e-02
2.576040230389324212e-02
2.693772624402750171e-02
2.693772624402750171e-02
2.752309041158289629e-02
2.759442902376007048e-02
2.759442902376007048e-02
2.759442902376007048e-02
2.719173495437884544e-02
2.719173495437884544e-02
2.707688251054031145e-02
2.707688251054031145e-02
2.700778043880553217e-02
2.700778043880553217e-02
2.700778043880553217e-02
2.700778043880553217e-02
-2.674422390768658661e-02
-2.700855720488849754e-02
-2.720417399549776571e-02
-2.720417399549776571e-02
-2.720417399549776571e-02
-2.720417399549776571e-02
-2.720417399549776571e-02
-2.720417399549776571e-02
-2.720417399549776571e-02
-2.720417399549776571e-02
-2.727679118798584379e-02
-2.727679118798584379e-02
-2.727679118798584379e-02
-2.727679118798584379e-02
-2.736119744219487129e-02
-2.736119744219487129e-02
-2.742149620008235700e-02
-2.742149620008235700e-02
-2.742149620008235700e-02
-2.760598302722717598e-02
-2.737738806549052176e-02
-2.723968834808427816e-02
-2.755995858703281717e-02
-2.755995858703281717e-02
-2.713336979392023604e-02
-2.722165074058785494e-02
-2.722165074058785494e-02
-2.722165074058785494e-02
-2.722165074058785494e-02
-2.722165074058785494e-02
-2.749572746750676699e-02
-2.749572746750676699e-02
-2.729174309390755213e-02
-2.729174309390755213e-02
-2.685799228234863820e-02
-2.670661352086431753e-02
-2.676810164167202355e-02
-2.683993831166792132e-02
-2.656857827778504391e-02
-2.656857827778504391e-02
-2.656857827778504391e-02
-2.678301561102522030e-02
-2.678301561102522030e-02
-2.663354578326600566e-02
-2.663354578326600566e-02
-2.675508929222315466e-02
-2.675508929222315466e-02
-2.693112498787233675e-02
-2.693112498787233675e-02
-2.670216789660447357e-02
-2.670216789660447357e-02
-2.661950133423773499e-02
-2.661950133423773499e-02
-2.661950133423773499e-02
-2.661950133423773499e-02
-2.649938363072016148e-02
-2.697914367536919863e-02
-2.697914367536919863e-02
-2.697914367536919863e-02
-2.697914367536919863e-02
-2.687289723185219692e-02
-2.687289723185219692e-02
-2.687289723185219692e-02
-2.680278444846036570e-02
-2.694832365179221714e-02
-2.694832365179221714e-02
-2.694832365179221714e-02
