0.000000000000000000e+00
7.998103369153790332e-02
8.002968265333462727e-02
7.962121507792190023e-02
7.969755795705756041e-02
7.957960389852118677e-02
7.948096703736924618e-02
7.867285802886604673e-02
7.912460707021796991e-02
7.899399599773855585e-02
7.967526091935889232e-02
7.921399230006680170e-02
7.911075448744804561e-02
7.876232831226481768e-02
7.939726197292638898e-02
7.889839156355030192e-02
7.867156247036548311e-02
7.746556263537519860e-02
7.644424991085481402e-02
7.529866836967942512e-02
7.513996685044750656e-02
7.494364581357625121e-02
7.545665544494088717e-02
7.507643282323471501e-02
7.534173874670309357e-02
7.513051438809377480e-02
7.526161483466427271e-02
7.446557238029496983e-02
7.311497727764522392e-02
7.251663731359576925e-02
7.280102278820653472e-02
7.199363685849552441e-02
7.162917302033552924e-02
7.210613358506813564e-02
7.316941949512011101e-02
7.337078659820421567e-02
7.352018062340272275e-02
7.317361661969594422e-02
7.305495275488528562e-02
7.321017728722359341e-02
7.406608345819014338e-02
7.290393839206298077e-02
7.283563339107118617e-02
7.355006499275447418e-02
7.445844746087025567e-02
7.302954193282995554e-02
7.256806290151598948e-02
7.244724461629728496e-02
7.083932605197025556e-02
7.158203368643632769e-02
7.017066087448332878e-02
6.828904447067356276e-02
6.848246150149323030e-02
7.000167374461090108e-02
7.000167374461090108e-02
6.921186727920859705e-02
6.934315975473326343e-02
6.915916024622661973e-02
7.032514438230477727e-02
7.073911517889552858e-02
7.073911517889552858e-02
7.008494386706698442e-02
6.992744552233635946e-02
6.991699486940675112e-02
6.992334796649253559e-02
6.992334796649253559e-02
7.012698334750787355e-02
7.056743817830418708e-02
6.998885406890610617e-02
6.998885406890610617e-02
6.898767351617707266e-02
6.898767351617707266e-02
7.014261059083164163e-02
7.004541373568347329e-02
7.195302210776961804e-02
7.192500626519753026e-02
7.244973136494374522e-02
7.296454868623722390e-02
7.259268963173599876e-02
7.266600780149765071e-02
7.266928091400207124e-02
7.266928091400207124e-02
7.207023061117510954e-02
7.216890293781789978e-02
7.154155909064023600e-02
7.089674531439925376e-02
7.089674531439925376e-02
7.125681001535549841e-02
7.031402419052797115e-02
7.035275219571611449e-02
7.029273543309060013e-02
7.166438231169440509e-02
7.167830201692863834e-02
7.167830201692863834e-02
7.162025333298836782e-02
7.162025333298836782e-02
7.162025333298836782e-02
7.120927738837795617e-02
7.123165725910243773e-02
7.123165725910243773e-02
7.123165725910243773e-02
6.997634103380233339e-02
7.028137440314484452e-02
6.963210541554319677e-02
6.963210541554319677e-02
6.963210541554319677e-02
6.970830307094019740e-02
6.970830307094019740e-02
6.970830307094019740e-02
6.970830307094019740e-02
7.035988403013115899e-02
7.007407836092856279e-02
7.019680217458344751e-02
7.019680217458344751e-02
6.920710104810866292e-02
6.936857877939663075e-02
6.987239999772171251e-02
6.965846465642479279e-02
6.965846465642479279e-02
6.965846465642479279e-02
6.965846465642479279e-02
6.865146345346906376e-02
6.865146345346906376e-02
6.865146345346906376e-02
6.865146345346906376e-02
6.855026681046307024e-02
6.860889770225367390e-02
6.897177324452948011e-02
7.015810843021287602e-02
7.015810843021287602e-02
7.015810843021287602e-02
7.045556980699170524e-02
7.045556980699170524e-02
7.039837549707915476e-02
7.039837549707915476e-02
7.039837549707915476e-02
7.039837549707915476e-02
7.062721785132457242e-02
7.062721785132457242e-02
7.052036553991904155e-02
7.052036553991904155e-02
7.052036553991904155e-02
7.052036553991904155e-02
7.052036553991904155e-02
7.024530529744486829e-02
7.024530529744486829e-02
7.024530529744486829e-02
7.024530529744486829e-02
7.024530529744486829e-02
7.024530529744486829e-02
7.011688929990626817e-02
7.014984094963545858e-02
7.036265562937081552e-02
7.036265562937081552e-02
7.036265562937081552e-02
7.006436473699612089e-02
7.006436473699612089e-02
7.006436473699612089e-02
7.006436473699612089e-02
7.006436473699612089e-02
7.019127842351392810e-02
7.019127842351392810e-02
7.019127842351392810e-02
7.019127842351392810e-02
7.019127842351392810e-02
7.019127842351392810e-02
7.019127842351392810e-02
7.019127842351392810e-02
7.019127842351392810e-02
7.019127842351392810e-02
7.019127842351392810e-02
7.016057920902010747e-02
7.004121335737799325e-02
7.004121335737799325e-02
6.870672304318618806e-02
6.870672304318618806e-02
6.870672304318618806e-02
6.870672304318618806e-02
6.870672304318618806e-02
6.870672304318618806e-02
6.879894203624746518e-02
6.879894203624746518e-02
6.879894203624746518e-02
6.879894203624746518e-02
6.879894203624746518e-02
6.879894203624746518e-02
6.879894203624746518e-02
6.879894203624746518e-02
6.879894203624746518e-02
6.879894203624746518e-02
6.879894203624746518e-02
6.879894203624746518e-02
6.879894203624746518e-02
6.879894203624746518e-02
6.879894203624746518e-02
6.879894203624746518e-02
6.879894203624746518e-02
6.879894203624746518e-02
6.879894203624746518e-02
6.879894203624746518e-02
6.879894203624746518e-02
6.879894203624746518e-02
6.879894203624746518e-02
6.879894203624746518e-02
6.879894203624746518e-02
6.879894203624746518e-02
6.879894203624746518e-02
6.879894203624746518e-02
6.879894203624746518e-02
6.879894203624746518e-02
6.879894203624746518e-02
6.879894203624746518e-02
6.879894203624746518e-02
6.879894203624746518e-02
6.879894203624746518e-02
6.870672304318618806e-02
6.870672304318618806e-02
6.870672304318618806e-02
6.870672304318618806e-02
6.870672304318618806e-02
6.870672304318618806e-02
6.870672304318618806e-02
6.870672304318618806e-02
6.870672304318618806e-02
6.870672304318618806e-02
6.958788447969636859e-02
6.958788447969636859e-02
6.958788447969636859e-02
6.958788447969636859e-02
6.958788447969636859e-02
6.958788447969636859e-02
6.958788447969636859e-02
6.958788447969636859e-02
6.958788447969636859e-02
6.958788447969636859e-02
6.958788447969636859e-02
6.870672304318618806e-02
6.870672304318618806e-02
6.863247071823962153e-02
6.863247071823962153e-02
6.863247071823962153e-02
6.863247071823962153e-02
6.863247071823962153e-02
6.863247071823962153e-02
6.847202597996389362e-02
6.847202597996389362e-02
6.847202597996389362e-02
6.847202597996389362e-02
6.847202597996389362e-02
6.847202597996389362e-02
