-7.000000000000000888e+00 0.000000000000000000e+00
-6.987389829497858251e+00 0.000000000000000000e+00
-6.974779658995713838e+00 0.000000000000000000e+00
-6.962169488493571201e+00 0.000000000000000000e+00
-6.949559317991428564e+00 0.000000000000000000e+00
-6.936949147489284151e+00 0.000000000000000000e+00
-6.924338976987141514e+00 0.000000000000000000e+00
-6.911728806484998877e+00 0.000000000000000000e+00
-6.899118635982854464e+00 0.000000000000000000e+00
-6.886508465480711827e+00 0.000000000000000000e+00
-6.873898294978569190e+00 0.000000000000000000e+00
-6.861288124476424777e+00 0.000000000000000000e+00
-6.848677953974282140e+00 0.000000000000000000e+00
-6.836067783472139503e+00 0.000000000000000000e+00
-6.823457612969995090e+00 0.000000000000000000e+00
-6.810847442467852453e+00 0.000000000000000000e+00
-6.798237271965709816e+00 0.000000000000000000e+00
-6.785627101463565403e+00 0.000000000000000000e+00
-6.773016930961422766e+00 0.000000000000000000e+00
-6.760406760459280129e+00 0.000000000000000000e+00
-6.747796589957135716e+00 0.000000000000000000e+00
-6.735186419454993079e+00 0.000000000000000000e+00
-6.722576248952850442e+00 0.000000000000000000e+00
-6.709966078450706028e+00 0.000000000000000000e+00
-6.697355907948563392e+00 0.000000000000000000e+00
-6.684745737446420755e+00 0.000000000000000000e+00
-6.672135566944276341e+00 0.000000000000000000e+00
-6.659525396442133705e+00 0.000000000000000000e+00
-6.646915225939991068e+00 0.000000000000000000e+00
-6.634305055437846654e+00 0.000000000000000000e+00
-6.621694884935704017e+00 0.000000000000000000e+00
-6.609084714433561381e+00 0.000000000000000000e+00
-6.596474543931416967e+00 0.000000000000000000e+00
-6.583864373429274330e+00 0.000000000000000000e+00
-6.571254202927131693e+00 0.000000000000000000e+00
-6.558644032424987280e+00 0.000000000000000000e+00
-6.546033861922844643e+00 0.000000000000000000e+00
-6.533423691420702006e+00 0.000000000000000000e+00
-6.520813520918557593e+00 0.000000000000000000e+00
-6.508203350416414956e+00 0.000000000000000000e+00
-6.495593179914272319e+00 0.000000000000000000e+00
-6.482983009412127906e+00 0.000000000000000000e+00
-6.470372838909985269e+00 0.000000000000000000e+00
-6.457762668407842632e+00 0.000000000000000000e+00
-6.445152497905698219e+00 0.000000000000000000e+00
-6.432542327403555582e+00 0.000000000000000000e+00
-6.419932156901412945e+00 0.000000000000000000e+00
-6.407321986399268532e+00 0.000000000000000000e+00
-6.394711815897125895e+00 0.000000000000000000e+00
-6.382101645394983258e+00 0.000000000000000000e+00
-6.369491474892838845e+00 0.000000000000000000e+00
-6.356881304390696208e+00 0.000000000000000000e+00
-6.344271133888551795e+00 0.000000000000000000e+00
-6.331660963386409158e+00 0.000000000000000000e+00
-6.319050792884266521e+00 0.000000000000000000e+00
-6.306440622382123884e+00 0.000000000000000000e+00
-6.293830451879979471e+00 0.000000000000000000e+00
-6.281220281377836834e+00 0.000000000000000000e+00
-6.268610110875692421e+00 0.000000000000000000e+00
-6.255999940373549784e+00 0.000000000000000000e+00
-6.243389769871407147e+00 0.000000000000000000e+00
-6.230779599369264510e+00 0.000000000000000000e+00
-6.218169428867120097e+00 0.000000000000000000e+00
-6.205559258364977460e+00 0.000000000000000000e+00
-6.192949087862833046e+00 0.000000000000000000e+00
-6.180338917360690409e+00 0.000000000000000000e+00
-6.167728746858547773e+00 0.000000000000000000e+00
-6.155118576356405136e+00 0.000000000000000000e+00
-6.142508405854260722e+00 0.000000000000000000e+00
-6.129898235352118085e+00 0.000000000000000000e+00
-6.117288064849973672e+00 0.000000000000000000e+00
-6.104677894347831035e+00 0.000000000000000000e+00
-6.092067723845688398e+00 0.000000000000000000e+00
-6.079457553343545761e+00 0.000000000000000000e+00
-6.066847382841401348e+00 0.000000000000000000e+00
-6.054237212339258711e+00 0.000000000000000000e+00
-6.041627041837114298e+00 0.000000000000000000e+00
-6.029016871334971661e+00 0.000000000000000000e+00
-6.016406700832829024e+00 0.000000000000000000e+00
-6.003796530330684611e+00 0.000000000000000000e+00
-5.991186359828541974e+00 0.000000000000000000e+00
-5.978576189326399337e+00 0.000000000000000000e+00
-5.965966018824254924e+00 0.000000000000000000e+00
-5.953355848322112287e+00 0.000000000000000000e+00
-5.940745677819969650e+00 0.000000000000000000e+00
-5.928135507317827013e+00 0.000000000000000000e+00
-5.915525336815682600e+00 0.000000000000000000e+00
-5.902915166313539963e+00 0.000000000000000000e+00
-5.890304995811395550e+00 0.000000000000000000e+00
-5.877694825309252913e+00 0.000000000000000000e+00
-5.865084654807110276e+00 0.000000000000000000e+00
-5.852474484304965863e+00 0.000000000000000000e+00
-5.839864313802823226e+00 0.000000000000000000e+00
-5.827254143300680589e+00 0.000000000000000000e+00
-5.814643972798536176e+00 0.000000000000000000e+00
-5.802033802296393539e+00 0.000000000000000000e+00
-5.789423631794250902e+00 0.000000000000000000e+00
-5.776813461292106489e+00 0.000000000000000000e+00
-5.764203290789963852e+00 0.000000000000000000e+00
-5.751593120287821215e+00 0.000000000000000000e+00
-5.738982949785676801e+00 0.000000000000000000e+00
-5.726372779283534165e+00 0.000000000000000000e+00
-5.713762608781391528e+00 0.000000000000000000e+00
-5.701152438279247114e+00 0.000000000000000000e+00
-5.688542267777104477e+00 0.000000000000000000e+00
-5.675932097274961841e+00 0.000000000000000000e+00
-5.663321926772818315e+00 0.000000000000000000e+00
-5.650711756270674790e+00 0.000000000000000000e+00
-5.638101585768532154e+00 0.000000000000000000e+00
-5.625491415266388628e+00 0.000000000000000000e+00
-5.612881244764245103e+00 0.000000000000000000e+00
-5.600271074262102466e+00 0.000000000000000000e+00
-5.587660903759958941e+00 0.000000000000000000e+00
-5.575050733257815416e+00 0.000000000000000000e+00
-5.562440562755672779e+00 0.000000000000000000e+00
-5.549830392253529254e+00 0.000000000000000000e+00
-5.537220221751385729e+00 0.000000000000000000e+00
-5.524610051249243092e+00 0.000000000000000000e+00
-5.511999880747099567e+00 0.000000000000000000e+00
-5.499389710244956042e+00 0.000000000000000000e+00
-5.486779539742813405e+00 0.000000000000000000e+00
-5.474169369240669880e+00 0.000000000000000000e+00
-5.461559198738526355e+00 0.000000000000000000e+00
-5.448949028236382830e+00 0.000000000000000000e+00
-5.436338857734240193e+00 0.000000000000000000e+00
-5.423728687232096668e+00 0.000000000000000000e+00
-5.411118516729953143e+00 0.000000000000000000e+00
-5.398508346227810506e+00 0.000000000000000000e+00
-5.385898175725666981e+00 0.000000000000000000e+00
-5.373288005223523456e+00 0.000000000000000000e+00
-5.360677834721380819e+00 0.000000000000000000e+00
-5.348067664219237294e+00 0.000000000000000000e+00
-5.335457493717093769e+00 0.000000000000000000e+00
-5.322847323214951132e+00 0.000000000000000000e+00
-5.310237152712807607e+00 0.000000000000000000e+00
-5.297626982210664082e+00 0.000000000000000000e+00
-5.285016811708520557e+00 0.000000000000000000e+00
-5.272406641206377920e+00 0.000000000000000000e+00
-5.259796470704234395e+00 0.000000000000000000e+00
-5.247186300202090870e+00 0.000000000000000000e+00
-5.234576129699948233e+00 0.000000000000000000e+00
-5.221965959197804708e+00 0.000000000000000000e+00
-5.209355788695661182e+00 0.000000000000000000e+00
-5.196745618193518546e+00 0.000000000000000000e+00
-5.184135447691375020e+00 0.000000000000000000e+00
-5.171525277189231495e+00 0.000000000000000000e+00
-5.158915106687088858e+00 0.000000000000000000e+00
-5.146304936184945333e+00 0.000000000000000000e+00
-5.133694765682801808e+00 0.000000000000000000e+00
-5.121084595180659171e+00 0.000000000000000000e+00
-5.108474424678515646e+00 0.000000000000000000e+00
-5.095864254176372121e+00 0.000000000000000000e+00
-5.083254083674229484e+00 0.000000000000000000e+00
-5.070643913172085959e+00 0.000000000000000000e+00
-5.058033742669942434e+00 0.000000000000000000e+00
-5.045423572167799797e+00 0.000000000000000000e+00
-5.032813401665656272e+00 0.000000000000000000e+00
-5.020203231163512747e+00 0.000000000000000000e+00
-5.007593060661370110e+00 0.000000000000000000e+00
-4.994982890159226585e+00 0.000000000000000000e+00
-4.982372719657083060e+00 0.000000000000000000e+00
-4.969762549154940423e+00 0.000000000000000000e+00
-4.957152378652796898e+00 0.000000000000000000e+00
-4.944542208150653373e+00 0.000000000000000000e+00
-4.931932037648510736e+00 0.000000000000000000e+00
-4.919321867146367211e+00 0.000000000000000000e+00
-4.906711696644223686e+00 0.000000000000000000e+00
-4.894101526142081049e+00 0.000000000000000000e+00
-4.881491355639937524e+00 0.000000000000000000e+00
-4.868881185137793999e+00 0.000000000000000000e+00
-4.856271014635651362e+00 0.000000000000000000e+00
-4.843660844133507837e+00 0.000000000000000000e+00
-4.831050673631364312e+00 0.000000000000000000e+00
-4.818440503129221675e+00 0.000000000000000000e+00
-4.805830332627078150e+00 0.000000000000000000e+00
-4.793220162124934625e+00 0.000000000000000000e+00
-4.780609991622791988e+00 0.000000000000000000e+00
-4.767999821120648463e+00 0.000000000000000000e+00
-4.755389650618504938e+00 0.000000000000000000e+00
-4.742779480116362301e+00 0.000000000000000000e+00
-4.730169309614218776e+00 0.000000000000000000e+00
-4.717559139112075250e+00 0.000000000000000000e+00
-4.704948968609932614e+00 0.000000000000000000e+00
-4.692338798107789088e+00 0.000000000000000000e+00
-4.679728627605645563e+00 0.000000000000000000e+00
-4.667118457103502926e+00 0.000000000000000000e+00
-4.654508286601359401e+00 0.000000000000000000e+00
-4.641898116099215876e+00 0.000000000000000000e+00
-4.629287945597073239e+00 0.000000000000000000e+00
-4.616677775094929714e+00 0.000000000000000000e+00
-4.604067604592786189e+00 0.000000000000000000e+00
-4.591457434090643552e+00 0.000000000000000000e+00
-4.578847263588500027e+00 0.000000000000000000e+00
-4.566237093086356502e+00 0.000000000000000000e+00
-4.553626922584213865e+00 0.000000000000000000e+00
-4.541016752082070340e+00 0.000000000000000000e+00
-4.528406581579926815e+00 0.000000000000000000e+00
-4.515796411077784178e+00 0.000000000000000000e+00
-4.503186240575640653e+00 0.000000000000000000e+00
-4.490576070073497128e+00 0.000000000000000000e+00
-4.477965899571354491e+00 0.000000000000000000e+00
-4.465355729069210966e+00 0.000000000000000000e+00
-4.452745558567067441e+00 0.000000000000000000e+00
-4.440135388064924804e+00 0.000000000000000000e+00
-4.427525217562781279e+00 0.000000000000000000e+00
-4.414915047060637754e+00 0.000000000000000000e+00
-4.402304876558495117e+00 0.000000000000000000e+00
-4.389694706056351592e+00 0.000000000000000000e+00
-4.377084535554208067e+00 0.000000000000000000e+00
-4.364474365052065430e+00 0.000000000000000000e+00
-4.351864194549921905e+00 0.000000000000000000e+00
-4.339254024047778380e+00 0.000000000000000000e+00
-4.326643853545635743e+00 0.000000000000000000e+00
-4.314033683043492218e+00 0.000000000000000000e+00
-4.301423512541348693e+00 0.000000000000000000e+00
-4.288813342039206056e+00 0.000000000000000000e+00
-4.276203171537062531e+00 0.000000000000000000e+00
-4.263593001034919006e+00 0.000000000000000000e+00
-4.250982830532776369e+00 0.000000000000000000e+00
-4.238372660030632844e+00 0.000000000000000000e+00
-4.225762489528489319e+00 0.000000000000000000e+00
-4.213152319026346682e+00 0.000000000000000000e+00
-4.200542148524203157e+00 0.000000000000000000e+00
-4.187931978022059631e+00 0.000000000000000000e+00
-4.175321807519916995e+00 0.000000000000000000e+00
-4.162711637017773469e+00 0.000000000000000000e+00
-4.150101466515629944e+00 0.000000000000000000e+00
-4.137491296013487307e+00 0.000000000000000000e+00
-4.124881125511343782e+00 0.000000000000000000e+00
-4.112270955009200257e+00 0.000000000000000000e+00
-4.099660784507057620e+00 0.000000000000000000e+00
-4.087050614004914095e+00 0.000000000000000000e+00
-4.074440443502770570e+00 0.000000000000000000e+00
-4.061830273000627933e+00 0.000000000000000000e+00
-4.049220102498484408e+00 0.000000000000000000e+00
-4.036609931996340883e+00 0.000000000000000000e+00
-4.023999761494198246e+00 0.000000000000000000e+00
-4.011389590992054721e+00 0.000000000000000000e+00
-3.998779420489911196e+00 0.000000000000000000e+00
-3.986169249987768559e+00 0.000000000000000000e+00
-3.973559079485625034e+00 0.000000000000000000e+00
-3.960948908983481509e+00 0.000000000000000000e+00
-3.948338738481338872e+00 0.000000000000000000e+00
-3.935728567979194459e+00 0.000000000000000000e+00
-3.923118397477051822e+00 0.000000000000000000e+00
-3.910508226974909185e+00 0.000000000000000000e+00
-3.897898056472764772e+00 0.000000000000000000e+00
-3.885287885970622135e+00 0.000000000000000000e+00
-3.872677715468479498e+00 0.000000000000000000e+00
-3.860067544966335085e+00 0.000000000000000000e+00
-3.847457374464192448e+00 0.000000000000000000e+00
-3.834847203962049811e+00 0.000000000000000000e+00
-3.822237033459905398e+00 0.000000000000000000e+00
-3.809626862957762761e+00 0.000000000000000000e+00
-3.797016692455620124e+00 0.000000000000000000e+00
-3.784406521953475711e+00 0.000000000000000000e+00
-3.771796351451333074e+00 0.000000000000000000e+00
-3.759186180949190437e+00 0.000000000000000000e+00
-3.746576010447046023e+00 0.000000000000000000e+00
-3.733965839944903387e+00 0.000000000000000000e+00
-3.721355669442760750e+00 0.000000000000000000e+00
-3.708745498940616336e+00 0.000000000000000000e+00
-3.696135328438473699e+00 0.000000000000000000e+00
-3.683525157936331063e+00 0.000000000000000000e+00
-3.670914987434186649e+00 0.000000000000000000e+00
-3.658304816932044012e+00 0.000000000000000000e+00
-3.645694646429901375e+00 0.000000000000000000e+00
-3.633084475927756962e+00 0.000000000000000000e+00
-3.620474305425614325e+00 0.000000000000000000e+00
-3.607864134923471688e+00 0.000000000000000000e+00
-3.595253964421327275e+00 0.000000000000000000e+00
-3.582643793919184638e+00 0.000000000000000000e+00
-3.570033623417041113e+00 0.000000000000000000e+00
-3.557423452914897588e+00 0.000000000000000000e+00
-3.544813282412754951e+00 0.000000000000000000e+00
-3.532203111910611426e+00 0.000000000000000000e+00
-3.519592941408467901e+00 0.000000000000000000e+00
-3.506982770906325264e+00 0.000000000000000000e+00
-3.494372600404181739e+00 0.000000000000000000e+00
-3.481762429902038214e+00 0.000000000000000000e+00
-3.469152259399895577e+00 0.000000000000000000e+00
-3.456542088897752052e+00 0.000000000000000000e+00
-3.443931918395608527e+00 0.000000000000000000e+00
-3.431321747893465890e+00 0.000000000000000000e+00
-3.418711577391322365e+00 0.000000000000000000e+00
-3.406101406889178840e+00 0.000000000000000000e+00
-3.393491236387036203e+00 0.000000000000000000e+00
-3.380881065884892678e+00 0.000000000000000000e+00
-3.368270895382749153e+00 0.000000000000000000e+00
-3.355660724880606516e+00 0.000000000000000000e+00
-3.343050554378462991e+00 0.000000000000000000e+00
-3.330440383876319466e+00 4.940656458412465442e-324
-3.317830213374176829e+00 1.126469672518042121e-321
-3.305220042872033304e+00 3.185340031867684720e-319
-3.292609872369889779e+00 8.804860968094919039e-317
-3.279999701867747142e+00 2.381729266462608528e-314
-3.267389531365603617e+00 6.304728078582653503e-312
-3.254779360863460091e+00 1.633219153412572992e-309
-3.242169190361317455e+00 4.140251812769578288e-307
-3.229559019859173929e+00 1.027101316644248327e-304
-3.216948849357030404e+00 2.493469761245098627e-302
-3.204338678854887767e+00 5.923784728255288723e-300
-3.191728508352744242e+00 1.377205741436272720e-297
-3.179118337850600717e+00 3.133306138997195550e-295
-3.166508167348458080e+00 6.976078145869563543e-293
-3.153897996846314555e+00 1.519932849105353447e-290
-3.141287826344171030e+00 3.240724240934244188e-288
-3.128677655842028393e+00 6.761832718751798636e-286
-3.116067485339884868e+00 1.380675099260016053e-283
-3.103457314837741343e+00 2.758819865010045851e-281
-3.090847144335598706e+00 5.394609800650559251e-279
-3.078236973833455181e+00 1.032289782663221981e-276
-3.065626803331311656e+00 1.933072663549793358e-274
-3.053016632829169019e+00 3.542417533427451201e-272
-3.040406462327025494e+00 6.352671498065233267e-270
-3.027796291824881969e+00 1.114854495218717261e-267
-3.015186121322739332e+00 1.914631433561939267e-265
-3.002575950820595807e+00 3.217788147247728740e-263
-2.989965780318452282e+00 5.292185301355969378e-261
-2.977355609816309645e+00 8.517615540752143870e-259
-2.964745439314166120e+00 1.341548836739116052e-256
-2.952135268812022595e+00 2.067761617604283719e-254
-2.939525098309879958e+00 3.118889932488528792e-252
-2.926914927807736433e+00 4.603681736655012971e-250
-2.914304757305592908e+00 6.649917690148340700e-248
-2.901694586803450271e+00 9.400112505666741089e-246
-2.889084416301306746e+00 1.300336365398662586e-243
-2.876474245799163221e+00 1.760290365800811621e-241
-2.863864075297020584e+00 2.331948396849791169e-239
-2.851253904794877059e+00 3.023149701969962450e-237
-2.838643734292733534e+00 3.835363576625714601e-235
-2.826033563790590897e+00 4.761674125615454915e-233
-2.813423393288447372e+00 5.785209922910877498e-231
-2.800813222786303847e+00 6.878361135225419911e-229
-2.788203052284161210e+00 8.003082679657547530e-227
-2.775592881782017685e+00 9.112471680250911737e-225
-2.762982711279874160e+00 1.015363901282284565e-222
-2.750372540777731523e+00 1.107169129806540874e-220
-2.737762370275587998e+00 1.181443677355440734e-218
-2.725152199773444472e+00 1.233726707242564202e-216
-2.712542029271301836e+00 1.260758443576046926e-214
-2.699931858769158310e+00 1.260816450849848389e-212
-2.687321688267014785e+00 1.233897256115615789e-210
-2.674711517764872148e+00 1.181716691526687979e-208
-2.662101347262728623e+00 1.107528910524547627e-206
-2.649491176760585098e+00 1.015790614526388546e-204
-2.636881006258442461e+00 9.117186431027291773e-203
-2.624270835756298936e+00 8.008018822906928386e-201
-2.611660665254155411e+00 6.883305437104050479e-199
-2.599050494752012774e+00 5.789976493543659688e-197
-2.586440324249869249e+00 4.766114397134839565e-195
-2.573830153747725724e+00 3.839371406557273136e-193
-2.561219983245583087e+00 3.026661792225559424e-191
-2.548609812743439562e+00 2.334940778200732500e-189
-2.535999642241296037e+00 1.762772056796073465e-187
-2.523389471739152512e+00 1.302341451011349870e-185
-2.510779301237009875e+00 9.415905600922214983e-184
-2.498169130734866350e+00 6.662051168119843731e-182
-2.485558960232722825e+00 4.612778269863603926e-180
-2.472948789730580188e+00 3.125547146129553013e-178
-2.460338619228436663e+00 2.072518919823900173e-176
-2.447728448726293138e+00 1.344869190381312677e-174
-2.435118278224150501e+00 8.540254131648432271e-173
-2.422508107722006976e+00 5.307266220186904464e-171
-2.409897937219863451e+00 3.227605173875083999e-169
-2.397287766717720814e+00 1.920876784948522834e-167
-2.384677596215577289e+00 1.118737802879272117e-165
-2.372067425713433764e+00 6.376273651998895841e-164
-2.359457255211291127e+00 3.556440439948084232e-162
-2.346847084709147602e+00 1.941217610825597327e-160
-2.334236914207004077e+00 1.036914934522060606e-158
-2.321626743704861440e+00 5.420288428220712943e-157
-2.309016573202717915e+00 2.772759255731100729e-155
-2.296406402700574390e+00 1.388073841571915698e-153
-2.283796232198431753e+00 6.800232461438697946e-152
-2.271186061696288228e+00 3.260212260495296780e-150
-2.258575891194144702e+00 1.529604207922044308e-148
-2.245965720692002066e+00 7.023013276890357235e-147
-2.233355550189858540e+00 3.155580680503757879e-145
-2.220745379687715015e+00 1.387543547998893680e-143
-2.208135209185572378e+00 5.970705479731791229e-142
-2.195525038683428853e+00 2.514296723671350107e-140
-2.182914868181285328e+00 1.036142355584744088e-138
-2.170304697679142691e+00 4.178635685196714912e-137
-2.157694527176999166e+00 1.649156775910993675e-135
-2.145084356674855641e+00 6.369449573982589713e-134
-2.132474186172713004e+00 2.407434970431505582e-132
-2.119864015670569479e+00 8.904716662111607479e-131
-2.107253845168425954e+00 3.223284997361575769e-129
-2.094643674666283317e+00 1.141801355693228976e-127
-2.082033504164139792e+00 3.958182698762848689e-126
-2.069423333661996267e+00 1.342810547987027388e-124
-2.056813163159853630e+00 4.458076053826783232e-123
-2.044202992657710105e+00 1.448419030864917554e-121
-2.031592822155566580e+00 4.605271027696144945e-120
-2.018982651653423943e+00 1.432948541994450116e-118
-2.006372481151280418e+00 4.363355866595393412e-117
-1.993762310649136893e+00 1.300246003139160240e-115
-1.981152140146994256e+00 3.791800605590009432e-114
-1.968541969644850731e+00 1.082133269546742390e-112
-1.955931799142707206e+00 3.022257941160403593e-111
-1.943321628640564569e+00 8.260342532776032871e-110
-1.930711458138421044e+00 2.209431658397516317e-108
-1.918101287636277519e+00 5.783347861608601127e-107
-1.905491117134134882e+00 1.481475691373111583e-105
-1.892880946631991357e+00 3.713868014781313185e-104
-1.880270776129847832e+00 9.111195746157203191e-103
-1.867660605627705195e+00 2.187467073363607257e-101
-1.855050435125561670e+00 5.139550914231190534e-100
-1.842440264623418145e+00 1.181752669339337635e-98
-1.829830094121275508e+00 2.659169729108066679e-97
-1.817219923619131983e+00 5.855767882590988516e-96
-1.804609753116988458e+00 1.261944527263864091e-94
-1.791999582614845821e+00 2.661433293121978183e-93
-1.779389412112702296e+00 5.493006531677500504e-92
-1.766779241610558771e+00 1.109491963229532020e-90
-1.754169071108415245e+00 2.193097973734557749e-89
-1.741558900606272609e+00 4.242404291298018774e-88
-1.728948730104129083e+00 8.031312894668667895e-87
-1.716338559601985558e+00 1.487927754251275631e-85
-1.703728389099842921e+00 2.697728809057572484e-84
-1.691118218597699396e+00 4.786700216696531153e-83
-1.678508048095555871e+00 8.311817872575830320e-82
-1.665897877593413234e+00 1.412466060523851524e-80
-1.653287707091269709e+00 2.348997794343388197e-79
-1.640677536589126184e+00 3.823051619759813579e-78
-1.628067366086983547e+00 6.089211640845711765e-77
-1.615457195584840022e+00 9.491519131644323209e-76
-1.602847025082696497e+00 1.447886585110865260e-74
-1.590236854580553860e+00 2.161513417721862285e-73
-1.577626684078410335e+00 3.157957840740906102e-72
-1.565016513576266810e+00 4.515232898199492678e-71
-1.552406343074124173e+00 6.318003582102298327e-70
-1.539796172571980648e+00 8.651788994351283260e-69
-1.527186002069837123e+00 1.159468029041037817e-67
-1.514575831567694486e+00 1.520683815734800246e-66
-1.501965661065550961e+00 1.951851836296400974e-65
-1.489355490563407436e+00 2.451788772930969653e-64
-1.476745320061264799e+00 3.014033343167805480e-63
-1.464135149559121274e+00 3.626121709537512893e-62
-1.451524979056977749e+00 4.269397257539463910e-61
-1.438914808554835112e+00 4.919502400272769507e-60
-1.426304638052691587e+00 5.547620903481789205e-59
-1.413694467550548062e+00 6.122431679290967270e-58
-1.401084297048405425e+00 6.612615791103435023e-57
-1.388474126546261900e+00 6.989649797526392204e-56
-1.375863956044118375e+00 7.230543746284377567e-55
-1.363253785541975738e+00 7.320159762079100143e-54
-1.350643615039832213e+00 7.252786355495815631e-53
-1.338033444537688688e+00 7.032740842342217137e-52
-1.325423274035546051e+00 6.673911539819260998e-51
-1.312813103533402526e+00 6.198307219999381295e-50
-1.300202933031259001e+00 5.633824417025137905e-49
-1.287592762529116364e+00 5.011547266983339468e-48
-1.274982592026972839e+00 4.362942053344124680e-47
-1.262372421524829313e+00 3.717294324116277608e-46
-1.249762251022686677e+00 3.099667875285507375e-45
-1.237152080520543151e+00 2.529559675489380002e-44
-1.224541910018399626e+00 2.020305827464416044e-43
-1.211931739516256989e+00 1.579183561742693676e-42
-1.199321569014113464e+00 1.208070667701237235e-41
-1.186711398511969939e+00 9.044763873517559135e-41
-1.174101228009827302e+00 6.627477539637846052e-40
-1.161491057507683777e+00 4.752765963262067899e-39
-1.148880887005540252e+00 3.335744294990313760e-38
-1.136270716503397615e+00 2.291333406378543648e-37
-1.123660546001254090e+00 1.540402159129554758e-36
-1.111050375499110565e+00 1.013517759682164120e-35
-1.098440204996967928e+00 6.526512418393598843e-35
-1.085830034494824403e+00 4.113246314086030539e-34
-1.073219863992680878e+00 2.537132947113762832e-33
-1.060609693490538241e+00 1.531644389694689615e-32
-1.047999522988394716e+00 9.049616271085945535e-32
-1.035389352486251191e+00 5.233126241158029367e-31
-1.022779181984108554e+00 2.961777655662502062e-30
-1.010169011481965029e+00 1.640609769527124324e-29
-9.975588409798215039e-01 8.894492695280463620e-29
-9.849486704776788670e-01 4.719561088957653928e-28
-9.723384999755353419e-01 2.451027117296772420e-27
-9.597283294733918169e-01 1.245840017713420505e-26
-9.471181589712491800e-01 6.197916511031667726e-26
-9.345079884691056549e-01 3.017867218989234592e-25
-9.218978179669621298e-01 1.438226281219490884e-24
-9.092876474648186047e-01 6.708551802400714503e-24
-8.966774769626759678e-01 3.062715306641715520e-23
-8.840673064605324427e-01 1.368556269127625063e-22
-8.714571359583889176e-01 5.985477535789390612e-22
-8.588469654562462807e-01 2.562223826735858696e-21
-8.462367949541027556e-01 1.073543122023241140e-20
-8.336266244519592306e-01 4.402589611955530271e-20
-8.210164539498165936e-01 1.767198657621264291e-19
-8.084062834476730686e-01 6.943097072041184102e-19
-7.957961129455295435e-01 2.670017446884320823e-18
-7.831859424433869066e-01 1.005009868560519995e-17
-7.705757719412433815e-01 3.702749673159572644e-17
-7.579656014390998564e-01 1.335299477233766711e-16
-7.453554309369572195e-01 4.713417144747502487e-16
-7.327452604348136944e-01 1.628540591858659559e-15
-7.201350899326701693e-01 5.507690449975983213e-15
-7.075249194305275324e-01 1.823272024352027378e-14
-6.949147489283840073e-01 5.908092415941357661e-14
-6.823045784262404823e-01 1.873958159155486260e-13
-6.696944079240978454e-01 5.818249004431053061e-13
-6.570842374219543203e-01 1.768266024938213308e-12
-6.444740669198107952e-01 5.260523221127508452e-12
-6.318638964176681583e-01 1.531932230895150132e-11
-6.192537259155246332e-01 4.366995494550384460e-11
-6.066435554133811081e-01 1.218602022863384500e-10
-5.940333849112384712e-01 3.328744504657942240e-10
-5.814232144090949461e-01 8.901065101212714031e-10
-5.688130439069514210e-01 2.329968462776370654e-09
-5.562028734048087841e-01 5.970467423692873859e-09
-5.435927029026652590e-01 1.497685390700702095e-08
-5.309825324005217340e-01 3.677821411938847557e-08
-5.183723618983790971e-01 8.841426531248024332e-08
-5.057621913962355720e-01 2.080748798988662548e-07
-4.931520208940920469e-01 4.793873506428915241e-07
-4.805418503919494100e-01 1.081252577289744297e-06
-4.679316798898058849e-01 2.387511774698486819e-06
-4.553215093876623598e-01 5.161142288772329405e-06
-4.427113388855197229e-01 1.092275755311826139e-05
-4.301011683833761978e-01 2.263128187081059797e-05
-4.174909978812326727e-01 4.590718818169032259e-05
-4.048808273790900358e-01 9.116984596990540893e-05
-3.922706568769465107e-01 1.772658465668586517e-04
-3.796604863748029857e-01 3.374477860111375752e-04
-3.670503158726603488e-01 6.289268222810659665e-04
-3.544401453705168237e-01 1.147651486670068144e-03
-3.418299748683732986e-01 2.050409704027106143e-03
-3.292198043662306617e-01 3.586710462456626711e-03
-3.166096338640871366e-01 6.143011644001421072e-03
-3.039994633619436115e-01 1.030148824738123803e-02
-2.913892928598009746e-01 1.691439385339713053e-02
-2.787791223576574495e-01 2.719286122566914876e-02
-2.661689518555139244e-01 4.280548998049137771e-02
-2.535587813533712875e-01 6.597724248727016017e-02
-2.409486108512277625e-01 9.957330083882241778e-02
-2.283384403490842374e-01 1.471463658406196029e-01
-2.157282698469416005e-01 2.129206562581034134e-01
-2.031180993447980754e-01 3.016833045534070834e-01
-1.907296212577645478e-01 4.162289793821809525e-01
-1.790751809198734557e-01 5.530809216281845631e-01
-1.681328766829025823e-01 7.105699272942848088e-01
-1.578591939883211837e-01 8.861832597547333323e-01
-1.482132772030496648e-01 1.076637047655746748e+00
-1.391567671477560997e-01 1.278182580121755674e+00
-1.306536485528615454e-01 1.486903807268347144e+00
-1.226701068356443602e-01 1.698974185829258632e+00
-1.151743936288669723e-01 1.910855399371930607e+00
-1.081367005261812397e-01 2.119432902429434495e+00
-1.015290405422311915e-01 2.322092228961983640e+00
-9.532513681604738720e-02 2.516745371885860560e+00
-8.950031811513789459e-02 2.701818832969310247e+00
-8.403142072473115953e-02 2.876215014519897473e+00
-7.889669633199995757e-02 3.039257332997658878e+00
-7.407572553895482026e-02 3.190627484623972165e+00
-6.954933666007066806e-02 3.330301185476328030e+00
-6.529952948172380867e-02 3.458486752824787569e+00
-6.130940368025181858e-02 3.575569247919013538e+00
-5.756309161397969026e-02 3.682061614613274525e+00
-5.404569522193657799e-02 3.778563309755354371e+00
-5.074322677833183887e-02 3.865726283062282942e+00
-4.764255326718694339e-02 3.944227766598446649e+00
-4.473134415591366320e-02 4.014749117564400116e+00
-4.199802236014917034e-02 4.077959870496080441e+00
-3.943171820485173729e-02 4.134506153415267171e+00
-3.702222619856760516e-02 4.185002674117837884e+00
-3.475996444897584692e-02 4.230027563667446699e+00
-3.263593655831751456e-02 4.270119457644365291e+00
-3.064169584717604811e-02 4.305776290864720579e+00
-2.876931176433708895e-02 4.337455371451677699e+00
-2.701133834915109624e-02 4.365574381644312218e+00
-2.536078462097863737e-02 4.390513023948319216e+00
-2.381108677796769241e-02 4.412615091870677908e+00
-2.235608209460499679e-02 4.432190795034597564e+00
-2.098998441423788677e-02 4.449519209884487125e+00
-1.970736113910750986e-02 4.464850760583047418e+00
-1.850311162639044910e-02 4.478409661253728302e+00
-1.737244690433337180e-02 4.490396271538756423e+00
-1.631087062781888183e-02 4.500989333544167081e+00
-1.531416119762810286e-02 4.510348070516848829e+00
-1.437835497229224616e-02 4.518614136805115145e+00
-1.349973050577157364e-02 4.525913415432174958e+00
-1.267479374828037013e-02 4.532357664486666771e+00
-1.190026415140387275e-02 4.538046016938098504e+00
-1.117306162225225469e-02 4.543066340757571986e+00
-1.049029427477177374e-02 4.547496467646763740e+00
-9.849246929502866038e-03 4.551405299463011644e+00
-9.247370316051994887e-03 4.554853801748385500e+00
-8.682270935339195597e-03 4.557895893756249706e+00
-8.151701541304996398e-03 4.560579244120281928e+00
-7.653552204225974771e-03 4.562945980907602284e+00
-7.185841920100037063e-03 4.565033324294094363e+00
-6.746710732733945948e-03 4.566874149541704675e+00
-6.334412337204842376e-03 4.568497487373902821e+00
-5.947307135282262590e-03 4.569928968260748903e+00
-5.583855715193143839e-03 4.571191216551710568e+00
-5.242612729801200168e-03 4.572304199848917783e+00
-4.922221148855803613e-03 4.573285538493808922e+00
-4.621406862452884928e-03 4.574150779559106539e+00
-4.338973614247355545e-03 4.574913639291584566e+00
-4.073798244268176869e-03 4.575586217540344336e+00
-3.824826222417472815e-03 4.576179187332596321e+00
-3.591067454892035368e-03 4.576701962418335157e+00
-3.371592346850472034e-03 4.577162845298907712e+00
-3.165528105668122608e-03 4.577569157977238845e+00
-2.972055270078842893e-03 4.577927357419134147e+00
-2.790404451401243442e-03 4.578243137492189696e+00
-2.619853273889739126e-03 4.578521518949260738e+00
-2.459723502043294555e-03 4.578766928845947604e+00
-2.309378343447928035e-03 4.578983270622883239e+00
-2.168219916426995363e-03 4.579173985941828562e+00
-2.035686872428882702e-03 4.579342109240733372e+00
-1.911252163696946192e-03 4.579490315859643168e+00
-1.794420947344431763e-03 4.579620964491708968e+00
-1.684728617499294890e-03 4.579736134625957078e+00
-1.581738957693386684e-03 4.579837659569899522e+00
-1.485042406148618429e-03 4.579927155572582009e+00
-1.394254427061488973e-03 4.580006047507003686e+00
-1.309013981409089993e-03 4.580075591517453582e+00
-1.228982091195453740e-03 4.580136894989451868e+00
-1.153840491428526288e-03 4.580190934158534510e+00
-1.083290364467113165e-03 4.580238569636156498e+00
-1.017051151704679570e-03 4.580280560099120102e+00
-9.548594378642998991e-04 4.580317574359184185e+00
-8.964679034679587247e-04 4.580350202004358273e+00
-8.416443413144891576e-04 4.580378962780801366e+00
-7.901707330548732918e-04 4.580404314864217064e+00
-7.418423821927417998e-04 4.580426662151928952e+00
-6.964671000622763746e-04 4.580446360691801999e+00
-6.538644415463101345e-04 4.580463724349815635e+00
-6.138649874953195544e-04 4.580479029806548752e+00
-5.763096709937077546e-04 4.580492520962058833e+00
-5.410491447940707658e-04 4.580504412818975801e+00
-5.079431874039339089e-04 4.580514894905766354e+00
-4.768601454631505969e-04 4.580524134294573280e+00
-4.476764101943878299e-04 4.580532278261657986e+00
-4.202759258447686459e-04 4.580539456632426010e+00
-3.945497281637799845e-04 4.580545783849116148e+00
-3.703955110821903832e-04 4.580551360793134741e+00
-3.477172198687347553e-04 4.580556276391877901e+00
-3.264246691466341703e-04 4.580560609034970199e+00
-3.064331842509692436e-04 4.580564427822716667e+00
-2.876632645006474724e-04 4.580567793666928011e+00
-2.700402670458676067e-04 4.580570760260888719e+00
-2.534941100338807115e-04 4.580573374934887809e+00
-2.379589939125882462e-04 4.580575679409979450e+00
-2.233731397636618432e-04 4.580577710462772068e+00
-2.096785436246481258e-04 4.580579500511204216e+00
-1.968207458230403738e-04 4.580581078131049644e+00
-1.847486144050079770e-04 4.580582468511217975e+00
-1.734141417975726429e-04 4.580583693855116323e+00
-1.627722538955931274e-04 4.580584773734298842e+00
-1.527806308143372189e-04 4.580585725400498909e+00
-1.433995385948514170e-04 4.580586564060461718e+00
-1.345916711928507147e-04 4.580587303118353049e+00
-1.263220021227506255e-04 4.580587954389185867e+00
-1.185576451668948804e-04 4.580588528287468542e+00
-1.112677235960431003e-04 4.580589033992879422e+00
-1.044232473810362147e-04 4.580589479596810065e+00
-9.799699790736354202e-05 4.580589872231273674e+00
-9.196341973416139544e-05 4.580590218182562623e+00
-8.629851896719176359e-05 4.580590522991605518e+00
-8.097976784167412539e-05 4.580590791542261009e+00
-7.598601513551331310e-05 4.580591028139147092e+00
-7.129740205665540287e-05 4.580591236576347924e+00
-6.689528327009240302e-05 4.580591420197990260e+00
-6.276215275045356852e-05 4.580591581951435565e+00
-5.888157416531500463e-05 4.580591724434520451e+00
-5.523811551239205268e-05 4.580591849936772597e+00
-5.181728775067791524e-05 4.580591960476110280e+00
-4.860548718147756638e-05 4.580592057831028185e+00
-4.558994135021126844e-05 4.580592143568932961e+00
-4.275865825384858419e-05 4.580592219071204063e+00
-4.010037865198160146e-05 4.580592285555287191e+00
-3.760453129189908716e-05 4.580592344094069013e+00
-3.526119086959958525e-05 4.580592395633033220e+00
-3.306103855956327154e-05 4.580592441005457260e+00
-3.099532495632644548e-05 4.580592480945590239e+00
-2.905583528048395544e-05 4.580592516100496780e+00
-2.723485671075096226e-05 4.580592547040390095e+00
-2.552514771217800657e-05 4.580592574267638994e+00
-2.391990923854284747e-05 4.580592598225045720e+00
-2.241275769439721272e-05 4.580592619302666257e+00
-2.099769954925015053e-05 4.580592637844191017e+00
-1.966910750293300909e-05 4.580592654152509269e+00
-1.842169810736080741e-05 4.580592668494394282e+00
-1.725051075570132930e-05 4.580592681104938890e+00
-1.615088795539561633e-05 4.580592692191181925e+00
-1.511845680657980123e-05 4.580592701935641387e+00
-1.414911161225593266e-05 4.580592710498953224e+00
-1.323899755105558475e-05 4.580592718022717946e+00
-1.238449534766613459e-05 4.580592724631623369e+00
-1.158220687996078599e-05 4.580592730435456339e+00
-1.082894166559426607e-05 4.580592735530984783e+00
-1.012170417432434343e-05 4.580592740003387675e+00
-9.457681915605696142e-06 4.580592743927638821e+00
-8.834234254082606896e-06 4.580592747369861328e+00
-8.248881908502043135e-06 4.580592750388152723e+00
-7.699297092288845179e-06 4.580592753033766229e+00
-7.183294256573823982e-06 4.580592755351715617e+00
-6.698821398861734940e-06 4.580592757381730884e+00
-6.243951902777456888e-06 4.580592759158771621e+00
-5.816876876438485798e-06 4.580592760713517286e+00
-5.415897958985060038e-06 4.580592762073033342e+00
-5.039420566662596439e-06 4.580592763261122968e+00
-4.685947551597296836e-06 4.580592764298746289e+00
-4.354073248047161842e-06 4.580592765204320571e+00
-4.042477882453245495e-06 4.580592765994021320e+00
-3.749922325059951160e-06 4.580592766682118899e+00
-3.475243162234227762e-06 4.580592767281156164e+00
-3.217348069887064443e-06 4.580592767802142973e+00
-2.975211469598384632e-06 4.580592768254728497e+00
-2.747870450171603521e-06 4.580592768647447244e+00
-2.534420938398601179e-06 4.580592768987773233e+00
-2.334014103807039897e-06 4.580592769282282539e+00
-2.145852983093271333e-06 4.580592769536711906e+00
-1.969189310816785935e-06 4.580592769756146154e+00
-1.803320543752548581e-06 4.580592769945019960e+00
-1.647587067068355029e-06 4.580592770107228873e+00
-1.501369571216668681e-06 4.580592770246203926e+00
-1.364086589109387048e-06 4.580592770364937394e+00
-1.235192183781944781e-06 4.580592770466089370e+00
-1.114173777351006344e-06 4.580592770551869641e+00
-1.000550112631961414e-06 4.580592770624417831e+00
-8.938693393104654022e-07 4.580592770685407267e+00
-7.937072170570570337e-07 4.580592770736427788e+00
-6.996654284390261791e-07 4.580592770778832090e+00
-6.113699949207071113e-07 4.580592770813776582e+00
-5.284697896529079203e-07 4.580592770842280892e+00
-4.506351411371571005e-07 4.580592770865281160e+00
-3.775565222121384326e-07 4.580592770883565201e+00
-3.089433191486484405e-07 4.580592770897766286e+00
-2.445226759580218821e-07 4.580592770908539890e+00
-1.840384093183425875e-07 4.580592770916350531e+00
-1.272499898032904365e-07 4.580592770921703583e+00
-7.393158536218592144e-08 4.580592770924948987e+00
-2.387116324756687046e-08 4.580592770926404711e+00
2.387116324756687046e-08 4.580592770926404711e+00
7.393158536217865548e-08 4.580592770924948987e+00
1.272499898032904365e-07 4.580592770921703583e+00
1.840384093183425875e-07 4.580592770916350531e+00
2.445226759580130942e-07 4.580592770908539890e+00
3.089433191486484405e-07 4.580592770897766286e+00
3.775565222121384326e-07 4.580592770883565201e+00
4.506351411371465126e-07 4.580592770865281160e+00
5.284697896529079203e-07 4.580592770842280892e+00
6.113699949207071113e-07 4.580592770813776582e+00
6.996654284390133677e-07 4.580592770778832090e+00
7.937072170570570337e-07 4.580592770736427788e+00
8.938693393104654022e-07 4.580592770685407267e+00
1.000550112631946167e-06 4.580592770624417831e+00
1.114173777351006344e-06 4.580592770551869641e+00
1.235192183781944781e-06 4.580592770466089370e+00
1.364086589109368413e-06 4.580592770364937394e+00
1.501369571216668681e-06 4.580592770246203926e+00
1.647587067068355029e-06 4.580592770107228873e+00
1.803320543752526134e-06 4.580592769945019960e+00
1.969189310816785935e-06 4.580592769756146154e+00
2.145852983093271333e-06 4.580592769536711906e+00
2.334014103807012369e-06 4.580592769282282539e+00
2.534420938398601179e-06 4.580592768987773233e+00
2.747870450171603521e-06 4.580592768647447244e+00
2.975211469598351597e-06 4.580592768254728497e+00
3.217348069887064443e-06 4.580592767802142973e+00
3.475243162234227762e-06 4.580592767281156164e+00
3.749922325059911349e-06 4.580592766682118899e+00
4.042477882453245495e-06 4.580592765994021320e+00
4.354073248047161842e-06 4.580592765204320571e+00
4.685947551597248555e-06 4.580592764298746289e+00
5.039420566662596439e-06 4.580592763261122968e+00
5.415897958985004981e-06 4.580592762073033342e+00
5.816876876438427352e-06 4.580592760713517286e+00
6.243951902777456888e-06 4.580592759158771621e+00
6.698821398861668871e-06 4.580592757381730884e+00
7.183294256573753678e-06 4.580592755351715617e+00
7.699297092288845179e-06 4.580592753033766229e+00
8.248881908501963514e-06 4.580592750388152723e+00
8.834234254082522193e-06 4.580592747369861328e+00
9.457681915605696142e-06 4.580592743927638821e+00
1.012170417432424687e-05 4.580592740003387675e+00
1.082894166559416273e-05 4.580592735530984783e+00
1.158220687996078599e-05 4.580592730435456339e+00
1.238449534766601939e-05 4.580592724631623369e+00
1.323899755105545939e-05 4.580592718022717946e+00
1.414911161225593266e-05 4.580592710498953224e+00
1.511845680657965724e-05 4.580592701935641387e+00
1.615088795539546725e-05 4.580592692191181925e+00
1.725051075570132930e-05 4.580592681104938890e+00
1.842169810736063801e-05 4.580592668494394282e+00
1.966910750293282952e-05 4.580592654152509269e+00
2.099769954925015053e-05 4.580592637844191017e+00
2.241275769439700604e-05 4.580592619302666257e+00
2.391990923854262385e-05 4.580592598225045720e+00
2.552514771217800657e-05 4.580592574267638994e+00
2.723485671075071492e-05 4.580592547040390095e+00
2.905583528048369117e-05 4.580592516100496780e+00
3.099532495632644548e-05 4.580592480945590239e+00
3.306103855956297338e-05 4.580592441005457260e+00
3.526119086959926676e-05 4.580592395633033220e+00
3.760453129189908716e-05 4.580592344094069013e+00
4.010037865198123555e-05 4.580592285555287191e+00
4.275865825384819795e-05 4.580592219071220939e+00
4.558994135021126844e-05 4.580592143568932961e+00
4.860548718147712592e-05 4.580592057831028185e+00
5.181728775067744768e-05 4.580591960476110280e+00
5.523811551239205268e-05 4.580591849936772597e+00
5.888157416531447608e-05 4.580591724434520451e+00
6.276215275045299931e-05 4.580591581951435565e+00
6.689528327009240302e-05 4.580591420197990260e+00
7.129740205665476590e-05 4.580591236576347924e+00
7.598601513551263547e-05 4.580591028139147092e+00
8.097976784167412539e-05 4.580590791542261009e+00
8.629851896719099109e-05 4.580590522991605518e+00
9.196341973416056873e-05 4.580590218182562623e+00
9.799699790736354202e-05 4.580589872231273674e+00
1.044232473810352796e-04 4.580589479596810065e+00
1.112677235960420974e-04 4.580589033992879422e+00
1.185576451668948804e-04 4.580588528287468542e+00
1.263220021227494871e-04 4.580587954389185867e+00
1.345916711928494950e-04 4.580587303118353049e+00
1.433995385948514170e-04 4.580586564060461718e+00
1.527806308143358637e-04 4.580585725400498909e+00
1.627722538955916909e-04 4.580584773734298842e+00
1.734141417975726429e-04 4.580583693855116323e+00
1.847486144050063236e-04 4.580582468511217975e+00
1.968207458230386390e-04 4.580581078131049644e+00
2.096785436246481258e-04 4.580579500511204216e+00
2.233731397636598375e-04 4.580577710462772068e+00
2.379589939125861320e-04 4.580575679409979450e+00
2.534941100338807115e-04 4.580573374934887809e+00
2.700402670458652214e-04 4.580570760260888719e+00
2.876632645006474724e-04 4.580567793666928011e+00
3.064331842509692436e-04 4.580564427822716667e+00
3.264246691466312429e-04 4.580560609034970199e+00
3.477172198687347553e-04 4.580556276391877901e+00
3.703955110821903832e-04 4.580551360793134741e+00
3.945497281637764609e-04 4.580545783849116148e+00
4.202759258447686459e-04 4.580539456632426010e+00
4.476764101943878299e-04 4.580532278261657986e+00
4.768601454631463685e-04 4.580524134294573280e+00
5.079431874039339089e-04 4.580514894905766354e+00
5.410491447940683806e-04 4.580504412818975801e+00
5.763096709937052609e-04 4.580492520962058833e+00
6.138649874953195544e-04 4.580479029806548752e+00
6.538644415463072072e-04 4.580463724349815635e+00
6.964671000622733388e-04 4.580446360691801999e+00
7.418423821927417998e-04 4.580426662151928952e+00
7.901707330548697139e-04 4.580404314864217064e+00
8.416443413144852545e-04 4.580378962780801366e+00
8.964679034679587247e-04 4.580350202004358273e+00
9.548594378642956708e-04 4.580317574359184185e+00
1.017051151704675017e-03 4.580280560099120102e+00
1.083290364467113165e-03 4.580238569636156498e+00
1.153840491428521084e-03 4.580190934158534510e+00
1.228982091195448319e-03 4.580136894989468743e+00
1.309013981409089993e-03 4.580075591517453582e+00
1.394254427061482901e-03 4.580006047507003686e+00
1.485042406148611707e-03 4.579927155572564246e+00
1.581738957693386684e-03 4.579837659569899522e+00
1.684728617499287517e-03 4.579736134625957078e+00
1.794420947344423523e-03 4.579620964491724955e+00
1.911252163696946192e-03 4.579490315859643168e+00
2.035686872428873594e-03 4.579342109240715608e+00
2.168219916426985822e-03 4.579173985941828562e+00
2.309378343447928035e-03 4.578983270622883239e+00
2.459723502043281544e-03 4.578766928845964479e+00
2.619853273889716141e-03 4.578521518949260738e+00
2.790404451401243442e-03 4.578243137492189696e+00
2.972055270078832485e-03 4.577927357419134147e+00
3.165528105668094852e-03 4.577569157977238845e+00
3.371592346850472034e-03 4.577162845298907712e+00
3.591067454892016286e-03 4.576701962418335157e+00
3.824826222417438987e-03 4.576179187332596321e+00
4.073798244268176869e-03 4.575586217540344336e+00
4.338973614247340800e-03 4.574913639291602330e+00
4.621406862452843295e-03 4.574150779559124302e+00
4.922221148855803613e-03 4.573285538493808922e+00
5.242612729801172412e-03 4.572304199848917783e+00
5.583855715193094399e-03 4.571191216551710568e+00
5.947307135282262590e-03 4.569928968260748903e+00
6.334412337204820692e-03 4.568497487373902821e+00
6.746710732733886100e-03 4.566874149541688688e+00
7.185841920100037063e-03 4.565033324294094363e+00
7.653552204225934005e-03 4.562945980907602284e+00
8.151701541304925275e-03 4.560579244120281928e+00
8.682270935339195597e-03 4.557895893756249706e+00
9.247370316051963662e-03 4.554853801748385500e+00
9.849246929502777567e-03 4.551405299463011644e+00
1.049029427477177374e-02 4.547496467646763740e+00
1.117306162225219397e-02 4.543066340757555999e+00
1.190026415140376694e-02 4.538046016938098504e+00
1.267479374828037013e-02 4.532357664486666771e+00
1.349973050577152334e-02 4.525913415432174958e+00
1.437835497229211779e-02 4.518614136805131132e+00
1.531416119762810286e-02 4.510348070516848829e+00
1.631087062781879510e-02 4.500989333544167081e+00
1.737244690433321567e-02 4.490396271538773298e+00
1.850311162639044910e-02 4.478409661253728302e+00
1.970736113910743700e-02 4.464850760583047418e+00
2.098998441423769942e-02 4.449519209884487125e+00
2.235608209460499679e-02 4.432190795034597564e+00
2.381108677796757098e-02 4.412615091870677908e+00
2.536078462097841185e-02 4.390513023948350302e+00
2.701133834915109624e-02 4.365574381644312218e+00
2.876931176433698834e-02 4.337455371451677699e+00
3.064169584717577749e-02 4.305776290864735678e+00
3.263593655831751456e-02 4.270119457644365291e+00
3.475996444897566651e-02 4.230027563667430712e+00
3.702222619856727903e-02 4.185002674117837884e+00
3.943171820485173729e-02 4.134506153415267171e+00
4.199802236014902462e-02 4.077959870496094652e+00
4.473134415591326768e-02 4.014749117564415215e+00
4.764255326718694339e-02 3.944227766598446649e+00
5.074322677833156825e-02 3.865726283062296709e+00
5.404569522193609227e-02 3.778563309755368582e+00
5.756309161397969026e-02 3.682061614613274525e+00
6.130940368025160347e-02 3.575569247919026417e+00
6.529952948172323968e-02 3.458486752824787569e+00
6.954933666007066806e-02 3.330301185476328030e+00
7.407572553895443168e-02 3.190627484623984156e+00
7.889669633199926368e-02 3.039257332997681083e+00
8.403142072473115953e-02 2.876215014519897473e+00
8.950031811513757540e-02 2.701818832969320017e+00
9.532513681604654066e-02 2.516745371885888094e+00
1.015290405422311915e-01 2.322092228961983640e+00
1.081367005261806707e-01 2.119432902429450039e+00
1.151743936288659592e-01 1.910855399371958807e+00
1.226701068356443602e-01 1.698974185829258632e+00
1.306536485528610736e-01 1.486903807268358024e+00
1.391567671477548507e-01 1.278182580121788314e+00
1.482132772030496648e-01 1.076637047655746748e+00
1.578591939883203232e-01 8.861832597547495416e-01
1.681328766829011112e-01 7.105699272943081235e-01
1.790751809198728173e-01 5.530809216281926677e-01
1.907296212577638539e-01 4.162289793821885575e-01
2.031180993447962990e-01 3.016833045534214053e-01
2.157282698469407123e-01 2.129206562581088535e-01
2.283384403490833492e-01 1.471463658406233777e-01
2.409486108512259861e-01 9.957330083882785787e-02
2.535587813533703994e-01 6.597724248727210306e-02
2.661689518555130363e-01 4.280548998049261283e-02
2.787791223576556732e-01 2.719286122567093553e-02
2.913892928598000864e-01 1.691439385339768564e-02
3.039994633619427233e-01 1.030148824738161273e-02
3.166096338640853602e-01 6.143011644001873835e-03
3.292198043662297735e-01 3.586710462456770259e-03
3.418299748683724104e-01 2.050409704027197216e-03
3.544401453705150473e-01 1.147651486670168974e-03
3.670503158726594606e-01 6.289268222810933968e-04
3.796604863748020975e-01 3.374477860111513446e-04
3.922706568769447344e-01 1.772658465668747250e-04
4.048808273790891477e-01 9.116984596990944758e-05
4.174909978812317846e-01 4.590718818169268751e-05
4.301011683833744215e-01 2.263128187081281042e-05
4.427113388855188347e-01 1.092275755311878486e-05
4.553215093876614716e-01 5.161142288772595373e-06
4.679316798898041085e-01 2.387511774698749823e-06
4.805418503919485218e-01 1.081252577289807613e-06
4.931520208940911587e-01 4.793873506429195821e-07
5.057621913962337956e-01 2.080748798988902894e-07
5.183723618983782089e-01 8.841426531248559022e-08
5.309825324005208458e-01 3.677821411939095711e-08
5.435927029026652590e-01 1.497685390700702095e-08
5.562028734048078960e-01 5.970467423693277523e-09
5.688130439069505329e-01 2.329968462776536090e-09
5.814232144090949461e-01 8.901065101212714031e-10
5.940333849112375830e-01 3.328744504658155239e-10
6.066435554133802199e-01 1.218602022863466960e-10
6.192537259155246332e-01 4.366995494550384460e-11
6.318638964176672701e-01 1.531932230895248036e-11
6.444740669198099070e-01 5.260523221127844494e-12
6.570842374219543203e-01 1.768266024938213308e-12
6.696944079240969572e-01 5.818249004431467056e-13
6.823045784262395941e-01 1.873958159155619546e-13
6.949147489283840073e-01 5.908092415941357661e-14
7.075249194305266442e-01 1.823272024352189252e-14
7.201350899326692812e-01 5.507690449976492028e-15
7.327452604348136944e-01 1.628540591858659559e-15
7.453554309369563313e-01 4.713417144747970873e-16
7.579656014390989682e-01 1.335299477233889971e-16
7.705757719412433815e-01 3.702749673159572644e-17
7.831859424433860184e-01 1.005009868560605661e-17
7.957961129455286553e-01 2.670017446884548468e-18
8.084062834476730686e-01 6.943097072041184102e-19
8.210164539498157055e-01 1.767198657621452792e-19
8.336266244519583424e-01 4.402589611955905828e-20
8.462367949541027556e-01 1.073543122023241140e-20
8.588469654562453925e-01 2.562223826736131786e-21
8.714571359583880295e-01 5.985477535789985882e-22
8.840673064605324427e-01 1.368556269127625063e-22
8.966774769626750796e-01 3.062715306642063466e-23
9.092876474648177165e-01 6.708551802401287556e-24
9.218978179669621298e-01 1.438226281219490884e-24
9.345079884691047667e-01 3.017867218989556016e-25
9.471181589712474036e-01 6.197916511033033779e-26
9.597283294733918169e-01 1.245840017713420505e-26
9.723384999755344538e-01 2.451027117297068733e-27
9.849486704776770907e-01 4.719561088958760618e-28
9.975588409798215039e-01 8.894492695280463620e-29
1.010169011481964141e+00 1.640609769527334238e-29
1.022779181984106778e+00 2.961777655663259814e-30
1.035389352486251191e+00 5.233126241158029367e-31
1.047999522988393828e+00 9.049616271086973519e-32
1.060609693490536465e+00 1.531644389695038023e-32
1.073219863992680878e+00 2.537132947113762832e-33
1.085830034494823515e+00 4.113246314086556539e-34
1.098440204996966152e+00 6.526512418395360730e-35
1.111050375499110565e+00 1.013517759682164120e-35
1.123660546001253202e+00 1.540402159129795641e-36
1.136270716503395839e+00 2.291333406379162560e-37
1.148880887005540252e+00 3.335744294990313760e-38
1.161491057507682889e+00 4.752765963262608194e-39
1.174101228009825526e+00 6.627477539639824035e-40
1.186711398511969939e+00 9.044763873517559135e-41
1.199321569014112576e+00 1.208070667701409034e-41
1.211931739516255213e+00 1.579183561743142609e-42
1.224541910018399626e+00 2.020305827464416044e-43
1.237152080520542263e+00 2.529559675489847475e-44
1.249762251022684900e+00 3.099667875286432737e-45
1.262372421524829313e+00 3.717294324116277608e-46
1.274982592026971950e+00 4.362942053344868525e-47
1.287592762529114587e+00 5.011547266984977263e-48
1.300202933031259001e+00 5.633824417025137905e-49
1.312813103533401637e+00 6.198307220000526460e-50
1.325423274035544274e+00 6.673911539821252694e-51
1.338033444537688688e+00 7.032740842342217137e-52
1.350643615039831325e+00 7.252786355497258512e-53
1.363253785541973961e+00 7.320159762081283938e-54
1.375863956044118375e+00 7.230543746284377567e-55
1.388474126546261012e+00 6.989649797527583931e-56
1.401084297048403648e+00 6.612615791105314076e-57
1.413694467550548062e+00 6.122431679290967270e-58
1.426304638052690699e+00 5.547620903482892866e-59
1.438914808554833336e+00 4.919502400274446996e-60
1.451524979056977749e+00 4.269397257539463910e-61
1.464135149559120386e+00 3.626121709538337215e-62
1.476745320061263023e+00 3.014033343168919006e-63
1.489355490563407436e+00 2.451788772930969653e-64
1.501965661065550073e+00 1.951851836296678023e-65
1.514575831567692710e+00 1.520683815735405368e-66
1.527186002069837123e+00 1.159468029041037817e-67
1.539796172571979760e+00 8.651788994352512496e-69
1.552406343074122397e+00 6.318003582104632744e-70
1.565016513576266810e+00 4.515232898199492678e-71
1.577626684078409447e+00 3.157957840741713927e-72
1.590236854580552084e+00 2.161513417722660936e-73
1.602847025082696497e+00 1.447886585110865260e-74
1.615457195584839134e+00 9.491519131645131982e-76
1.628067366086981771e+00 6.089211640848134862e-77
1.640677536589126184e+00 3.823051619759813579e-78
1.653287707091268821e+00 2.348997794343788799e-79
1.665897877593411458e+00 1.412466060524413513e-80
1.678508048095555871e+00 8.311817872575830320e-82
1.691118218597698508e+00 4.786700216697619642e-83
1.703728389099841145e+00 2.697728809058645521e-84
1.716338559601985558e+00 1.487927754251275631e-85
1.728948730104128195e+00 8.031312894670265399e-87
1.741558900606270832e+00 4.242404291299827016e-88
1.754169071108415245e+00 2.193097973734557749e-89
1.766779241610557882e+00 1.109491963229752644e-90
1.779389412112700519e+00 5.493006531679998734e-92
1.791999582614844932e+00 2.661433293122432082e-93
1.804609753116987569e+00 1.261944527264186898e-94
1.817219923619130206e+00 5.855767882593651404e-96
1.829830094121274620e+00 2.659169729108444552e-97
1.842440264623417256e+00 1.181752669339673537e-98
1.855050435125559893e+00 5.139550914233382301e-100
1.867660605627704307e+00 2.187467073364042514e-101
1.880270776129846944e+00 9.111195746159275182e-103
1.892880946631989580e+00 3.713868014783002255e-104
1.905491117134133994e+00 1.481475691373406287e-105
1.918101287636276631e+00 5.783347861610244558e-107
1.930711458138419268e+00 2.209431658398520770e-108
1.943321628640563681e+00 8.260342532778381150e-110
1.955931799142706318e+00 3.022257941161090896e-111
1.968541969644848955e+00 1.082133269547295907e-112
1.981152140146993368e+00 3.791800605591302771e-114
1.993762310649136005e+00 1.300246003139603630e-115
2.006372481151278642e+00 4.363355866597377764e-117
2.018982651653423055e+00 1.432948541994857359e-118
2.031592822155565692e+00 4.605271027697454038e-120
2.044202992657708329e+00 1.448419030865576229e-121
2.056813163159852742e+00 4.458076053827796959e-123
2.069423333661995379e+00 1.342810547987332631e-124
2.082033504164138016e+00 3.958182698764873236e-126
2.094643674666282429e+00 1.141801355693553307e-127
2.107253845168425066e+00 3.223284997362308691e-129
2.119864015670569479e+00 8.904716662111607479e-131
2.132474186172712116e+00 2.407434970432053026e-132
2.145084356674854753e+00 6.369449573984400190e-134
2.157694527176999166e+00 1.649156775910993675e-135
2.170304697679141803e+00 4.178635685198140231e-137
2.182914868181284440e+00 1.036142355584979623e-138
2.195525038683428853e+00 2.514296723671350107e-140
2.208135209185571490e+00 5.970705479733148880e-142
2.220745379687714127e+00 1.387543547999209149e-143
2.233355550189858540e+00 3.155580680503757879e-145
2.245965720692001177e+00 7.023013276892353273e-147
2.258575891194143814e+00 1.529604207922218308e-148
2.271186061696288228e+00 3.260212260495296780e-150
2.283796232198430864e+00 6.800232461441403643e-152
2.296406402700573501e+00 1.388073841572310244e-153
2.309016573202717915e+00 2.772759255731100729e-155
2.321626743704860552e+00 5.420288428223178309e-157
2.334236914207003188e+00 1.036914934522473010e-158
2.346847084709147602e+00 1.941217610825597327e-160
2.359457255211290239e+00 3.556440439949095025e-162
2.372067425713432876e+00 6.376273652000345649e-164
2.384677596215577289e+00 1.118737802879272117e-165
2.397287766717719926e+00 1.920876784949068831e-167
2.409897937219862563e+00 3.227605173875818271e-169
2.422508107722006976e+00 5.307266220186904464e-171
2.435118278224149613e+00 8.540254131651830850e-173
2.447728448726292250e+00 1.344869190381618366e-174
2.460338619228436663e+00 2.072518919823900173e-176
2.472948789730579300e+00 3.125547146130618780e-178
2.485558960232721937e+00 4.612778269864914731e-180
2.498169130734866350e+00 6.662051168119843731e-182
2.510779301237008987e+00 9.415905600924355421e-184
2.523389471739151624e+00 1.302341451011571961e-185
2.535999642241296037e+00 1.762772056796073465e-187
2.548609812743438674e+00 2.334940778201528680e-189
2.561219983245581311e+00 3.026661792227451945e-191
2.573830153747725724e+00 3.839371406557273136e-193
2.586440324249868361e+00 4.766114397136464618e-195
2.599050494752010998e+00 5.789976493546621826e-197
2.611660665254155411e+00 6.883305437104050479e-199
2.624270835756298048e+00 8.008018822908294680e-201
2.636881006258440685e+00 9.117186431034547261e-203
2.649491176760585098e+00 1.015790614526388546e-204
2.662101347262727735e+00 1.107528910525051260e-206
2.674711517764870372e+00 1.181716691527426708e-208
2.687321688267014785e+00 1.233897256115615789e-210
2.699931858769157422e+00 1.260816450850134907e-212
2.712542029271300059e+00 1.260758443576978574e-214
2.725152199773444472e+00 1.233726707242564202e-216
2.737762370275587109e+00 1.181443677355910737e-218
2.750372540777729746e+00 1.107169129807170285e-220
2.762982711279874160e+00 1.015363901282284565e-222
2.775592881782016796e+00 9.112471680251948328e-225
2.788203052284159433e+00 8.003082679663916555e-227
2.800813222786303847e+00 6.878361135225419911e-229
2.813423393288446483e+00 5.785209922913507963e-231
2.826033563790589120e+00 4.761674125618702413e-233
2.838643734292733534e+00 3.835363576625714601e-235
2.851253904794876171e+00 3.023149701970993608e-237
2.863864075297018807e+00 2.331948396851116774e-239
2.876474245799163221e+00 1.760290365800811621e-241
2.889084416301305858e+00 1.300336365399253920e-243
2.901694586803448495e+00 9.400112505673153526e-246
2.914304757305592908e+00 6.649917690148340700e-248
2.926914927807735545e+00 4.603681736656582849e-250
2.939525098309878182e+00 3.118889932489947152e-252
2.952135268812022595e+00 2.067761617604283719e-254
2.964745439314165232e+00 1.341548836739573597e-256
2.977355609816307869e+00 8.517615540758922158e-259
2.989965780318452282e+00 5.292185301355969378e-261
3.002575950820594919e+00 3.217788147250289860e-263
3.015186121322737556e+00 1.914631433563027573e-265
3.027796291824881969e+00 1.114854495218717261e-267
3.040406462327024606e+00 6.352671498068121600e-270
3.053016632829167243e+00 3.542417533430270526e-272
3.065626803331311656e+00 1.933072663549793358e-274
3.078236973833454293e+00 1.032289782663691357e-276
3.090847144335596930e+00 5.394609800653625785e-279
3.103457314837741343e+00 2.758819865010045851e-281
3.116067485339883980e+00 1.380675099260173021e-283
3.128677655842026617e+00 6.761832718757947910e-286
3.141287826344171030e+00 3.240724240934244188e-288
3.153897996846313667e+00 1.519932849106044679e-290
3.166508167348456304e+00 6.976078145872735386e-293
3.179118337850600717e+00 3.133306138997195550e-295
3.191728508352743354e+00 1.377205741436742445e-297
3.204338678854885991e+00 5.923784728260003533e-300
3.216948849357030404e+00 2.493469761245098627e-302
3.229559019859173041e+00 1.027101316645065697e-304
3.242169190361315678e+00 4.140251812773343463e-307
3.254779360863460091e+00 1.633219153412572992e-309
3.267389531365602728e+00 6.304728078582653503e-312
3.279999701867745365e+00 2.381729266462608528e-314
3.292609872369889779e+00 8.804860968094919039e-317
3.305220042872032415e+00 3.185340031867684720e-319
3.317830213374175052e+00 1.126469672518042121e-321
3.330440383876319466e+00 4.940656458412465442e-324
3.343050554378462103e+00 0.000000000000000000e+00
3.355660724880604739e+00 0.000000000000000000e+00
3.368270895382749153e+00 0.000000000000000000e+00
3.380881065884891790e+00 0.000000000000000000e+00
3.393491236387034427e+00 0.000000000000000000e+00
3.406101406889178840e+00 0.000000000000000000e+00
3.418711577391321477e+00 0.000000000000000000e+00
3.431321747893464114e+00 0.000000000000000000e+00
3.443931918395608527e+00 0.000000000000000000e+00
3.456542088897751164e+00 0.000000000000000000e+00
3.469152259399893801e+00 0.000000000000000000e+00
3.481762429902038214e+00 0.000000000000000000e+00
3.494372600404180851e+00 0.000000000000000000e+00
3.506982770906323488e+00 0.000000000000000000e+00
3.519592941408467901e+00 0.000000000000000000e+00
3.532203111910610538e+00 0.000000000000000000e+00
3.544813282412753175e+00 0.000000000000000000e+00
3.557423452914897588e+00 0.000000000000000000e+00
3.570033623417040225e+00 0.000000000000000000e+00
3.582643793919182862e+00 0.000000000000000000e+00
3.595253964421327275e+00 0.000000000000000000e+00
3.607864134923469912e+00 0.000000000000000000e+00
3.620474305425612549e+00 0.000000000000000000e+00
3.633084475927756962e+00 0.000000000000000000e+00
3.645694646429899599e+00 0.000000000000000000e+00
3.658304816932042236e+00 0.000000000000000000e+00
3.670914987434186649e+00 0.000000000000000000e+00
3.683525157936329286e+00 0.000000000000000000e+00
3.696135328438471923e+00 0.000000000000000000e+00
3.708745498940616336e+00 0.000000000000000000e+00
3.721355669442758973e+00 0.000000000000000000e+00
3.733965839944901610e+00 0.000000000000000000e+00
3.746576010447046023e+00 0.000000000000000000e+00
3.759186180949188660e+00 0.000000000000000000e+00
3.771796351451333074e+00 0.000000000000000000e+00
3.784406521953475711e+00 0.000000000000000000e+00
3.797016692455618347e+00 0.000000000000000000e+00
3.809626862957762761e+00 0.000000000000000000e+00
3.822237033459905398e+00 0.000000000000000000e+00
3.834847203962048034e+00 0.000000000000000000e+00
3.847457374464192448e+00 0.000000000000000000e+00
3.860067544966335085e+00 0.000000000000000000e+00
3.872677715468477722e+00 0.000000000000000000e+00
3.885287885970622135e+00 0.000000000000000000e+00
3.897898056472764772e+00 0.000000000000000000e+00
3.910508226974907409e+00 0.000000000000000000e+00
3.923118397477051822e+00 0.000000000000000000e+00
3.935728567979194459e+00 0.000000000000000000e+00
3.948338738481337096e+00 0.000000000000000000e+00
3.960948908983481509e+00 0.000000000000000000e+00
3.973559079485624146e+00 0.000000000000000000e+00
3.986169249987766783e+00 0.000000000000000000e+00
3.998779420489911196e+00 0.000000000000000000e+00
4.011389590992053833e+00 0.000000000000000000e+00
4.023999761494196470e+00 0.000000000000000000e+00
4.036609931996340883e+00 0.000000000000000000e+00
4.049220102498483520e+00 0.000000000000000000e+00
4.061830273000626157e+00 0.000000000000000000e+00
4.074440443502770570e+00 0.000000000000000000e+00
4.087050614004913207e+00 0.000000000000000000e+00
4.099660784507055844e+00 0.000000000000000000e+00
4.112270955009200257e+00 0.000000000000000000e+00
4.124881125511342894e+00 0.000000000000000000e+00
4.137491296013485531e+00 0.000000000000000000e+00
4.150101466515629944e+00 0.000000000000000000e+00
4.162711637017772581e+00 0.000000000000000000e+00
4.175321807519915218e+00 0.000000000000000000e+00
4.187931978022059631e+00 0.000000000000000000e+00
4.200542148524202268e+00 0.000000000000000000e+00
4.213152319026344905e+00 0.000000000000000000e+00
4.225762489528489319e+00 0.000000000000000000e+00
4.238372660030631955e+00 0.000000000000000000e+00
4.250982830532774592e+00 0.000000000000000000e+00
4.263593001034919006e+00 0.000000000000000000e+00
4.276203171537061642e+00 0.000000000000000000e+00
4.288813342039204279e+00 0.000000000000000000e+00
4.301423512541348693e+00 0.000000000000000000e+00
4.314033683043491330e+00 0.000000000000000000e+00
4.326643853545633966e+00 0.000000000000000000e+00
4.339254024047778380e+00 0.000000000000000000e+00
4.351864194549921017e+00 0.000000000000000000e+00
4.364474365052063654e+00 0.000000000000000000e+00
4.377084535554208067e+00 0.000000000000000000e+00
4.389694706056350704e+00 0.000000000000000000e+00
4.402304876558493341e+00 0.000000000000000000e+00
4.414915047060635978e+00 0.000000000000000000e+00
4.427525217562778614e+00 0.000000000000000000e+00
4.440135388064924804e+00 0.000000000000000000e+00
4.452745558567067441e+00 0.000000000000000000e+00
4.465355729069210078e+00 0.000000000000000000e+00
4.477965899571352715e+00 0.000000000000000000e+00
4.490576070073495352e+00 0.000000000000000000e+00
4.503186240575637989e+00 0.000000000000000000e+00
4.515796411077784178e+00 0.000000000000000000e+00
4.528406581579926815e+00 0.000000000000000000e+00
4.541016752082069452e+00 0.000000000000000000e+00
4.553626922584212089e+00 0.000000000000000000e+00
4.566237093086354726e+00 0.000000000000000000e+00
4.578847263588500915e+00 0.000000000000000000e+00
4.591457434090643552e+00 0.000000000000000000e+00
4.604067604592786189e+00 0.000000000000000000e+00
4.616677775094928826e+00 0.000000000000000000e+00
4.629287945597071463e+00 0.000000000000000000e+00
4.641898116099214100e+00 0.000000000000000000e+00
4.654508286601360290e+00 0.000000000000000000e+00
4.667118457103502926e+00 0.000000000000000000e+00
4.679728627605645563e+00 0.000000000000000000e+00
4.692338798107788200e+00 0.000000000000000000e+00
4.704948968609930837e+00 0.000000000000000000e+00
4.717559139112073474e+00 0.000000000000000000e+00
4.730169309614219664e+00 0.000000000000000000e+00
4.742779480116362301e+00 0.000000000000000000e+00
4.755389650618504938e+00 0.000000000000000000e+00
4.767999821120647574e+00 0.000000000000000000e+00
4.780609991622790211e+00 0.000000000000000000e+00
4.793220162124932848e+00 0.000000000000000000e+00
4.805830332627079038e+00 0.000000000000000000e+00
4.818440503129221675e+00 0.000000000000000000e+00
4.831050673631364312e+00 0.000000000000000000e+00
4.843660844133506949e+00 0.000000000000000000e+00
4.856271014635649586e+00 0.000000000000000000e+00
4.868881185137792222e+00 0.000000000000000000e+00
4.881491355639938412e+00 0.000000000000000000e+00
4.894101526142081049e+00 0.000000000000000000e+00
4.906711696644223686e+00 0.000000000000000000e+00
4.919321867146366323e+00 0.000000000000000000e+00
4.931932037648508960e+00 0.000000000000000000e+00
4.944542208150651597e+00 0.000000000000000000e+00
4.957152378652797786e+00 0.000000000000000000e+00
4.969762549154940423e+00 0.000000000000000000e+00
4.982372719657083060e+00 0.000000000000000000e+00
4.994982890159225697e+00 0.000000000000000000e+00
5.007593060661368334e+00 0.000000000000000000e+00
5.020203231163510971e+00 0.000000000000000000e+00
5.032813401665657160e+00 0.000000000000000000e+00
5.045423572167799797e+00 0.000000000000000000e+00
5.058033742669942434e+00 0.000000000000000000e+00
5.070643913172085071e+00 0.000000000000000000e+00
5.083254083674227708e+00 0.000000000000000000e+00
5.095864254176370345e+00 0.000000000000000000e+00
5.108474424678516534e+00 0.000000000000000000e+00
5.121084595180659171e+00 0.000000000000000000e+00
5.133694765682801808e+00 0.000000000000000000e+00
5.146304936184944445e+00 0.000000000000000000e+00
5.158915106687087082e+00 0.000000000000000000e+00
5.171525277189229719e+00 0.000000000000000000e+00
5.184135447691375909e+00 0.000000000000000000e+00
5.196745618193518546e+00 0.000000000000000000e+00
5.209355788695661182e+00 0.000000000000000000e+00
5.221965959197803819e+00 0.000000000000000000e+00
5.234576129699946456e+00 0.000000000000000000e+00
5.247186300202089093e+00 0.000000000000000000e+00
5.259796470704235283e+00 0.000000000000000000e+00
5.272406641206377920e+00 0.000000000000000000e+00
5.285016811708520557e+00 0.000000000000000000e+00
5.297626982210663193e+00 0.000000000000000000e+00
5.310237152712805830e+00 0.000000000000000000e+00
5.322847323214948467e+00 0.000000000000000000e+00
5.335457493717094657e+00 0.000000000000000000e+00
5.348067664219237294e+00 0.000000000000000000e+00
5.360677834721379931e+00 0.000000000000000000e+00
5.373288005223522568e+00 0.000000000000000000e+00
5.385898175725665205e+00 0.000000000000000000e+00
5.398508346227807841e+00 0.000000000000000000e+00
5.411118516729954031e+00 0.000000000000000000e+00
5.423728687232096668e+00 0.000000000000000000e+00
5.436338857734239305e+00 0.000000000000000000e+00
5.448949028236381942e+00 0.000000000000000000e+00
5.461559198738524579e+00 0.000000000000000000e+00
5.474169369240667216e+00 0.000000000000000000e+00
5.486779539742813405e+00 0.000000000000000000e+00
5.499389710244956042e+00 0.000000000000000000e+00
5.511999880747098679e+00 0.000000000000000000e+00
5.524610051249241316e+00 0.000000000000000000e+00
5.537220221751383953e+00 0.000000000000000000e+00
5.549830392253526590e+00 0.000000000000000000e+00
5.562440562755672779e+00 0.000000000000000000e+00
5.575050733257815416e+00 0.000000000000000000e+00
5.587660903759958053e+00 0.000000000000000000e+00
5.600271074262100690e+00 0.000000000000000000e+00
5.612881244764243327e+00 0.000000000000000000e+00
5.625491415266385964e+00 0.000000000000000000e+00
5.638101585768532154e+00 0.000000000000000000e+00
5.650711756270674790e+00 0.000000000000000000e+00
5.663321926772817427e+00 0.000000000000000000e+00
5.675932097274960064e+00 0.000000000000000000e+00
5.688542267777102701e+00 0.000000000000000000e+00
5.701152438279245338e+00 0.000000000000000000e+00
5.713762608781391528e+00 0.000000000000000000e+00
5.726372779283534165e+00 0.000000000000000000e+00
5.738982949785676801e+00 0.000000000000000000e+00
5.751593120287819438e+00 0.000000000000000000e+00
5.764203290789962075e+00 0.000000000000000000e+00
5.776813461292104712e+00 0.000000000000000000e+00
5.789423631794250902e+00 0.000000000000000000e+00
5.802033802296393539e+00 0.000000000000000000e+00
5.814643972798536176e+00 0.000000000000000000e+00
5.827254143300678813e+00 0.000000000000000000e+00
5.839864313802821449e+00 0.000000000000000000e+00
5.852474484304964086e+00 0.000000000000000000e+00
5.865084654807110276e+00 0.000000000000000000e+00
5.877694825309252913e+00 0.000000000000000000e+00
5.890304995811395550e+00 0.000000000000000000e+00
5.902915166313538187e+00 0.000000000000000000e+00
5.915525336815680824e+00 0.000000000000000000e+00
5.928135507317823460e+00 0.000000000000000000e+00
5.940745677819969650e+00 0.000000000000000000e+00
5.953355848322112287e+00 0.000000000000000000e+00
5.965966018824254924e+00 0.000000000000000000e+00
5.978576189326397561e+00 0.000000000000000000e+00
5.991186359828540198e+00 0.000000000000000000e+00
6.003796530330682835e+00 0.000000000000000000e+00
6.016406700832829024e+00 0.000000000000000000e+00
6.029016871334971661e+00 0.000000000000000000e+00
6.041627041837114298e+00 0.000000000000000000e+00
6.054237212339256935e+00 0.000000000000000000e+00
6.066847382841399572e+00 0.000000000000000000e+00
6.079457553343542209e+00 0.000000000000000000e+00
6.092067723845688398e+00 0.000000000000000000e+00
6.104677894347831035e+00 0.000000000000000000e+00
6.117288064849973672e+00 0.000000000000000000e+00
6.129898235352116309e+00 0.000000000000000000e+00
6.142508405854258946e+00 0.000000000000000000e+00
6.155118576356401583e+00 0.000000000000000000e+00
6.167728746858547773e+00 0.000000000000000000e+00
6.180338917360690409e+00 0.000000000000000000e+00
6.192949087862833046e+00 0.000000000000000000e+00
6.205559258364975683e+00 0.000000000000000000e+00
6.218169428867118320e+00 0.000000000000000000e+00
6.230779599369264510e+00 0.000000000000000000e+00
6.243389769871407147e+00 0.000000000000000000e+00
6.255999940373549784e+00 0.000000000000000000e+00
6.268610110875692421e+00 0.000000000000000000e+00
6.281220281377835057e+00 0.000000000000000000e+00
6.293830451879977694e+00 0.000000000000000000e+00
6.306440622382123884e+00 0.000000000000000000e+00
6.319050792884266521e+00 0.000000000000000000e+00
6.331660963386409158e+00 0.000000000000000000e+00
6.344271133888551795e+00 0.000000000000000000e+00
6.356881304390694432e+00 0.000000000000000000e+00
6.369491474892837068e+00 0.000000000000000000e+00
6.382101645394983258e+00 0.000000000000000000e+00
6.394711815897125895e+00 0.000000000000000000e+00
6.407321986399268532e+00 0.000000000000000000e+00
6.419932156901411169e+00 0.000000000000000000e+00
6.432542327403553806e+00 0.000000000000000000e+00
6.445152497905696443e+00 0.000000000000000000e+00
6.457762668407842632e+00 0.000000000000000000e+00
6.470372838909985269e+00 0.000000000000000000e+00
6.482983009412127906e+00 0.000000000000000000e+00
6.495593179914270543e+00 0.000000000000000000e+00
6.508203350416413180e+00 0.000000000000000000e+00
6.520813520918555817e+00 0.000000000000000000e+00
6.533423691420702006e+00 0.000000000000000000e+00
6.546033861922844643e+00 0.000000000000000000e+00
6.558644032424987280e+00 0.000000000000000000e+00
6.571254202927129917e+00 0.000000000000000000e+00
6.583864373429272554e+00 0.000000000000000000e+00
6.596474543931415191e+00 0.000000000000000000e+00
6.609084714433561381e+00 0.000000000000000000e+00
6.621694884935704017e+00 0.000000000000000000e+00
6.634305055437846654e+00 0.000000000000000000e+00
6.646915225939989291e+00 0.000000000000000000e+00
6.659525396442131928e+00 0.000000000000000000e+00
6.672135566944274565e+00 0.000000000000000000e+00
6.684745737446420755e+00 0.000000000000000000e+00
6.697355907948563392e+00 0.000000000000000000e+00
6.709966078450706028e+00 0.000000000000000000e+00
6.722576248952848665e+00 0.000000000000000000e+00
6.735186419454991302e+00 0.000000000000000000e+00
6.747796589957133939e+00 0.000000000000000000e+00
6.760406760459280129e+00 0.000000000000000000e+00
6.773016930961422766e+00 0.000000000000000000e+00
6.785627101463565403e+00 0.000000000000000000e+00
6.798237271965708040e+00 0.000000000000000000e+00
6.810847442467850676e+00 0.000000000000000000e+00
6.823457612969993313e+00 0.000000000000000000e+00
6.836067783472139503e+00 0.000000000000000000e+00
6.848677953974282140e+00 0.000000000000000000e+00
6.861288124476424777e+00 0.000000000000000000e+00
6.873898294978567414e+00 0.000000000000000000e+00
6.886508465480710051e+00 0.000000000000000000e+00
6.899118635982852688e+00 0.000000000000000000e+00
6.911728806484998877e+00 0.000000000000000000e+00
6.924338976987141514e+00 0.000000000000000000e+00
6.936949147489284151e+00 0.000000000000000000e+00
6.949559317991426788e+00 0.000000000000000000e+00
6.962169488493569425e+00 0.000000000000000000e+00
6.974779658995712062e+00 0.000000000000000000e+00
6.987389829497858251e+00 0.000000000000000000e+00
7.000000000000000888e+00 0.000000000000000000e+00
