1.000000000000000000e+00
9.988306122011724186e-01
9.963945162083246432e-01
9.911817781775097425e-01
9.867619820603679148e-01
9.803287241871353475e-01
9.740667980061198383e-01
9.656694238903830163e-01
9.523116320262601242e-01
9.338919880591448619e-01
9.245119135947362787e-01
9.083831863461554468e-01
9.010429006821493170e-01
8.803401337559167983e-01
8.623128365705353682e-01
8.510316976712521964e-01
8.405575751594095424e-01
8.303392843706648430e-01
8.231416821137985673e-01
8.109141098318384255e-01
8.066415231080843462e-01
7.966904535703166479e-01
7.898235713053758378e-01
7.836664221740033964e-01
7.760255854611345372e-01
7.757532706139573797e-01
7.657975598418365060e-01
7.626702661784514614e-01
7.578519837465553799e-01
7.464135406225439473e-01
7.444782015524195051e-01
7.423819272667271374e-01
7.329642006347083516e-01
7.308433900704213171e-01
7.212661063053422694e-01
7.207816203196173444e-01
7.139684742311112053e-01
7.112367078592491954e-01
7.042621170660936514e-01
7.071675066954493660e-01
6.982752654553241456e-01
6.859945130379229150e-01
6.806498126344278088e-01
6.784896307922472225e-01
6.801661141952468626e-01
6.724272531724564406e-01
6.660835326590627270e-01
6.708773873476353566e-01
6.693467958193776157e-01
6.703938725879954319e-01
6.705765742753241332e-01
6.734057526288176332e-01
6.734057526288176332e-01
6.734057526288176332e-01
6.762101729565063168e-01
6.762101729565063168e-01
6.755721011529197684e-01
6.746636590702075331e-01
6.746636590702075331e-01
6.766210431303066875e-01
6.760609293802550823e-01
6.706896087933542638e-01
6.706896087933542638e-01
6.693722435967636164e-01
6.654624808868944141e-01
6.622232590057370860e-01
6.571759759503621456e-01
6.571759759503621456e-01
6.571759759503621456e-01
6.512891539235194927e-01
6.552086855386450859e-01
6.545869487367528272e-01
6.521455680500127805e-01
6.521455680500127805e-01
6.521455680500127805e-01
6.524983522199468977e-01
6.524983522199468977e-01
6.524983522199468977e-01
6.521186729637775681e-01
6.521186729637775681e-01
6.571003344503902888e-01
6.575950220997683893e-01
6.560635386107516176e-01
6.546560295448154987e-01
6.546560295448154987e-01
6.546560295448154987e-01
6.546560295448154987e-01
6.546560295448154987e-01
6.546560295448154987e-01
6.546560295448154987e-01
6.546560295448154987e-01
6.546560295448154987e-01
6.546560295448154987e-01
6.546560295448154987e-01
6.546560295448154987e-01
6.546560295448154987e-01
6.546560295448154987e-01
6.546560295448154987e-01
6.546560295448154987e-01
6.541613418954375092e-01
6.541613418954375092e-01
6.541613418954375092e-01
6.541613418954375092e-01
6.574005637765947263e-01
6.574005637765947263e-01
6.574005637765947263e-01
6.574005637765947263e-01
6.574005637765947263e-01
6.554471246046936761e-01
6.623824431347190567e-01
6.623824431347190567e-01
6.623824431347190567e-01
6.623824431347190567e-01
6.623824431347190567e-01
6.623824431347190567e-01
6.623824431347190567e-01
6.623824431347190567e-01
6.623824431347190567e-01
6.623824431347190567e-01
6.623824431347190567e-01
6.636303709184728783e-01
6.636303709184728783e-01
6.636303709184728783e-01
6.636303709184728783e-01
6.636303709184728783e-01
6.636303709184728783e-01
6.636303709184728783e-01
6.636303709184728783e-01
6.641250585678509788e-01
6.641250585678509788e-01
6.641250585678509788e-01
6.641250585678509788e-01
6.641250585678509788e-01
6.641250585678509788e-01
6.640699697758063458e-01
6.640699697758063458e-01
6.640699697758063458e-01
6.640699697758063458e-01
6.640699697758063458e-01
6.640699697758063458e-01
6.640699697758063458e-01
6.640699697758063458e-01
6.640699697758063458e-01
6.640699697758063458e-01
6.640699697758063458e-01
6.640699697758063458e-01
6.640699697758063458e-01
6.640699697758063458e-01
6.640699697758063458e-01
6.640699697758063458e-01
6.638219488788688061e-01
6.638219488788688061e-01
6.638219488788688061e-01
6.638219488788688061e-01
6.638219488788688061e-01
6.638219488788688061e-01
6.638219488788688061e-01
6.638219488788688061e-01
6.638219488788688061e-01
6.638219488788688061e-01
6.638219488788688061e-01
6.638219488788688061e-01
6.638219488788688061e-01
6.638219488788688061e-01
6.638219488788688061e-01
6.638219488788688061e-01
6.638219488788688061e-01
6.638219488788688061e-01
6.638219488788688061e-01
6.638219488788688061e-01
6.638219488788688061e-01
6.638219488788688061e-01
6.638219488788688061e-01
6.638219488788688061e-01
6.638219488788688061e-01
6.638219488788688061e-01
6.638219488788688061e-01
6.638219488788688061e-01
6.638219488788688061e-01
6.638219488788688061e-01
6.638219488788688061e-01
6.638219488788688061e-01
6.638219488788688061e-01
6.638219488788688061e-01
6.638219488788688061e-01
6.638219488788688061e-01
6.638219488788688061e-01
6.638219488788688061e-01
6.638219488788688061e-01
6.638219488788688061e-01
6.638219488788688061e-01
6.638219488788688061e-01
6.638219488788688061e-01
6.638219488788688061e-01
6.638219488788688061e-01
6.638219488788688061e-01
6.638219488788688061e-01
6.638219488788688061e-01
6.638219488788688061e-01
6.638219488788688061e-01
6.638219488788688061e-01
6.638219488788688061e-01
6.638219488788688061e-01
6.638219488788688061e-01
6.638219488788688061e-01
6.638219488788688061e-01
6.638219488788688061e-01
6.638219488788688061e-01
6.638219488788688061e-01
6.638219488788688061e-01
6.638219488788688061e-01
6.638219488788688061e-01
6.638219488788688061e-01
6.638219488788688061e-01
6.638219488788688061e-01
6.638219488788688061e-01
6.638219488788688061e-01
6.638219488788688061e-01
6.638219488788688061e-01
6.638219488788688061e-01
6.638219488788688061e-01
6.638219488788688061e-01
6.638219488788688061e-01
6.638219488788688061e-01
6.638219488788688061e-01
6.638219488788688061e-01
6.638219488788688061e-01
6.638219488788688061e-01
6.638219488788688061e-01
6.638219488788688061e-01
6.638219488788688061e-01
6.638219488788688061e-01
6.638219488788688061e-01
6.638219488788688061e-01
6.638219488788688061e-01
6.638219488788688061e-01
6.638219488788688061e-01
6.638219488788688061e-01
6.638219488788688061e-01
6.638219488788688061e-01
6.638219488788688061e-01
6.638219488788688061e-01
6.638219488788688061e-01
6.638219488788688061e-01
6.638219488788688061e-01
6.638219488788688061e-01
6.638219488788688061e-01
6.638219488788688061e-01
6.638219488788688061e-01
6.638219488788688061e-01
