1.000000000000000000e+00
1.000000000000000222e+00
1.000000000000000222e+00
1.000000000000000222e+00
1.000000000000000222e+00
1.000000000000000222e+00
1.000000000000000222e+00
1.000000000000000222e+00
1.000000000000000222e+00
1.000000000000000222e+00
1.000000000000000222e+00
1.000000000000000222e+00
9.848364917958515319e-01
9.567161348115995612e-01
9.369885756526078469e-01
9.071718286949451704e-01
8.845731164838545046e-01
8.318480922304809511e-01
7.725447456937893920e-01
7.393321017505786186e-01
6.947849061084129252e-01
6.522472122069536971e-01
5.993593079746949437e-01
5.494359396804582296e-01
4.938254434934074566e-01
4.474409839262116217e-01
4.028280418277409014e-01
3.764363236764701748e-01
3.320817095190103929e-01
3.075797405248281713e-01
2.839727074545543850e-01
2.709877338081188025e-01
2.461958259949935390e-01
2.246546076853032647e-01
2.169412127265827328e-01
1.931038836248381574e-01
1.759415774088609608e-01
1.426113316962190070e-01
1.194132917516019937e-01
9.620774346579429037e-02
8.300889855980114751e-02
6.931315289961061110e-02
5.870409175035395249e-02
3.621781230604425444e-02
2.669084178735329702e-02
2.079048830998461370e-02
3.567130058195921126e-03
-4.581899532273527725e-03
-8.253480642479464266e-03
9.433337263952487227e-04
1.350526054906368194e-03
-5.546015385109574931e-03
-4.857733090065928169e-03
-8.151233101006682968e-03
-1.628817085303067153e-02
-1.287318753429429578e-02
-1.471464422077203849e-02
-2.788381517234509582e-02
-1.743141434340306564e-02
-2.737187247071180482e-02
-2.769236477516985248e-02
-3.627650274519750306e-02
-4.274589415964447081e-02
-3.984909501922587888e-02
-4.911674585641281898e-02
-4.185865870869243804e-02
-3.835985529670258437e-02
-3.582664066095671285e-02
-3.840781641944471941e-02
-4.473762867845942209e-02
-5.735852301799650860e-02
-6.422058702494455595e-02
-6.636825330908864562e-02
-6.206710460270873503e-02
-7.224383873226514208e-02
-7.692011389200015259e-02
-7.753717094789465414e-02
-7.874120874739139186e-02
-7.874120874739139186e-02
-8.095557012319236356e-02
-8.314623783988654704e-02
-8.314623783988654704e-02
-8.314623783988654704e-02
-9.930378780675468142e-02
-1.003428325992809234e-01
-1.034264993349629097e-01
-1.014702465310472340e-01
-1.014702465310472340e-01
-1.019886370115078156e-01
-9.718239657607508075e-02
-9.806397025377727728e-02
-9.800737893126210132e-02
-1.013134324661168623e-01
-1.056654719029223866e-01
-1.056654719029223866e-01
-1.047990304328754452e-01
-1.057114778787746484e-01
-1.033815978242269840e-01
-1.023402860973322420e-01
-1.023402860973322420e-01
-1.023402860973322420e-01
-1.080038933002270274e-01
-1.088574830913299207e-01
-1.105521841623462176e-01
-1.139966628187826375e-01
-1.148297592286571106e-01
-1.141884334766930659e-01
-1.158219962211229914e-01
-1.174387593436290733e-01
-1.182400221458729389e-01
-1.206256572187893450e-01
-1.185716852936076066e-01
-1.231579212296931292e-01
-1.265106422228347849e-01
-1.305009062858521751e-01
-1.305009062858521751e-01
-1.313194317387185728e-01
-1.313194317387185728e-01
-1.282600545989701912e-01
-1.322213418432674481e-01
-1.336753790031404432e-01
-1.321244137919065365e-01
-1.328418679591071572e-01
-1.268089738148622525e-01
-1.275101827579654679e-01
-1.277143269416419757e-01
-1.302429324922310394e-01
-1.267365518941303282e-01
-1.267365518941303282e-01
-1.274111181473754073e-01
-1.274111181473754073e-01
-1.274111181473754073e-01
-1.287317103218322545e-01
-1.300438540853730007e-01
-1.306930258388287192e-01
-1.313380092585424153e-01
-1.326174320087749881e-01
-1.407056875570830146e-01
-1.407056875570830146e-01
-1.390384700306355747e-01
-1.396612531492490428e-01
-1.402798867711643471e-01
-1.446787345500291089e-01
-1.446787345500291089e-01
-1.452828820325953452e-01
-1.428516522536564526e-01
-1.440473287121185053e-01
-1.446388386485566169e-01
-1.446388386485566169e-01
-1.519619499545258046e-01
-1.519619499545258046e-01
-1.540889642395981973e-01
-1.456931322758642788e-01
-1.478555450827667428e-01
-1.462216556784080024e-01
-1.448041239744589093e-01
-1.448041239744589093e-01
-1.448041239744589093e-01
-1.448041239744589093e-01
-1.453531022224905378e-01
-1.443735437575547620e-01
-1.449157683700798283e-01
-1.454517258346562925e-01
-1.459845483946584643e-01
-1.465141855015961170e-01
-1.489386682816096485e-01
-1.489386682816096485e-01
-1.494586045325156376e-01
-1.494586045325156376e-01
-1.494586045325156376e-01
-1.457440517246595679e-01
-1.499218233730399419e-01
-1.490768880695595711e-01
-1.445001937556964489e-01
-1.456982797131161078e-01
-1.461963891597612974e-01
-1.466901151865296071e-01
-1.466901151865296071e-01
-1.466901151865296071e-01
-1.466901151865296071e-01
-1.466901151865296071e-01
-1.466901151865296071e-01
-1.471674757875488793e-01
-1.446996104688053897e-01
-1.451731603225898948e-01
-1.497498546364530725e-01
-1.497498546364530725e-01
-1.482557255545343677e-01
-1.493590791919569005e-01
-1.471065485179433308e-01
-1.471065485179433308e-01
-1.473819623503357101e-01
-1.483349445227968577e-01
-1.487862704845374640e-01
-1.487862704845374640e-01
-1.487862704845374640e-01
-1.506539248845973900e-01
-1.506539248845973900e-01
-1.506539248845973900e-01
-1.506539248845973900e-01
-1.506539248845973900e-01
-1.547556796076996199e-01
-1.560473967961809871e-01
-1.560473967961809871e-01
-1.560473967961809871e-01
-1.560473967961809871e-01
-1.564686846529791953e-01
-1.564686846529791953e-01
-1.568867244722448873e-01
-1.577190387640897140e-01
-1.530169321506249791e-01
-1.597076439430251960e-01
-1.605284769141541723e-01
-1.602098704493094827e-01
-1.581909472666061245e-01
-1.579155334342137451e-01
-1.579155334342137451e-01
-1.594409172669555841e-01
-1.594409172669555841e-01
-1.573814359807921559e-01
-1.548586457530746752e-01
-1.565607397498395836e-01
-1.567810984698574106e-01
-1.567810984698574106e-01
-1.537049439911485071e-01
-1.580156913098792471e-01
-1.583998178488212061e-01
-1.583998178488212061e-01
-1.528299842477693904e-01
-1.532090489946872081e-01
-1.532090489946872081e-01
-1.503058283325223732e-01
-1.521195978107073299e-01
-1.545114085073280019e-01
-1.545114085073280019e-01
-1.545114085073280019e-01
-1.545114085073280019e-01
-1.550183324394293627e-01
-1.528914461131226366e-01
-1.532544194435573326e-01
-1.532544194435573326e-01
-1.532544194435573326e-01
-1.536141235688096018e-01
-1.536141235688096018e-01
-1.528469789296120207e-01
-1.528469789296120207e-01
-1.528469789296120207e-01
-1.528469789296120207e-01
-1.517484321712498918e-01
-1.517484321712498918e-01
