-1.899999999999999911e+00 0.000000000000000000e+00
-1.896386430678465906e+00 0.000000000000000000e+00
-1.892772861356932124e+00 0.000000000000000000e+00
-1.889159292035398119e+00 0.000000000000000000e+00
-1.885545722713864114e+00 0.000000000000000000e+00
-1.881932153392330331e+00 0.000000000000000000e+00
-1.878318584070796327e+00 0.000000000000000000e+00
-1.874705014749262544e+00 0.000000000000000000e+00
-1.871091445427728539e+00 0.000000000000000000e+00
-1.867477876106194534e+00 0.000000000000000000e+00
-1.863864306784660752e+00 0.000000000000000000e+00
-1.860250737463126747e+00 0.000000000000000000e+00
-1.856637168141592742e+00 0.000000000000000000e+00
-1.853023598820058959e+00 0.000000000000000000e+00
-1.849410029498524954e+00 0.000000000000000000e+00
-1.845796460176990950e+00 0.000000000000000000e+00
-1.842182890855457167e+00 0.000000000000000000e+00
-1.838569321533923162e+00 0.000000000000000000e+00
-1.834955752212389379e+00 0.000000000000000000e+00
-1.831342182890855375e+00 0.000000000000000000e+00
-1.827728613569321370e+00 0.000000000000000000e+00
-1.824115044247787587e+00 0.000000000000000000e+00
-1.820501474926253582e+00 0.000000000000000000e+00
-1.816887905604719577e+00 0.000000000000000000e+00
-1.813274336283185795e+00 0.000000000000000000e+00
-1.809660766961651790e+00 0.000000000000000000e+00
-1.806047197640118007e+00 0.000000000000000000e+00
-1.802433628318584002e+00 0.000000000000000000e+00
-1.798820058997049998e+00 0.000000000000000000e+00
-1.795206489675516215e+00 0.000000000000000000e+00
-1.791592920353982210e+00 0.000000000000000000e+00
-1.787979351032448205e+00 0.000000000000000000e+00
-1.784365781710914423e+00 0.000000000000000000e+00
-1.780752212389380418e+00 0.000000000000000000e+00
-1.777138643067846413e+00 0.000000000000000000e+00
-1.773525073746312630e+00 0.000000000000000000e+00
-1.769911504424778625e+00 0.000000000000000000e+00
-1.766297935103244843e+00 0.000000000000000000e+00
-1.762684365781710838e+00 0.000000000000000000e+00
-1.759070796460176833e+00 0.000000000000000000e+00
-1.755457227138643050e+00 0.000000000000000000e+00
-1.751843657817109046e+00 0.000000000000000000e+00
-1.748230088495575041e+00 0.000000000000000000e+00
-1.744616519174041258e+00 0.000000000000000000e+00
-1.741002949852507253e+00 0.000000000000000000e+00
-1.737389380530973249e+00 0.000000000000000000e+00
-1.733775811209439466e+00 0.000000000000000000e+00
-1.730162241887905461e+00 0.000000000000000000e+00
-1.726548672566371678e+00 0.000000000000000000e+00
-1.722935103244837673e+00 0.000000000000000000e+00
-1.719321533923303669e+00 0.000000000000000000e+00
-1.715707964601769886e+00 0.000000000000000000e+00
-1.712094395280235881e+00 0.000000000000000000e+00
-1.708480825958701876e+00 0.000000000000000000e+00
-1.704867256637168094e+00 0.000000000000000000e+00
-1.701253687315634089e+00 0.000000000000000000e+00
-1.697640117994100084e+00 0.000000000000000000e+00
-1.694026548672566301e+00 0.000000000000000000e+00
-1.690412979351032297e+00 0.000000000000000000e+00
-1.686799410029498514e+00 0.000000000000000000e+00
-1.683185840707964509e+00 0.000000000000000000e+00
-1.679572271386430504e+00 0.000000000000000000e+00
-1.675958702064896721e+00 0.000000000000000000e+00
-1.672345132743362717e+00 0.000000000000000000e+00
-1.668731563421828712e+00 0.000000000000000000e+00
-1.665117994100294929e+00 0.000000000000000000e+00
-1.661504424778760924e+00 0.000000000000000000e+00
-1.657890855457226920e+00 0.000000000000000000e+00
-1.654277286135693137e+00 0.000000000000000000e+00
-1.650663716814159132e+00 0.000000000000000000e+00
-1.647050147492625349e+00 0.000000000000000000e+00
-1.643436578171091345e+00 0.000000000000000000e+00
-1.639823008849557340e+00 0.000000000000000000e+00
-1.636209439528023557e+00 0.000000000000000000e+00
-1.632595870206489552e+00 0.000000000000000000e+00
-1.628982300884955770e+00 0.000000000000000000e+00
-1.625368731563421765e+00 0.000000000000000000e+00
-1.621755162241887760e+00 0.000000000000000000e+00
-1.618141592920353755e+00 0.000000000000000000e+00
-1.614528023598819972e+00 0.000000000000000000e+00
-1.610914454277285968e+00 0.000000000000000000e+00
-1.607300884955752185e+00 0.000000000000000000e+00
-1.603687315634218180e+00 0.000000000000000000e+00
-1.600073746312684175e+00 0.000000000000000000e+00
-1.596460176991150393e+00 0.000000000000000000e+00
-1.592846607669616388e+00 0.000000000000000000e+00
-1.589233038348082605e+00 0.000000000000000000e+00
-1.585619469026548600e+00 0.000000000000000000e+00
-1.582005899705014595e+00 0.000000000000000000e+00
-1.578392330383480591e+00 0.000000000000000000e+00
-1.574778761061946808e+00 0.000000000000000000e+00
-1.571165191740412803e+00 0.000000000000000000e+00
-1.567551622418879020e+00 0.000000000000000000e+00
-1.563938053097345016e+00 0.000000000000000000e+00
-1.560324483775811011e+00 0.000000000000000000e+00
-1.556710914454277228e+00 0.000000000000000000e+00
-1.553097345132743223e+00 0.000000000000000000e+00
-1.549483775811209441e+00 0.000000000000000000e+00
-1.545870206489675436e+00 0.000000000000000000e+00
-1.542256637168141431e+00 0.000000000000000000e+00
-1.538643067846607426e+00 0.000000000000000000e+00
-1.535029498525073643e+00 0.000000000000000000e+00
-1.531415929203539639e+00 0.000000000000000000e+00
-1.527802359882005856e+00 0.000000000000000000e+00
-1.524188790560471851e+00 0.000000000000000000e+00
-1.520575221238937846e+00 0.000000000000000000e+00
-1.516961651917404064e+00 0.000000000000000000e+00
-1.513348082595870059e+00 0.000000000000000000e+00
-1.509734513274336276e+00 0.000000000000000000e+00
-1.506120943952802271e+00 0.000000000000000000e+00
-1.502507374631268267e+00 0.000000000000000000e+00
-1.498893805309734262e+00 0.000000000000000000e+00
-1.495280235988200479e+00 0.000000000000000000e+00
-1.491666666666666474e+00 0.000000000000000000e+00
-1.488053097345132691e+00 0.000000000000000000e+00
-1.484439528023598687e+00 0.000000000000000000e+00
-1.480825958702064682e+00 0.000000000000000000e+00
-1.477212389380530899e+00 0.000000000000000000e+00
-1.473598820058996894e+00 0.000000000000000000e+00
-1.469985250737463112e+00 0.000000000000000000e+00
-1.466371681415929107e+00 0.000000000000000000e+00
-1.462758112094395102e+00 0.000000000000000000e+00
-1.459144542772861097e+00 0.000000000000000000e+00
-1.455530973451327315e+00 0.000000000000000000e+00
-1.451917404129793310e+00 0.000000000000000000e+00
-1.448303834808259527e+00 0.000000000000000000e+00
-1.444690265486725522e+00 0.000000000000000000e+00
-1.441076696165191517e+00 0.000000000000000000e+00
-1.437463126843657735e+00 0.000000000000000000e+00
-1.433849557522123730e+00 0.000000000000000000e+00
-1.430235988200589947e+00 0.000000000000000000e+00
-1.426622418879055942e+00 0.000000000000000000e+00
-1.423008849557521938e+00 0.000000000000000000e+00
-1.419395280235987933e+00 0.000000000000000000e+00
-1.415781710914454150e+00 0.000000000000000000e+00
-1.412168141592920145e+00 0.000000000000000000e+00
-1.408554572271386363e+00 0.000000000000000000e+00
-1.404941002949852358e+00 0.000000000000000000e+00
-1.401327433628318353e+00 0.000000000000000000e+00
-1.397713864306784570e+00 0.000000000000000000e+00
-1.394100294985250565e+00 0.000000000000000000e+00
-1.390486725663716783e+00 0.000000000000000000e+00
-1.386873156342182778e+00 0.000000000000000000e+00
-1.383259587020648773e+00 0.000000000000000000e+00
-1.379646017699114768e+00 0.000000000000000000e+00
-1.376032448377580986e+00 0.000000000000000000e+00
-1.372418879056047203e+00 0.000000000000000000e+00
-1.368805309734513198e+00 0.000000000000000000e+00
-1.365191740412979193e+00 0.000000000000000000e+00
-1.361578171091445189e+00 0.000000000000000000e+00
-1.357964601769911406e+00 0.000000000000000000e+00
-1.354351032448377401e+00 0.000000000000000000e+00
-1.350737463126843618e+00 0.000000000000000000e+00
-1.347123893805309613e+00 0.000000000000000000e+00
-1.343510324483775609e+00 0.000000000000000000e+00
-1.339896755162241604e+00 0.000000000000000000e+00
-1.336283185840707821e+00 0.000000000000000000e+00
-1.332669616519174038e+00 0.000000000000000000e+00
-1.329056047197640034e+00 0.000000000000000000e+00
-1.325442477876106029e+00 0.000000000000000000e+00
-1.321828908554572024e+00 0.000000000000000000e+00
-1.318215339233038241e+00 0.000000000000000000e+00
-1.314601769911504237e+00 0.000000000000000000e+00
-1.310988200589970454e+00 0.000000000000000000e+00
-1.307374631268436449e+00 0.000000000000000000e+00
-1.303761061946902444e+00 0.000000000000000000e+00
-1.300147492625368439e+00 0.000000000000000000e+00
-1.296533923303834657e+00 0.000000000000000000e+00
-1.292920353982300874e+00 0.000000000000000000e+00
-1.289306784660766869e+00 0.000000000000000000e+00
-1.285693215339232864e+00 0.000000000000000000e+00
-1.282079646017698860e+00 0.000000000000000000e+00
-1.278466076696165077e+00 0.000000000000000000e+00
-1.274852507374631072e+00 0.000000000000000000e+00
-1.271238938053097289e+00 0.000000000000000000e+00
-1.267625368731563285e+00 0.000000000000000000e+00
-1.264011799410029280e+00 0.000000000000000000e+00
-1.260398230088495275e+00 0.000000000000000000e+00
-1.256784660766961492e+00 0.000000000000000000e+00
-1.253171091445427709e+00 0.000000000000000000e+00
-1.249557522123893705e+00 0.000000000000000000e+00
-1.245943952802359700e+00 0.000000000000000000e+00
-1.242330383480825695e+00 0.000000000000000000e+00
-1.238716814159291912e+00 0.000000000000000000e+00
-1.235103244837757908e+00 0.000000000000000000e+00
-1.231489675516224125e+00 0.000000000000000000e+00
-1.227876106194690120e+00 0.000000000000000000e+00
-1.224262536873156115e+00 0.000000000000000000e+00
-1.220648967551622111e+00 0.000000000000000000e+00
-1.217035398230088328e+00 0.000000000000000000e+00
-1.213421828908554545e+00 0.000000000000000000e+00
-1.209808259587020540e+00 0.000000000000000000e+00
-1.206194690265486535e+00 0.000000000000000000e+00
-1.202581120943952531e+00 0.000000000000000000e+00
-1.198967551622418748e+00 0.000000000000000000e+00
-1.195353982300884743e+00 0.000000000000000000e+00
-1.191740412979350960e+00 0.000000000000000000e+00
-1.188126843657816956e+00 0.000000000000000000e+00
-1.184513274336282951e+00 0.000000000000000000e+00
-1.180899705014748946e+00 0.000000000000000000e+00
-1.177286135693215163e+00 0.000000000000000000e+00
-1.173672566371681381e+00 0.000000000000000000e+00
-1.170058997050147376e+00 0.000000000000000000e+00
-1.166445427728613371e+00 0.000000000000000000e+00
-1.162831858407079366e+00 0.000000000000000000e+00
-1.159218289085545583e+00 0.000000000000000000e+00
-1.155604719764011579e+00 0.000000000000000000e+00
-1.151991150442477796e+00 0.000000000000000000e+00
-1.148377581120943791e+00 0.000000000000000000e+00
-1.144764011799409786e+00 0.000000000000000000e+00
-1.141150442477875782e+00 0.000000000000000000e+00
-1.137536873156341999e+00 0.000000000000000000e+00
-1.133923303834808216e+00 0.000000000000000000e+00
-1.130309734513274211e+00 0.000000000000000000e+00
-1.126696165191740207e+00 0.000000000000000000e+00
-1.123082595870206202e+00 0.000000000000000000e+00
-1.119469026548672419e+00 0.000000000000000000e+00
-1.115855457227138636e+00 0.000000000000000000e+00
-1.112241887905604631e+00 0.000000000000000000e+00
-1.108628318584070627e+00 0.000000000000000000e+00
-1.105014749262536622e+00 0.000000000000000000e+00
-1.101401179941002617e+00 0.000000000000000000e+00
-1.097787610619468834e+00 0.000000000000000000e+00
-1.094174041297935052e+00 0.000000000000000000e+00
-1.090560471976401047e+00 0.000000000000000000e+00
-1.086946902654867042e+00 0.000000000000000000e+00
-1.083333333333333037e+00 0.000000000000000000e+00
-1.079719764011799255e+00 0.000000000000000000e+00
-1.076106194690265472e+00 0.000000000000000000e+00
-1.072492625368731467e+00 0.000000000000000000e+00
-1.068879056047197462e+00 0.000000000000000000e+00
-1.065265486725663457e+00 0.000000000000000000e+00
-1.061651917404129453e+00 0.000000000000000000e+00
-1.058038348082595670e+00 0.000000000000000000e+00
-1.054424778761061887e+00 0.000000000000000000e+00
-1.050811209439527882e+00 0.000000000000000000e+00
-1.047197640117993878e+00 0.000000000000000000e+00
-1.043584070796459873e+00 0.000000000000000000e+00
-1.039970501474926090e+00 0.000000000000000000e+00
-1.036356932153392307e+00 0.000000000000000000e+00
-1.032743362831858303e+00 0.000000000000000000e+00
-1.029129793510324298e+00 0.000000000000000000e+00
-1.025516224188790293e+00 0.000000000000000000e+00
-1.021902654867256510e+00 0.000000000000000000e+00
-1.018289085545722505e+00 0.000000000000000000e+00
-1.014675516224188723e+00 0.000000000000000000e+00
-1.011061946902654718e+00 0.000000000000000000e+00
-1.007448377581120713e+00 0.000000000000000000e+00
-1.003834808259586708e+00 0.000000000000000000e+00
-1.000221238938052926e+00 0.000000000000000000e+00
-9.966076696165190318e-01 0.000000000000000000e+00
-9.929941002949850271e-01 0.000000000000000000e+00
-9.893805309734511333e-01 0.000000000000000000e+00
-9.857669616519172395e-01 0.000000000000000000e+00
-9.821533923303833458e-01 0.000000000000000000e+00
-9.785398230088493410e-01 0.000000000000000000e+00
-9.749262536873154472e-01 0.000000000000000000e+00
-9.713126843657815535e-01 0.000000000000000000e+00
-9.676991150442475487e-01 0.000000000000000000e+00
-9.640855457227136549e-01 0.000000000000000000e+00
-9.604719764011797611e-01 0.000000000000000000e+00
-9.568584070796458674e-01 0.000000000000000000e+00
-9.532448377581118626e-01 0.000000000000000000e+00
-9.496312684365779688e-01 0.000000000000000000e+00
-9.460176991150440751e-01 0.000000000000000000e+00
-9.424041297935101813e-01 0.000000000000000000e+00
-9.387905604719761765e-01 0.000000000000000000e+00
-9.351769911504422828e-01 0.000000000000000000e+00
-9.315634218289083890e-01 0.000000000000000000e+00
-9.279498525073743842e-01 0.000000000000000000e+00
-9.243362831858404904e-01 0.000000000000000000e+00
-9.207227138643065967e-01 0.000000000000000000e+00
-9.171091445427727029e-01 0.000000000000000000e+00
-9.134955752212386981e-01 0.000000000000000000e+00
-9.098820058997048044e-01 0.000000000000000000e+00
-9.062684365781709106e-01 0.000000000000000000e+00
-9.026548672566370168e-01 0.000000000000000000e+00
-8.990412979351030121e-01 0.000000000000000000e+00
-8.954277286135692293e-01 0.000000000000000000e+00
-8.918141592920352245e-01 0.000000000000000000e+00
-8.882005899705012197e-01 0.000000000000000000e+00
-8.845870206489674370e-01 0.000000000000000000e+00
-8.809734513274334322e-01 0.000000000000000000e+00
-8.773598820058994274e-01 0.000000000000000000e+00
-8.737463126843656447e-01 0.000000000000000000e+00
-8.701327433628316399e-01 0.000000000000000000e+00
-8.665191740412976351e-01 0.000000000000000000e+00
-8.629056047197638524e-01 0.000000000000000000e+00
-8.592920353982298476e-01 0.000000000000000000e+00
-8.556784660766960648e-01 0.000000000000000000e+00
-8.520648967551620601e-01 0.000000000000000000e+00
-8.484513274336280553e-01 0.000000000000000000e+00
-8.448377581120942725e-01 0.000000000000000000e+00
-8.412241887905602677e-01 0.000000000000000000e+00
-8.376106194690262630e-01 0.000000000000000000e+00
-8.339970501474924802e-01 0.000000000000000000e+00
-8.303834808259584754e-01 0.000000000000000000e+00
-8.267699115044244706e-01 0.000000000000000000e+00
-8.231563421828906879e-01 0.000000000000000000e+00
-8.195427728613566831e-01 0.000000000000000000e+00
-8.159292035398229004e-01 0.000000000000000000e+00
-8.123156342182888956e-01 0.000000000000000000e+00
-8.087020648967548908e-01 0.000000000000000000e+00
-8.050884955752211081e-01 0.000000000000000000e+00
-8.014749262536871033e-01 0.000000000000000000e+00
-7.978613569321530985e-01 0.000000000000000000e+00
-7.942477876106193158e-01 0.000000000000000000e+00
-7.906342182890853110e-01 0.000000000000000000e+00
-7.870206489675513062e-01 0.000000000000000000e+00
-7.834070796460175234e-01 0.000000000000000000e+00
-7.797935103244835187e-01 0.000000000000000000e+00
-7.761799410029497359e-01 0.000000000000000000e+00
-7.725663716814157311e-01 0.000000000000000000e+00
-7.689528023598817263e-01 0.000000000000000000e+00
-7.653392330383479436e-01 0.000000000000000000e+00
-7.617256637168139388e-01 0.000000000000000000e+00
-7.581120943952799340e-01 0.000000000000000000e+00
-7.544985250737461513e-01 0.000000000000000000e+00
-7.508849557522121465e-01 0.000000000000000000e+00
-7.472713864306783638e-01 0.000000000000000000e+00
-7.436578171091443590e-01 0.000000000000000000e+00
-7.400442477876103542e-01 0.000000000000000000e+00
-7.364306784660765715e-01 0.000000000000000000e+00
-7.328171091445425667e-01 0.000000000000000000e+00
-7.292035398230085619e-01 0.000000000000000000e+00
-7.255899705014747791e-01 0.000000000000000000e+00
-7.219764011799407744e-01 0.000000000000000000e+00
-7.183628318584067696e-01 0.000000000000000000e+00
-7.147492625368729868e-01 0.000000000000000000e+00
-7.111356932153389820e-01 0.000000000000000000e+00
-7.075221238938051993e-01 0.000000000000000000e+00
-7.039085545722711945e-01 0.000000000000000000e+00
-7.002949852507371897e-01 0.000000000000000000e+00
-6.966814159292034070e-01 0.000000000000000000e+00
-6.930678466076694022e-01 0.000000000000000000e+00
-6.894542772861353974e-01 0.000000000000000000e+00
-6.858407079646016147e-01 0.000000000000000000e+00
-6.822271386430676099e-01 0.000000000000000000e+00
-6.786135693215336051e-01 0.000000000000000000e+00
-6.749999999999998224e-01 0.000000000000000000e+00
-6.713864306784658176e-01 0.000000000000000000e+00
-6.677728613569320348e-01 0.000000000000000000e+00
-6.641592920353980301e-01 0.000000000000000000e+00
-6.605457227138640253e-01 0.000000000000000000e+00
-6.569321533923302425e-01 0.000000000000000000e+00
-6.533185840707962377e-01 0.000000000000000000e+00
-6.497050147492622330e-01 0.000000000000000000e+00
-6.460914454277284502e-01 0.000000000000000000e+00
-6.424778761061944454e-01 0.000000000000000000e+00
-6.388643067846604406e-01 0.000000000000000000e+00
-6.352507374631266579e-01 0.000000000000000000e+00
-6.316371681415926531e-01 0.000000000000000000e+00
-6.280235988200588704e-01 0.000000000000000000e+00
-6.244100294985248656e-01 0.000000000000000000e+00
-6.207964601769908608e-01 0.000000000000000000e+00
-6.171828908554570781e-01 0.000000000000000000e+00
-6.135693215339230733e-01 0.000000000000000000e+00
-6.099557522123890685e-01 0.000000000000000000e+00
-6.063421828908552857e-01 0.000000000000000000e+00
-6.027286135693212810e-01 0.000000000000000000e+00
-5.991150442477872762e-01 0.000000000000000000e+00
-5.955014749262534934e-01 0.000000000000000000e+00
-5.918879056047194887e-01 0.000000000000000000e+00
-5.882743362831857059e-01 0.000000000000000000e+00
-5.846607669616517011e-01 0.000000000000000000e+00
-5.810471976401176963e-01 0.000000000000000000e+00
-5.774336283185839136e-01 0.000000000000000000e+00
-5.738200589970499088e-01 0.000000000000000000e+00
-5.702064896755159040e-01 0.000000000000000000e+00
-5.665929203539821213e-01 0.000000000000000000e+00
-5.629793510324481165e-01 0.000000000000000000e+00
-5.593657817109143338e-01 0.000000000000000000e+00
-5.557522123893803290e-01 2.616934719574431680e-315
-5.521386430678463242e-01 2.670244004990023938e-297
-5.485250737463125414e-01 2.610752511601135583e-280
-5.449115044247785367e-01 2.791442529165902318e-264
-5.412979351032445319e-01 3.697451001653530571e-249
-5.376843657817107491e-01 6.824988998203328342e-235
-5.340707964601767443e-01 1.961851696166310568e-221
-5.304572271386427396e-01 9.752580548216646982e-209
-5.268436578171089568e-01 9.256029169125573999e-197
-5.232300884955749520e-01 1.841308453360210904e-185
-5.196165191740411693e-01 8.384710609123436503e-175
-5.160029498525071645e-01 9.497708035955758125e-165
-5.123893805309731597e-01 2.894648488805301829e-155
-5.087758112094393770e-01 2.556101293321786868e-146
-5.051622418879053722e-01 7.013166417644860169e-138
-5.015486725663713674e-01 6.386225566597174309e-130
-4.979351032448375847e-01 2.053979745804370904e-122
-4.943215339233035799e-01 2.474434143258125083e-115
-4.907079646017695751e-01 1.180193970567553167e-108
-4.870943952802357924e-01 2.348243748290308766e-102
-4.834808259587017876e-01 2.047767549197978192e-96
-4.798672566371680048e-01 8.199626216865616541e-91
-4.762536873156340000e-01 1.575332757505954615e-85
-4.726401179940999953e-01 1.513662784543021480e-80
-4.690265486725662125e-01 7.564209645191477276e-76
-4.654129793510322077e-01 2.039937925667082821e-71
-4.617994100294982029e-01 3.074163307459267584e-67
-4.581858407079644202e-01 2.675335193218312224e-63
-4.545722713864304154e-01 1.386917168648927992e-59
-4.509587020648964106e-01 4.410258302968149171e-56
-4.473451327433626279e-01 8.843454298666127026e-53
-4.437315634218286231e-01 1.147759565035288561e-49
-4.401179941002948404e-01 9.881870552015150372e-47
-4.365044247787608356e-01 5.776599754161197293e-44
-4.328908554572268308e-01 2.343512351216553551e-41
-4.292772861356930481e-01 6.736036021244749241e-39
-4.256637168141590433e-01 1.398806473563283482e-36
-4.220501474926250385e-01 2.137582598818084358e-34
-4.184365781710912557e-01 2.445936327594981497e-32
-4.148230088495572510e-01 2.130314140626624102e-30
-4.112094395280232462e-01 1.434286883587924136e-28
-4.075958702064894634e-01 7.574619599447739475e-27
-4.039823008849554586e-01 3.181257919057367588e-25
-4.003687315634216759e-01 1.076448950472819116e-23
-3.967551622418876711e-01 2.970771054820681567e-22
-3.931415929203536663e-01 6.764725381684109559e-21
-3.895280235988198836e-01 1.284921977842638399e-19
-3.859144542772858788e-01 2.056939810121337588e-18
-3.823008849557518740e-01 2.802235630251031491e-17
-3.786873156342180913e-01 3.278744344795971690e-16
-3.750737463126840865e-01 3.323432902187791256e-15
-3.714601769911500817e-01 2.942300686865682133e-14
-3.678466076696162990e-01 2.292724923530700307e-13
-3.642330383480822942e-01 1.583932052655211668e-12
-3.606194690265485114e-01 9.768263821811943337e-12
-3.570058997050145067e-01 5.412559134161668057e-11
-3.533923303834805019e-01 2.711076175759311405e-10
-3.497787610619467191e-01 1.234622070769739062e-09
-3.461651917404127143e-01 5.139698151064098969e-09
-3.425516224188787096e-01 1.965970500664186719e-08
-3.389380530973449268e-01 6.943057878550950252e-08
-3.353244837758109220e-01 2.274252814782700864e-07
-3.317109144542771393e-01 6.939185332414132125e-07
-3.280973451327431345e-01 1.980258273137062273e-06
-3.244837758112091297e-01 5.305676433260562831e-06
-3.208702064896753470e-01 1.339470101918957047e-05
-3.172566371681413422e-01 3.197256639932152616e-05
-3.136430678466073374e-01 7.238843365106920839e-05
-3.100294985250735547e-01 1.559279343763818630e-04
-3.064159292035395499e-01 3.204667098858837368e-04
-3.028023598820055451e-01 6.301107603138549756e-04
-2.991887905604717623e-01 1.188310954095370131e-03
-2.955752212389377576e-01 2.154587144027387581e-03
-2.919616519174039748e-01 3.764446562634329602e-03
-2.883480825958699700e-01 6.351376117924349696e-03
-2.847345132743359652e-01 1.036902646152619567e-02
-2.811209439528021825e-01 1.641102548797464603e-02
-2.775073746312681777e-01 2.522541267897465342e-02
-2.738938053097341729e-01 3.772060561414605079e-02
-2.702802359882003902e-01 5.496017474679211479e-02
-2.666666666666663854e-01 7.814451474059598557e-02
-2.630530973451323806e-01 1.085786808437888828e-01
-2.594395280235985979e-01 1.476270581016537187e-01
-2.558259587020645931e-01 1.966569589537930651e-01
-2.522123893805308104e-01 2.569745036912022274e-01
-2.485988200589968056e-01 3.297570594226054141e-01
-2.449852507374628008e-01 4.159869828922040935e-01
-2.413716814159290180e-01 5.163913865667693059e-01
-2.377581120943950133e-01 6.313921519551288775e-01
-2.341445427728610085e-01 7.610695341828984661e-01
-2.305309734513272257e-01 9.051415621920946286e-01
-2.269174041297932209e-01 1.062960181592308206e+00
-2.233038348082592162e-01 1.233523850089869089e+00
-2.196902654867254334e-01 1.415505195431264740e+00
-2.160766961651914286e-01 1.607291467859763845e+00
-2.124631268436576459e-01 1.807034911796547849e+00
-2.088495575221236411e-01 2.012709858270884666e+00
-2.052359882005896363e-01 2.222173284192701548e+00
-2.016224188790558536e-01 2.433225758517805648e+00
-1.980088495575218488e-01 2.643670046875572055e+00
-1.943952802359878440e-01 2.851365118108417196e+00
-1.907817109144540613e-01 3.054273832556325008e+00
-1.871681415929200565e-01 3.250503143207468693e+00
-1.835545722713860517e-01 3.438336166742230304e+00
-1.799410029498522690e-01 3.616255952369049620e+00
-1.763274336283182642e-01 3.782961173146460077e+00
-1.727138643067844814e-01 3.937374277741834128e+00
-1.691002949852504766e-01 4.078642868808482369e+00
-1.654867256637164719e-01 4.206135221956440517e+00
-1.618731563421826891e-01 4.319430935447463149e+00
-1.582595870206486843e-01 4.418307716525111672e+00
-1.546460176991146795e-01 4.502725278016382227e+00
-1.510324483775808968e-01 4.572807250734037154e+00
-1.474188790560468920e-01 4.628821924629727746e+00
-1.438053097345131093e-01 4.671162524557562534e+00
-1.401917404129791045e-01 4.700327613230232515e+00
-1.365781710914450997e-01 4.716902101071624998e+00
-1.329646017699113170e-01 4.721539235141674062e+00
-1.293510324483773122e-01 4.714943840558067478e+00
-1.257374631268433074e-01 4.697857000020440488e+00
-1.221238938053095247e-01 4.671042281238375615e+00
-1.185103244837755199e-01 4.635273558526733950e+00
-1.148967551622415151e-01 4.591324423191506909e+00
-1.112831858407077323e-01 4.539959136783102700e+00
-1.076696165191737276e-01 4.481925050762891161e+00
-1.040560471976399448e-01 4.417946394379703712e+00
-1.004424778761059400e-01 4.348719318311659698e+00
-9.682890855457193524e-02 4.274908073632699868e+00
-9.321533923303815250e-02 4.197142202728163518e+00
-8.960176991150414771e-02 4.116014619833908483e+00
-8.598820058997014293e-02 4.032080462944944266e+00
-8.237463126843636019e-02 3.945856605115000360e+00
-7.876106194690235540e-02 3.857821720940436183e+00
-7.514749262536835062e-02 3.768416812724517673e+00
-7.153392330383456788e-02 3.678046109981258915e+00
-6.792035398230056309e-02 3.587078265200800420e+00
-6.430678466076678035e-02 3.495847777886072816e+00
-6.069321533923277556e-02 3.404656587575754845e+00
-5.707964601769877078e-02 3.313775784755267129e+00
-5.346607669616498804e-02 3.223447396130626252e+00
-4.985250737463098325e-02 3.133886207651647382e+00
-4.623893805309697846e-02 3.045281594900707489e+00
-4.262536873156319572e-02 2.957799336014605540e+00
-3.901179941002919094e-02 2.871583387204364346e+00
-3.539823008849518615e-02 2.786757605212823563e+00
-3.178466076696140341e-02 2.703427404747591911e+00
-2.817109144542739863e-02 2.621681342091236377e+00
-2.455752212389361588e-02 2.541592618774570767e+00
-2.094395280235961110e-02 2.463220501449043809e+00
-1.733038348082560631e-02 2.386611655960334755e+00
-1.371681415929182357e-02 2.311801395153111116e+00
-1.010324483775781879e-02 2.238814841169363579e+00
-6.489675516223814000e-03 2.167668003980057101e+00
-2.876106194690031259e-03 2.098368778647534683e+00
7.374631268439735265e-04 2.030917821666536671e+00
4.351032448377978312e-03 1.965301259489950825e+00
7.964601769911761053e-03 1.901484049800615361e+00
1.157817109144576584e-02 1.839428826793121585e+00
1.519174041297954858e-02 1.779098576975682411e+00
1.880530973451355337e-02 1.720456651318811536e+00
2.241887905604755815e-02 1.663466776753188103e+00
2.603244837758134089e-02 1.608093067024245704e+00
2.964601769911534568e-02 1.554300032912169005e+00
3.325958702064935046e-02 1.502052591826138039e+00
3.687315634218313321e-02 1.451316076782339648e+00
4.048672566371713799e-02 1.402056244775497840e+00
4.410029498525114278e-02 1.354239284554543676e+00
4.771386430678492552e-02 1.307831823812828143e+00
5.132743362831893030e-02 1.262800935804256452e+00
5.494100294985271304e-02 1.219114145396622328e+00
5.855457227138671783e-02 1.176739434573960130e+00
6.216814159292072262e-02 1.135645247400035363e+00
6.578171091445450536e-02 1.095800494455090091e+00
6.939528023598851014e-02 1.057174556758658568e+00
7.300884955752251493e-02 1.019737289190941532e+00
7.662241887905629767e-02 9.834590234258556718e-01
8.023598820059030245e-02 9.483105703887145799e-01
8.384955752212408520e-02 9.142632222519269103e-01
8.746312684365808998e-02 8.812887539818485827e-01
9.107669616519209477e-02 8.493594244503751556e-01
9.469026548672587751e-02 8.184479771246692126e-01
9.830383480825988229e-02 7.885276403485907970e-01
1.019174041297938871e-01 7.595721272293912696e-01
1.055309734513278919e-01 7.315556351431834470e-01
1.091445427728614526e-01 7.044528448727951364e-01
1.127581120943954573e-01 6.782389193914297731e-01
1.163716814159294621e-01 6.528895023057331715e-01
1.199852507374634669e-01 6.283807159714867030e-01
1.235988200589974717e-01 6.046891592953181904e-01
1.272123893805314765e-01 5.817919052356906873e-01
1.308259587020650372e-01 5.596664980161178971e-01
1.344395280235990420e-01 5.382909500636835487e-01
1.380530973451330468e-01 5.176437386856369560e-01
1.416666666666670515e-01 4.977038024967512797e-01
1.452802359882010563e-01 4.784505376098897034e-01
1.488938053097346170e-01 4.598637936021544581e-01
1.525073746312686218e-01 4.419238692687412762e-01
1.561209439528026266e-01 4.246115081764090804e-01
1.597345132743366314e-01 4.079078940283071830e-01
1.633480825958706362e-01 3.917946458516875508e-01
1.669616519174046410e-01 3.762538130197566333e-01
1.705752212389382017e-01 3.612678701187703179e-01
1.741887905604722064e-01 3.468197116711511097e-01
1.778023598820062112e-01 3.328926467252618093e-01
1.814159292035402160e-01 3.194703933221237357e-01
1.850294985250742208e-01 3.065370728491894070e-01
1.886430678466077815e-01 2.940772042909990391e-01
1.922566371681417863e-01 2.820756983862793832e-01
1.958702064896757911e-01 2.705178517008102190e-01
1.994837758112097958e-01 2.593893406250794009e-01
2.030973451327438006e-01 2.486762153055183111e-01
2.067109144542778054e-01 2.383648935178429296e-01
2.103244837758113661e-01 2.284421544907054291e-01
2.139380530973453709e-01 2.188951326876610315e-01
2.175516224188793757e-01 2.097113115551482998e-01
2.211651917404133805e-01 2.008785172439115640e-01
2.247787610619473853e-01 1.923849123110230597e-01
2.283923303834809460e-01 1.842189894094541092e-01
2.320058997050149507e-01 1.763695649717570701e-01
2.356194690265489555e-01 1.688257728943111102e-01
2.392330383480829603e-01 1.615770582281797207e-01
2.428466076696169651e-01 1.546131708824811657e-01
2.464601769911509699e-01 1.479241593458337778e-01
2.500737463126845306e-01 1.415003644312637920e-01
2.536873156342185354e-01 1.353324130496247890e-01
2.573008849557525402e-01 1.294112120164238877e-01
2.609144542772865449e-01 1.237279418966452105e-01
2.645280235988205497e-01 1.182740508919370021e-01
2.681415929203541104e-01 1.130412487743208128e-01
2.717551622418881152e-01 1.080215008703150348e-01
2.753687315634221200e-01 1.032070220991685855e-01
2.789823008849561248e-01 9.859027106867364332e-02
2.825958702064901296e-01 9.416394423178688078e-02
2.862094395280241343e-01 8.992097010713852312e-02
2.898230088495576950e-01 8.585450356622012502e-02
2.934365781710916998e-01 8.195792018992389960e-02
2.970501474926257046e-01 7.822481069685716104e-02
3.006637168141597094e-01 7.464897544568448173e-02
3.042772861356937142e-01 7.122441901357101646e-02
3.078908554572272749e-01 6.794534485261263801e-02
3.115044247787612797e-01 6.480615002597099605e-02
3.151179941002952845e-01 6.180142002526236439e-02
3.187315634218292892e-01 5.892592367058485658e-02
3.223451327433632940e-01 5.617460809441016806e-02
3.259587020648972988e-01 5.354259381042928562e-02
3.295722713864308595e-01 5.102516986826854256e-02
3.331858407079648643e-01 4.861778909487667749e-02
3.367994100294988691e-01 4.631606342324029457e-02
3.404129793510328739e-01 4.411575930894582470e-02
3.440265486725668787e-01 4.201279323499591822e-02
3.476401179941004393e-01 4.000322730515894903e-02
3.512536873156344441e-01 3.808326492601730312e-02
3.548672566371684489e-01 3.624924657778232778e-02
3.584808259587024537e-01 3.449764567381307517e-02
3.620943952802364585e-01 3.282506450871122000e-02
3.657079646017700192e-01 3.122823029473930506e-02
3.693215339233040240e-01 2.970399128623966295e-02
3.729351032448380288e-01 2.824931299163817647e-02
3.765486725663720335e-01 2.686127447253633047e-02
3.801622418879060383e-01 2.553706472932234378e-02
3.837758112094400431e-01 2.427397917265939828e-02
3.873893805309736038e-01 2.306941618013816017e-02
3.910029498525076086e-01 2.192087373732549624e-02
3.946165191740416134e-01 2.082594616237358823e-02
3.982300884955756182e-01 1.978232091330513545e-02
4.018436578171096230e-01 1.878777547703340892e-02
4.054572271386431837e-01 1.784017433913531389e-02
4.090707964601771884e-01 1.693746603334483902e-02
4.126843657817111932e-01 1.607768026969878805e-02
4.162979351032451980e-01 1.525892514022628502e-02
4.199115044247792028e-01 1.447938440104360076e-02
4.235250737463132076e-01 1.373731482968041685e-02
4.271386430678467683e-01 1.303104365644194157e-02
4.307522123893807731e-01 1.235896606858119876e-02
4.343657817109147778e-01 1.171954278603950725e-02
4.379793510324487826e-01 1.111129770748822340e-02
4.415929203539827874e-01 1.053281562539556959e-02
4.452064896755163481e-01 9.982740008820491576e-03
4.488200589970503529e-01 9.459770852632415350e-03
4.524336283185843577e-01 8.962662591840879836e-03
4.560471976401183625e-01 8.490222079712443637e-03
4.596607669616523673e-01 8.041306628351705538e-03
4.632743362831863720e-01 7.614822110415257056e-03
4.668879056047199327e-01 7.209721120630318766e-03
4.705014749262539375e-01 6.825001195787763417e-03
4.741150442477879423e-01 6.459703091884213579e-03
4.777286135693219471e-01 6.112909117090824587e-03
4.813421828908559519e-01 5.783741519231422844e-03
4.849557522123895126e-01 5.471360926461501031e-03
4.885693215339235174e-01 5.174964839846504620e-03
4.921828908554575222e-01 4.893786176548570697e-03
4.957964601769915269e-01 4.627091862341086402e-03
4.994100294985255317e-01 4.374181472182311903e-03
5.030235988200595365e-01 4.134385917593426558e-03
5.066371681415930972e-01 3.907066179599196463e-03
5.102507374631271020e-01 3.691612086004774414e-03
5.138643067846611068e-01 3.487441131797522961e-03
5.174778761061951116e-01 3.293997341479663020e-03
5.210914454277291163e-01 3.110750172154137100e-03
5.247050147492626770e-01 2.937193456203811975e-03
5.283185840707966818e-01 2.772844382422693776e-03
5.319321533923306866e-01 2.617242514476464561e-03
5.355457227138646914e-01 2.469948845588276938e-03
5.391592920353986962e-01 2.330544888366253321e-03
5.427728613569327010e-01 2.198631798708420952e-03
5.463864306784662617e-01 2.073829532741045846e-03
5.500000000000002665e-01 1.955776035767044490e-03
5.536135693215342712e-01 1.844126462221590181e-03
5.572271386430682760e-01 1.738552425653019321e-03
5.608407079646022808e-01 1.638741277767602304e-03
5.644542772861358415e-01 1.544395415598735603e-03
5.680678466076698463e-01 1.455231615880759341e-03
5.716814159292038511e-01 1.370980395730131115e-03
5.752949852507378559e-01 1.291385398756729821e-03
5.789085545722718606e-01 1.216202805749270902e-03
5.825221238938058654e-01 1.145200769100227379e-03
5.861356932153394261e-01 1.078158870155744619e-03
5.897492625368734309e-01 1.014867598697221599e-03
5.933628318584074357e-01 9.551278537815990812e-04
5.969764011799414405e-01 8.987504651878487714e-04
6.005899705014754453e-01 8.455557347370330464e-04
6.042035398230090060e-01 7.953729967736916087e-04
6.078171091445430108e-01 7.480401971157277664e-04
6.114306784660770155e-01 7.034034897995630102e-04
6.150442477876110203e-01 6.613168509664628858e-04
6.186578171091450251e-01 6.216417092549975402e-04
6.222713864306790299e-01 5.842465920832366766e-04
6.258849557522125906e-01 5.490067872225092883e-04
6.294985250737465954e-01 5.158040190827861563e-04
6.331120943952806002e-01 4.845261391474831297e-04
6.367256637168146050e-01 4.550668300127000735e-04
6.403392330383486097e-01 4.273253225032558637e-04
6.439528023598821704e-01 4.012061253545687193e-04
6.475663716814161752e-01 3.766187669656959817e-04
6.511799410029501800e-01 3.534775487452090394e-04
6.547935103244841848e-01 3.317013095870206796e-04
6.584070796460181896e-01 3.112132010289558686e-04
6.620206489675521944e-01 2.919404726615889320e-04
6.656342182890857551e-01 2.738142673698964503e-04
6.692477876106197598e-01 2.567694260042526606e-04
6.728613569321537646e-01 2.407443010916497520e-04
6.764749262536877694e-01 2.256805792112919601e-04
6.800884955752217742e-01 2.115231116723315932e-04
6.837020648967553349e-01 1.982197531442343090e-04
6.873156342182893397e-01 1.857212079029174493e-04
6.909292035398233445e-01 1.739808833681634058e-04
6.945427728613573493e-01 1.629547506195521225e-04
6.981563421828913540e-01 1.526012115898639141e-04
7.017699115044253588e-01 1.428809726461526799e-04
7.053834808259589195e-01 1.337569242795256760e-04
7.089970501474929243e-01 1.251940266353894450e-04
7.126106194690269291e-01 1.171592006260956326e-04
7.162241887905609339e-01 1.096212243779703184e-04
7.198377581120949387e-01 1.025506347743498090e-04
7.234513274336284994e-01 9.591963386558083348e-05
7.270648967551625041e-01 8.970199992606065365e-05
7.306784660766965089e-01 8.387300294712167416e-05
7.342920353982305137e-01 7.840932436307604522e-05
7.379056047197645185e-01 7.328898081593157230e-05
7.415191740412985233e-01 6.849125177223271989e-05
7.451327433628320840e-01 6.399661081313874481e-05
7.487463126843660888e-01 5.978666042625762668e-05
7.523598820059000936e-01 5.584407013490699930e-05
7.559734513274340983e-01 5.215251780735313895e-05
7.595870206489681031e-01 4.869663399525193676e-05
7.632005899705016638e-01 4.546194915692202846e-05
7.668141592920356686e-01 4.243484362726278162e-05
7.704277286135696734e-01 3.960250020209464024e-05
7.740412979351036782e-01 3.695285921042812849e-05
7.776548672566376830e-01 3.447457595370200369e-05
7.812684365781712437e-01 3.215698039634887022e-05
7.848820058997052485e-01 2.999003899714876092e-05
7.884955752212392532e-01 2.796431857577718006e-05
7.921091445427732580e-01 2.607095211365408494e-05
7.957227138643072628e-01 2.430160639276996467e-05
7.993362831858412676e-01 2.264845138051974736e-05
8.029498525073748283e-01 2.110413127277624220e-05
8.065634218289088331e-01 1.966173711145385866e-05
8.101769911504428379e-01 1.831478089668520700e-05
8.137905604719768426e-01 1.705717111743665658e-05
8.174041297935108474e-01 1.588318962794175028e-05
8.210176991150444081e-01 1.478746980074471985e-05
8.246312684365784129e-01 1.376497589041086596e-05
8.282448377581124177e-01 1.281098354508911354e-05
8.318584070796464225e-01 1.192106140611138490e-05
8.354719764011804273e-01 1.109105373868184892e-05
8.390855457227144321e-01 1.031706403945860774e-05
8.426991150442479928e-01 9.595439569453821120e-06
8.463126843657819975e-01 8.922756763198350875e-06
8.499262536873160023e-01 8.295807467516438878e-06
8.535398230088500071e-01 7.711585965555529744e-06
8.571533923303840119e-01 7.167276743913433545e-06
8.607669616519175726e-01 6.660242962799937895e-06
8.643805309734515774e-01 6.188015591175660445e-06
8.679941002949855822e-01 5.748283170724803788e-06
8.716076696165195870e-01 5.338882174340216459e-06
8.752212389380535917e-01 4.957787926545090928e-06
8.788348082595875965e-01 4.603106054933700686e-06
8.824483775811211572e-01 4.273064443301551021e-06
8.860619469026551620e-01 3.966005658641738208e-06
8.896755162241891668e-01 3.680379825627187589e-06
8.932890855457231716e-01 3.414737923566308149e-06
8.969026548672571764e-01 3.167725482129684211e-06
9.005162241887907371e-01 2.938076653384155478e-06
9.041297935103247418e-01 2.724608638858854906e-06
9.077433628318587466e-01 2.526216451491833190e-06
9.113569321533927514e-01 2.341867993376705004e-06
9.149705014749267562e-01 2.170599431250601654e-06
9.185840707964607610e-01 2.011510852631849426e-06
9.221976401179943217e-01 1.863762186435844717e-06
9.258112094395283265e-01 1.726569372776115517e-06
9.294247787610623313e-01 1.599200767485612250e-06
9.330383480825963360e-01 1.480973767684442127e-06
9.366519174041303408e-01 1.371251645470277919e-06
9.402654867256639015e-01 1.269440577518348157e-06
9.438790560471979063e-01 1.174986859053318239e-06
9.474926253687319111e-01 1.087374291296942411e-06
9.511061946902659159e-01 1.006121732101315565e-06
9.547197640117999207e-01 9.307808000551004106e-07
9.583333333333339255e-01 8.609337228947735464e-07
9.619469026548674861e-01 7.961913215713766215e-07
9.655604719764014909e-01 7.361911218128767869e-07
9.691740412979354957e-01 6.805955854865148322e-07
9.727876106194695005e-01 6.290904545052924584e-07
9.764011799410035053e-01 5.813832004386787833e-07
9.800147492625370660e-01 5.372015733814772834e-07
9.836283185840710708e-01 4.962922440074330778e-07
9.872418879056050756e-01 4.584195330862855504e-07
9.908554572271390803e-01 4.233642230765216116e-07
9.944690265486730851e-01 3.909224467208927889e-07
9.980825958702070899e-01 3.609046478695135505e-07
1.001696165191740651e+00 3.331346100367582782e-07
1.005309734513274655e+00 3.074485484637577290e-07
1.008923303834808660e+00 2.836942617094498815e-07
1.012536873156342665e+00 2.617303390298644368e-07
1.016150442477876670e+00 2.414254200290827384e-07
1.019764011799410230e+00 2.226575032763735146e-07
1.023377581120944235e+00 2.053133007830172774e-07
1.026991150442478240e+00 1.892876354201419408e-07
1.030604719764012245e+00 1.744828785360273527e-07
1.034218289085546250e+00 1.608084251981423141e-07
1.037831858407080254e+00 1.481802046426069912e-07
1.041445427728613815e+00 1.365202236618903873e-07
1.045058997050147820e+00 1.257561408012860572e-07
1.048672566371681825e+00 1.158208693661209420e-07
1.052286135693215829e+00 1.066522073654612499e-07
1.055899705014749834e+00 9.819249263469045100e-08
1.059513274336283395e+00 9.038828148891013233e-08
1.063126843657817400e+00 8.319004936228170723e-08
1.066740412979351404e+00 7.655191198561115479e-08
1.070353982300885409e+00 7.043136574550329444e-08
1.073967551622419414e+00 6.478904595444529103e-08
1.077581120943953419e+00 5.958850184159046428e-08
1.081194690265486980e+00 5.479598714999480679e-08
1.084808259587020984e+00 5.038026529705536806e-08
1.088421828908554989e+00 4.631242812186152054e-08
1.092035398230088994e+00 4.256572730591309024e-08
1.095648967551622999e+00 3.911541761258046153e-08
1.099262536873156559e+00 3.593861114601198958e-08
1.102876106194690564e+00 3.301414188204084110e-08
1.106489675516224569e+00 3.032243977239611248e-08
1.110103244837758574e+00 2.784541376910924947e-08
1.113716814159292579e+00 2.556634315885353062e-08
1.117330383480826583e+00 2.346977663707449907e-08
1.120943952802360144e+00 2.154143858937624971e-08
1.124557522123894149e+00 1.976814208286363280e-08
1.128171091445428154e+00 1.813770810315197300e-08
1.131784660766962158e+00 1.663889060366434973e-08
1.135398230088496163e+00 1.526130696279393425e-08
1.139011799410029724e+00 1.399537347156921888e-08
1.142625368731563729e+00 1.283224549986240598e-08
1.146238938053097733e+00 1.176376201286986548e-08
1.149852507374631738e+00 1.078239413178754022e-08
1.153466076696165743e+00 9.881197453390060953e-09
1.157079646017699748e+00 9.053767862577040495e-09
1.160693215339233308e+00 8.294200590137339383e-09
1.164306784660767313e+00 7.597052284901388167e-09
1.167920353982301318e+00 6.957305885306727679e-09
1.171533923303835323e+00 6.370338090187167520e-09
1.175147492625369328e+00 5.831889242424867698e-09
1.178761061946902888e+00 5.338035451995110939e-09
1.182374631268436893e+00 4.885162796982867997e-09
1.185988200589970898e+00 4.469943452388624471e-09
1.189601769911504903e+00 4.089313607026537128e-09
1.193215339233038907e+00 3.740453038601564879e-09
1.196828908554572468e+00 3.420766226176424542e-09
1.200442477876106473e+00 3.127864887744191263e-09
1.204056047197640478e+00 2.859551838556739447e-09
1.207669616519174483e+00 2.613806073243444005e-09
1.211283185840708487e+00 2.388768981648411541e-09
1.214896755162242492e+00 2.182731614725104956e-09
1.218510324483776053e+00 1.994122922804327065e-09
1.222123893805310058e+00 1.821498894114592806e-09
1.225737463126844062e+00 1.663532526614747671e-09
1.229351032448378067e+00 1.519004571017004621e-09
1.232964601769912072e+00 1.386794987366904016e-09
1.236578171091445633e+00 1.265875061718388410e-09
1.240191740412979637e+00 1.155300133324210054e-09
1.243805309734513642e+00 1.054202886371726088e-09
1.247418879056047647e+00 9.617871636491906203e-10
1.251032448377581652e+00 8.773222626475142448e-10
1.254646017699115657e+00 8.001376774995649378e-10
1.258259587020649217e+00 7.296182528550233655e-10
1.261873156342183222e+00 6.651997182855081542e-10
1.265486725663717227e+00 6.063645741431758951e-10
1.269100294985251232e+00 5.526383019479612724e-10
1.272713864306785236e+00 5.035858743836126596e-10
1.276327433628318797e+00 4.588085418397806876e-10
1.279941002949852802e+00 4.179408741610783610e-10
1.283554572271386807e+00 3.806480378638417707e-10
1.287168141592920811e+00 3.466232905639648788e-10
1.290781710914454816e+00 3.155856757349335440e-10
1.294395280235988821e+00 2.872779021895908880e-10
1.298008849557522382e+00 2.614643938613871067e-10
1.301622418879056386e+00 2.379294965550673419e-10
1.305235988200590391e+00 2.164758293521077819e-10
1.308849557522124396e+00 1.969227692947280122e-10
1.312463126843658401e+00 1.791050588431347224e-10
1.316076696165191962e+00 1.628715264058693678e-10
1.319690265486725966e+00 1.480839109887497586e-10
1.323303834808259971e+00 1.346157826979092959e-10
1.326917404129793976e+00 1.223515514709870440e-10
1.330530973451327981e+00 1.111855570008399180e-10
1.334144542772861985e+00 1.010212333626218003e-10
1.337758112094395546e+00 9.177034235965894506e-11
1.341371681415929551e+00 8.335227007090346017e-11
1.344985250737463556e+00 7.569338151370947456e-11
1.348598820058997561e+00 6.872642873467064335e-11
1.352212389380531565e+00 6.239000800953035688e-11
1.355825958702065126e+00 5.662806217328801985e-11
1.359439528023599131e+00 5.138942441586394148e-11
1.363053097345133136e+00 4.662740016868158161e-11
1.366666666666667140e+00 4.229938397526924337e-11
1.370280235988201145e+00 3.836650848600978748e-11
1.373893805309735150e+00 3.479332294522956288e-11
1.377507374631268711e+00 3.154749874892214076e-11
1.381120943952802715e+00 2.859955984552944066e-11
1.384734513274336720e+00 2.592263593091303434e-11
1.388348082595870725e+00 2.349223655348813795e-11
1.391961651917404730e+00 2.128604439750378475e-11
1.395575221238938290e+00 1.928372615244064574e-11
1.399188790560472295e+00 1.746675950542276900e-11
1.402802359882006300e+00 1.581827491244588168e-11
1.406415929203540305e+00 1.432291091358738559e-11
1.410029498525074310e+00 1.296668185807841438e-11
1.413643067846608314e+00 1.173685699793711941e-11
1.417256637168141875e+00 1.062184999408638202e-11
1.420870206489675880e+00 9.611117957507683872e-12
1.424483775811209885e+00 8.695069220162992689e-12
1.428097345132743889e+00 7.864979096874054740e-12
1.431710914454277894e+00 7.112912960446741754e-12
1.435324483775811455e+00 6.431656008491168319e-12
1.438938053097345460e+00 5.814649152018458001e-12
1.442551622418879465e+00 5.255930503347516420e-12
1.446165191740413469e+00 4.750081984429111189e-12
1.449778761061947474e+00 4.292180616756174178e-12
1.453392330383481479e+00 3.877754090796277631e-12
1.457005899705015040e+00 3.502740246646786117e-12
1.460619469026549044e+00 3.163450128621567860e-12
1.464233038348083049e+00 2.856534304920761154e-12
1.467846607669617054e+00 2.578952169649553940e-12
1.471460176991151059e+00 2.327943968403746500e-12
1.475073746312684619e+00 2.101005310612046959e-12
1.478687315634218624e+00 1.895863951972759744e-12
1.482300884955752629e+00 1.710458648795062594e-12
1.485914454277286634e+00 1.542919903001062351e-12
1.489528023598820639e+00 1.391552432049800099e-12
1.493141592920354643e+00 1.254819212280762452e-12
1.496755162241888204e+00 1.131326957196574770e-12
1.500368731563422209e+00 1.019812904141759901e-12
1.503982300884956214e+00 9.191327937608338643e-13
1.507595870206490218e+00 8.282499366275531544e-13
1.511209439528024223e+00 7.462252705939683862e-13
1.514823008849557784e+00 6.722083207912957161e-13
1.518436578171091789e+00 6.054289818847793247e-13
1.522050147492625793e+00 5.451900491996211207e-13
1.525663716814159798e+00 4.908604317538869223e-13
1.529277286135693803e+00 4.418689861018513412e-13
1.532890855457227808e+00 3.976989152557529075e-13
1.536504424778761368e+00 3.578826818598907252e-13
1.540117994100295373e+00 3.219973892694492888e-13
1.543731563421829378e+00 2.896605882847122648e-13
1.547345132743363383e+00 2.605264710292420888e-13
1.550958702064897388e+00 2.342824168786590313e-13
1.554572271386430948e+00 2.106458584656513568e-13
1.558185840707964953e+00 1.893614386346216790e-13
1.561799410029498958e+00 1.701984318200446478e-13
1.565412979351032963e+00 1.529484056935048103e-13
1.569026548672566967e+00 1.374231010902729505e-13
1.572640117994100972e+00 1.234525101995080817e-13
1.576253687315634533e+00 1.108831348044383022e-13
1.579867256637168538e+00 9.957640799902410333e-14
1.583480825958702543e+00 8.940726430639383563e-14
1.587094395280236547e+00 8.026284448746601551e-14
1.590707964601770552e+00 7.204132257230434007e-14
1.594321533923304113e+00 6.465084377914407063e-14
1.597935103244838118e+00 5.800856301834960862e-14
1.601548672566372122e+00 5.203977461804442437e-14
1.605162241887906127e+00 4.667712476432296703e-14
1.608775811209440132e+00 4.185989892743790152e-14
1.612389380530973693e+00 3.753337725514386044e-14
1.616002949852507697e+00 3.364825155901899126e-14
1.619616519174041702e+00 3.016009810713320126e-14
1.623230088495575707e+00 2.702890097020072417e-14
1.626843657817109712e+00 2.421862115415671999e-14
1.630457227138643717e+00 2.169680719367427798e-14
1.634070796460177277e+00 1.943424328265141064e-14
1.637684365781711282e+00 1.740463138259861779e-14
1.641297935103245287e+00 1.558430408136037454e-14
1.644911504424779292e+00 1.395196527606984552e-14
1.648525073746313296e+00 1.248845602772422555e-14
1.652138643067846857e+00 1.117654318338781383e-14
1.655752212389380862e+00 1.000072858772669669e-14
1.659365781710914867e+00 8.947076910413921621e-15
1.662979351032448871e+00 8.003060301900419830e-15
1.666592920353982876e+00 7.157418258834616348e-15
1.670206489675516881e+00 6.400031233447772361e-15
1.673820058997050442e+00 5.721806660171772482e-15
1.677433628318584447e+00 5.114576198636854931e-15
1.681047197640118451e+00 4.571003106468550322e-15
1.684660766961652456e+00 4.084498758780827535e-15
1.688274336283186461e+00 3.649147425140143717e-15
1.691887905604720022e+00 3.259638499797202917e-15
1.695501474926254026e+00 2.911205458041382082e-15
1.699115044247788031e+00 2.599570881305657484e-15
1.702728613569322036e+00 2.320896956896390911e-15
1.706342182890856041e+00 2.071740915406161454e-15
1.709955752212390045e+00 1.849014920734994668e-15
1.713569321533923606e+00 1.649949974502913228e-15
1.717182890855457611e+00 1.472063439105130264e-15
1.720796460176991616e+00 1.313129822045719591e-15
1.724410029498525621e+00 1.171154498928103974e-15
1.728023598820059625e+00 1.044350083896755033e-15
1.731637168141593186e+00 9.311151847284657055e-16
1.735250737463127191e+00 8.300153054544396765e-16
1.738864306784661196e+00 7.397656826108943947e-16
1.742477876106195200e+00 6.592158621882512881e-16
1.746091445427729205e+00 5.873358433067246148e-16
1.749705014749263210e+00 5.232036317684412986e-16
1.753318584070796771e+00 4.659940620960440157e-16
1.756932153392330775e+00 4.149687606383290302e-16
1.760545722713864780e+00 3.694671349225289184e-16
1.764159292035398785e+00 3.288982858201300134e-16
1.767772861356932790e+00 2.927337493564337062e-16
1.771386430678466350e+00 2.605009842622263314e-16
1.775000000000000355e+00 2.317775297273199162e-16
1.778613569321534360e+00 2.061857653496939801e-16
1.782227138643068365e+00 1.833882120774259332e-16
1.785840707964602370e+00 1.630833190670209109e-16
1.789454277286136374e+00 1.450016869072803425e-16
1.793067846607669935e+00 1.289026826387139123e-16
1.796681415929203940e+00 1.145714064823486497e-16
1.800294985250737945e+00 1.018159742361762390e-16
1.803908554572271949e+00 9.046508293661432526e-17
1.807522123893805954e+00 8.036583066098557753e-17
1.811135693215339515e+00 7.138176429896947858e-17
1.814749262536873520e+00 6.339113177731950690e-17
1.818362831858407525e+00 5.628531761435339124e-17
1.821976401179941529e+00 4.996744283171665125e-17
1.825589970501475534e+00 4.435111218678807055e-17
1.829203539823009539e+00 3.935929343102008488e-17
1.832817109144543100e+00 3.492331486417774735e-17
1.836430678466077104e+00 3.098196886358834976e-17
1.840044247787611109e+00 2.748071033212677010e-17
1.843657817109145114e+00 2.437094014684706994e-17
1.847271386430679119e+00 2.160936471195207667e-17
1.850884955752212679e+00 1.915742363845786118e-17
1.854498525073746684e+00 1.698077839741428485e-17
1.858112094395280689e+00 1.504885553479479895e-17
1.861725663716814694e+00 1.333443870103801175e-17
1.865339233038348699e+00 1.181330434560003473e-17
1.868952802359882703e+00 1.046389646270158829e-17
1.872566371681416264e+00 9.267036255565069807e-18
1.876179941002950269e+00 8.205663017901713490e-18
1.879793510324484274e+00 7.264602918570477784e-18
1.883407079646018278e+00 6.430362722475311976e-18
1.887020648967552283e+00 5.690945792117413823e-18
1.890634218289085844e+00 5.035687993301580780e-18
1.894247787610619849e+00 4.455111378674263648e-18
1.897861356932153853e+00 3.940793746962804842e-18
1.901474926253687858e+00 3.485252376665913414e-18
1.905088495575221863e+00 3.081840412904157685e-18
1.908702064896755868e+00 2.724654547307128461e-18
1.912315634218289429e+00 2.408452775127985742e-18
1.915929203539823433e+00 2.128581143040710558e-18
1.919542772861357438e+00 1.880908516689003639e-18
1.923156342182891443e+00 1.661768500615599489e-18
1.926769911504425448e+00 1.467907735805276330e-18
1.930383480825959008e+00 1.296439882961505768e-18
1.933997050147493013e+00 1.144804673730184637e-18
1.937610619469027018e+00 1.010731478406011793e-18
1.941224188790561023e+00 8.922068978744826420e-19
1.944837758112095027e+00 7.874459405677067810e-19
1.948451327433629032e+00 6.948663925343043734e-19
1.952064896755162593e+00 6.130660310383016911e-19
1.955678466076696598e+00 5.408023699197616160e-19
1.959292035398230603e+00 4.769746586967989908e-19
1.962905604719764607e+00 4.206078875599358655e-19
1.966519174041298612e+00 3.708385773300964417e-19
1.970132743362832173e+00 3.269021574917900610e-19
1.973746312684366178e+00 2.881217568667565625e-19
1.977359882005900182e+00 2.538982506453406926e-19
1.980973451327434187e+00 2.237014245716969940e-19
1.984587020648968192e+00 1.970621323212796796e-19
1.988200589970502197e+00 1.735653356993656194e-19
1.991814159292035757e+00 1.528439294110624007e-19
1.995427728613569762e+00 1.345732629566186874e-19
1.999041297935103767e+00 1.184662818398675443e-19
2.002654867256637772e+00 1.042692188593561446e-19
2.006268436578171777e+00 9.175777390211233612e-20
2.009882005899705337e+00 8.073372747247576277e-20
2.013495575221239342e+00 7.102193925717103224e-20
2.017109144542773347e+00 6.246768843439879537e-20
2.020722713864307352e+00 5.493431724332551575e-20
2.024336283185841356e+00 4.830114361769830893e-20
2.027949852507374917e+00 4.246161249602660555e-20
2.031563421828908922e+00 3.732165881652011820e-20
2.035176991150442927e+00 3.279825822054232504e-20
2.038790560471976931e+00 2.881814417483390817e-20
2.042404129793510936e+00 2.531667260930518231e-20
2.046017699115044941e+00 2.223681729073890077e-20
2.049631268436578502e+00 1.952828103999989726e-20
2.053244837758112507e+00 1.714670957753391545e-20
2.056858407079646511e+00 1.505299627323549132e-20
2.060471976401180516e+00 1.321266740086475807e-20
2.064085545722714521e+00 1.159533867403372784e-20
2.067699115044248082e+00 1.017423488573396736e-20
2.071312684365782086e+00 8.925765401310560766e-21
2.074926253687316091e+00 7.829149078782639254e-21
2.078539823008850096e+00 6.866082921560645080e-21
2.082153392330384101e+00 6.020449417764003451e-21
2.085766961651918106e+00 5.278058096213966982e-21
2.089380530973451666e+00 4.626417339977394619e-21
2.092994100294985671e+00 4.054532951672898470e-21
2.096607669616519676e+00 3.552730366487910558e-21
2.100221238938053236e+00 3.112497765196939070e-21
2.103834808259587685e+00 2.726347655415052367e-21
2.107448377581121246e+00 2.387694769162311373e-21
2.111061946902655695e+00 2.090748372988164394e-21
2.114675516224189256e+00 1.830417306660239955e-21
2.118289085545722816e+00 1.602226261120805070e-21
2.121902654867257265e+00 1.402241978857696842e-21
2.125516224188790826e+00 1.227008212504969870e-21
2.129129793510325275e+00 1.073488412677817101e-21
2.132743362831858835e+00 9.390152356754422229e-22
2.136356932153393284e+00 8.212460675753322710e-22
2.139970501474926845e+00 7.181238549534122154e-22
2.143584070796460406e+00 6.278426152897109766e-22
2.147197640117994855e+00 5.488170734788372537e-22
2.150811209439528415e+00 4.796559356654276925e-22
2.154424778761062864e+00 4.191383689238478451e-22
2.158038348082596425e+00 3.661933059973681841e-22
2.161651917404129986e+00 3.198812390591448257e-22
2.165265486725664434e+00 2.793782060443200521e-22
2.168879056047197995e+00 2.439617080460233765e-22
2.172492625368732444e+00 2.129983271542019073e-22
2.176106194690266005e+00 1.859328413800373269e-22
2.179719764011799565e+00 1.622786573896350263e-22
2.183333333333334014e+00 1.416094030237863515e-22
2.186946902654867575e+00 1.235515403474688497e-22
2.190560471976402024e+00 1.077778765251606838e-22
2.194174041297935585e+00 9.400186442828602941e-23
2.197787610619469145e+00 8.197259776925253236e-23
2.201401179941003594e+00 7.147041692039442343e-23
2.205014749262537155e+00 6.230305160023921836e-23
2.208628318584071604e+00 5.430223544580906883e-23
2.212241887905605164e+00 4.732073527989903174e-23
2.215855457227138725e+00 4.122974474508827244e-23
2.219469026548673174e+00 3.591659802799731738e-23
2.223082595870206735e+00 3.128276472480034631e-23
2.226696165191741184e+00 2.724209159373354665e-23
2.230309734513274744e+00 2.371926107435663343e-23
2.233923303834809193e+00 2.064844009321009984e-23
2.237536873156342754e+00 1.797209587965140584e-23
2.241150442477876314e+00 1.563995833671084443e-23
2.244764011799410763e+00 1.360811099282523259e-23
2.248377581120944324e+00 1.183819474493451601e-23
2.251991150442478773e+00 1.029671052370262328e-23
2.255604719764012334e+00 8.954408701809680637e-24
2.259218289085545894e+00 7.785754551164804311e-24
2.262831858407080343e+00 6.768460361872035750e-24
2.266445427728613904e+00 5.883075983220466951e-24
2.270058997050148353e+00 5.112630556592461277e-24
2.273672566371681913e+00 4.442319096557345487e-24
2.277286135693215474e+00 3.859228355299548988e-24
2.280899705014749923e+00 3.352097090028401168e-24
2.284513274336283484e+00 2.911106453581109447e-24
2.288126843657817933e+00 2.527696756193449305e-24
2.291740412979351493e+00 2.194407309477686552e-24
2.295353982300885054e+00 1.904736470203542804e-24
2.298967551622419503e+00 1.653019358169832637e-24
2.302581120943953064e+00 1.434321035459941456e-24
2.306194690265487512e+00 1.244343208949873014e-24
2.309808259587021073e+00 1.079342758709572834e-24
2.313421828908555522e+00 9.360606061072223140e-25
2.317035398230089083e+00 8.116596205757575495e-25
2.320648967551622643e+00 7.036704262478813187e-25
2.324262536873157092e+00 6.099441118949065320e-25
2.327876106194690653e+00 5.286109722439264924e-25
2.331489675516225102e+00 4.580445178876047510e-25
2.335103244837758663e+00 3.968300866596308497e-25
2.338716814159292223e+00 3.437374730839105793e-25
2.342330383480826672e+00 2.976970658264781887e-25
2.345943952802360233e+00 2.577790472827110358e-25
2.349557522123894682e+00 2.231752656136152033e-25
2.353171091445428242e+00 1.931834387099594908e-25
2.356784660766961803e+00 1.671933925886887858e-25
2.360398230088496252e+00 1.446750743493863241e-25
2.364011799410029813e+00 1.251681127401308599e-25
2.367625368731564262e+00 1.082727281549514871e-25
2.371238938053097822e+00 9.364181905841002308e-26
2.374852507374631383e+00 8.097407381468393362e-26
2.378466076696165832e+00 7.000797613678170522e-26
2.382079646017699393e+00 6.051658915697564311e-26
2.385693215339233841e+00 5.230301780024174815e-26
2.389306784660767402e+00 4.519646196105650260e-26
2.392920353982301851e+00 3.904878417513678726e-26
2.396533923303835412e+00 3.373152525385882955e-26
2.400147492625368972e+00 2.913330988308312654e-26
2.403761061946903421e+00 2.515759163426805948e-26
2.407374631268436982e+00 2.172069333548857857e-26
2.410988200589971431e+00 1.875010442188843777e-26
2.414601769911504991e+00 1.618300183130532590e-26
2.418215339233038552e+00 1.396496532578778313e-26
2.421828908554573001e+00 1.204886188191433885e-26
2.425442477876106562e+00 1.039387707352809118e-26
2.429056047197641011e+00 8.964674230239204242e-27
2.432669616519174571e+00 7.730664646569869590e-27
2.436283185840708132e+00 6.665374288914512271e-27
2.439896755162242581e+00 5.745894339160457659e-27
2.443510324483776142e+00 4.952404562018827813e-27
2.447123893805310590e+00 4.267759918089512617e-27
2.450737463126844151e+00 3.677132094833387936e-27
2.454351032448377712e+00 3.167698715185129472e-27
2.457964601769912161e+00 2.728373930923619966e-27
2.461578171091445721e+00 2.349574931809229184e-27
2.465191740412980170e+00 2.023019618591352643e-27
2.468805309734513731e+00 1.741551311958412726e-27
2.472418879056048180e+00 1.498986911862605770e-27
2.476032448377581741e+00 1.289985393646464634e-27
2.479646017699115301e+00 1.109933937476656845e-27
2.483259587020649750e+00 9.548493443606765899e-28
2.486873156342183311e+00 8.212927018501326355e-28
2.490486725663717760e+00 7.062955318481028298e-28
2.494100294985251320e+00 6.072958870489648266e-28
2.497713864306784881e+00 5.220830657023946794e-28
2.501327433628319330e+00 4.487497909397104164e-28
2.504941002949852891e+00 3.856508542170536723e-28
2.508554572271387340e+00 3.313673554856975149e-28
2.512168141592920900e+00 2.846757882336721203e-28
2.515781710914454461e+00 2.445213177606625883e-28
2.519395280235988910e+00 2.099946880653629160e-28
2.523008849557522471e+00 1.803122681771974003e-28
2.526622418879056919e+00 1.547988142105321573e-28
2.530235988200590480e+00 1.328725801931788089e-28
2.533849557522124041e+00 1.140324599294576110e-28
2.537463126843658490e+00 9.784688483551191815e-29
2.541076696165192050e+00 8.394423964866282689e-29
2.544690265486726499e+00 7.200458997139034521e-29
2.548303834808260060e+00 6.175254336912325505e-29
2.551917404129794509e+00 5.295108979472264927e-29
2.555530973451328070e+00 4.539628794426903860e-29
2.559144542772861630e+00 3.891268218437739783e-29
2.562758112094396079e+00 3.334935031243026639e-29
2.566371681415929640e+00 2.857649592809809521e-29
2.569985250737464089e+00 2.448251089304405162e-29
2.573598820058997649e+00 2.097144348286171918e-29
2.577212389380531210e+00 1.796081659187507031e-29
2.580825958702065659e+00 1.537974792787629113e-29
2.584439528023599220e+00 1.316733068701296509e-29
2.588053097345133668e+00 1.127123886302393793e-29
2.591666666666667229e+00 9.646526244616503104e-30
2.595280235988200790e+00 8.254592386053626171e-30
2.598893805309735239e+00 7.062292496748504694e-30
2.602507374631268799e+00 6.041171354773258508e-30
2.606120943952803248e+00 5.166804081531989337e-30
2.609734513274336809e+00 4.418228972652710795e-30
2.613348082595870370e+00 3.777459616921340979e-30
2.616961651917404819e+00 3.229065294188719871e-30
2.620575221238938379e+00 2.759810160885094111e-30
2.624188790560472828e+00 2.358343042102611035e-30
2.627802359882006389e+00 2.014930780028309695e-30
2.631415929203539950e+00 1.721229063640176365e-30
2.635029498525074398e+00 1.470085506539994889e-30
2.638643067846607959e+00 1.255370465101681570e-30
2.642256637168142408e+00 1.071831715040456559e-30
2.645870206489675969e+00 9.149696442474551143e-31
2.649483775811210418e+00 7.809300844048022398e-31
2.653097345132743978e+00 6.664123050391288693e-31
2.656710914454277539e+00 5.685900387951289424e-31
2.660324483775811988e+00 4.850437044007263871e-31
2.663938053097345549e+00 4.137022499494541546e-31
2.667551622418879997e+00 3.527932598652701042e-31
2.671165191740413558e+00 3.008001589983429225e-31
2.674778761061947119e+00 2.564255108113433732e-31
2.678392330383481568e+00 2.185595474989197182e-31
2.682005899705015128e+00 1.862531909900022285e-31
2.685619469026549577e+00 1.586949281135335801e-31
2.689233038348083138e+00 1.351909928359986106e-31
2.692846607669616699e+00 1.151483856706010157e-31
2.696460176991151148e+00 9.806032665852614693e-32
2.700073746312684708e+00 8.349379537415914606e-32
2.703687315634219157e+00 7.107886044345513768e-32
2.707300884955752718e+00 6.049954317669791882e-32
2.710914454277286278e+00 5.148599615828659221e-32
2.714528023598820727e+00 4.380780872161799177e-32
2.718141592920354288e+00 3.726827797307408015e-32
2.721755162241888737e+00 3.169950697642079797e-32
2.725368731563422298e+00 2.695821141700260249e-32
2.728982300884956747e+00 2.292213298417721533e-32
2.732595870206490307e+00 1.948697223308419190e-32
2.736209439528023868e+00 1.656376615370593762e-32
2.739823008849558317e+00 1.407664636582621949e-32
2.743436578171091877e+00 1.196092303644064934e-32
2.747050147492626326e+00 1.016144748511026086e-32
2.750663716814159887e+00 8.631213191614000476e-33
2.754277286135693448e+00 7.330160707852381578e-33
2.757890855457227897e+00 6.224156935601403166e-33
2.761504424778761457e+00 5.284123485355080802e-33
2.765117994100295906e+00 4.485292474422033529e-33
2.768731563421829467e+00 3.806571244684541853e-33
2.772345132743363028e+00 3.230000155477284986e-33
2.775958702064897476e+00 2.740289897040100323e-33
2.779572271386431037e+00 2.324426732574020313e-33
2.783185840707965486e+00 1.971335755480104020e-33
2.786799410029499047e+00 1.671593686999007632e-33
2.790412979351032607e+00 1.417183969494181578e-33
2.794026548672567056e+00 1.201287963598611971e-33
2.797640117994100617e+00 1.018106958554427836e-33
2.801253687315635066e+00 8.627104755218699328e-34
2.804867256637168627e+00 7.309070028597129206e-34
2.808480825958703075e+00 6.191338656855435647e-34
2.812094395280236636e+00 5.243634141976495549e-34
2.815707964601770197e+00 4.440231268197356125e-34
2.819321533923304646e+00 3.759275762924646012e-34
2.822935103244838206e+00 3.182205076386124451e-34
2.826548672566372655e+00 2.693255338340143747e-34
2.830162241887906216e+00 2.279041744513945547e-34
2.833775811209439777e+00 1.928201500406396737e-34
2.837389380530974226e+00 1.631090050074002059e-34
2.841002949852507786e+00 1.379522683782490252e-34
2.844616519174042235e+00 1.166554784689787773e-34
2.848230088495575796e+00 9.862949696985766984e-35
2.851843657817109357e+00 8.337462289301606611e-35
2.855457227138643805e+00 7.046708924889992710e-35
2.859070796460177366e+00 5.954758710270248163e-35
2.862684365781711815e+00 5.031151436021091330e-35
2.866297935103245376e+00 4.250069153247530836e-35
2.869911504424778936e+00 3.589632503999565400e-35
2.873525073746313385e+00 3.031303124729244753e-35
2.877138643067846946e+00 2.559376222707865693e-35
2.880752212389381395e+00 2.160549795716064291e-35
2.884365781710914955e+00 1.823558983290604102e-35
2.887979351032449404e+00 1.538865756827484796e-35
2.891592920353982965e+00 1.298395620359450913e-35
2.895206489675516526e+00 1.095314239361411934e-35
2.898820058997050975e+00 9.238379765904258777e-36
2.902433628318584535e+00 7.790732161712314427e-36
2.906047197640118984e+00 6.568801261295747457e-36
2.909660766961652545e+00 5.537571625903114296e-36
2.913274336283186106e+00 4.667431752826478527e-36
2.916887905604720554e+00 3.933344465828658604e-36
2.920501474926254115e+00 3.314143985244744342e-36
2.924115044247788564e+00 2.791940439565315449e-36
2.927728613569322125e+00 2.351615485561548667e-36
2.931342182890855685e+00 1.980395173001163692e-36
2.934955752212390134e+00 1.667488288814531261e-36
2.938569321533923695e+00 1.403780196310790407e-36
2.942182890855458144e+00 1.181573700456852311e-36
2.945796460176991705e+00 9.943697543862360478e-37
2.949410029498525265e+00 8.366819147914212370e-37
2.953023598820059714e+00 7.038793801522934749e-37
2.956637168141593275e+00 5.920542319717773097e-37
2.960250737463127724e+00 4.979091671016173057e-37
2.963864306784661284e+00 4.186625750042918291e-37
2.967477876106195733e+00 3.519682946111581527e-37
2.971091445427729294e+00 2.958477925046470991e-37
2.974705014749262855e+00 2.486328498338856226e-37
2.978318584070797304e+00 2.089171382647630763e-37
2.981932153392330864e+00 1.755153135392886804e-37
2.985545722713865313e+00 1.474284656801199057e-37
2.989159292035398874e+00 1.238149432361417431e-37
2.992772861356932435e+00 1.039657200071718169e-37
2.996386430678466883e+00 8.728360070513284145e-38
3.000000000000000000e+00 7.326567037708496321e-38
