1.000000000000000000e+00
1.000000000000000000e+00
1.000000000000000000e+00
1.000000000000000000e+00
1.000000000000000000e+00
1.000000000000000000e+00
1.000000000000000000e+00
1.000000000000000000e+00
1.000000000000000000e+00
1.000000000000000000e+00
1.000000000000000000e+00
1.000000000000000000e+00
1.000000000000000000e+00
1.000000000000000000e+00
1.000000000000000000e+00
1.000000000000000000e+00
1.000000000000000000e+00
9.933477352949079409e-01
9.871778490059869293e-01
9.871778490059869293e-01
9.815986170402374311e-01
9.549541460085260169e-01
9.396650437153816204e-01
9.203669732968349226e-01
8.971217247074217971e-01
8.613510617843918027e-01
8.400648937535093452e-01
7.988565262970662717e-01
7.712471209824230955e-01
7.406660569393832549e-01
7.332387536088260660e-01
7.083103138265463006e-01
6.876216984939480525e-01
6.742310390793023744e-01
6.644302378128432718e-01
6.328706245576828371e-01
6.020077511275119253e-01
5.900730693841605978e-01
5.728190079110508925e-01
5.615159138858618615e-01
5.505395013645053570e-01
5.371189573759018732e-01
5.161265607023707291e-01
5.033064214277613857e-01
4.833443620197549473e-01
4.590212121803389778e-01
4.423271933538266976e-01
4.236949742978189382e-01
4.236949742978189382e-01
4.022443340685092905e-01
3.978561116306074674e-01
3.810936511568657759e-01
3.789764215620745613e-01
3.727705594945446843e-01
3.626597168553412076e-01
3.487175806684610357e-01
3.408894121897061424e-01
3.351472604304840952e-01
3.219937726326825844e-01
3.090119857170209872e-01
3.053581885093382686e-01
2.936386840884847027e-01
2.901100026721007974e-01
2.883664405322440838e-01
2.866484018143237167e-01
2.782476827664045471e-01
2.749336282943656284e-01
2.732957800870870479e-01
2.700744852677752217e-01
2.621608437034960160e-01
2.527791734552409797e-01
2.435688240950184824e-01
2.420501683564823259e-01
2.345701726553654498e-01
2.328390084590767350e-01
2.373820291645210578e-01
2.373820291645210578e-01
2.359596510226806831e-01
2.345545949571624100e-01
2.331820259024679209e-01
2.290839781497340244e-01
2.230354121826890190e-01
2.190425522698353222e-01
2.190425522698353222e-01
2.235179562868744862e-01
2.184765415945853773e-01
2.139283560895118008e-01
2.114187567834921733e-01
2.165229811497883516e-01
2.099586814060590556e-01
2.087478788544115949e-01
2.063517055539760281e-01
2.016279084700031143e-01
2.016279084700031143e-01
1.981436522642738285e-01
1.928086674903878306e-01
1.916791708299128705e-01
1.871805006671127536e-01
1.849557692311224744e-01
1.838557851194041470e-01
1.816782083953599747e-01
1.794209917828199219e-01
1.780246168445354660e-01
1.737978183243780728e-01
1.727491173091555143e-01
1.677122250429087247e-01
1.656519725026979750e-01
1.626013539838223332e-01
1.615951889091164495e-01
1.551254033545175492e-01
1.541327591510071593e-01
1.558900852959086425e-01
1.580618915939183133e-01
1.520865779030093623e-01
1.542636130323834787e-01
1.529093511567571617e-01
1.536369113308905521e-01
1.517808332826647011e-01
1.517808332826647011e-01
1.472289465500296601e-01
1.472289465500296601e-01
1.487318980980489591e-01
1.478438256744856738e-01
1.499809639513176585e-01
1.482248003018672711e-01
1.496003302611891572e-01
1.456296266665918493e-01
1.466752105676501494e-01
1.496378801261423475e-01
1.512916068198131847e-01
1.544937760217213740e-01
1.540567625414766828e-01
1.532358186928576005e-01
1.532358186928576005e-01
1.499021822296527640e-01
1.524112572873690397e-01
1.524112572873690397e-01
1.524112572873690397e-01
1.508364087048441604e-01
1.486798232261714592e-01
1.500516459227929644e-01
1.450839478464066856e-01
1.411565898633428129e-01
1.400328860238035100e-01
1.427447420701832281e-01
1.401660045294251256e-01
1.427499424166449871e-01
1.442324078845630131e-01
1.434224236990142842e-01
1.417338791999143144e-01
1.417338791999143144e-01
1.434073357976503871e-01
1.416361366304948188e-01
1.396364117841102370e-01
1.396364117841102370e-01
1.382330221334074905e-01
1.365111537695546384e-01
1.411729438835205852e-01
1.411729438835205852e-01
1.450406285260925077e-01
1.430544654194530751e-01
1.440603524822506309e-01
1.442154957385956282e-01
1.400228186840822564e-01
1.385415979670426567e-01
1.411619208193678476e-01
1.428325124375595390e-01
1.348940723365900651e-01
1.349139787183948058e-01
1.359818037539800295e-01
1.257292672157401536e-01
1.275151393260551547e-01
1.275151393260551547e-01
1.304026657591959848e-01
1.297772070810081779e-01
1.316123476295895656e-01
1.315510726958871168e-01
1.295194513861672725e-01
1.314961195056604526e-01
1.276135413367690541e-01
1.253178894364081475e-01
1.273386875752489933e-01
1.284072351077011898e-01
1.314581828261892626e-01
1.327298607418616883e-01
1.283528693649534924e-01
1.359717300748280455e-01
1.286972721056101887e-01
1.261192628888592460e-01
1.266838233279069803e-01
1.298254196070526001e-01
1.310955975630276327e-01
1.310955975630276327e-01
1.332728209379489548e-01
1.332728209379489548e-01
1.332728209379489548e-01
1.410131004229804585e-01
1.410131004229804585e-01
1.431930284169622980e-01
1.373530888011381679e-01
1.311894866186483488e-01
1.275279954467319621e-01
1.275279954467319621e-01
1.231761176767463967e-01
1.231761176767463967e-01
1.302091833356772421e-01
1.280437749983593110e-01
1.313454214798218667e-01
1.308238656307475767e-01
1.319173870820381234e-01
1.237715013012844895e-01
1.180822260380170463e-01
1.139364686863510029e-01
1.127519277578928336e-01
1.102627252332735730e-01
1.056113009337689007e-01
1.041577658215667168e-01
1.047575062699089288e-01
1.073719334331283554e-01
1.055113380354811420e-01
1.050186371066708091e-01
1.065158111048206402e-01
1.074634211913033793e-01
1.121829842758805124e-01
1.190261733782423392e-01
1.174800571411416389e-01
1.144357473437448286e-01
1.183863415419547649e-01
1.216534346239899339e-01
1.226804309793904091e-01
1.216954763413089086e-01
1.212266284077308520e-01
1.147626311307878705e-01
1.083330462804606015e-01
1.094599844946280015e-01
1.080607635765230973e-01
1.080607635765230973e-01
1.030758968023315070e-01
1.061821836187047258e-01
1.030012769845609355e-01
1.043506911947659488e-01
9.763137748695500939e-02
9.333098644803551613e-02
9.510159894175052031e-02
9.510159894175052031e-02
8.860418193190780500e-02
8.816380080877657399e-02
8.367536315462315022e-02
8.771209007600659635e-02
8.870556875071466951e-02
