0.000000000000000000e+00
5.972990145423558855e-02
5.972990145423558855e-02
5.972990145423558855e-02
5.972990145423558855e-02
5.972990145423558855e-02
5.972990145423558855e-02
5.972990145423558855e-02
5.972990145423558855e-02
5.972990145423558855e-02
5.972990145423558855e-02
5.972990145423558855e-02
5.972990145423558855e-02
5.972990145423558855e-02
5.972990145423558855e-02
5.972990145423558855e-02
5.972990145423558855e-02
5.942247298987923809e-02
5.606348984012559516e-02
5.606348984012559516e-02
5.760260473875539883e-02
5.534240099353299192e-02
5.479457553260853181e-02
5.703160356203851311e-02
5.968048205704416104e-02
5.976596735308847136e-02
5.788787591028895368e-02
5.205147928825282905e-02
5.183952680923480799e-02
5.047360826328583377e-02
5.069197647878068841e-02
4.902934954988199395e-02
5.263161415582787855e-02
5.679898725065554016e-02
5.868602063134070040e-02
5.860449589133664983e-02
5.665636475764887492e-02
5.429489036308626088e-02
5.747016991720418910e-02
5.685534880866569690e-02
5.875896144017058592e-02
6.027102192167928946e-02
5.717225713501628004e-02
5.955858428898216927e-02
6.118367350371484853e-02
5.962269966407526822e-02
5.940336212993665294e-02
5.624076926694323436e-02
5.624076926694323436e-02
5.564253757392221417e-02
5.582098193013273341e-02
6.004362049434677079e-02
6.017166243302243811e-02
6.105166433188080610e-02
6.083090537667151104e-02
6.086920859693594615e-02
6.121422219452633123e-02
6.110910618839553859e-02
6.297325468418372985e-02
6.443710163866074592e-02
6.312955413506400604e-02
5.847955918476339249e-02
5.846074328538436449e-02
5.753881511278479549e-02
5.761145336553363111e-02
5.611841737009245351e-02
5.633336352804362707e-02
5.742628387251615812e-02
5.773194107307971085e-02
5.832408699501168137e-02
5.944117012738737299e-02
5.903412853559460854e-02
5.901729484080842775e-02
5.824560805947484599e-02
5.784770024493477575e-02
5.455832082794633692e-02
5.455832082794633692e-02
5.456636329579466621e-02
5.538986209783123421e-02
5.532287717718175485e-02
5.603866576681654915e-02
5.772413592554873768e-02
5.759153770471951012e-02
5.759153770471951012e-02
5.935407723564501553e-02
6.024839052629810121e-02
5.956064533544244699e-02
5.957687333116255118e-02
6.404991705285735526e-02
6.297319222178515696e-02
6.336065836964896447e-02
6.222809359992364370e-02
6.332989200521972617e-02
6.332989200521972617e-02
6.326011643665598039e-02
6.331865467745664833e-02
6.296519516010666562e-02
6.245464063513467973e-02
6.276295859617125883e-02
6.269135213584725586e-02
6.290734020932776949e-02
6.282446807503315467e-02
6.318177351103912431e-02
6.434658059359849025e-02
6.452914482669028229e-02
6.445298564251296380e-02
6.406871286037690849e-02
6.335972830284287982e-02
6.353634899283981674e-02
6.125804197811791224e-02
6.066229313521687150e-02
5.929284405955655840e-02
6.096946162521012930e-02
6.166346342276560200e-02
6.223443393236544746e-02
6.218819478576669696e-02
6.335329378813253642e-02
6.335122733524162220e-02
6.335122733524162220e-02
6.508587674129984180e-02
6.508587674129984180e-02
6.416352577636943999e-02
6.417695902367512306e-02
6.282381757074560757e-02
6.268985089314134396e-02
6.388239583821264667e-02
6.575334137049711203e-02
6.696414653068434586e-02
6.759527964550833545e-02
6.707656775497929103e-02
6.568768319185376570e-02
6.595331691552171194e-02
6.635444475166606126e-02
6.635444475166606126e-02
6.705972865628803681e-02
6.897329784307808243e-02
6.897329784307808243e-02
6.897329784307808243e-02
6.892199499084568359e-02
6.933451534319161336e-02
6.971337153141646259e-02
7.082773651029831974e-02
7.122153849997420183e-02
7.000208999450747982e-02
7.024277155853829446e-02
7.029685226038910606e-02
7.107976167789854804e-02
7.086524481038755652e-02
7.061168251244136218e-02
7.050151838193428888e-02
7.050151838193428888e-02
6.807212524438639722e-02
6.808935326018429601e-02
6.762212760786751042e-02
6.762212760786751042e-02
6.754517495894640788e-02
6.770417551160122505e-02
6.557514963803902364e-02
6.557514963803902364e-02
6.334243623980133353e-02
5.941345605891726334e-02
6.006759725304446768e-02
6.068455308465470210e-02
5.913148249525784772e-02
5.921013052591447834e-02
5.929849959387789582e-02
5.900610708140763966e-02
5.513522897311365356e-02
5.255829846949596623e-02
5.329002190128570571e-02
5.290392662800568607e-02
5.278455827283381335e-02
5.278455827283381335e-02
5.319407860423508438e-02
5.322844951507563205e-02
5.269745859357735651e-02
5.297569804321033277e-02
5.498762373600852432e-02
5.593996087352385432e-02
5.412201884297192928e-02
5.348166728927472580e-02
5.490978892455813942e-02
5.527309294581269489e-02
5.608181020240044640e-02
5.519133699249940267e-02
5.376080542640315763e-02
5.562609997053225008e-02
5.537827494254472099e-02
5.709093259328226755e-02
5.719637610937298305e-02
5.788046797215887912e-02
5.780769973389427580e-02
5.780769973389427580e-02
5.818575644398002455e-02
5.818575644398002455e-02
5.818575644398002455e-02
6.205886639954871081e-02
6.205886639954871081e-02
6.347572875864619657e-02
6.367889873507324994e-02
6.524728148710114140e-02
6.388983875826316494e-02
6.388983875826316494e-02
6.190713319206028048e-02
6.190713319206028048e-02
6.486708799036464135e-02
6.423756908003080968e-02
6.324448144243326186e-02
6.296680322433230448e-02
6.148611062009155109e-02
6.052749408500374823e-02
6.178639400229041234e-02
6.174408632695249644e-02
6.107689565524637015e-02
5.979473151581943952e-02
5.892186413305668807e-02
5.871002939553641303e-02
5.906887904783967441e-02
6.128090833529278858e-02
6.178384995560695647e-02
6.192572807001633928e-02
6.178242139224171536e-02
6.191141138407127431e-02
6.007853002161667871e-02
6.508934863371644564e-02
6.591068826510530776e-02
6.578203359224389646e-02
6.661241766094401495e-02
6.880821497729196212e-02
6.851860753421544492e-02
6.783665620320651624e-02
6.779298164913269420e-02
6.767461279235202631e-02
6.514488743788497682e-02
6.190813255745475363e-02
6.098431245040947940e-02
6.098431245040947940e-02
6.238427318391148724e-02
6.424530995089115792e-02
6.234079079983545491e-02
6.163143815406652709e-02
6.196565325337663466e-02
6.074936456387953349e-02
6.210508689518633857e-02
6.210508689518633857e-02
6.308553258091434413e-02
6.319254959389636328e-02
6.449081935901009033e-02
6.484006794962977882e-02
6.324390034110735637e-02
