1.000000000000000000e+00
9.540394734258431653e-01
8.397381421483322006e-01
7.032810440949387454e-01
5.500408067343677265e-01
4.562273201339963613e-01
3.355327337745481753e-01
3.034445452055011261e-01
2.753128682193344279e-01
1.681595567155628190e-01
8.705224317551127008e-03
-1.019852945067812044e-01
-1.161644507004373078e-01
-1.202483940643597066e-01
-1.221119843570224323e-01
-1.014545683676720544e-01
-9.676375557206420841e-02
-9.012510648715202355e-02
-3.846246473707829600e-02
3.653359172835413116e-02
1.208418136956763284e-01
1.694203272870965227e-01
1.755971607643261045e-01
1.839666319661867611e-01
1.795581647619106380e-01
1.762505527337733802e-01
1.775957178223786792e-01
1.688630025120850531e-01
1.391181080848482854e-01
8.350872343415514931e-02
3.679206352708791483e-02
1.790782321137474389e-02
4.146365907998409914e-03
4.911062908231940069e-03
5.579464997919539662e-03
1.003349121020666659e-02
4.071664405893572238e-03
2.497370014680729694e-02
4.176463167487392408e-02
7.769372654250771004e-02
1.115881816167385160e-01
1.236964966500100349e-01
1.223375846009268492e-01
1.255205870341173369e-01
1.211815098370504357e-01
1.229858371816509172e-01
1.105020661302966584e-01
1.041281306020193781e-01
9.233155389184133366e-02
6.858166878632097896e-02
5.861920312690552248e-02
5.044067933577108670e-02
4.534175260601266272e-02
5.751218490132267713e-02
5.492229018757622400e-02
6.383736352536294179e-02
6.382441252122506015e-02
5.960770698060289391e-02
7.469713961733834284e-02
8.484185757065210165e-02
8.889925988425373404e-02
1.079549574595501521e-01
1.095434017132044663e-01
1.105779463180411037e-01
1.061144521296683296e-01
1.035148612901767295e-01
1.004542308659167188e-01
9.565393058353503786e-02
9.998125221851421329e-02
9.658277192044950610e-02
9.825839148259316036e-02
9.721610944272633670e-02
8.344765547607208012e-02
8.035073794968301819e-02
7.459409848602327475e-02
7.238456518823692398e-02
7.407577545069783664e-02
8.133417195474632044e-02
8.328111538184652940e-02
8.737822609510959015e-02
8.922073273004300920e-02
8.715025925567249088e-02
9.157802027260959765e-02
9.488701969729944341e-02
1.023231338555276732e-01
1.015135897619421773e-01
1.001235706061927855e-01
9.942197519713433240e-02
1.031737794126533075e-01
9.600068141952869394e-02
8.927329458904971482e-02
8.792863357718649908e-02
9.486194255788990559e-02
8.851964721744066955e-02
8.431844815449525410e-02
9.047244481264379856e-02
9.289898046615599481e-02
8.339053678697730398e-02
8.292445821129289241e-02
8.566004445971321657e-02
8.626064668136231017e-02
8.367054998992208559e-02
8.594360844425050217e-02
8.499909521731315032e-02
8.301092936198901928e-02
8.623149487600556551e-02
8.482064374577366617e-02
8.185313818666979657e-02
8.571220830028926374e-02
8.571220830028926374e-02
8.457532439891089771e-02
8.435229814046074637e-02
8.355764763908128667e-02
8.541914616826801199e-02
8.585576765928464027e-02
8.800988095098598307e-02
8.786836210734010055e-02
8.786836210734010055e-02
9.451334066407938994e-02
8.918929481048847030e-02
8.941272076135599323e-02
8.545870231397165173e-02
9.016590281886918690e-02
9.327173666008937991e-02
9.250324167083016913e-02
9.109239054059828367e-02
8.971003795454998708e-02
8.425009336544808658e-02
8.695914864439889536e-02
9.430394881644546534e-02
9.184124411814056921e-02
8.956818566381213875e-02
8.038857534845314512e-02
8.209139472998640275e-02
8.511146119228325813e-02
8.883306917255716362e-02
8.883306917255716362e-02
9.132336076510165490e-02
8.861430548615081837e-02
8.227805755570469226e-02
8.792743112126391591e-02
8.563829708216125214e-02
8.984308266431070833e-02
8.631952888817745473e-02
8.471924580095005486e-02
7.925930121184812660e-02
8.381053829778027653e-02
8.381053829778027653e-02
8.419584911602293054e-02
8.491283457088767694e-02
8.250924680734306182e-02
8.693908743298670028e-02
8.793766612923231696e-02
8.331379232104138555e-02
8.259007604906243305e-02
7.938506617602560100e-02
8.230843675249098490e-02
8.187535776857012004e-02
8.493684162096927504e-02
8.642243506102194328e-02
8.270082708074803779e-02
7.947390136028975594e-02
7.735481758468815139e-02
8.036367593568763401e-02
8.200625864418041588e-02
8.070699654701893322e-02
8.128472877065504032e-02
8.257202444828848353e-02
9.313399364188004736e-02
9.638755310938131038e-02
9.638755310938131038e-02
9.638755310938131038e-02
9.916342999462356145e-02
1.005742811248554747e-01
9.661026469025973951e-02
9.520568347882799043e-02
9.383957291387695632e-02
9.260672754375252891e-02
8.874765743013304786e-02
8.745160894300461896e-02
8.491503493036806072e-02
8.491503493036806072e-02
8.476155773118429493e-02
8.700764356482412754e-02
8.632654864055699928e-02
9.048300828196206846e-02
9.048300828196206846e-02
8.884481297238111530e-02
9.112298169226767941e-02
9.289094771971627418e-02
9.347001075197997055e-02
9.448569527526028133e-02
9.986604847948574171e-02
9.144721936493685477e-02
9.293943062617500417e-02
9.659600590231962047e-02
9.375713395288252927e-02
9.324524008164405964e-02
9.252152380966510714e-02
8.926796434216381637e-02
8.778444612365676747e-02
9.248166725793170728e-02
9.620327523820561277e-02
9.479242410797372731e-02
8.862326772949374876e-02
8.862326772949374876e-02
8.878939976451320770e-02
8.819280346727437214e-02
9.116422914104208020e-02
9.133485780701050549e-02
8.291602869246166019e-02
8.291602869246166019e-02
8.818594993631301282e-02
8.914659365930707735e-02
9.206996423577246125e-02
9.206996423577246125e-02
9.359781943683118111e-02
9.465517903693816681e-02
9.031427767970116871e-02
9.561678705370799114e-02
9.935712862966107617e-02
9.935712862966107617e-02
9.950311267800389381e-02
9.950311267800389381e-02
9.484647574575738593e-02
8.914464612829400836e-02
8.914464612829400836e-02
8.795961216065664723e-02
8.249530777630356693e-02
8.042109578634856759e-02
7.964586997997515072e-02
8.149157277133821375e-02
8.069692226995872630e-02
8.069692226995872630e-02
8.362029284642411020e-02
8.805111261607609374e-02
9.263389900167452728e-02
9.263389900167452728e-02
9.395701354459175259e-02
9.553791493832468340e-02
9.824273389448114069e-02
9.973494515571927621e-02
9.981261020223403113e-02
9.688923962576864723e-02
9.316763164549472787e-02
9.750853300273172597e-02
9.353903092873815106e-02
8.967996081511867001e-02
8.967996081511867001e-02
8.824504346972857072e-02
