0.000000000000000000e+00
5.568985283472387832e-02
4.956857616114346970e-02
4.582076027462846785e-02
4.062458934884569106e-02
3.551837924441352684e-02
4.103108100406063774e-02
3.599688389555297935e-02
3.514858564517707451e-02
4.991522296153756005e-02
5.840794376629245693e-02
-6.072667517590597114e-02
-5.875840346986435647e-02
-5.114572965936914350e-02
-5.025047143512303971e-02
-5.090591037131263902e-02
-4.916343593090122949e-02
-4.913112757613011944e-02
-4.396001558322124025e-02
3.285528092193850530e-02
2.704120145450766843e-02
2.624667241358677114e-02
2.976307213555366357e-02
2.799329813637271500e-02
2.701550155818622720e-02
2.689972849862529505e-02
3.058576128223734758e-02
3.598432817541558082e-02
3.812683214587963415e-02
4.897881255566319258e-02
5.611623087137247029e-02
5.756682603899374029e-02
5.504063303307691474e-02
5.562086300099155362e-02
5.232923252694524074e-02
4.801215182077905874e-02
4.707007378640663126e-02
4.558459933115204671e-02
3.905921057491645865e-02
3.365946767345907170e-02
3.145065941272472826e-02
3.226604758147923191e-02
3.101246213467997656e-02
3.413892243633467882e-02
3.535687572591086208e-02
3.515492445034670149e-02
3.504913104908089633e-02
3.759950297158334148e-02
4.331096385096102480e-02
4.663225980001699938e-02
4.566697153391988118e-02
4.954931425153053653e-02
4.654371585402924255e-02
4.132462258497093116e-02
3.973871273420256228e-02
4.363093873117462190e-02
4.267396827575337809e-02
4.106758318465616314e-02
3.595931884672952383e-02
3.624539703314631073e-02
4.019190170515131444e-02
3.615627449807680416e-02
4.050802563812163498e-02
4.029656199094615310e-02
3.916671902930683041e-02
3.838932885359539610e-02
3.942689626430927186e-02
4.201244555262068081e-02
3.822040189032315655e-02
3.800952799415499572e-02
3.354206977515516303e-02
3.558724337008508515e-02
3.463783364059427883e-02
3.589956984124552386e-02
3.762264029269569293e-02
3.747717046797893747e-02
3.990967870896359321e-02
3.665980539770431756e-02
3.665458923775569838e-02
3.638875386478708507e-02
4.311096624111043774e-02
4.002378193418005409e-02
4.102242405342351045e-02
3.740191032554596173e-02
3.698158958230190335e-02
3.663946449344322037e-02
3.657172342345520882e-02
3.760687647289042562e-02
3.235621200648059609e-02
3.291304249294229461e-02
3.190168765423369301e-02
3.248075963943353878e-02
3.468691324973260937e-02
3.570781140455256408e-02
3.517192224914245796e-02
3.352922989950332666e-02
3.336135209108699595e-02
4.046868383204556968e-02
4.290509115918736405e-02
4.304889803549968169e-02
4.288910578828056958e-02
3.867595748996160293e-02
3.910349169770740985e-02
3.897502102510317507e-02
3.918122330401917208e-02
3.468101474248259930e-02
3.449304671492151031e-02
3.398666269512591598e-02
3.119108554314900528e-02
3.119108554314900528e-02
3.411182514193038945e-02
3.433545854614875048e-02
3.421151241122893927e-02
3.375069320657726052e-02
3.367347075032248865e-02
3.925293154652501754e-02
3.935984509998868147e-02
3.935984509998868147e-02
3.587973696104976989e-02
3.882358241581247010e-02
3.841015798240260404e-02
3.876805288106697361e-02
3.979955726441299080e-02
3.520943485323782540e-02
3.569694961201789335e-02
3.543371124896058100e-02
3.718749808731620227e-02
3.722653681004232246e-02
3.822849195296604968e-02
3.531264920976390914e-02
3.525654430118710381e-02
3.483523013283624375e-02
3.917146301991571850e-02
3.883318563213022934e-02
3.890889031435403045e-02
3.590864066205452787e-02
3.590864066205452787e-02
3.567107834554496953e-02
3.463252609544712618e-02
3.860318422503141583e-02
3.409028524673426291e-02
3.338588680221980104e-02
3.435122465148076482e-02
3.734023817063531619e-02
3.753727944578429815e-02
3.746414187203555429e-02
3.826019059067860967e-02
3.826019059067860967e-02
3.550860463102430142e-02
3.553127680141739131e-02
3.910800445228318489e-02
3.651988640842402517e-02
3.671367056599304096e-02
3.632544526657843081e-02
3.594128341416185507e-02
3.484256484646117841e-02
3.460589985849401445e-02
3.465006939303730271e-02
3.302859368366110188e-02
3.298208763273365735e-02
3.599331698139277697e-02
3.665550340273417834e-02
3.607882555264640967e-02
3.638806305480216802e-02
3.626036149656484270e-02
3.706660155005078033e-02
3.739188855095168518e-02
3.768617463470622791e-02
3.272786456399025268e-02
3.303123026423007008e-02
3.303123026423007008e-02
3.303123026423007008e-02
3.171456184305795206e-02
3.184941810163709891e-02
3.135780116663609840e-02
3.046818509534822070e-02
3.023585598316174197e-02
3.322791589280987834e-02
3.638742440492288843e-02
3.632146640105027996e-02
3.606872729702171460e-02
3.606872729702171460e-02
3.651706146866264685e-02
3.833807473842472391e-02
3.796221183816873845e-02
3.513153920029547100e-02
3.513153920029547100e-02
3.530322718901265228e-02
3.204254302896862583e-02
3.218248643149326793e-02
3.207867220208217296e-02
3.175747622543810544e-02
3.146240287209022685e-02
3.358243911935167303e-02
3.338181521680261971e-02
3.337919192452468847e-02
3.367808813020318343e-02
3.376342362822420257e-02
3.337334786676189602e-02
3.319364904054702275e-02
3.701436280866284012e-02
3.773852223970865921e-02
3.476385372191193729e-02
3.462085085372969273e-02
3.574905412855173409e-02
3.574905412855173409e-02
3.566975149798481959e-02
3.547622074699582212e-02
3.564196161864636309e-02
3.497078858200542567e-02
3.710853751839022358e-02
3.710853751839022358e-02
3.426980309494304794e-02
3.359804191771210979e-02
3.328921789887014093e-02
3.328921789887014093e-02
3.369712512524988823e-02
3.358185422157593247e-02
3.369009198198849586e-02
3.140186639528396578e-02
3.267344904255867211e-02
3.267344904255867211e-02
3.270592810097470299e-02
3.270592810097470299e-02
3.346882722565118484e-02
3.591325298930644200e-02
3.591325298930644200e-02
3.868900620786260708e-02
3.712643499937740704e-02
3.614701980351943400e-02
3.636524043013589919e-02
3.662838294398899214e-02
3.648693401946166703e-02
3.648693401946166703e-02
3.627737983042124414e-02
3.238493989844506288e-02
2.979300821592891294e-02
2.979300821592891294e-02
3.063647258517455604e-02
3.091639623762944614e-02
3.238324069917177667e-02
3.216846340028111512e-02
3.251096641692208938e-02
3.299037058878061257e-02
3.567462121567442634e-02
3.527889435227905823e-02
3.563823629050191094e-02
3.861116262425218909e-02
3.861116262425218909e-02
3.814989640512760072e-02
