1.000000000000000000e+00
9.993842624071478387e-01
9.972859883688380833e-01
9.925586058129777234e-01
9.892765100430728209e-01
9.818995392847851278e-01
9.769699084131266975e-01
9.722924185746657511e-01
9.664149760388325294e-01
9.587931787961007091e-01
9.496902634418692424e-01
9.486576978632637047e-01
9.465769682572389154e-01
9.463401049333615145e-01
9.432627389158473319e-01
9.428522084496866462e-01
9.378373490734223106e-01
9.367141916991299500e-01
9.367141916991299500e-01
9.367141916991299500e-01
9.360641527565733977e-01
9.349283737963918206e-01
9.349283737963918206e-01
9.349283737963918206e-01
9.349283737963918206e-01
9.349283737963918206e-01
9.349283737963918206e-01
9.349283737963918206e-01
9.349283737963918206e-01
9.349283737963918206e-01
9.349283737963918206e-01
9.349283737963918206e-01
9.349283737963918206e-01
9.349283737963918206e-01
9.349283737963918206e-01
9.349283737963918206e-01
9.349283737963918206e-01
9.349283737963918206e-01
9.349283737963918206e-01
9.349283737963918206e-01
9.349283737963918206e-01
9.349283737963918206e-01
9.349283737963918206e-01
9.349283737963918206e-01
9.349283737963918206e-01
9.349283737963918206e-01
9.349283737963918206e-01
9.349283737963918206e-01
9.349283737963918206e-01
9.349283737963918206e-01
9.349283737963918206e-01
9.349283737963918206e-01
9.349283737963918206e-01
9.349283737963918206e-01
9.349283737963918206e-01
9.349283737963918206e-01
9.349283737963918206e-01
9.349283737963918206e-01
9.349283737963918206e-01
9.349283737963918206e-01
9.349283737963918206e-01
9.349283737963918206e-01
9.349283737963918206e-01
9.349283737963918206e-01
9.349283737963918206e-01
9.349283737963918206e-01
9.349283737963918206e-01
9.349283737963918206e-01
9.349283737963918206e-01
9.349283737963918206e-01
9.349283737963918206e-01
9.349283737963918206e-01
9.349283737963918206e-01
9.349283737963918206e-01
9.349283737963918206e-01
9.349283737963918206e-01
9.349283737963918206e-01
9.349283737963918206e-01
9.349283737963918206e-01
9.349283737963918206e-01
9.349283737963918206e-01
9.349283737963918206e-01
9.349283737963918206e-01
9.349283737963918206e-01
9.349283737963918206e-01
9.349283737963918206e-01
9.349283737963918206e-01
9.349283737963918206e-01
9.349283737963918206e-01
9.349283737963918206e-01
9.349283737963918206e-01
9.349283737963918206e-01
9.349283737963918206e-01
9.349283737963918206e-01
9.349283737963918206e-01
9.349283737963918206e-01
9.349283737963918206e-01
9.349283737963918206e-01
9.349283737963918206e-01
9.349283737963918206e-01
9.349283737963918206e-01
9.349283737963918206e-01
9.349283737963918206e-01
9.349283737963918206e-01
9.349283737963918206e-01
9.349283737963918206e-01
9.349283737963918206e-01
9.349283737963918206e-01
9.349283737963918206e-01
9.349283737963918206e-01
9.349283737963918206e-01
9.349283737963918206e-01
9.349283737963918206e-01
9.349283737963918206e-01
9.349283737963918206e-01
9.349283737963918206e-01
9.349283737963918206e-01
9.349283737963918206e-01
9.349283737963918206e-01
9.349283737963918206e-01
9.349283737963918206e-01
9.349283737963918206e-01
9.349283737963918206e-01
9.349283737963918206e-01
9.349283737963918206e-01
9.349283737963918206e-01
9.349283737963918206e-01
9.349283737963918206e-01
9.349283737963918206e-01
9.349283737963918206e-01
9.349283737963918206e-01
9.349283737963918206e-01
9.349283737963918206e-01
9.349283737963918206e-01
9.349283737963918206e-01
9.349283737963918206e-01
9.349283737963918206e-01
9.349283737963918206e-01
9.349283737963918206e-01
9.349283737963918206e-01
9.349283737963918206e-01
9.349283737963918206e-01
9.349283737963918206e-01
9.349283737963918206e-01
9.349283737963918206e-01
9.349283737963918206e-01
9.349283737963918206e-01
9.349283737963918206e-01
9.349283737963918206e-01
9.349283737963918206e-01
9.349283737963918206e-01
9.349283737963918206e-01
9.349283737963918206e-01
9.349283737963918206e-01
9.349283737963918206e-01
9.349283737963918206e-01
9.349283737963918206e-01
9.349283737963918206e-01
9.349283737963918206e-01
9.349283737963918206e-01
9.349283737963918206e-01
9.349283737963918206e-01
9.349283737963918206e-01
9.349283737963918206e-01
9.349283737963918206e-01
9.349283737963918206e-01
9.349283737963918206e-01
9.349283737963918206e-01
9.349283737963918206e-01
9.349283737963918206e-01
9.349283737963918206e-01
9.349283737963918206e-01
9.349283737963918206e-01
9.349283737963918206e-01
9.349283737963918206e-01
9.349283737963918206e-01
9.349283737963918206e-01
9.349283737963918206e-01
9.349283737963918206e-01
9.349283737963918206e-01
9.349283737963918206e-01
9.349283737963918206e-01
9.349283737963918206e-01
9.349283737963918206e-01
9.349283737963918206e-01
9.349283737963918206e-01
9.349283737963918206e-01
9.349283737963918206e-01
9.349283737963918206e-01
9.349283737963918206e-01
9.349283737963918206e-01
9.349283737963918206e-01
9.349283737963918206e-01
9.349283737963918206e-01
9.349283737963918206e-01
9.349283737963918206e-01
9.349283737963918206e-01
9.349283737963918206e-01
9.349283737963918206e-01
9.349283737963918206e-01
9.349283737963918206e-01
9.349283737963918206e-01
9.349283737963918206e-01
9.349283737963918206e-01
9.349283737963918206e-01
9.349283737963918206e-01
9.349283737963918206e-01
9.349283737963918206e-01
9.349283737963918206e-01
9.349283737963918206e-01
9.349283737963918206e-01
9.349283737963918206e-01
9.349283737963918206e-01
9.349283737963918206e-01
9.349283737963918206e-01
9.349283737963918206e-01
9.349283737963918206e-01
9.349283737963918206e-01
9.349283737963918206e-01
9.349283737963918206e-01
9.349283737963918206e-01
9.349283737963918206e-01
9.349283737963918206e-01
9.349283737963918206e-01
9.349283737963918206e-01
9.349283737963918206e-01
9.349283737963918206e-01
9.349283737963918206e-01
9.349283737963918206e-01
9.349283737963918206e-01
9.349283737963918206e-01
9.349283737963918206e-01
9.349283737963918206e-01
9.349283737963918206e-01
9.349283737963918206e-01
9.349283737963918206e-01
9.349283737963918206e-01
9.349283737963918206e-01
9.349283737963918206e-01
9.349283737963918206e-01
9.349283737963918206e-01
9.349283737963918206e-01
9.349283737963918206e-01
9.349283737963918206e-01
9.349283737963918206e-01
9.349283737963918206e-01
9.349283737963918206e-01
9.349283737963918206e-01
9.349283737963918206e-01
9.349283737963918206e-01
