0.000000000000000000e+00
4.523657354654512380e-02
4.651081213242592299e-02
4.699543729216370397e-02
5.525665647290756849e-02
4.993094075463383463e-02
5.680831054209040804e-02
6.019570992248712837e-02
5.534851399866910771e-02
5.632048883839891468e-02
5.925845279038052804e-02
6.038895540296368436e-02
5.740855125113743934e-02
5.755945422566472597e-02
5.570644388997459534e-02
5.634963838856685975e-02
5.425501996947500877e-02
5.625464586465612343e-02
5.443108728390099599e-02
5.212504607200189183e-02
5.271127066786055609e-02
5.384121758471794444e-02
5.280782421664942383e-02
5.216929145305378851e-02
5.187861453629510206e-02
5.412296994778310194e-02
5.408210889362766172e-02
6.077914951411226424e-02
5.995170258012038483e-02
5.799103181265174295e-02
5.959070959523560945e-02
5.827020864683063461e-02
5.827020864683063461e-02
5.788970786893895409e-02
5.619475908868664521e-02
5.738281468778606148e-02
5.732024844523184171e-02
5.796904650650497315e-02
5.497004756500244865e-02
5.465604119112502796e-02
5.360472127319701463e-02
5.275887386720043426e-02
5.489867945995157567e-02
5.526098886293343698e-02
5.735828202499011069e-02
5.744443054701198897e-02
5.744443054701198897e-02
5.744443054701198897e-02
5.813435253338947867e-02
5.739778516898463162e-02
5.576482531852506447e-02
5.633804328173660364e-02
5.626532843450088306e-02
5.745785189284492028e-02
5.745785189284492028e-02
5.338518378069984777e-02
5.338518378069984777e-02
5.532987477330894577e-02
5.643392056999421702e-02
5.643392056999421702e-02
5.766519574249626828e-02
6.041534968620226875e-02
6.033112551560959602e-02
6.033112551560959602e-02
5.834416191068606677e-02
5.703794217634669539e-02
5.345704114690327802e-02
5.345704114690327802e-02
5.345704114690327802e-02
5.345704114690327802e-02
5.633131794066888881e-02
5.928303546695099652e-02
5.928303546695099652e-02
5.928303546695099652e-02
5.797297115619057944e-02
5.803882734333239840e-02
5.241829583217923888e-02
5.430203311151860640e-02
5.430203311151860640e-02
5.553807527301869024e-02
5.553807527301869024e-02
5.553807527301869024e-02
6.033112551560959602e-02
6.033112551560959602e-02
5.919326959761594953e-02
5.919326959761594953e-02
5.803882734333239840e-02
5.803882734333239840e-02
5.500262152264671217e-02
5.500262152264671217e-02
5.338518378069984777e-02
5.480322552214573345e-02
5.480322552214573345e-02
5.553807527301869024e-02
5.553807527301869024e-02
5.553807527301869024e-02
5.553807527301869024e-02
5.553807527301869024e-02
5.834416191068606677e-02
5.777891543730129253e-02
5.928303546695099652e-02
5.797297115619057944e-02
5.797297115619057944e-02
5.679403687999443756e-02
5.679403687999443756e-02
5.911528565773001981e-02
5.911528565773001981e-02
6.027127417019730732e-02
5.735828202499011069e-02
5.735828202499011069e-02
5.735828202499011069e-02
5.234108458669761016e-02
5.234108458669761016e-02
5.376644761146736479e-02
5.376644761146736479e-02
5.480322552214573345e-02
5.480322552214573345e-02
5.777891543730129253e-02
5.928303546695099652e-02
6.033112551560959602e-02
5.911528565773001981e-02
5.911528565773001981e-02
6.027127417019730732e-02
6.027127417019730732e-02
5.735828202499011069e-02
5.524982145088314783e-02
5.553807527301869024e-02
5.376644761146736479e-02
5.376644761146736479e-02
5.659785640691458730e-02
5.928303546695099652e-02
5.797297115619057944e-02
5.797297115619057944e-02
5.679403687999443756e-02
5.396766342164329572e-02
5.396766342164329572e-02
5.530157117545343032e-02
5.376644761146736479e-02
5.480322552214573345e-02
5.656630778175048696e-02
5.951330675123989861e-02
5.821464911714111651e-02
6.027127417019730732e-02
5.911528565773001981e-02
5.911528565773001981e-02
5.634257808738275114e-02
5.634257808738275114e-02
5.756761164220711158e-02
5.376644761146736479e-02
5.480322552214573345e-02
5.480322552214573345e-02
5.480322552214573345e-02
5.777891543730129253e-02
5.797297115619057944e-02
5.797297115619057944e-02
5.797297115619057944e-02
6.027127417019730732e-02
6.027127417019730732e-02
5.911528565773001981e-02
5.911528565773001981e-02
5.703794217634669539e-02
5.519412734959063677e-02
5.519412734959063677e-02
5.519412734959063677e-02
5.519412734959063677e-02
5.519412734959063677e-02
5.703794217634669539e-02
5.703794217634669539e-02
5.703794217634669539e-02
5.703794217634669539e-02
6.027127417019730732e-02
5.797297115619057944e-02
5.797297115619057944e-02
5.797297115619057944e-02
5.797297115619057944e-02
5.797297115619057944e-02
6.027127417019730732e-02
6.027127417019730732e-02
6.027127417019730732e-02
5.911528565773001981e-02
5.659785640691458730e-02
5.659785640691458730e-02
5.659785640691458730e-02
5.659785640691458730e-02
5.659785640691458730e-02
5.777891543730129253e-02
5.821464911714111651e-02
5.821464911714111651e-02
5.821464911714111651e-02
6.027127417019730732e-02
5.911528565773001981e-02
5.911528565773001981e-02
5.811197473273643083e-02
5.811197473273643083e-02
5.928303546695099652e-02
5.928303546695099652e-02
5.928303546695099652e-02
5.638531267846869782e-02
5.519412734959063677e-02
5.703794217634669539e-02
5.703794217634669539e-02
5.703794217634669539e-02
5.703794217634669539e-02
6.148193332168033765e-02
6.148193332168033765e-02
6.148193332168033765e-02
6.148193332168033765e-02
6.033112551560959602e-02
6.033112551560959602e-02
5.811197473273643083e-02
5.659785640691458730e-02
5.777891543730129253e-02
5.777891543730129253e-02
5.777891543730129253e-02
5.777891543730129253e-02
5.777891543730129253e-02
5.811197473273643083e-02
5.811197473273643083e-02
5.811197473273643083e-02
5.811197473273643083e-02
5.811197473273643083e-02
5.928303546695099652e-02
6.148193332168033765e-02
5.951330675123989861e-02
5.951330675123989861e-02
5.951330675123989861e-02
5.951330675123989861e-02
5.834416191068606677e-02
5.834416191068606677e-02
5.834416191068606677e-02
5.659785640691458730e-02
5.811197473273643083e-02
5.811197473273643083e-02
5.811197473273643083e-02
5.811197473273643083e-02
5.811197473273643083e-02
6.033112551560959602e-02
6.148193332168033765e-02
6.148193332168033765e-02
5.928303546695099652e-02
5.928303546695099652e-02
5.928303546695099652e-02
5.777891543730129253e-02
5.777891543730129253e-02
5.777891543730129253e-02
5.951330675123989861e-02
5.951330675123989861e-02
5.951330675123989861e-02
5.951330675123989861e-02
5.777891543730129253e-02
