1.000000000000000000e+00
9.417889360741398264e-01
7.718144423821273747e-01
5.404082887879030350e-01
2.969981974439709904e-01
1.565626615451825299e-01
1.013107030882512694e-01
3.726324620712150731e-02
2.466370636590436288e-02
2.556091911070250411e-02
2.159000096899135399e-02
1.746834748533273099e-02
4.156678361483990419e-02
3.900858878308804956e-02
5.160924847636238350e-02
4.476715791703196612e-02
3.368381898672091063e-02
3.310341405321917674e-02
4.348967246926867258e-02
5.114754816042196839e-02
4.929291087065075516e-02
4.640269678216823318e-02
4.432837844419906109e-02
3.379988911466548507e-02
3.536875115566257693e-02
2.807265107549393457e-02
2.552456568150607980e-02
2.754118707903112015e-02
2.948629948604178028e-02
3.472157486419716332e-02
4.166489543551038510e-02
3.912958142156845037e-02
3.912958142156845037e-02
3.900151500239568136e-02
4.492819016591423353e-02
4.700250850388340562e-02
4.611762481643328498e-02
4.358156752172129278e-02
3.815809998060841479e-02
3.962797979492033856e-02
3.753817646293993587e-02
4.007423375765193502e-02
3.414755859413339673e-02
3.531208058296903679e-02
3.485034162622620280e-02
3.575071030768754710e-02
3.575071030768754710e-02
3.575071030768754710e-02
4.163591680554324520e-02
4.280254918360514027e-02
4.687330257292487978e-02
4.433724527821288758e-02
4.343687659675154328e-02
4.551119493472072230e-02
4.551119493472072230e-02
4.601229216790012760e-02
4.601229216790012760e-02
4.098598568584293361e-02
3.367639196971838195e-02
3.367639196971838195e-02
2.891634918426173526e-02
3.433981672537460283e-02
3.343944804391326547e-02
3.343944804391326547e-02
3.867472342206864505e-02
4.343476620752528827e-02
4.691266084936146497e-02
4.691266084936146497e-02
4.691266084936146497e-02
4.691266084936146497e-02
3.601697400428809787e-02
4.144044154540097585e-02
4.144044154540097585e-02
4.144044154540097585e-02
4.620048433085761214e-02
4.710085301231895644e-02
4.483834251139229982e-02
3.891166734787376846e-02
3.891166734787376846e-02
3.325125588095577400e-02
3.325125588095577400e-02
3.325125588095577400e-02
3.343944804391326547e-02
3.343944804391326547e-02
3.909985951083124606e-02
3.909985951083124606e-02
4.710085301231895644e-02
4.710085301231895644e-02
4.077701678974473415e-02
4.077701678974473415e-02
4.601229216790012760e-02
4.125224938244348438e-02
4.125224938244348438e-02
3.325125588095577400e-02
3.325125588095577400e-02
3.325125588095577400e-02
3.325125588095577400e-02
3.325125588095577400e-02
3.867472342206864505e-02
4.667571692355636237e-02
4.144044154540097585e-02
4.620048433085761214e-02
4.620048433085761214e-02
4.412616599288844005e-02
4.412616599288844005e-02
3.819949082936990870e-02
3.819949082936990870e-02
4.027380916733908772e-02
3.485034162622620280e-02
3.485034162622620280e-02
3.485034162622620280e-02
4.393797382993095552e-02
4.393797382993095552e-02
3.917793104447430536e-02
3.917793104447430536e-02
4.125224938244348438e-02
4.125224938244348438e-02
4.667571692355636237e-02
4.144044154540097585e-02
3.343944804391326547e-02
3.819949082936990870e-02
3.819949082936990870e-02
4.027380916733908772e-02
4.027380916733908772e-02
3.485034162622620280e-02
4.008561700438158931e-02
3.325125588095577400e-02
3.917793104447430536e-02
3.917793104447430536e-02
4.460139858558718334e-02
4.144044154540097585e-02
4.620048433085761214e-02
4.620048433085761214e-02
4.412616599288844005e-02
3.870269845177557594e-02
3.870269845177557594e-02
3.394265566631892578e-02
3.917793104447430536e-02
4.125224938244348438e-02
3.532557421892494609e-02
4.074904176003782408e-02
4.550908454549446730e-02
4.027380916733908772e-02
3.819949082936990870e-02
3.819949082936990870e-02
3.277602328825704459e-02
3.277602328825704459e-02
2.801598050280039096e-02
3.917793104447430536e-02
4.125224938244348438e-02
4.125224938244348438e-02
4.125224938244348438e-02
4.667571692355636237e-02
4.620048433085761214e-02
4.620048433085761214e-02
4.620048433085761214e-02
4.027380916733908772e-02
4.027380916733908772e-02
3.819949082936990870e-02
3.819949082936990870e-02
4.343476620752528827e-02
4.936144137104382656e-02
4.936144137104382656e-02
4.936144137104382656e-02
4.936144137104382656e-02
4.936144137104382656e-02
4.343476620752528827e-02
4.343476620752528827e-02
4.343476620752528827e-02
4.343476620752528827e-02
4.027380916733908772e-02
4.620048433085761214e-02
4.620048433085761214e-02
4.620048433085761214e-02
4.620048433085761214e-02
4.620048433085761214e-02
4.027380916733908772e-02
4.027380916733908772e-02
4.027380916733908772e-02
3.819949082936990870e-02
4.460139858558718334e-02
4.460139858558718334e-02
4.460139858558718334e-02
4.460139858558718334e-02
4.460139858558718334e-02
4.667571692355636237e-02
4.550908454549446730e-02
4.550908454549446730e-02
4.550908454549446730e-02
4.027380916733908772e-02
3.819949082936990870e-02
3.819949082936990870e-02
3.936612320743179683e-02
3.936612320743179683e-02
4.144044154540097585e-02
4.144044154540097585e-02
4.144044154540097585e-02
5.143575970901300559e-02
4.936144137104382656e-02
4.343476620752528827e-02
4.343476620752528827e-02
4.343476620752528827e-02
4.343476620752528827e-02
3.551376638188244450e-02
3.551376638188244450e-02
3.551376638188244450e-02
3.551376638188244450e-02
3.343944804391326547e-02
3.343944804391326547e-02
3.936612320743179683e-02
4.460139858558718334e-02
4.667571692355636237e-02
4.667571692355636237e-02
4.667571692355636237e-02
4.667571692355636237e-02
4.667571692355636237e-02
3.936612320743179683e-02
3.936612320743179683e-02
3.936612320743179683e-02
3.936612320743179683e-02
3.936612320743179683e-02
4.144044154540097585e-02
3.551376638188244450e-02
4.074904176003782408e-02
4.074904176003782408e-02
4.074904176003782408e-02
4.074904176003782408e-02
3.867472342206864505e-02
3.867472342206864505e-02
3.867472342206864505e-02
4.460139858558718334e-02
3.936612320743179683e-02
3.936612320743179683e-02
3.936612320743179683e-02
3.936612320743179683e-02
3.936612320743179683e-02
3.343944804391326547e-02
3.551376638188244450e-02
3.551376638188244450e-02
4.144044154540097585e-02
4.144044154540097585e-02
4.144044154540097585e-02
4.667571692355636237e-02
4.667571692355636237e-02
4.667571692355636237e-02
4.074904176003782408e-02
4.074904176003782408e-02
4.074904176003782408e-02
4.074904176003782408e-02
4.667571692355636237e-02
