-7.000000000000000888e+00 8.880550249856918883e-155
-6.987389829497858251e+00 4.074428266513930503e-154
-6.974779658995713838e+00 1.863225986687282344e-153
-6.962169488493571201e+00 8.492517530682464915e-153
-6.949559317991428564e+00 3.858152946869844248e-152
-6.936949147489284151e+00 1.747006429633273968e-151
-6.924338976987141514e+00 7.884635985515388515e-151
-6.911728806484998877e+00 3.546834137592911656e-150
-6.899118635982854464e+00 1.590274904899005124e-149
-6.886508465480711827e+00 7.106825169182312214e-149
-6.873898294978569190e+00 3.165564481710047287e-148
-6.861288124476424777e+00 1.405396313744787784e-147
-6.848677953974282140e+00 6.218971623970360769e-147
-6.836067783472139503e+00 2.742903106200833542e-146
-6.823457612969995090e+00 1.205797807603530132e-145
-6.810847442467852453e+00 5.283365458478311219e-145
-6.798237271965709816e+00 2.307379133717929711e-144
-6.785627101463565403e+00 1.004383157713914049e-143
-6.773016930961422766e+00 4.357646947170675818e-143
-6.760406760459280129e+00 1.884416188834243723e-142
-6.747796589957135716e+00 8.122201966853751596e-142
-6.735186419454993079e+00 3.489337048725495965e-141
-6.722576248952850442e+00 1.494115754229143524e-140
-6.709966078450706028e+00 6.376726076126240613e-140
-6.697355907948563392e+00 2.712585762075419683e-139
-6.684745737446420755e+00 1.150115353822803453e-138
-6.672135566944276341e+00 4.860394699304349056e-138
-6.659525396442133705e+00 2.047264222602204453e-137
-6.646915225939991068e+00 8.595051502061472273e-137
-6.634305055437846654e+00 3.596626211938592564e-136
-6.621694884935704017e+00 1.500079821782069610e-135
-6.609084714433561381e+00 6.235993919245078578e-135
-6.596474543931416967e+00 2.583861636091067027e-134
-6.583864373429274330e+00 1.067099923581849088e-133
-6.571254202927131693e+00 4.392514415271123798e-133
-6.558644032424987280e+00 1.802160975294311082e-132
-6.546033861922844643e+00 7.369639655204516821e-132
-6.533423691420702006e+00 3.003801426840636383e-131
-6.520813520918557593e+00 1.220305270029480118e-130
-6.508203350416414956e+00 4.941264064405319077e-130
-6.495593179914272319e+00 1.994251635467846049e-129
-6.482983009412127906e+00 8.022212737916033339e-129
-6.470372838909985269e+00 3.216479032061262978e-128
-6.457762668407842632e+00 1.285403903590232401e-127
-6.445152497905698219e+00 5.120010505150422361e-127
-6.432542327403555582e+00 2.032705420391316337e-126
-6.419932156901412945e+00 8.043598824823069831e-126
-6.407321986399268532e+00 3.172478811827498504e-125
-6.394711815897125895e+00 1.247152145018304652e-124
-6.382101645394983258e+00 4.886664616610972072e-124
-6.369491474892838845e+00 1.908437863946794692e-123
-6.356881304390696208e+00 7.428753014674123513e-123
-6.344271133888551795e+00 2.882214021694608551e-122
-6.331660963386409158e+00 1.114574118758667953e-121
-6.319050792884266521e+00 4.295998395449185331e-121
-6.306440622382123884e+00 1.650409458419370198e-120
-6.293830451879979471e+00 6.319631321202768547e-120
-6.281220281377836834e+00 2.411927425908837011e-119
-6.268610110875692421e+00 9.175065884169000472e-119
-6.255999940373549784e+00 3.478777226402611154e-118
-6.243389769871407147e+00 1.314669310731898193e-117
-6.230779599369264510e+00 4.951980436156710810e-117
-6.218169428867120097e+00 1.859147353875289152e-116
-6.205559258364977460e+00 6.956987315903873332e-116
-6.192949087862833046e+00 2.594783486180844049e-115
-6.180338917360690409e+00 9.646140050223877459e-115
-6.167728746858547773e+00 3.574197393572447596e-114
-6.155118576356405136e+00 1.320006429362782514e-113
-6.142508405854260722e+00 4.858991176564153719e-113
-6.129898235352118085e+00 1.782742978634865491e-112
-6.117288064849973672e+00 6.519344461940388430e-112
-6.104677894347831035e+00 2.376247653652457667e-111
-6.092067723845688398e+00 8.632807600179658086e-111
-6.079457553343545761e+00 3.125971544395869223e-110
-6.066847382841401348e+00 1.128211665404998279e-109
-6.054237212339258711e+00 4.058530070727826763e-109
-6.041627041837114298e+00 1.455189581099869100e-108
-6.029016871334971661e+00 5.200475096370219656e-108
-6.016406700832829024e+00 1.852418506210535370e-107
-6.003796530330684611e+00 6.576697348372944626e-107
-5.991186359828541974e+00 2.327283376913563198e-106
-5.978576189326399337e+00 8.208491515576538476e-106
-5.965966018824254924e+00 2.885692993862324230e-105
-5.953355848322112287e+00 1.011136043548174850e-104
-5.940745677819969650e+00 3.531358134489884346e-104
-5.928135507317827013e+00 1.229268213869005389e-103
-5.915525336815682600e+00 4.265051363758162029e-103
-5.902915166313539963e+00 1.474940890161722361e-102
-5.890304995811395550e+00 5.083908349510669548e-102
-5.877694825309252913e+00 1.746600445944148187e-101
-5.865084654807110276e+00 5.980840057879602160e-101
-5.852474484304965863e+00 2.041284738619876532e-100
-5.839864313802823226e+00 6.944128965030061879e-100
-5.827254143300680589e+00 2.354532920258476113e-99
-5.814643972798536176e+00 7.957278654095197965e-99
-5.802033802296393539e+00 2.680385057806955750e-98
-5.789423631794250902e+00 8.999173861075050286e-98
-5.776813461292106489e+00 3.011486635177303500e-97
-5.764203290789963852e+00 1.004458718771893343e-96
-5.751593120287821215e+00 3.339305183597697539e-96
-5.738982949785676801e+00 1.106504049986231462e-95
-5.726372779283534165e+00 3.654456467862873374e-95
-5.713762608781391528e+00 1.202999587017268555e-94
-5.701152438279247114e+00 3.947126775205447774e-94
-5.688542267777104477e+00 1.290831622533800453e-93
-5.675932097274961841e+00 4.207567113647783440e-93
-5.663321926772818315e+00 1.366990369307114667e-92
-5.650711756270674790e+00 4.426625858736457274e-92
-5.638101585768532154e+00 1.428739821104065079e-91
-5.625491415266388628e+00 4.596279866361490258e-91
-5.612881244764245103e+00 1.473780396819306130e-90
-5.600271074262102466e+00 4.710121319600003798e-90
-5.587660903759958941e+00 1.500390933145894784e-89
-5.575050733257815416e+00 4.763759201340317760e-89
-5.562440562755672779e+00 1.507537814918681168e-88
-5.549830392253529254e+00 4.755100343450868513e-88
-5.537220221751385729e+00 1.494941599141267273e-87
-5.524610051249243092e+00 4.684484977793278752e-87
-5.511999880747099567e+00 1.463095146464539539e-86
-5.499389710244956042e+00 4.554664552732741303e-86
-5.486779539742813405e+00 1.413231620203111961e-85
-5.474169369240669880e+00 4.370623831232820030e-85
-5.461559198738526355e+00 1.347245249178707738e-84
-5.448949028236382830e+00 4.139263304512635962e-84
-5.436338857734240193e+00 1.267571951311032803e-83
-5.423728687232096668e+00 3.868970123148563127e-83
-5.411118516729953143e+00 1.177040301813905395e-82
-5.398508346227810506e+00 3.569114709795247553e-82
-5.385898175725666981e+00 1.078705538473859320e-81
-5.373288005223523456e+00 3.249515062054181343e-81
-5.360677834721380819e+00 9.756801233419431955e-81
-5.348067664219237294e+00 2.919911123041121833e-80
-5.335457493717093769e+00 8.709738045055055317e-80
-5.322847323214951132e+00 2.589487711887879440e-79
-5.310237152712807607e+00 7.673542987911496015e-79
-5.297626982210664082e+00 2.266477102032267008e-78
-5.285016811708520557e+00 6.672369450751103048e-78
-5.272406641206377920e+00 1.957862525081836973e-77
-5.259796470704234395e+00 5.726083491261796445e-77
-5.247186300202090870e+00 1.669192971906145192e-76
-5.234576129699948233e+00 4.849855765951533433e-76
-5.221965959197804708e+00 1.404508972097881491e-75
-5.209355788695661182e+00 4.054092444745924058e-75
-5.196745618193518546e+00 1.166369696639927367e-74
-5.184135447691375020e+00 3.344662291902948012e-74
-5.171525277189231495e+00 9.559645813812276178e-74
-5.158915106687088858e+00 2.723358577945596876e-73
-5.146304936184945333e+00 7.732881713518185572e-73
-5.133694765682801808e+00 2.188524618563122185e-72
-5.121084595180659171e+00 6.173551164511143409e-72
-5.108474424678515646e+00 1.735770207132559870e-71
-5.095864254176372121e+00 4.864329516626844158e-71
-5.083254083674229484e+00 1.358711777428468882e-70
-5.070643913172085959e+00 3.782729666241398123e-70
-5.058033742669942434e+00 1.049679946788179805e-69
-5.045423572167799797e+00 2.903234673960886452e-69
-5.032813401665656272e+00 8.003520239478376747e-69
-5.020203231163512747e+00 2.199143828938085300e-68
-5.007593060661370110e+00 6.022820491844579311e-68
-4.994982890159226585e+00 1.644068547129798388e-67
-4.982372719657083060e+00 4.473152004974784737e-67
-4.969762549154940423e+00 1.213056820454869141e-66
-4.957152378652796898e+00 3.278856436079916045e-66
-4.944542208150653373e+00 8.833594257479565533e-66
-4.931932037648510736e+00 2.372063440336999014e-65
-4.919321867146367211e+00 6.348760989678586604e-65
-4.906711696644223686e+00 1.693657146719167233e-64
-4.894101526142081049e+00 4.503351882494903151e-64
-4.881491355639937524e+00 1.193493749467365337e-63
-4.868881185137793999e+00 3.152668557000577497e-63
-4.856271014635651362e+00 8.300617505339200323e-63
-4.843660844133507837e+00 2.178293662761466247e-62
-4.831050673631364312e+00 5.697658471406423704e-62
-4.818440503129221675e+00 1.485423797822341522e-61
-4.805830332627078150e+00 3.859920327566787686e-61
-4.793220162124934625e+00 9.997244706492374635e-61
-4.780609991622791988e+00 2.580811849666465131e-60
-4.767999821120648463e+00 6.640586303934295295e-60
-4.755389650618504938e+00 1.703062503175393074e-59
-4.742779480116362301e+00 4.353402777903418929e-59
-4.730169309614218776e+00 1.109177970226210004e-58
-4.717559139112075250e+00 2.816746504522170636e-58
-4.704948968609932614e+00 7.129654056253639623e-58
-4.692338798107789088e+00 1.798719063721331100e-57
-4.679728627605645563e+00 4.523060799486077846e-57
-4.667118457103502926e+00 1.133641520077780317e-56
-4.654508286601359401e+00 2.832000423986791903e-56
-4.641898116099215876e+00 7.051559241056349395e-56
-4.629287945597073239e+00 1.750053399760216087e-55
-4.616677775094929714e+00 4.329041629066985774e-55
-4.604067604592786189e+00 1.067349291720754917e-54
-4.591457434090643552e+00 2.622984571678290331e-54
-4.578847263588500027e+00 6.424795297200303904e-54
-4.566237093086356502e+00 1.568546025057224830e-53
-4.553626922584213865e+00 3.816890265866242540e-53
-4.541016752082070340e+00 9.257560148168146339e-53
-4.528406581579926815e+00 2.237988728845138551e-52
-4.515796411077784178e+00 5.392544732031011928e-52
-4.503186240575640653e+00 1.295102528077675370e-51
-4.490576070073497128e+00 3.100195661702339048e-51
-4.477965899571354491e+00 7.396881147942141192e-51
-4.465355729069210966e+00 1.759068637233405365e-50
-4.452745558567067441e+00 4.169572835677303471e-50
-4.440135388064924804e+00 9.850879431874771013e-50
-4.427525217562781279e+00 2.319706975592331862e-49
-4.414915047060637754e+00 5.444599831363331884e-49
-4.402304876558495117e+00 1.273718746717866180e-48
-4.389694706056351592e+00 2.969996117519358715e-48
-4.377084535554208067e+00 6.902604886920091102e-48
-4.364474365052065430e+00 1.598987125731419578e-47
-4.351864194549921905e+00 3.691915619152690074e-47
-4.339254024047778380e+00 8.496370462961545764e-47
-4.326643853545635743e+00 1.948902071379205934e-46
-4.314033683043492218e+00 4.455757274908102148e-46
-4.301423512541348693e+00 1.015378567072946575e-45
-4.288813342039206056e+00 2.306266269847246185e-45
-4.276203171537062531e+00 5.221146989912991134e-45
-4.263593001034919006e+00 1.178141459570641679e-44
-4.250982830532776369e+00 2.649744717786897505e-44
-4.238372660030632844e+00 5.939990317014853792e-44
-4.225762489528489319e+00 1.327218954685365827e-43
-4.213152319026346682e+00 2.955796842217298430e-43
-4.200542148524203157e+00 6.561177455787432588e-43
-4.187931978022059631e+00 1.451657679843823321e-42
-4.175321807519916995e+00 3.201267078183652794e-42
-4.162711637017773469e+00 7.036470847664169024e-42
-4.150101466515629944e+00 1.541569826189060070e-41
-4.137491296013487307e+00 3.366253871341645856e-41
-4.124881125511343782e+00 7.326658001329813637e-41
-4.112270955009200257e+00 1.589426302491530439e-40
-4.099660784507057620e+00 3.436768878114634754e-40
-4.087050614004914095e+00 7.406887480689383380e-40
-4.074440443502770570e+00 1.591097123701855425e-39
-4.061830273000627933e+00 3.406694516177987164e-39
-4.049220102498484408e+00 7.270182021120942636e-39
-4.036609931996340883e+00 1.546439749663797032e-38
-4.023999761494198246e+00 3.278660033924398114e-38
-4.011389590992054721e+00 6.928440115093824611e-38
-3.998779420489911196e+00 1.459319154058203265e-37
-3.986169249987768559e+00 3.063662134337117074e-37
-3.973559079485625034e+00 6.410726703576833361e-37
-3.960948908983481509e+00 1.337055706222699173e-36
-3.948338738481338872e+00 2.779506048791952029e-36
-3.935728567979194459e+00 5.759193440748618222e-36
-3.923118397477051822e+00 1.189410224671404385e-35
-3.910508226974909185e+00 2.448373482846987444e-35
-3.897898056472764772e+00 5.023422473359147720e-35
-3.885287885970622135e+00 1.027301253585117789e-34
-3.872677715468479498e+00 2.093977684148696269e-34
-3.860067544966335085e+00 4.254244416499518165e-34
-3.847457374464192448e+00 8.614875877965222513e-34
-3.834847203962049811e+00 1.738808888262445761e-33
-3.822237033459905398e+00 3.498089848788022850e-33
-3.809626862957762761e+00 7.014333210959671796e-33
-3.797016692455620124e+00 1.401903733585835705e-32
-3.784406521953475711e+00 2.792713612048334993e-32
-3.771796351451333074e+00 5.545121480719292222e-32
-3.759186180949190437e+00 1.097418370599797076e-31
-3.746576010447046023e+00 2.164760871598426482e-31
-3.733965839944903387e+00 4.256221492624193104e-31
-3.721355669442760750e+00 8.340942835245698185e-31
-3.708745498940616336e+00 1.629231313272447076e-30
-3.696135328438473699e+00 3.171955444443323515e-30
-3.683525157936331063e+00 6.155285212942279947e-30
-3.670914987434186649e+00 1.190545794690931357e-29
-3.658304816932044012e+00 2.295201920071859486e-29
-3.645694646429901375e+00 4.410345469527631394e-29
-3.633084475927756962e+00 8.446976547720949785e-29
-3.620474305425614325e+00 1.612526959703991183e-28
-3.607864134923471688e+00 3.068242970995561405e-28
-3.595253964421327275e+00 5.819017060458162134e-28
-3.582643793919184638e+00 1.099984798801243118e-27
-3.570033623417041113e+00 2.072530637221025267e-27
-3.557423452914897588e+00 3.892176360531002250e-27
-3.544813282412754951e+00 7.285534029399477247e-27
-3.532203111910611426e+00 1.359276018198955716e-26
-3.519592941408467901e+00 2.527733919443092266e-26
-3.506982770906325264e+00 4.685247645741049015e-26
-3.494372600404181739e+00 8.655881361894938783e-26
-3.481762429902038214e+00 1.593924130953092765e-25
-3.469152259399895577e+00 2.925510487460409363e-25
-3.456542088897752052e+00 5.351966600882290252e-25
-3.443931918395608527e+00 9.758945890792622990e-25
-3.431321747893465890e+00 1.773659564831798941e-24
-3.418711577391322365e+00 3.213035473858387280e-24
-3.406101406889178840e+00 5.801479159923514657e-24
-3.393491236387036203e+00 1.044094901701519395e-23
-3.380881065884892678e+00 1.872920307917805384e-23
-3.368270895382749153e+00 3.348704073606503652e-23
-3.355660724880606516e+00 5.967775186405108896e-23
-3.343050554378462991e+00 1.060050158194722309e-22
-3.330440383876319466e+00 1.876803127638860873e-22
-3.317830213374176829e+00 3.311993156510665238e-22
-3.305220042872033304e+00 5.825572602300947322e-22
-3.292609872369889779e+00 1.021330618153390334e-21
-3.279999701867747142e+00 1.784730713149759560e-21
-3.267389531365603617e+00 3.108549061454573863e-21
-3.254779360863460091e+00 5.396615899001407596e-21
-3.242169190361317455e+00 9.338220320265379790e-21
-3.229559019859173929e+00 1.610592312057414446e-20
-3.216948849357030404e+00 2.768765013702621267e-20
-3.204338678854887767e+00 4.744228751135827491e-20
-3.191728508352744242e+00 8.102597483946638833e-20
-3.179118337850600717e+00 1.379310702476776902e-19
-3.166508167348458080e+00 2.340341437332534587e-19
-3.153897996846314555e+00 3.957999104495262032e-19
-3.141287826344171030e+00 6.671931730722956976e-19
-3.128677655842028393e+00 1.121003605153679620e-18
-3.116067485339884868e+00 1.877336048867100582e-18
-3.103457314837741343e+00 3.133694875924760425e-18
-3.090847144335598706e+00 5.213761450178743291e-18
-3.078236973833455181e+00 8.646203480380675010e-18
-3.065626803331311656e+00 1.429156140932493928e-17
-3.053016632829169019e+00 2.354582582350376120e-17
-3.040406462327025494e+00 3.866591415559825544e-17
-3.027796291824881969e+00 6.328821333420208135e-17
-3.015186121322739332e+00 1.032518108402702269e-16
-3.002575950820595807e+00 1.679008518442468209e-16
-2.989965780318452282e+00 2.721376287199950873e-16
-2.977355609816309645e+00 4.396477571407091240e-16
-2.964745439314166120e+00 7.079487068565532098e-16
-2.952135268812022595e+00 1.136264625391400639e-15
-2.939525098309879958e+00 1.817766272899703429e-15
-2.926914927807736433e+00 2.898528385823252165e-15
-2.914304757305592908e+00 4.606787056454843115e-15
-2.901694586803450271e+00 7.297933213604826969e-15
-2.889084416301306746e+00 1.152346010515061137e-14
-2.876474245799163221e+00 1.813624182844076781e-14
-2.863864075297020584e+00 2.845071457173185611e-14
-2.851253904794877059e+00 4.448572305349906516e-14
-2.838643734292733534e+00 6.933137836581543606e-14
-2.826033563790590897e+00 1.077012721309604233e-13
-2.813423393288447372e+00 1.667607209421241440e-13
-2.800813222786303847e+00 2.573645602288241006e-13
-2.788203052284161210e+00 3.959003524359674973e-13
-2.775592881782017685e+00 6.070232407648396940e-13
-2.762982711279874160e+00 9.276991450595901705e-13
-2.750372540777731523e+00 1.413160610353484848e-12
-2.737762370275587998e+00 2.145648344485531084e-12
-2.725152199773444472e+00 3.247194853807095531e-12
-2.712542029271301836e+00 4.898251329497309109e-12
-2.699931858769158310e+00 7.364729866096783841e-12
-2.687321688267014785e+00 1.103711971923904122e-11
-2.674711517764872148e+00 1.648686169479245261e-11
-2.662101347262728623e+00 2.454729733699594923e-11
-2.649491176760585098e+00 3.642947881999842265e-11
-2.636881006258442461e+00 5.388724254221423394e-11
-2.624270835756298936e+00 7.945163444348584861e-11
-2.611660665254155411e+00 1.167625923746303477e-10
-2.599050494752012774e+00 1.710364950718346238e-10
-2.586440324249869249e+00 2.497227826007854744e-10
-2.573830153747725724e+00 3.634226692858231938e-10
-2.561219983245583087e+00 5.271697593164722425e-10
-2.548609812743439562e+00 7.622084347007127729e-10
-2.535999642241296037e+00 1.098454211635720921e-09
-2.523389471739152512e+00 1.577884743381019644e-09
-2.510779301237009875e+00 2.259195805146936685e-09
-2.498169130734866350e+00 3.224169874604160581e-09
-2.485558960232722825e+00 4.586354050702656053e-09
-2.472948789730580188e+00 6.502839484787047247e-09
-2.460338619228436663e+00 9.190189427285163687e-09
-2.447728448726293138e+00 1.294589398428969765e-08
-2.435118278224150501e+00 1.817715739786626292e-08
-2.422508107722006976e+00 2.543937373879501428e-08
-2.409897937219863451e+00 3.548735090616796133e-08
-2.397287766717720814e+00 4.934323941358454309e-08
-2.384677596215577289e+00 6.838625859036089155e-08
-2.372067425713433764e+00 9.447074524853591849e-08
-2.359457255211291127e+00 1.300808465045971499e-07
-2.346847084709147602e+00 1.785324200620936709e-07
-2.334236914207004077e+00 2.442354870710171574e-07
-2.321626743704861440e+00 3.330340159490194904e-07
-2.309016573202717915e+00 4.526440290874690815e-07
-2.296406402700574390e+00 6.132161657827466336e-07
-2.283796232198431753e+00 8.280550713249699392e-07
-2.271186061696288228e+00 1.114535501235923886e-06
-2.258575891194144702e+00 1.495264038011426574e-06
-2.245965720692002066e+00 1.999546040258777687e-06
-2.233355550189858540e+00 2.665230120876861963e-06
-2.220745379687715015e+00 3.541017332618007351e-06
-2.208135209185572378e+00 4.689339580794498422e-06
-2.195525038683428853e+00 6.189931833930859966e-06
-2.182914868181285328e+00 8.144245696961718294e-06
-2.170304697679142691e+00 1.068087804953724249e-05
-2.157694527176999166e+00 1.396221788517258751e-05
-2.145084356674855641e+00 1.819254729377274839e-05
-2.132474186172713004e+00 2.362786868986980267e-05
-2.119864015670569479e+00 3.058776975180838590e-05
-2.107253845168425954e+00 3.946967978988442894e-05
-2.094643674666283317e+00 5.076591589019963238e-05
-2.082033504164139792e+00 6.508396343119774894e-05
-2.069423333661996267e+00 8.317048240517628933e-05
-2.056813163159853630e+00 1.059395770381564778e-04
-2.044202992657710105e+00 1.345059097666866685e-04
-2.031592822155566580e+00 1.702232795813365159e-04
-2.018982651653423943e+00 2.147293165419641189e-04
-2.006372481151280418e+00 2.699969659273009754e-04
-1.993762310649136893e+00 3.383934435777532883e-04
-1.981152140146994256e+00 4.227473346776069269e-04
-1.968541969644850731e+00 5.264244772683260428e-04
-1.955931799142707206e+00 6.534132146371854528e-04
-1.943321628640564569e+00 8.084195126152239229e-04
-1.930711458138421044e+00 9.969723138837397955e-04
-1.918101287636277519e+00 1.225539336851387811e-03
-1.905491117134134882e+00 1.501653317029922642e-03
-1.892880946631991357e+00 1.834048430141964163e-03
-1.880270776129847832e+00 2.232806325285889744e-03
-1.867660605627705195e+00 2.709510831326969547e-03
-1.855050435125561670e+00 3.277409979696941852e-03
-1.842440264623418145e+00 3.951583513189943497e-03
-1.829830094121275508e+00 4.749113526504110394e-03
-1.817219923619131983e+00 5.689255316051809556e-03
-1.804609753116988458e+00 6.793604912568395812e-03
-1.791999582614845821e+00 8.086259141966074468e-03
-1.779389412112702296e+00 9.593963422537932217e-03
-1.766779241610558771e+00 1.134624187816382114e-02
-1.754169071108415245e+00 1.337550374891864451e-02
-1.741558900606272609e+00 1.571711953680128560e-02
-1.728948730104129083e+00 1.840945986218292182e-02
-1.716338559601985558e+00 2.149388965514599861e-02
-1.703728389099842921e+00 2.501471009566505824e-02
-1.691118218597699396e+00 2.901904067857895286e-02
-1.678508048095555871e+00 3.355663394386953352e-02
-1.665897877593413234e+00 3.867961580852480319e-02
-1.653287707091269709e+00 4.444214508839941513e-02
-1.640677536589126184e+00 5.089998672769334431e-02
-1.628067366086983547e+00 5.810999447420918396e-02
-1.615457195584840022e+00 6.612950025713065783e-02
-1.602847025082696497e+00 7.501560933803066988e-02
-1.590236854580553860e+00 8.482440240249874974e-02
-1.577626684078410335e+00 9.561004811457000929e-02
-1.565016513576266810e+00 1.074238322329785500e-01
-1.552406343074124173e+00 1.203131121382537833e-01
-1.539796172571980648e+00 1.343202084819292152e-01
-1.527186002069837123e+00 1.494812485714108741e-01
-1.514575831567694486e+00 1.658249789635906357e-01
-1.501965661065550961e+00 1.833715674660314765e-01
-1.489355490563407436e+00 2.021314172395564379e-01
-1.476745320061264799e+00 2.221040178597943338e-01
-1.464135149559121274e+00 2.432768599276370902e-01
-1.451524979056977749e+00 2.656244410232879161e-01
-1.438914808554835112e+00 2.891073913868322243e-01
-1.426304638052691587e+00 3.136717476034244223e-01
-1.413694467550548062e+00 3.392484017115718897e-01
-1.401084297048405425e+00 3.657527514972161442e-01
-1.388474126546261900e+00 3.930845752643878921e-01
-1.375863956044118375e+00 4.211281510913653103e-01
-1.363253785541975738e+00 4.497526365222198064e-01
-1.350643615039832213e+00 4.788127198679505425e-01
-1.338033444537688688e+00 5.081495488879543831e-01
-1.325423274035546051e+00 5.375919367066852583e-01
-1.312813103533402526e+00 5.669578385312586954e-01
-1.300202933031259001e+00 5.960560862346174771e-01
-1.287592762529116364e+00 6.246883613320074469e-01
-1.274982592026972839e+00 6.526513804946653119e-01
-1.262372421524829313e+00 6.797392617060504794e-01
-1.249762251022686677e+00 7.057460336651322219e-01
-1.237152080520543151e+00 7.304682462601135295e-01
-1.224541910018399626e+00 7.537076360428841548e-01
-1.211931739516256989e+00 7.752737977751267273e-01
-1.199321569014113464e+00 7.949868114089190252e-01
-1.186711398511969939e+00 8.126797733936185208e-01
-1.174101228009827302e+00 8.282011820142959335e-01
-1.161491057507683777e+00 8.414171285739397987e-01
-1.148880887005540252e+00 8.522132495996807000e-01
-1.136270716503397615e+00 8.604963998093665412e-01
-1.123660546001254090e+00 8.661960112075023366e-01
-1.111050375499110565e+00 8.692651102417869868e-01
-1.098440204996967928e+00 8.696809722652272256e-01
-1.085830034494824403e+00 8.674454004119943606e-01
-1.073219863992680878e+00 8.625846241870673836e-01
-1.060609693490538241e+00 8.551488213597324695e-01
-1.047999522988394716e+00 8.452112749059711438e-01
-1.035389352486251191e+00 8.328671845376538485e-01
-1.022779181984108554e+00 8.182321595729118435e-01
-1.010169011481965029e+00 8.014404263492653779e-01
-9.975588409798215039e-01 7.826427888920296505e-01
-9.849486704776788670e-01 7.620043859917023932e-01
-9.723384999755353419e-01 7.397022911166697412e-01
-9.597283294733918169e-01 7.159230036317865142e-01
-9.471181589712491800e-01 6.908598805894738959e-01
-9.345079884691056549e-01 6.647105579259315888e-01
-9.218978179669621298e-01 6.376744082870231534e-01
-9.092876474648186047e-01 6.099500800154795677e-01
-8.966774769626759678e-01 5.817331581725422307e-01
-8.840673064605324427e-01 5.532139839858409847e-01
-8.714571359583889176e-01 5.245756639731073978e-01
-8.588469654562462807e-01 4.959922943608665036e-01
-8.462367949541027556e-01 4.676274204788574140e-01
-8.336266244519592306e-01 4.396327447417002210e-01
-8.210164539498165936e-01 4.121470908021337420e-01
-8.084062834476730686e-01 3.852956256345093644e-01
-7.957961129455295435e-01 3.591893358267601033e-01
-7.831859424433869066e-01 3.339247493476993900e-01
-7.705757719412433815e-01 3.095838896144502139e-01
-7.579656014390998564e-01 2.862344448893514581e-01
-7.453554309369572195e-01 2.639301329372645277e-01
-7.327452604348136944e-01 2.427112385002589967e-01
-7.201350899326701693e-01 2.226052994995767476e-01
-7.075249194305275324e-01 2.036279169360070973e-01
-6.949147489283840073e-01 1.857836631913319103e-01
-6.823045784262404823e-01 1.690670637809006394e-01
-6.696944079240978454e-01 1.534636285034373937e-01
-6.570842374219543203e-01 1.389509093019938857e-01
-6.444740669198107952e-01 1.254995639064080404e-01
-6.318638964176681583e-01 1.130744063868355243e-01
-6.192537259155246332e-01 1.016354280242231095e-01
-6.066435554133811081e-01 9.113877431411956942e-02
-5.940333849112384712e-01 8.153766638747994566e-02
-5.814232144090949461e-01 7.278325758573399307e-02
-5.688130439069514210e-01 6.482541830549340411e-02
-5.562028734048087841e-01 5.761344447854986617e-02
-5.435927029026652590e-01 5.109668713297585430e-02
-5.309825324005217340e-01 4.522510235903588749e-02
-5.183723618983790971e-01 3.994972265685220458e-02
-5.057621913962355720e-01 3.522305205845140119e-02
-4.931520208940920469e-01 3.099938859031428282e-02
-4.805418503919494100e-01 2.723507857683997099e-02
-4.679316798898058849e-01 2.388870798956020322e-02
-4.553215093876623598e-01 2.092123653595811400e-02
-4.427113388855197229e-01 1.829608047387647207e-02
-4.301011683833761978e-01 1.597915025409370193e-02
-4.174909978812326727e-01 1.393884905780584486e-02
-4.048808273790900358e-01 1.214603813134261176e-02
-3.922706568769465107e-01 1.057397455133668104e-02
-3.796604863748029857e-01 9.198226702733418650e-03
-3.670503158726603488e-01 7.996572341151862370e-03
-3.544401453705168237e-01 6.948883660021674784e-03
-3.418299748683732986e-01 6.037003309323772313e-03
-3.292198043662306617e-01 5.244614832061124735e-03
-3.166096338640871366e-01 4.557110509786166906e-03
-3.039994633619436115e-01 3.961459150240730087e-03
-2.913892928598009746e-01 3.446075916763273201e-03
-2.787791223576574495e-01 3.000695896802616381e-03
-2.661689518555139244e-01 2.616252739906144500e-03
-2.535587813533712875e-01 2.284763366471330697e-03
-2.409486108512277625e-01 1.999219458441576797e-03
-2.283384403490842374e-01 1.753486191810517403e-03
-2.157282698469416005e-01 1.542208457123836604e-03
-2.031180993447980754e-01 1.360724636191625644e-03
-1.907296212577645478e-01 1.207524161130970296e-03
-1.790751809198734557e-01 1.083102077670739264e-03
-1.681328766829025823e-01 9.814659941819402732e-04
-1.578591939883211837e-01 8.978308140020514879e-04
-1.482132772030496648e-01 8.285396160802033358e-04
-1.391567671477560997e-01 7.707728372305408353e-04
-1.306536485528615454e-01 7.223376888074009615e-04
-1.226701068356443602e-01 6.815144606917549613e-04
-1.151743936288669723e-01 6.469434578460207287e-04
-1.081367005261812397e-01 6.175411757580987100e-04
-1.015290405422311915e-01 5.924376727980780119e-04
-9.532513681604738720e-02 5.709294231372034120e-04
-8.950031811513789459e-02 5.524435581370712922e-04
-8.403142072473115953e-02 5.365105461378875430e-04
-7.889669633199995757e-02 5.227431689799215192e-04
-7.407572553895482026e-02 5.108202297320351987e-04
-6.954933666007066806e-02 5.004738394876603533e-04
-6.529952948172380867e-02 4.914794296845530902e-04
-6.130940368025181858e-02 4.836478535080310963e-04
-5.756309161397969026e-02 4.768190988095171714e-04
-5.404569522193657799e-02 4.708572519671199471e-04
-5.074322677833183887e-02 4.656464388013330040e-04
-4.764255326718694339e-02 4.610875332742002419e-04
-4.473134415591366320e-02 4.570954731441859132e-04
-4.199802236014917034e-02 4.535970582752206146e-04
-3.943171820485173729e-02 4.505291349903204311e-04
-3.702222619856760516e-02 4.478370909675170766e-04
-3.475996444897584692e-02 4.454736013489441057e-04
-3.263593655831751456e-02 4.433975791897782205e-04
-3.064169584717604811e-02 4.415732930154274145e-04
-2.876931176433708895e-02 4.399696217559444884e-04
-2.701133834915109624e-02 4.385594231903834931e-04
-2.536078462097863737e-02 4.373189966404479752e-04
-2.381108677796769241e-02 4.362276242895377315e-04
-2.235608209460499679e-02 4.352671783884022811e-04
-2.098998441423788677e-02 4.344217839086095679e-04
-1.970736113910750986e-02 4.336775280474118826e-04
-1.850311162639044910e-02 4.330222094709273951e-04
-1.737244690433337180e-02 4.324451213822790626e-04
-1.631087062781888183e-02 4.319368634766179585e-04
-1.531416119762810286e-02 4.314891786415745844e-04
-1.437835497229224616e-02 4.310948109154852360e-04
-1.349973050577157364e-02 4.307473817546888292e-04
-1.267479374828037013e-02 4.304412821078862535e-04
-1.190026415140387275e-02 4.301715781669209946e-04
-1.117306162225225469e-02 4.299339289740262493e-04
-1.049029427477177374e-02 4.297245143259983296e-04
-9.849246929502866038e-03 4.295399716354219091e-04
-9.247370316051994887e-03 4.293773405946814110e-04
-8.682270935339195597e-03 4.292340146461759453e-04
-8.151701541304996398e-03 4.291076983963843135e-04
-7.653552204225974771e-03 4.289963702261348076e-04
-7.185841920100037063e-03 4.288982494477235844e-04
-6.746710732733945948e-03 4.288117674440631850e-04
-6.334412337204842376e-03 4.287355422977309934e-04
-5.947307135282262590e-03 4.286683564807161444e-04
-5.583855715193143839e-03 4.286091372299604568e-04
-5.242612729801200168e-03 4.285569392810275983e-04
-4.922221148855803613e-03 4.285109296730906826e-04
-4.621406862452884928e-03 4.284703743741279667e-04
-4.338973614247355545e-03 4.284346265062302477e-04
-4.073798244268176869e-03 4.284031159779394353e-04
-3.824826222417472815e-03 4.283753403543003437e-04
-3.591067454892035368e-03 4.283508568158338626e-04
-3.371592346850472034e-03 4.283292750758257495e-04
-3.165528105668122608e-03 4.283102511411625507e-04
-2.972055270078842893e-03 4.282934818157334701e-04
-2.790404451401243442e-03 4.282786998577129420e-04
-2.619853273889739126e-03 4.282656697126534912e-04
-2.459723502043294555e-03 4.282541837536804402e-04
-2.309378343447928035e-03 4.282440589684062635e-04
-2.168219916426995363e-03 4.282351340393044585e-04
-2.035686872428882702e-03 4.282272667707547292e-04
-1.911252163696946192e-03 4.282203318215078145e-04
-1.794420947344431763e-03 4.282142187062263640e-04
-1.684728617499294890e-03 4.282088300341921122e-04
-1.581738957693386684e-03 4.282040799569195120e-04
-1.485042406148618429e-03 4.281998927999068508e-04
-1.394254427061488973e-03 4.281962018566897203e-04
-1.309013981409089993e-03 4.281929483258573857e-04
-1.228982091195453740e-03 4.281900803741322138e-04
-1.153840491428526288e-03 4.281875523105326074e-04
-1.083290364467113165e-03 4.281853238584167358e-04
-1.017051151704679570e-03 4.281833595138477317e-04
-9.548594378642998991e-04 4.281816279799813556e-04
-8.964679034679587247e-04 4.281801016685340619e-04
-8.416443413144891576e-04 4.281787562602938960e-04
-7.901707330548732918e-04 4.281775703177648738e-04
-7.418423821927417998e-04 4.281765249436605904e-04
-6.964671000622763746e-04 4.281756034799322989e-04
-6.538644415463101345e-04 4.281747912424214335e-04
-6.138649874953195544e-04 4.281740752869542125e-04
-5.763096709937077546e-04 4.281734442031863951e-04
-5.410491447940707658e-04 4.281728879328514786e-04
-5.079431874039339089e-04 4.281723976095505829e-04
-4.768601454631505969e-04 4.281719654175145172e-04
-4.476764101943878299e-04 4.281715844671439846e-04
-4.202759258447686459e-04 4.281712486852344915e-04
-3.945497281637799845e-04 4.281709527182677366e-04
-3.703955110821903832e-04 4.281706918471169920e-04
-3.477172198687347553e-04 4.281704619118885283e-04
-3.264246691466341703e-04 4.281702592456443357e-04
-3.064331842509692436e-04 4.281700806160169156e-04
-2.876632645006474724e-04 4.281699231736851201e-04
-2.700402670458676067e-04 4.281697844069987189e-04
-2.534941100338807115e-04 4.281696621019781155e-04
-2.379589939125882462e-04 4.281695543070199888e-04
-2.233731397636618432e-04 4.281694593018253595e-04
-2.096785436246481258e-04 4.281693755699750217e-04
-1.968207458230403738e-04 4.281693017747875587e-04
-1.847486144050079770e-04 4.281692367380032240e-04
-1.734141417975726429e-04 4.281691794210230146e-04
-1.627722538955931274e-04 4.281691289083510072e-04
-1.527806308143372189e-04 4.281690843930104832e-04
-1.433995385948514170e-04 4.281690451636855623e-04
-1.345916711928507147e-04 4.281690105933751351e-04
-1.263220021227506255e-04 4.281689801294140288e-04
-1.185576451668948804e-04 4.281689532846509084e-04
-1.112677235960431003e-04 4.281689296296919489e-04
-1.044232473810362147e-04 4.281689087860533934e-04
-9.799699790736354202e-05 4.281688904201247695e-04
-9.196341973416139544e-05 4.281688742378587389e-04
-8.629851896719176359e-05 4.281688599800662553e-04
-8.097976784167412539e-05 4.281688474183048369e-04
-7.598601513551331310e-05 4.281688363512182452e-04
-7.129740205665540287e-05 4.281688266013305533e-04
-6.689528327009240302e-05 4.281688180122214201e-04
-6.276215275045356852e-05 4.281688104460203907e-04
-5.888157416531500463e-05 4.281688037812154523e-04
-5.523811551239205268e-05 4.281687979107077048e-04
-5.181728775067791524e-05 4.281687927401064530e-04
-4.860548718147756638e-05 4.281687881862216230e-04
-4.558994135021126844e-05 4.281687841757358861e-04
-4.275865825384858419e-05 4.281687806440322565e-04
-4.010037865198160146e-05 4.281687775341652376e-04
-3.760453129189908716e-05 4.281687747959502010e-04
-3.526119086959958525e-05 4.281687723851574441e-04
-3.306103855956327154e-05 4.281687702628122843e-04
-3.099532495632644548e-05 4.281687683945675218e-04
-2.905583528048395544e-05 4.281687667501582494e-04
-2.723485671075096226e-05 4.281687653029104374e-04
-2.552514771217800657e-05 4.281687640293244373e-04
-2.391990923854284747e-05 4.281687629086904155e-04
-2.241275769439721272e-05 4.281687619227624421e-04
-2.099769954925015053e-05 4.281687610554614737e-04
-1.966910750293300909e-05 4.281687602926208909e-04
-1.842169810736080741e-05 4.281687596217653214e-04
-1.725051075570132930e-05 4.281687590318914143e-04
-1.615088795539561633e-05 4.281687585133200089e-04
-1.511845680657980123e-05 4.281687580575136093e-04
-1.414911161225593266e-05 4.281687576569531651e-04
-1.323899755105558475e-05 4.281687573050200015e-04
-1.238449534766613459e-05 4.281687569958827913e-04
-1.158220687996078599e-05 4.281687567244023621e-04
-1.082894166559426607e-05 4.281687564860535249e-04
-1.012170417432434343e-05 4.281687562768520536e-04
-9.457681915605696142e-06 4.281687560932908795e-04
-8.834234254082606896e-06 4.281687559322786712e-04
-8.248881908502043135e-06 4.281687557910917501e-04
-7.699297092288845179e-06 4.281687556673418899e-04
-7.183294256573823982e-06 4.281687555589158180e-04
-6.698821398861734940e-06 4.281687554639603617e-04
-6.243951902777456888e-06 4.281687553808369122e-04
-5.816876876438485798e-06 4.281687553081128588e-04
-5.415897958985060038e-06 4.281687552445188178e-04
-5.039420566662596439e-06 4.281687551889447286e-04
-4.685947551597296836e-06 4.281687551404083042e-04
-4.354073248047161842e-06 4.281687550980496637e-04
-4.042477882453245495e-06 4.281687550611108957e-04
-3.749922325059951160e-06 4.281687550289235353e-04
-3.475243162234227762e-06 4.281687550009022217e-04
-3.217348069887064443e-06 4.281687549765328263e-04
-2.975211469598384632e-06 4.281687549553632368e-04
-2.747870450171603521e-06 4.281687549369937078e-04
-2.534420938398601179e-06 4.281687549210743673e-04
-2.334014103807039897e-06 4.281687549073006087e-04
-2.145852983093271333e-06 4.281687548953982915e-04
-1.969189310816785935e-06 4.281687548851346374e-04
-1.803320543752548581e-06 4.281687548763001244e-04
-1.647587067068355029e-06 4.281687548687121729e-04
-1.501369571216668681e-06 4.281687548622103751e-04
-1.364086589109387048e-06 4.281687548566566037e-04
-1.235192183781944781e-06 4.281687548519265548e-04
-1.114173777351006344e-06 4.281687548479126216e-04
-1.000550112631961414e-06 4.281687548445196651e-04
-8.938693393104654022e-07 4.281687548416644186e-04
-7.937072170570570337e-07 4.281687548392784691e-04
-6.996654284390261791e-07 4.281687548372956802e-04
-6.113699949207071113e-07 4.281687548356619502e-04
-5.284697896529079203e-07 4.281687548343297909e-04
-4.506351411371571005e-07 4.281687548332505219e-04
-3.775565222121384326e-07 4.281687548323971464e-04
-3.089433191486484405e-07 4.281687548317323678e-04
-2.445226759580218821e-07 4.281687548312288643e-04
-1.840384093183425875e-07 4.281687548308630545e-04
-1.272499898032904365e-07 4.281687548306128206e-04
-7.393158536218592144e-08 4.281687548304610865e-04
-2.387116324756687046e-08 4.281687548303907218e-04
2.387116324756687046e-08 4.281687548303907218e-04
7.393158536217865548e-08 4.281687548304610865e-04
1.272499898032904365e-07 4.281687548306128206e-04
1.840384093183425875e-07 4.281687548308630545e-04
2.445226759580130942e-07 4.281687548312288643e-04
3.089433191486484405e-07 4.281687548317323678e-04
3.775565222121384326e-07 4.281687548323971464e-04
4.506351411371465126e-07 4.281687548332505219e-04
5.284697896529079203e-07 4.281687548343297909e-04
6.113699949207071113e-07 4.281687548356619502e-04
6.996654284390133677e-07 4.281687548372956802e-04
7.937072170570570337e-07 4.281687548392784691e-04
8.938693393104654022e-07 4.281687548416644186e-04
1.000550112631946167e-06 4.281687548445196651e-04
1.114173777351006344e-06 4.281687548479126216e-04
1.235192183781944781e-06 4.281687548519265548e-04
1.364086589109368413e-06 4.281687548566566037e-04
1.501369571216668681e-06 4.281687548622103751e-04
1.647587067068355029e-06 4.281687548687121729e-04
1.803320543752526134e-06 4.281687548763001244e-04
1.969189310816785935e-06 4.281687548851346374e-04
2.145852983093271333e-06 4.281687548953982915e-04
2.334014103807012369e-06 4.281687549073006087e-04
2.534420938398601179e-06 4.281687549210743673e-04
2.747870450171603521e-06 4.281687549369937078e-04
2.975211469598351597e-06 4.281687549553632368e-04
3.217348069887064443e-06 4.281687549765328263e-04
3.475243162234227762e-06 4.281687550009022217e-04
3.749922325059911349e-06 4.281687550289235353e-04
4.042477882453245495e-06 4.281687550611108957e-04
4.354073248047161842e-06 4.281687550980496637e-04
4.685947551597248555e-06 4.281687551404083042e-04
5.039420566662596439e-06 4.281687551889447286e-04
5.415897958985004981e-06 4.281687552445188178e-04
5.816876876438427352e-06 4.281687553081128588e-04
6.243951902777456888e-06 4.281687553808369122e-04
6.698821398861668871e-06 4.281687554639603617e-04
7.183294256573753678e-06 4.281687555589158180e-04
7.699297092288845179e-06 4.281687556673418899e-04
8.248881908501963514e-06 4.281687557910917501e-04
8.834234254082522193e-06 4.281687559322786712e-04
9.457681915605696142e-06 4.281687560932908795e-04
1.012170417432424687e-05 4.281687562768520536e-04
1.082894166559416273e-05 4.281687564860535249e-04
1.158220687996078599e-05 4.281687567244023621e-04
1.238449534766601939e-05 4.281687569958827913e-04
1.323899755105545939e-05 4.281687573050200015e-04
1.414911161225593266e-05 4.281687576569531651e-04
1.511845680657965724e-05 4.281687580575136093e-04
1.615088795539546725e-05 4.281687585133200089e-04
1.725051075570132930e-05 4.281687590318914143e-04
1.842169810736063801e-05 4.281687596217653214e-04
1.966910750293282952e-05 4.281687602926208909e-04
2.099769954925015053e-05 4.281687610554614737e-04
2.241275769439700604e-05 4.281687619227624421e-04
2.391990923854262385e-05 4.281687629086904155e-04
2.552514771217800657e-05 4.281687640293244373e-04
2.723485671075071492e-05 4.281687653029104374e-04
2.905583528048369117e-05 4.281687667501582494e-04
3.099532495632644548e-05 4.281687683945675218e-04
3.306103855956297338e-05 4.281687702628122843e-04
3.526119086959926676e-05 4.281687723851574441e-04
3.760453129189908716e-05 4.281687747959502010e-04
4.010037865198123555e-05 4.281687775341652376e-04
4.275865825384819795e-05 4.281687806440322565e-04
4.558994135021126844e-05 4.281687841757358861e-04
4.860548718147712592e-05 4.281687881862216230e-04
5.181728775067744768e-05 4.281687927401064530e-04
5.523811551239205268e-05 4.281687979107077048e-04
5.888157416531447608e-05 4.281688037812154523e-04
6.276215275045299931e-05 4.281688104460203907e-04
6.689528327009240302e-05 4.281688180122214201e-04
7.129740205665476590e-05 4.281688266013305533e-04
7.598601513551263547e-05 4.281688363512182452e-04
8.097976784167412539e-05 4.281688474183048369e-04
8.629851896719099109e-05 4.281688599800662553e-04
9.196341973416056873e-05 4.281688742378587389e-04
9.799699790736354202e-05 4.281688904201247695e-04
1.044232473810352796e-04 4.281689087860533934e-04
1.112677235960420974e-04 4.281689296296919489e-04
1.185576451668948804e-04 4.281689532846509084e-04
1.263220021227494871e-04 4.281689801294140288e-04
1.345916711928494950e-04 4.281690105933751351e-04
1.433995385948514170e-04 4.281690451636855623e-04
1.527806308143358637e-04 4.281690843930104832e-04
1.627722538955916909e-04 4.281691289083510072e-04
1.734141417975726429e-04 4.281691794210230146e-04
1.847486144050063236e-04 4.281692367380032240e-04
1.968207458230386390e-04 4.281693017747875587e-04
2.096785436246481258e-04 4.281693755699750217e-04
2.233731397636598375e-04 4.281694593018253595e-04
2.379589939125861320e-04 4.281695543070199888e-04
2.534941100338807115e-04 4.281696621019781155e-04
2.700402670458652214e-04 4.281697844069987189e-04
2.876632645006474724e-04 4.281699231736851201e-04
3.064331842509692436e-04 4.281700806160169156e-04
3.264246691466312429e-04 4.281702592456443357e-04
3.477172198687347553e-04 4.281704619118885283e-04
3.703955110821903832e-04 4.281706918471169920e-04
3.945497281637764609e-04 4.281709527182677366e-04
4.202759258447686459e-04 4.281712486852344915e-04
4.476764101943878299e-04 4.281715844671439846e-04
4.768601454631463685e-04 4.281719654175145172e-04
5.079431874039339089e-04 4.281723976095505829e-04
5.410491447940683806e-04 4.281728879328514786e-04
5.763096709937052609e-04 4.281734442031863951e-04
6.138649874953195544e-04 4.281740752869542125e-04
6.538644415463072072e-04 4.281747912424214335e-04
6.964671000622733388e-04 4.281756034799322989e-04
7.418423821927417998e-04 4.281765249436605904e-04
7.901707330548697139e-04 4.281775703177648738e-04
8.416443413144852545e-04 4.281787562602938960e-04
8.964679034679587247e-04 4.281801016685340619e-04
9.548594378642956708e-04 4.281816279799813556e-04
1.017051151704675017e-03 4.281833595138477317e-04
1.083290364467113165e-03 4.281853238584167358e-04
1.153840491428521084e-03 4.281875523105326074e-04
1.228982091195448319e-03 4.281900803741322138e-04
1.309013981409089993e-03 4.281929483258573857e-04
1.394254427061482901e-03 4.281962018566897203e-04
1.485042406148611707e-03 4.281998927999068508e-04
1.581738957693386684e-03 4.282040799569195120e-04
1.684728617499287517e-03 4.282088300341921122e-04
1.794420947344423523e-03 4.282142187062263640e-04
1.911252163696946192e-03 4.282203318215078145e-04
2.035686872428873594e-03 4.282272667707547292e-04
2.168219916426985822e-03 4.282351340393044585e-04
2.309378343447928035e-03 4.282440589684062635e-04
2.459723502043281544e-03 4.282541837536804402e-04
2.619853273889716141e-03 4.282656697126534912e-04
2.790404451401243442e-03 4.282786998577129420e-04
2.972055270078832485e-03 4.282934818157334701e-04
3.165528105668094852e-03 4.283102511411625507e-04
3.371592346850472034e-03 4.283292750758257495e-04
3.591067454892016286e-03 4.283508568158338626e-04
3.824826222417438987e-03 4.283753403543003437e-04
4.073798244268176869e-03 4.284031159779394353e-04
4.338973614247340800e-03 4.284346265062302477e-04
4.621406862452843295e-03 4.284703743741279667e-04
4.922221148855803613e-03 4.285109296730906826e-04
5.242612729801172412e-03 4.285569392810291162e-04
5.583855715193094399e-03 4.286091372299604568e-04
5.947307135282262590e-03 4.286683564807161444e-04
6.334412337204820692e-03 4.287355422977309934e-04
6.746710732733886100e-03 4.288117674440631850e-04
7.185841920100037063e-03 4.288982494477235844e-04
7.653552204225934005e-03 4.289963702261348076e-04
8.151701541304925275e-03 4.291076983963843135e-04
8.682270935339195597e-03 4.292340146461759453e-04
9.247370316051963662e-03 4.293773405946814110e-04
9.849246929502777567e-03 4.295399716354219091e-04
1.049029427477177374e-02 4.297245143259983296e-04
1.117306162225219397e-02 4.299339289740262493e-04
1.190026415140376694e-02 4.301715781669209946e-04
1.267479374828037013e-02 4.304412821078862535e-04
1.349973050577152334e-02 4.307473817546888292e-04
1.437835497229211779e-02 4.310948109154852360e-04
1.531416119762810286e-02 4.314891786415745844e-04
1.631087062781879510e-02 4.319368634766179585e-04
1.737244690433321567e-02 4.324451213822790626e-04
1.850311162639044910e-02 4.330222094709273951e-04
1.970736113910743700e-02 4.336775280474118826e-04
2.098998441423769942e-02 4.344217839086095679e-04
2.235608209460499679e-02 4.352671783884022811e-04
2.381108677796757098e-02 4.362276242895377315e-04
2.536078462097841185e-02 4.373189966404479752e-04
2.701133834915109624e-02 4.385594231903834931e-04
2.876931176433698834e-02 4.399696217559444884e-04
3.064169584717577749e-02 4.415732930154258424e-04
3.263593655831751456e-02 4.433975791897782205e-04
3.475996444897566651e-02 4.454736013489441057e-04
3.702222619856727903e-02 4.478370909675170766e-04
3.943171820485173729e-02 4.505291349903204311e-04
4.199802236014902462e-02 4.535970582752206146e-04
4.473134415591326768e-02 4.570954731441859132e-04
4.764255326718694339e-02 4.610875332742002419e-04
5.074322677833156825e-02 4.656464388013330040e-04
5.404569522193609227e-02 4.708572519671182666e-04
5.756309161397969026e-02 4.768190988095171714e-04
6.130940368025160347e-02 4.836478535080310963e-04
6.529952948172323968e-02 4.914794296845530902e-04
6.954933666007066806e-02 5.004738394876603533e-04
7.407572553895443168e-02 5.108202297320351987e-04
7.889669633199926368e-02 5.227431689799215192e-04
8.403142072473115953e-02 5.365105461378875430e-04
8.950031811513757540e-02 5.524435581370689069e-04
9.532513681604654066e-02 5.709294231371994004e-04
1.015290405422311915e-01 5.924376727980780119e-04
1.081367005261806707e-01 6.175411757580959995e-04
1.151743936288659592e-01 6.469434578460184519e-04
1.226701068356443602e-01 6.815144606917549613e-04
1.306536485528610736e-01 7.223376888073957574e-04
1.391567671477548507e-01 7.707728372305354143e-04
1.482132772030496648e-01 8.285396160802033358e-04
1.578591939883203232e-01 8.978308140020482353e-04
1.681328766829011112e-01 9.814659941819253112e-04
1.790751809198728173e-01 1.083102077670731458e-03
1.907296212577638539e-01 1.207524161130961839e-03
2.031180993447962990e-01 1.360724636191606345e-03
2.157282698469407123e-01 1.542208457123813402e-03
2.283384403490833492e-01 1.753486191810498538e-03
2.409486108512259861e-01 1.999219458441541235e-03
2.535587813533703994e-01 2.284763366471322891e-03
2.661689518555130363e-01 2.616252739906105036e-03
2.787791223576556732e-01 3.000695896802573880e-03
2.913892928598000864e-01 3.446075916763212052e-03
3.039994633619427233e-01 3.961459150240687586e-03
3.166096338640853602e-01 4.557110509786086242e-03
3.292198043662297735e-01 5.244614832061051009e-03
3.418299748683724104e-01 6.037003309323708128e-03
3.544401453705150473e-01 6.948883660021544680e-03
3.670503158726594606e-01 7.996572341151777369e-03
3.796604863748020975e-01 9.198226702733312832e-03
3.922706568769447344e-01 1.057397455133649369e-02
4.048808273790891477e-01 1.214603813134243829e-02
4.174909978812317846e-01 1.393884905780574598e-02
4.301011683833744215e-01 1.597915025409353193e-02
4.427113388855188347e-01 1.829608047387626391e-02
4.553215093876614716e-01 2.092123653595795787e-02
4.679316798898041085e-01 2.388870798955968280e-02
4.805418503919485218e-01 2.723507857683966915e-02
4.931520208940911587e-01 3.099938859031406424e-02
5.057621913962337956e-01 3.522305205845090159e-02
5.183723618983782089e-01 3.994972265685177437e-02
5.309825324005208458e-01 4.522510235903554748e-02
5.435927029026652590e-01 5.109668713297585430e-02
5.562028734048078960e-01 5.761344447854963718e-02
5.688130439069505329e-01 6.482541830549318207e-02
5.814232144090949461e-01 7.278325758573399307e-02
5.940333849112375830e-01 8.153766638747933504e-02
6.066435554133802199e-01 9.113877431411822327e-02
6.192537259155246332e-01 1.016354280242231095e-01
6.318638964176672701e-01 1.130744063868351218e-01
6.444740669198099070e-01 1.254995639064080404e-01
6.570842374219543203e-01 1.389509093019938857e-01
6.696944079240969572e-01 1.534636285034368386e-01
6.823045784262395941e-01 1.690670637809000010e-01
6.949147489283840073e-01 1.857836631913319103e-01
7.075249194305266442e-01 2.036279169360063201e-01
7.201350899326692812e-01 2.226052994995751100e-01
7.327452604348136944e-01 2.427112385002589967e-01
7.453554309369563313e-01 2.639301329372625848e-01
7.579656014390989682e-01 2.862344448893483495e-01
7.705757719412433815e-01 3.095838896144502139e-01
7.831859424433860184e-01 3.339247493476976136e-01
7.957961129455286553e-01 3.591893358267621017e-01
8.084062834476730686e-01 3.852956256345093644e-01
8.210164539498157055e-01 4.121470908021345192e-01
8.336266244519583424e-01 4.396327447416986112e-01
8.462367949541027556e-01 4.676274204788574140e-01
8.588469654562453925e-01 4.959922943608638390e-01
8.714571359583880295e-01 5.245756639731035120e-01
8.840673064605324427e-01 5.532139839858409847e-01
8.966774769626750796e-01 5.817331581725380119e-01
9.092876474648177165e-01 6.099500800154838975e-01
9.218978179669621298e-01 6.376744082870231534e-01
9.345079884691047667e-01 6.647105579259328101e-01
9.471181589712474036e-01 6.908598805894713424e-01
9.597283294733918169e-01 7.159230036317865142e-01
9.723384999755344538e-01 7.397022911166697412e-01
9.849486704776770907e-01 7.620043859916953988e-01
9.975588409798215039e-01 7.826427888920296505e-01
1.010169011481964141e+00 8.014404263492683755e-01
1.022779181984106778e+00 8.182321595729042940e-01
1.035389352486251191e+00 8.328671845376538485e-01
1.047999522988393828e+00 8.452112749059741414e-01
1.060609693490536465e+00 8.551488213597324695e-01
1.073219863992680878e+00 8.625846241870673836e-01
1.085830034494823515e+00 8.674454004119911410e-01
1.098440204996966152e+00 8.696809722652304453e-01
1.111050375499110565e+00 8.692651102417869868e-01
1.123660546001253202e+00 8.661960112075023366e-01
1.136270716503395839e+00 8.604963998093617672e-01
1.148880887005540252e+00 8.522132495996807000e-01
1.161491057507682889e+00 8.414171285739429074e-01
1.174101228009825526e+00 8.282011820142943792e-01
1.186711398511969939e+00 8.126797733936185208e-01
1.199321569014112576e+00 7.949868114089161386e-01
1.211931739516255213e+00 7.752737977751238407e-01
1.224541910018399626e+00 7.537076360428841548e-01
1.237152080520542263e+00 7.304682462601108650e-01
1.249762251022684900e+00 7.057460336651374400e-01
1.262372421524829313e+00 6.797392617060504794e-01
1.274982592026971950e+00 6.526513804946653119e-01
1.287592762529114587e+00 6.246883613320097783e-01
1.300202933031259001e+00 5.960560862346174771e-01
1.312813103533401637e+00 5.669578385312628033e-01
1.325423274035544274e+00 5.375919367066891441e-01
1.338033444537688688e+00 5.081495488879543831e-01
1.350643615039831325e+00 4.788127198679514307e-01
1.363253785541973961e+00 4.497526365222222489e-01
1.375863956044118375e+00 4.211281510913653103e-01
1.388474126546261012e+00 3.930845752643907787e-01
1.401084297048403648e+00 3.657527514972201410e-01
1.413694467550548062e+00 3.392484017115718897e-01
1.426304638052690699e+00 3.136717476034244223e-01
1.438914808554833336e+00 2.891073913868333345e-01
1.451524979056977749e+00 2.656244410232879161e-01
1.464135149559120386e+00 2.432768599276388666e-01
1.476745320061263023e+00 2.221040178597975812e-01
1.489355490563407436e+00 2.021314172395564379e-01
1.501965661065550073e+00 1.833715674660314765e-01
1.514575831567692710e+00 1.658249789635918292e-01
1.527186002069837123e+00 1.494812485714108741e-01
1.539796172571979760e+00 1.343202084819282716e-01
1.552406343074122397e+00 1.203131121382564478e-01
1.565016513576266810e+00 1.074238322329785500e-01
1.577626684078409447e+00 9.561004811457000929e-02
1.590236854580552084e+00 8.482440240250029018e-02
1.602847025082696497e+00 7.501560933803066988e-02
1.615457195584839134e+00 6.612950025713042190e-02
1.628067366086981771e+00 5.810999447421044684e-02
1.640677536589126184e+00 5.089998672769334431e-02
1.653287707091268821e+00 4.444214508840022004e-02
1.665897877593411458e+00 3.867961580852523340e-02
1.678508048095555871e+00 3.355663394386953352e-02
1.691118218597698508e+00 2.901904067857895286e-02
1.703728389099841145e+00 2.501471009566579029e-02
1.716338559601985558e+00 2.149388965514599861e-02
1.728948730104128195e+00 1.840945986218325836e-02
1.741558900606270832e+00 1.571711953680162213e-02
1.754169071108415245e+00 1.337550374891864451e-02
1.766779241610557882e+00 1.134624187816394257e-02
1.779389412112700519e+00 9.593963422538180283e-03
1.791999582614844932e+00 8.086259141966074468e-03
1.804609753116987569e+00 6.793604912568467803e-03
1.817219923619130206e+00 5.689255316051910170e-03
1.829830094121274620e+00 4.749113526504110394e-03
1.842440264623417256e+00 3.951583513189985131e-03
1.855050435125559893e+00 3.277409979697023384e-03
1.867660605627704307e+00 2.709510831326979088e-03
1.880270776129846944e+00 2.232806325285931377e-03
1.892880946631989580e+00 1.834048430141983679e-03
1.905491117134133994e+00 1.501653317029950831e-03
1.918101287636276631e+00 1.225539336851396485e-03
1.930711458138419268e+00 9.969723138837619132e-04
1.943321628640563681e+00 8.084195126152354154e-04
1.955931799142706318e+00 6.534132146371977043e-04
1.968541969644848955e+00 5.264244772683414385e-04
1.981152140146993368e+00 4.227473346776148416e-04
1.993762310649136005e+00 3.383934435777568661e-04
2.006372481151278642e+00 2.699969659273110585e-04
2.018982651653423055e+00 2.147293165419671818e-04
2.031592822155565692e+00 1.702232795813401480e-04
2.044202992657708329e+00 1.345059097666921708e-04
2.056813163159852742e+00 1.059395770381591070e-04
2.069423333661995379e+00 8.317048240517761748e-05
2.082033504164138016e+00 6.508396343120029682e-05
2.094643674666282429e+00 5.076591589020035066e-05
2.107253845168425066e+00 3.946967978988526920e-05
2.119864015670569479e+00 3.058776975180838590e-05
2.132474186172712116e+00 2.362786868987051418e-05
2.145084356674854753e+00 1.819254729377300589e-05
2.157694527176999166e+00 1.396221788517258751e-05
2.170304697679141803e+00 1.068087804953743222e-05
2.182914868181284440e+00 8.144245696961806386e-06
2.195525038683428853e+00 6.189931833930859966e-06
2.208135209185571490e+00 4.689339580794573808e-06
2.220745379687714127e+00 3.541017332618020057e-06
2.233355550189858540e+00 2.665230120876861963e-06
2.245965720692001177e+00 1.999546040258827662e-06
2.258575891194143814e+00 1.495264038011466385e-06
2.271186061696288228e+00 1.114535501235923886e-06
2.283796232198430864e+00 8.280550713249935502e-07
2.296406402700573501e+00 6.132161657827596567e-07
2.309016573202717915e+00 4.526440290874690815e-07
2.321626743704860552e+00 3.330340159490319312e-07
2.334236914207003188e+00 2.442354870710205985e-07
2.346847084709147602e+00 1.785324200620936709e-07
2.359457255211290239e+00 1.300808465046008556e-07
2.372067425713432876e+00 9.447074524853793020e-08
2.384677596215577289e+00 6.838625859036089155e-08
2.397287766717719926e+00 4.934323941358629671e-08
2.409897937219862563e+00 3.548735090616896718e-08
2.422508107722006976e+00 2.543937373879501428e-08
2.435118278224149613e+00 1.817715739786658386e-08
2.447728448726292250e+00 1.294589398428997393e-08
2.460338619228436663e+00 9.190189427285163687e-09
2.472948789730579300e+00 6.502839484787278031e-09
2.485558960232721937e+00 4.586354050702753661e-09
2.498169130734866350e+00 3.224169874604160581e-09
2.510779301237008987e+00 2.259195805147000791e-09
2.523389471739151624e+00 1.577884743381053145e-09
2.535999642241296037e+00 1.098454211635720921e-09
2.548609812743438674e+00 7.622084347007343830e-10
2.561219983245581311e+00 5.271697593164909574e-10
2.573830153747725724e+00 3.634226692858231938e-10
2.586440324249868361e+00 2.497227826007916783e-10
2.599050494752010998e+00 1.710364950718443432e-10
2.611660665254155411e+00 1.167625923746303477e-10
2.624270835756298048e+00 7.945163444348811043e-11
2.636881006258440685e+00 5.388724254221672194e-11
2.649491176760585098e+00 3.642947881999842265e-11
2.662101347262727735e+00 2.454729733699629820e-11
2.674711517764870372e+00 1.648686169479362229e-11
2.687321688267014785e+00 1.103711971923904122e-11
2.699931858769157422e+00 7.364729866096993868e-12
2.712542029271300059e+00 4.898251329497604762e-12
2.725152199773444472e+00 3.247194853807095531e-12
2.737762370275587109e+00 2.145648344485630039e-12
2.750372540777729746e+00 1.413160610353575119e-12
2.762982711279874160e+00 9.276991450595901705e-13
2.775592881782016796e+00 6.070232407648483778e-13
2.788203052284159433e+00 3.959003524359970322e-13
2.800813222786303847e+00 2.573645602288241006e-13
2.813423393288446483e+00 1.667607209421312627e-13
2.826033563790589120e+00 1.077012721309642477e-13
2.838643734292733534e+00 6.933137836581543606e-14
2.851253904794876171e+00 4.448572305350049142e-14
2.863864075297018807e+00 2.845071457173347170e-14
2.876474245799163221e+00 1.813624182844076781e-14
2.889084416301305858e+00 1.152346010515093954e-14
2.901694586803448495e+00 7.297933213605189845e-15
2.914304757305592908e+00 4.606787056454843115e-15
2.926914927807735545e+00 2.898528385823334601e-15
2.939525098309878182e+00 1.817766272899845424e-15
2.952135268812022595e+00 1.136264625391400639e-15
2.964745439314165232e+00 7.079487068565733258e-16
2.977355609816307869e+00 4.396477571407372272e-16
2.989965780318452282e+00 2.721376287199950873e-16
3.002575950820594919e+00 1.679008518442527867e-16
3.015186121322737556e+00 1.032518108402760940e-16
3.027796291824881969e+00 6.328821333420208135e-17
3.040406462327024606e+00 3.866591415559935245e-17
3.053016632829167243e+00 2.354582582350543444e-17
3.065626803331311656e+00 1.429156140932493928e-17
3.078236973833454293e+00 8.646203480380981618e-18
3.090847144335596930e+00 5.213761450179039884e-18
3.103457314837741343e+00 3.133694875924760425e-18
3.116067485339883980e+00 1.877336048867140642e-18
3.128677655842026617e+00 1.121003605153775339e-18
3.141287826344171030e+00 6.671931730722956976e-19
3.153897996846313667e+00 3.957999104495458958e-19
3.166508167348456304e+00 2.340341437332651106e-19
3.179118337850600717e+00 1.379310702476776902e-19
3.191728508352743354e+00 8.102597483946638833e-20
3.204338678854885991e+00 4.744228751136164529e-20
3.216948849357030404e+00 2.768765013702621267e-20
3.229559019859173041e+00 1.610592312057551669e-20
3.242169190361315678e+00 9.338220320265777013e-21
3.254779360863460091e+00 5.396615899001407596e-21
3.267389531365602728e+00 3.108549061454573863e-21
3.279999701867745365e+00 1.784730713149886325e-21
3.292609872369889779e+00 1.021330618153390334e-21
3.305220042872032415e+00 5.825572602301278341e-22
3.317830213374175052e+00 3.311993156510853787e-22
3.330440383876319466e+00 1.876803127638860873e-22
3.343050554378462103e+00 1.060050158194729832e-22
3.355660724880604739e+00 5.967775186405660203e-23
3.368270895382749153e+00 3.348704073606503652e-23
3.380881065884891790e+00 1.872920307917912060e-23
3.393491236387034427e+00 1.044094901701578757e-23
3.406101406889178840e+00 5.801479159923514657e-24
3.418711577391321477e+00 3.213035473858478381e-24
3.431321747893464114e+00 1.773659564831975265e-24
3.443931918395608527e+00 9.758945890792622990e-25
3.456542088897751164e+00 5.351966600882518004e-25
3.469152259399893801e+00 2.925510487460617370e-25
3.481762429902038214e+00 1.593924130953092765e-25
3.494372600404180851e+00 8.655881361895061613e-26
3.506982770906323488e+00 4.685247645741381919e-26
3.519592941408467901e+00 2.527733919443092266e-26
3.532203111910610538e+00 1.359276018199032915e-26
3.544813282412753175e+00 7.285534029399891942e-27
3.557423452914897588e+00 3.892176360531002250e-27
3.570033623417040225e+00 2.072530637221084099e-27
3.582643793919182862e+00 1.099984798801321321e-27
3.595253964421327275e+00 5.819017060458162134e-28
3.607864134923469912e+00 3.068242970995735838e-28
3.620474305425612549e+00 1.612526959704105753e-28
3.633084475927756962e+00 8.446976547720949785e-29
3.645694646429899599e+00 4.410345469528069720e-29
3.658304816932042236e+00 2.295201920072087617e-29
3.670914987434186649e+00 1.190545794690931357e-29
3.683525157936329286e+00 6.155285212942979895e-30
3.696135328438471923e+00 3.171955444443729191e-30
3.708745498940616336e+00 1.629231313272447076e-30
3.721355669442758973e+00 8.340942835246645814e-31
3.733965839944901610e+00 4.256221492624736983e-31
3.746576010447046023e+00 2.164760871598426482e-31
3.759186180949188660e+00 1.097418370599890569e-31
3.771796351451333074e+00 5.545121480719292222e-32
3.784406521953475711e+00 2.792713612048334993e-32
3.797016692455618347e+00 1.401903733585995267e-32
3.809626862957762761e+00 7.014333210959671796e-33
3.822237033459905398e+00 3.498089848788022850e-33
3.834847203962048034e+00 1.738808888262668135e-33
3.847457374464192448e+00 8.614875877965222513e-34
3.860067544966335085e+00 4.254244416499518165e-34
3.872677715468477722e+00 2.093977684148934466e-34
3.885287885970622135e+00 1.027301253585117789e-34
3.897898056472764772e+00 5.023422473359147720e-35
3.910508226974907409e+00 2.448373482847265946e-35
3.923118397477051822e+00 1.189410224671404385e-35
3.935728567979194459e+00 5.759193440748618222e-36
3.948338738481337096e+00 2.779506048792268084e-36
3.960948908983481509e+00 1.337055706222699173e-36
3.973559079485624146e+00 6.410726703577198361e-37
3.986169249987766783e+00 3.063662134337465368e-37
3.998779420489911196e+00 1.459319154058203265e-37
4.011389590992053833e+00 6.928440115094218218e-38
4.023999761494196470e+00 3.278660033924677397e-38
4.036609931996340883e+00 1.546439749663797032e-38
4.049220102498483520e+00 7.270182021121148835e-39
4.061830273000626157e+00 3.406694516178277540e-39
4.074440443502770570e+00 1.591097123701855425e-39
4.087050614004913207e+00 7.406887480690014703e-40
4.099660784507055844e+00 3.436768878114927985e-40
4.112270955009200257e+00 1.589426302491530439e-40
4.124881125511342894e+00 7.326658001330334642e-41
4.137491296013485531e+00 3.366253871341932868e-41
4.150101466515629944e+00 1.541569826189060070e-41
4.162711637017772581e+00 7.036470847664569209e-42
4.175321807519915218e+00 3.201267078183925531e-42
4.187931978022059631e+00 1.451657679843823321e-42
4.200542148524202268e+00 6.561177455788178155e-43
4.213152319026344905e+00 2.955796842217592355e-43
4.225762489528489319e+00 1.327218954685365827e-43
4.238372660030631955e+00 5.939990317015023058e-44
4.250982830532774592e+00 2.649744717787123525e-44
4.263593001034919006e+00 1.178141459570641679e-44
4.276203171537061642e+00 5.221146989913436702e-45
4.288813342039204279e+00 2.306266269847508174e-45
4.301423512541348693e+00 1.015378567072946575e-45
4.314033683043491330e+00 4.455757274908418744e-46
4.326643853545633966e+00 1.948902071379427240e-46
4.339254024047778380e+00 8.496370462961545764e-47
4.351864194549921017e+00 3.691915619152900101e-47
4.364474365052063654e+00 1.598987125731601407e-47
4.377084535554208067e+00 6.902604886920091102e-48
4.389694706056350704e+00 2.969996117519527661e-48
4.402304876558493341e+00 1.273718746718029200e-48
4.414915047060635978e+00 5.444599831364105962e-49
4.427525217562778614e+00 2.319706975592760302e-49
4.440135388064924804e+00 9.850879431874771013e-50
4.452745558567067441e+00 4.169572835677303471e-50
4.465355729069210078e+00 1.759068637233555157e-50
4.477965899571352715e+00 7.396881147943402916e-51
4.490576070073495352e+00 3.100195661702867832e-51
4.503186240575637989e+00 1.295102528077896291e-51
4.515796411077784178e+00 5.392544732031011928e-52
4.528406581579926815e+00 2.237988728845138551e-52
4.541016752082069452e+00 9.257560148168804723e-53
4.553626922584212089e+00 3.816890265866676517e-53
4.566237093086354726e+00 1.568546025057425359e-53
4.578847263588500915e+00 6.424795297200121921e-54
4.591457434090643552e+00 2.622984571678290331e-54
4.604067604592786189e+00 1.067349291720754917e-54
4.616677775094928826e+00 4.329041629067416100e-55
4.629287945597071463e+00 1.750053399760390318e-55
4.641898116099214100e+00 7.051559241057551989e-56
4.654508286601360290e+00 2.832000423986631165e-56
4.667118457103502926e+00 1.133641520077780317e-56
4.679728627605645563e+00 4.523060799486077846e-57
4.692338798107788200e+00 1.798719063721433259e-57
4.704948968609930837e+00 7.129654056254044299e-58
4.717559139112073474e+00 2.816746504522571066e-58
4.730169309614219664e+00 1.109177970226083897e-58
4.742779480116362301e+00 4.353402777903418929e-59
4.755389650618504938e+00 1.703062503175393074e-59
4.767999821120647574e+00 6.640586303935050304e-60
4.780609991622790211e+00 2.580811849666832133e-60
4.793220162124932848e+00 9.997244706493510464e-61
4.805830332627079038e+00 3.859920327566567982e-61
4.818440503129221675e+00 1.485423797822341522e-61
4.831050673631364312e+00 5.697658471406423704e-62
4.843660844133506949e+00 2.178293662761527996e-62
4.856271014635649586e+00 8.300617505340615575e-63
4.868881185137792222e+00 3.152668557001115099e-63
4.881491355639938412e+00 1.193493749467331467e-63
4.894101526142081049e+00 4.503351882494903151e-64
4.906711696644223686e+00 1.693657146719167233e-64
4.919321867146366323e+00 6.348760989678767086e-65
4.931932037648508960e+00 2.372063440337268473e-65
4.944542208150651597e+00 8.833594257481070959e-66
4.957152378652797786e+00 3.278856436079916045e-66
4.969762549154940423e+00 1.213056820454869141e-66
4.982372719657083060e+00 4.473152004974784737e-67
4.994982890159225697e+00 1.644068547130031963e-67
5.007593060661368334e+00 6.022820491845435864e-68
5.020203231163510971e+00 2.199143828938397860e-68
5.032813401665657160e+00 8.003520239477921702e-69
5.045423572167799797e+00 2.903234673960886452e-69
5.058033742669942434e+00 1.049679946788179805e-69
5.070643913172085071e+00 3.782729666241720489e-70
5.083254083674227708e+00 1.358711777428739129e-70
5.095864254176370345e+00 4.864329516627674202e-71
5.108474424678516534e+00 1.735770207132461141e-71
5.121084595180659171e+00 6.173551164511143409e-72
5.133694765682801808e+00 2.188524618563122185e-72
5.146304936184944445e+00 7.732881713518845354e-73
5.158915106687087082e+00 2.723358577946216129e-73
5.171525277189229719e+00 9.559645813814178550e-74
5.184135447691375909e+00 3.344662291902948012e-74
5.196745618193518546e+00 1.166369696639927367e-74
5.209355788695661182e+00 4.054092444745924058e-75
5.221965959197803819e+00 1.404508972098001273e-75
5.234576129699946456e+00 4.849855765952498070e-76
5.247186300202089093e+00 1.669192971906429919e-76
5.259796470704235283e+00 5.726083491261145223e-77
5.272406641206377920e+00 1.957862525081836973e-77
5.285016811708520557e+00 6.672369450751103048e-78
5.297626982210663193e+00 2.266477102032395968e-78
5.310237152712805830e+00 7.673542987913239845e-79
5.322847323214948467e+00 2.589487711888689033e-79
5.335457493717094657e+00 8.709738045054559434e-80
5.348067664219237294e+00 2.919911123041121833e-80
5.360677834721379931e+00 9.756801233420540576e-81
5.373288005223522568e+00 3.249515062054458498e-81
5.385898175725665205e+00 1.078705538474012645e-81
5.398508346227807841e+00 3.569114709796160480e-82
5.411118516729954031e+00 1.177040301813871892e-82
5.423728687232096668e+00 3.868970123148563127e-83
5.436338857734239305e+00 1.267571951311212938e-83
5.448949028236381942e+00 4.139263304512988916e-84
5.461559198738524579e+00 1.347245249178860898e-84
5.474169369240667216e+00 4.370623831234062457e-85
5.486779539742813405e+00 1.413231620203111961e-85
5.499389710244956042e+00 4.554664552732741303e-86
5.511999880747098679e+00 1.463095146464622763e-86
5.524610051249241316e+00 4.684484977793944006e-87
5.537220221751383953e+00 1.494941599141522212e-87
5.549830392253526590e+00 4.755100343451544371e-88
5.562440562755672779e+00 1.507537814918681168e-88
5.575050733257815416e+00 4.763759201340317760e-89
5.587660903759958053e+00 1.500390933145980069e-89
5.600271074262100690e+00 4.710121319600806938e-90
5.612881244764243327e+00 1.473780396819473560e-90
5.625491415266385964e+00 4.596279866362535604e-91
5.638101585768532154e+00 1.428739821104065079e-91
5.650711756270674790e+00 4.426625858736457274e-92
5.663321926772817427e+00 1.366990369307308830e-92
5.675932097274960064e+00 4.207567113648262035e-93
5.688542267777102701e+00 1.290831622534020590e-93
5.701152438279245338e+00 3.947126775205896457e-94
5.713762608781391528e+00 1.202999587017268555e-94
5.726372779283534165e+00 3.654456467862873374e-95
5.738982949785676801e+00 1.106504049986231462e-95
5.751593120287819438e+00 3.339305183598362014e-96
5.764203290789962075e+00 1.004458718772036176e-96
5.776813461292104712e+00 3.011486635177988038e-97
5.789423631794250902e+00 8.999173861075050286e-98
5.802033802296393539e+00 2.680385057806955750e-98
5.814643972798536176e+00 7.957278654095197965e-99
5.827254143300678813e+00 2.354532920258810715e-99
5.839864313802821449e+00 6.944128965031443534e-100
5.852474484304964086e+00 2.041284738620166619e-100
5.865084654807110276e+00 5.980840057879602160e-101
5.877694825309252913e+00 1.746600445944148187e-101
5.890304995811395550e+00 5.083908349510669548e-102
5.902915166313538187e+00 1.474940890161973974e-102
5.915525336815680824e+00 4.265051363758767764e-103
5.928135507317823460e+00 1.229268213869459690e-103
5.940745677819969650e+00 3.531358134489884346e-104
5.953355848322112287e+00 1.011136043548174850e-104
5.965966018824254924e+00 2.885692993862324230e-105
5.978576189326397561e+00 8.208491515577471771e-106
5.991186359828540198e+00 2.327283376913960138e-106
6.003796530330682835e+00 6.576697348373880099e-107
6.016406700832829024e+00 1.852418506210535370e-107
6.029016871334971661e+00 5.200475096370219656e-108
6.041627041837114298e+00 1.455189581099869100e-108
6.054237212339256935e+00 4.058530070728980220e-109
6.066847382841399572e+00 1.128211665405254971e-109
6.079457553343542209e+00 3.125971544396935225e-110
6.092067723845688398e+00 8.632807600179658086e-111
6.104677894347831035e+00 2.376247653652457667e-111
6.117288064849973672e+00 6.519344461940388430e-112
6.129898235352116309e+00 1.782742978635068154e-112
6.142508405854258946e+00 4.858991176564982379e-113
6.155118576356401583e+00 1.320006429363307640e-113
6.167728746858547773e+00 3.574197393572447596e-114
6.180338917360690409e+00 9.646140050223877459e-115
6.192949087862833046e+00 2.594783486180844049e-115
6.205559258364975683e+00 6.956987315905454615e-116
6.218169428867118320e+00 1.859147353875606141e-116
6.230779599369264510e+00 4.951980436156710810e-117
6.243389769871407147e+00 1.314669310731898193e-117
6.255999940373549784e+00 3.478777226402611154e-118
6.268610110875692421e+00 9.175065884169000472e-119
6.281220281377835057e+00 2.411927425909111350e-119
6.293830451879977694e+00 6.319631321204206280e-120
6.306440622382123884e+00 1.650409458419370198e-120
6.319050792884266521e+00 4.295998395449185331e-121
6.331660963386409158e+00 1.114574118758667953e-121
6.344271133888551795e+00 2.882214021694608551e-122
6.356881304390694432e+00 7.428753014675812387e-123
6.369491474892837068e+00 1.908437863947228666e-123
6.382101645394983258e+00 4.886664616610972072e-124
6.394711815897125895e+00 1.247152145018304652e-124
6.407321986399268532e+00 3.172478811827498504e-125
6.419932156901411169e+00 8.043598824823984354e-126
6.432542327403553806e+00 2.032705420391547592e-126
6.445152497905696443e+00 5.120010505151586836e-127
6.457762668407842632e+00 1.285403903590232401e-127
6.470372838909985269e+00 3.216479032061262978e-128
6.482983009412127906e+00 8.022212737916033339e-129
6.495593179914270543e+00 1.994251635468526437e-129
6.508203350416413180e+00 4.941264064406722938e-130
6.520813520918555817e+00 1.220305270029618862e-130
6.533423691420702006e+00 3.003801426840636383e-131
6.546033861922844643e+00 7.369639655204516821e-132
6.558644032424987280e+00 1.802160975294311082e-132
6.571254202927129917e+00 4.392514415271873015e-133
6.583864373429272554e+00 1.067099923582031113e-133
6.596474543931415191e+00 2.583861636091654552e-134
6.609084714433561381e+00 6.235993919245078578e-135
6.621694884935704017e+00 1.500079821782069610e-135
6.634305055437846654e+00 3.596626211938592564e-136
6.646915225939989291e+00 8.595051502063915267e-137
6.659525396442131928e+00 2.047264222602786323e-137
6.672135566944274565e+00 4.860394699305177827e-138
6.684745737446420755e+00 1.150115353822803453e-138
6.697355907948563392e+00 2.712585762075419683e-139
6.709966078450706028e+00 6.376726076126240613e-140
6.722576248952848665e+00 1.494115754229398273e-140
6.735186419454991302e+00 3.489337048725892189e-141
6.747796589957133939e+00 8.122201966856060477e-142
6.760406760459280129e+00 1.884416188834243723e-142
6.773016930961422766e+00 4.357646947170675818e-143
6.785627101463565403e+00 1.004383157713914049e-143
6.798237271965708040e+00 2.307379133718585513e-144
6.810847442467850676e+00 5.283365458479512576e-145
6.823457612969993313e+00 1.205797807603667231e-145
6.836067783472139503e+00 2.742903106200833542e-146
6.848677953974282140e+00 6.218971623970360769e-147
6.861288124476424777e+00 1.405396313744787784e-147
6.873898294978567414e+00 3.165564481710407096e-148
6.886508465480710051e+00 7.106825169183928055e-149
6.899118635982852688e+00 1.590274904899547573e-149
6.911728806484998877e+00 3.546834137592911656e-150
6.924338976987141514e+00 7.884635985515388515e-151
6.936949147489284151e+00 1.747006429633273968e-151
6.949559317991426788e+00 3.858152946870721840e-152
6.962169488493569425e+00 8.492517530684396042e-153
6.974779658995712062e+00 1.863225986687812026e-153
6.987389829497858251e+00 4.074428266513930503e-154
7.000000000000000888e+00 8.880550249856918883e-155
