-1.899999999999999911e+00 0.000000000000000000e+00
-1.896386430678465906e+00 0.000000000000000000e+00
-1.892772861356932124e+00 0.000000000000000000e+00
-1.889159292035398119e+00 0.000000000000000000e+00
-1.885545722713864114e+00 0.000000000000000000e+00
-1.881932153392330331e+00 0.000000000000000000e+00
-1.878318584070796327e+00 0.000000000000000000e+00
-1.874705014749262544e+00 0.000000000000000000e+00
-1.871091445427728539e+00 0.000000000000000000e+00
-1.867477876106194534e+00 0.000000000000000000e+00
-1.863864306784660752e+00 0.000000000000000000e+00
-1.860250737463126747e+00 0.000000000000000000e+00
-1.856637168141592742e+00 0.000000000000000000e+00
-1.853023598820058959e+00 0.000000000000000000e+00
-1.849410029498524954e+00 0.000000000000000000e+00
-1.845796460176990950e+00 0.000000000000000000e+00
-1.842182890855457167e+00 0.000000000000000000e+00
-1.838569321533923162e+00 0.000000000000000000e+00
-1.834955752212389379e+00 0.000000000000000000e+00
-1.831342182890855375e+00 0.000000000000000000e+00
-1.827728613569321370e+00 0.000000000000000000e+00
-1.824115044247787587e+00 0.000000000000000000e+00
-1.820501474926253582e+00 0.000000000000000000e+00
-1.816887905604719577e+00 0.000000000000000000e+00
-1.813274336283185795e+00 0.000000000000000000e+00
-1.809660766961651790e+00 0.000000000000000000e+00
-1.806047197640118007e+00 0.000000000000000000e+00
-1.802433628318584002e+00 0.000000000000000000e+00
-1.798820058997049998e+00 0.000000000000000000e+00
-1.795206489675516215e+00 0.000000000000000000e+00
-1.791592920353982210e+00 0.000000000000000000e+00
-1.787979351032448205e+00 0.000000000000000000e+00
-1.784365781710914423e+00 0.000000000000000000e+00
-1.780752212389380418e+00 0.000000000000000000e+00
-1.777138643067846413e+00 0.000000000000000000e+00
-1.773525073746312630e+00 0.000000000000000000e+00
-1.769911504424778625e+00 0.000000000000000000e+00
-1.766297935103244843e+00 0.000000000000000000e+00
-1.762684365781710838e+00 0.000000000000000000e+00
-1.759070796460176833e+00 0.000000000000000000e+00
-1.755457227138643050e+00 0.000000000000000000e+00
-1.751843657817109046e+00 0.000000000000000000e+00
-1.748230088495575041e+00 0.000000000000000000e+00
-1.744616519174041258e+00 0.000000000000000000e+00
-1.741002949852507253e+00 0.000000000000000000e+00
-1.737389380530973249e+00 0.000000000000000000e+00
-1.733775811209439466e+00 0.000000000000000000e+00
-1.730162241887905461e+00 0.000000000000000000e+00
-1.726548672566371678e+00 0.000000000000000000e+00
-1.722935103244837673e+00 0.000000000000000000e+00
-1.719321533923303669e+00 0.000000000000000000e+00
-1.715707964601769886e+00 0.000000000000000000e+00
-1.712094395280235881e+00 0.000000000000000000e+00
-1.708480825958701876e+00 0.000000000000000000e+00
-1.704867256637168094e+00 0.000000000000000000e+00
-1.701253687315634089e+00 0.000000000000000000e+00
-1.697640117994100084e+00 0.000000000000000000e+00
-1.694026548672566301e+00 0.000000000000000000e+00
-1.690412979351032297e+00 0.000000000000000000e+00
-1.686799410029498514e+00 0.000000000000000000e+00
-1.683185840707964509e+00 0.000000000000000000e+00
-1.679572271386430504e+00 0.000000000000000000e+00
-1.675958702064896721e+00 0.000000000000000000e+00
-1.672345132743362717e+00 0.000000000000000000e+00
-1.668731563421828712e+00 0.000000000000000000e+00
-1.665117994100294929e+00 0.000000000000000000e+00
-1.661504424778760924e+00 0.000000000000000000e+00
-1.657890855457226920e+00 0.000000000000000000e+00
-1.654277286135693137e+00 0.000000000000000000e+00
-1.650663716814159132e+00 0.000000000000000000e+00
-1.647050147492625349e+00 0.000000000000000000e+00
-1.643436578171091345e+00 0.000000000000000000e+00
-1.639823008849557340e+00 0.000000000000000000e+00
-1.636209439528023557e+00 0.000000000000000000e+00
-1.632595870206489552e+00 0.000000000000000000e+00
-1.628982300884955770e+00 0.000000000000000000e+00
-1.625368731563421765e+00 0.000000000000000000e+00
-1.621755162241887760e+00 0.000000000000000000e+00
-1.618141592920353755e+00 0.000000000000000000e+00
-1.614528023598819972e+00 0.000000000000000000e+00
-1.610914454277285968e+00 0.000000000000000000e+00
-1.607300884955752185e+00 0.000000000000000000e+00
-1.603687315634218180e+00 0.000000000000000000e+00
-1.600073746312684175e+00 0.000000000000000000e+00
-1.596460176991150393e+00 0.000000000000000000e+00
-1.592846607669616388e+00 0.000000000000000000e+00
-1.589233038348082605e+00 0.000000000000000000e+00
-1.585619469026548600e+00 0.000000000000000000e+00
-1.582005899705014595e+00 0.000000000000000000e+00
-1.578392330383480591e+00 0.000000000000000000e+00
-1.574778761061946808e+00 0.000000000000000000e+00
-1.571165191740412803e+00 0.000000000000000000e+00
-1.567551622418879020e+00 0.000000000000000000e+00
-1.563938053097345016e+00 0.000000000000000000e+00
-1.560324483775811011e+00 0.000000000000000000e+00
-1.556710914454277228e+00 0.000000000000000000e+00
-1.553097345132743223e+00 0.000000000000000000e+00
-1.549483775811209441e+00 0.000000000000000000e+00
-1.545870206489675436e+00 0.000000000000000000e+00
-1.542256637168141431e+00 0.000000000000000000e+00
-1.538643067846607426e+00 0.000000000000000000e+00
-1.535029498525073643e+00 0.000000000000000000e+00
-1.531415929203539639e+00 0.000000000000000000e+00
-1.527802359882005856e+00 0.000000000000000000e+00
-1.524188790560471851e+00 0.000000000000000000e+00
-1.520575221238937846e+00 0.000000000000000000e+00
-1.516961651917404064e+00 0.000000000000000000e+00
-1.513348082595870059e+00 0.000000000000000000e+00
-1.509734513274336276e+00 0.000000000000000000e+00
-1.506120943952802271e+00 0.000000000000000000e+00
-1.502507374631268267e+00 0.000000000000000000e+00
-1.498893805309734262e+00 0.000000000000000000e+00
-1.495280235988200479e+00 0.000000000000000000e+00
-1.491666666666666474e+00 0.000000000000000000e+00
-1.488053097345132691e+00 0.000000000000000000e+00
-1.484439528023598687e+00 0.000000000000000000e+00
-1.480825958702064682e+00 0.000000000000000000e+00
-1.477212389380530899e+00 0.000000000000000000e+00
-1.473598820058996894e+00 0.000000000000000000e+00
-1.469985250737463112e+00 0.000000000000000000e+00
-1.466371681415929107e+00 0.000000000000000000e+00
-1.462758112094395102e+00 0.000000000000000000e+00
-1.459144542772861097e+00 0.000000000000000000e+00
-1.455530973451327315e+00 0.000000000000000000e+00
-1.451917404129793310e+00 0.000000000000000000e+00
-1.448303834808259527e+00 0.000000000000000000e+00
-1.444690265486725522e+00 0.000000000000000000e+00
-1.441076696165191517e+00 0.000000000000000000e+00
-1.437463126843657735e+00 0.000000000000000000e+00
-1.433849557522123730e+00 0.000000000000000000e+00
-1.430235988200589947e+00 0.000000000000000000e+00
-1.426622418879055942e+00 0.000000000000000000e+00
-1.423008849557521938e+00 0.000000000000000000e+00
-1.419395280235987933e+00 0.000000000000000000e+00
-1.415781710914454150e+00 0.000000000000000000e+00
-1.412168141592920145e+00 0.000000000000000000e+00
-1.408554572271386363e+00 0.000000000000000000e+00
-1.404941002949852358e+00 0.000000000000000000e+00
-1.401327433628318353e+00 0.000000000000000000e+00
-1.397713864306784570e+00 0.000000000000000000e+00
-1.394100294985250565e+00 0.000000000000000000e+00
-1.390486725663716783e+00 0.000000000000000000e+00
-1.386873156342182778e+00 0.000000000000000000e+00
-1.383259587020648773e+00 0.000000000000000000e+00
-1.379646017699114768e+00 0.000000000000000000e+00
-1.376032448377580986e+00 0.000000000000000000e+00
-1.372418879056047203e+00 0.000000000000000000e+00
-1.368805309734513198e+00 0.000000000000000000e+00
-1.365191740412979193e+00 0.000000000000000000e+00
-1.361578171091445189e+00 0.000000000000000000e+00
-1.357964601769911406e+00 0.000000000000000000e+00
-1.354351032448377401e+00 0.000000000000000000e+00
-1.350737463126843618e+00 0.000000000000000000e+00
-1.347123893805309613e+00 0.000000000000000000e+00
-1.343510324483775609e+00 0.000000000000000000e+00
-1.339896755162241604e+00 0.000000000000000000e+00
-1.336283185840707821e+00 0.000000000000000000e+00
-1.332669616519174038e+00 0.000000000000000000e+00
-1.329056047197640034e+00 0.000000000000000000e+00
-1.325442477876106029e+00 0.000000000000000000e+00
-1.321828908554572024e+00 0.000000000000000000e+00
-1.318215339233038241e+00 0.000000000000000000e+00
-1.314601769911504237e+00 0.000000000000000000e+00
-1.310988200589970454e+00 0.000000000000000000e+00
-1.307374631268436449e+00 0.000000000000000000e+00
-1.303761061946902444e+00 0.000000000000000000e+00
-1.300147492625368439e+00 0.000000000000000000e+00
-1.296533923303834657e+00 0.000000000000000000e+00
-1.292920353982300874e+00 0.000000000000000000e+00
-1.289306784660766869e+00 0.000000000000000000e+00
-1.285693215339232864e+00 0.000000000000000000e+00
-1.282079646017698860e+00 0.000000000000000000e+00
-1.278466076696165077e+00 0.000000000000000000e+00
-1.274852507374631072e+00 0.000000000000000000e+00
-1.271238938053097289e+00 0.000000000000000000e+00
-1.267625368731563285e+00 0.000000000000000000e+00
-1.264011799410029280e+00 0.000000000000000000e+00
-1.260398230088495275e+00 0.000000000000000000e+00
-1.256784660766961492e+00 0.000000000000000000e+00
-1.253171091445427709e+00 0.000000000000000000e+00
-1.249557522123893705e+00 0.000000000000000000e+00
-1.245943952802359700e+00 0.000000000000000000e+00
-1.242330383480825695e+00 0.000000000000000000e+00
-1.238716814159291912e+00 0.000000000000000000e+00
-1.235103244837757908e+00 0.000000000000000000e+00
-1.231489675516224125e+00 0.000000000000000000e+00
-1.227876106194690120e+00 0.000000000000000000e+00
-1.224262536873156115e+00 0.000000000000000000e+00
-1.220648967551622111e+00 0.000000000000000000e+00
-1.217035398230088328e+00 0.000000000000000000e+00
-1.213421828908554545e+00 0.000000000000000000e+00
-1.209808259587020540e+00 0.000000000000000000e+00
-1.206194690265486535e+00 0.000000000000000000e+00
-1.202581120943952531e+00 0.000000000000000000e+00
-1.198967551622418748e+00 0.000000000000000000e+00
-1.195353982300884743e+00 0.000000000000000000e+00
-1.191740412979350960e+00 0.000000000000000000e+00
-1.188126843657816956e+00 0.000000000000000000e+00
-1.184513274336282951e+00 0.000000000000000000e+00
-1.180899705014748946e+00 0.000000000000000000e+00
-1.177286135693215163e+00 0.000000000000000000e+00
-1.173672566371681381e+00 0.000000000000000000e+00
-1.170058997050147376e+00 0.000000000000000000e+00
-1.166445427728613371e+00 0.000000000000000000e+00
-1.162831858407079366e+00 0.000000000000000000e+00
-1.159218289085545583e+00 0.000000000000000000e+00
-1.155604719764011579e+00 0.000000000000000000e+00
-1.151991150442477796e+00 0.000000000000000000e+00
-1.148377581120943791e+00 0.000000000000000000e+00
-1.144764011799409786e+00 0.000000000000000000e+00
-1.141150442477875782e+00 0.000000000000000000e+00
-1.137536873156341999e+00 0.000000000000000000e+00
-1.133923303834808216e+00 0.000000000000000000e+00
-1.130309734513274211e+00 0.000000000000000000e+00
-1.126696165191740207e+00 0.000000000000000000e+00
-1.123082595870206202e+00 0.000000000000000000e+00
-1.119469026548672419e+00 0.000000000000000000e+00
-1.115855457227138636e+00 0.000000000000000000e+00
-1.112241887905604631e+00 0.000000000000000000e+00
-1.108628318584070627e+00 0.000000000000000000e+00
-1.105014749262536622e+00 0.000000000000000000e+00
-1.101401179941002617e+00 0.000000000000000000e+00
-1.097787610619468834e+00 0.000000000000000000e+00
-1.094174041297935052e+00 0.000000000000000000e+00
-1.090560471976401047e+00 0.000000000000000000e+00
-1.086946902654867042e+00 0.000000000000000000e+00
-1.083333333333333037e+00 0.000000000000000000e+00
-1.079719764011799255e+00 0.000000000000000000e+00
-1.076106194690265472e+00 0.000000000000000000e+00
-1.072492625368731467e+00 0.000000000000000000e+00
-1.068879056047197462e+00 0.000000000000000000e+00
-1.065265486725663457e+00 0.000000000000000000e+00
-1.061651917404129453e+00 0.000000000000000000e+00
-1.058038348082595670e+00 0.000000000000000000e+00
-1.054424778761061887e+00 0.000000000000000000e+00
-1.050811209439527882e+00 0.000000000000000000e+00
-1.047197640117993878e+00 0.000000000000000000e+00
-1.043584070796459873e+00 0.000000000000000000e+00
-1.039970501474926090e+00 0.000000000000000000e+00
-1.036356932153392307e+00 0.000000000000000000e+00
-1.032743362831858303e+00 0.000000000000000000e+00
-1.029129793510324298e+00 0.000000000000000000e+00
-1.025516224188790293e+00 0.000000000000000000e+00
-1.021902654867256510e+00 0.000000000000000000e+00
-1.018289085545722505e+00 0.000000000000000000e+00
-1.014675516224188723e+00 0.000000000000000000e+00
-1.011061946902654718e+00 0.000000000000000000e+00
-1.007448377581120713e+00 0.000000000000000000e+00
-1.003834808259586708e+00 0.000000000000000000e+00
-1.000221238938052926e+00 0.000000000000000000e+00
-9.966076696165190318e-01 0.000000000000000000e+00
-9.929941002949850271e-01 0.000000000000000000e+00
-9.893805309734511333e-01 0.000000000000000000e+00
-9.857669616519172395e-01 0.000000000000000000e+00
-9.821533923303833458e-01 0.000000000000000000e+00
-9.785398230088493410e-01 0.000000000000000000e+00
-9.749262536873154472e-01 0.000000000000000000e+00
-9.713126843657815535e-01 0.000000000000000000e+00
-9.676991150442475487e-01 0.000000000000000000e+00
-9.640855457227136549e-01 0.000000000000000000e+00
-9.604719764011797611e-01 0.000000000000000000e+00
-9.568584070796458674e-01 0.000000000000000000e+00
-9.532448377581118626e-01 0.000000000000000000e+00
-9.496312684365779688e-01 0.000000000000000000e+00
-9.460176991150440751e-01 0.000000000000000000e+00
-9.424041297935101813e-01 0.000000000000000000e+00
-9.387905604719761765e-01 0.000000000000000000e+00
-9.351769911504422828e-01 0.000000000000000000e+00
-9.315634218289083890e-01 0.000000000000000000e+00
-9.279498525073743842e-01 0.000000000000000000e+00
-9.243362831858404904e-01 0.000000000000000000e+00
-9.207227138643065967e-01 0.000000000000000000e+00
-9.171091445427727029e-01 0.000000000000000000e+00
-9.134955752212386981e-01 0.000000000000000000e+00
-9.098820058997048044e-01 0.000000000000000000e+00
-9.062684365781709106e-01 0.000000000000000000e+00
-9.026548672566370168e-01 0.000000000000000000e+00
-8.990412979351030121e-01 0.000000000000000000e+00
-8.954277286135692293e-01 0.000000000000000000e+00
-8.918141592920352245e-01 0.000000000000000000e+00
-8.882005899705012197e-01 0.000000000000000000e+00
-8.845870206489674370e-01 0.000000000000000000e+00
-8.809734513274334322e-01 0.000000000000000000e+00
-8.773598820058994274e-01 0.000000000000000000e+00
-8.737463126843656447e-01 0.000000000000000000e+00
-8.701327433628316399e-01 0.000000000000000000e+00
-8.665191740412976351e-01 0.000000000000000000e+00
-8.629056047197638524e-01 0.000000000000000000e+00
-8.592920353982298476e-01 0.000000000000000000e+00
-8.556784660766960648e-01 0.000000000000000000e+00
-8.520648967551620601e-01 0.000000000000000000e+00
-8.484513274336280553e-01 0.000000000000000000e+00
-8.448377581120942725e-01 0.000000000000000000e+00
-8.412241887905602677e-01 0.000000000000000000e+00
-8.376106194690262630e-01 0.000000000000000000e+00
-8.339970501474924802e-01 0.000000000000000000e+00
-8.303834808259584754e-01 0.000000000000000000e+00
-8.267699115044244706e-01 0.000000000000000000e+00
-8.231563421828906879e-01 0.000000000000000000e+00
-8.195427728613566831e-01 0.000000000000000000e+00
-8.159292035398229004e-01 0.000000000000000000e+00
-8.123156342182888956e-01 0.000000000000000000e+00
-8.087020648967548908e-01 0.000000000000000000e+00
-8.050884955752211081e-01 0.000000000000000000e+00
-8.014749262536871033e-01 0.000000000000000000e+00
-7.978613569321530985e-01 0.000000000000000000e+00
-7.942477876106193158e-01 0.000000000000000000e+00
-7.906342182890853110e-01 0.000000000000000000e+00
-7.870206489675513062e-01 0.000000000000000000e+00
-7.834070796460175234e-01 0.000000000000000000e+00
-7.797935103244835187e-01 0.000000000000000000e+00
-7.761799410029497359e-01 0.000000000000000000e+00
-7.725663716814157311e-01 0.000000000000000000e+00
-7.689528023598817263e-01 0.000000000000000000e+00
-7.653392330383479436e-01 0.000000000000000000e+00
-7.617256637168139388e-01 0.000000000000000000e+00
-7.581120943952799340e-01 0.000000000000000000e+00
-7.544985250737461513e-01 0.000000000000000000e+00
-7.508849557522121465e-01 0.000000000000000000e+00
-7.472713864306783638e-01 0.000000000000000000e+00
-7.436578171091443590e-01 0.000000000000000000e+00
-7.400442477876103542e-01 0.000000000000000000e+00
-7.364306784660765715e-01 0.000000000000000000e+00
-7.328171091445425667e-01 0.000000000000000000e+00
-7.292035398230085619e-01 0.000000000000000000e+00
-7.255899705014747791e-01 0.000000000000000000e+00
-7.219764011799407744e-01 0.000000000000000000e+00
-7.183628318584067696e-01 0.000000000000000000e+00
-7.147492625368729868e-01 0.000000000000000000e+00
-7.111356932153389820e-01 0.000000000000000000e+00
-7.075221238938051993e-01 0.000000000000000000e+00
-7.039085545722711945e-01 0.000000000000000000e+00
-7.002949852507371897e-01 0.000000000000000000e+00
-6.966814159292034070e-01 0.000000000000000000e+00
-6.930678466076694022e-01 0.000000000000000000e+00
-6.894542772861353974e-01 0.000000000000000000e+00
-6.858407079646016147e-01 0.000000000000000000e+00
-6.822271386430676099e-01 0.000000000000000000e+00
-6.786135693215336051e-01 0.000000000000000000e+00
-6.749999999999998224e-01 0.000000000000000000e+00
-6.713864306784658176e-01 0.000000000000000000e+00
-6.677728613569320348e-01 0.000000000000000000e+00
-6.641592920353980301e-01 0.000000000000000000e+00
-6.605457227138640253e-01 0.000000000000000000e+00
-6.569321533923302425e-01 0.000000000000000000e+00
-6.533185840707962377e-01 0.000000000000000000e+00
-6.497050147492622330e-01 0.000000000000000000e+00
-6.460914454277284502e-01 0.000000000000000000e+00
-6.424778761061944454e-01 0.000000000000000000e+00
-6.388643067846604406e-01 0.000000000000000000e+00
-6.352507374631266579e-01 0.000000000000000000e+00
-6.316371681415926531e-01 0.000000000000000000e+00
-6.280235988200588704e-01 0.000000000000000000e+00
-6.244100294985248656e-01 0.000000000000000000e+00
-6.207964601769908608e-01 0.000000000000000000e+00
-6.171828908554570781e-01 0.000000000000000000e+00
-6.135693215339230733e-01 0.000000000000000000e+00
-6.099557522123890685e-01 0.000000000000000000e+00
-6.063421828908552857e-01 0.000000000000000000e+00
-6.027286135693212810e-01 0.000000000000000000e+00
-5.991150442477872762e-01 0.000000000000000000e+00
-5.955014749262534934e-01 0.000000000000000000e+00
-5.918879056047194887e-01 0.000000000000000000e+00
-5.882743362831857059e-01 0.000000000000000000e+00
-5.846607669616517011e-01 0.000000000000000000e+00
-5.810471976401176963e-01 0.000000000000000000e+00
-5.774336283185839136e-01 0.000000000000000000e+00
-5.738200589970499088e-01 0.000000000000000000e+00
-5.702064896755159040e-01 0.000000000000000000e+00
-5.665929203539821213e-01 0.000000000000000000e+00
-5.629793510324481165e-01 0.000000000000000000e+00
-5.593657817109143338e-01 0.000000000000000000e+00
-5.557522123893803290e-01 1.037778639159118474e-315
-5.521386430678463242e-01 1.037458622150422435e-297
-5.485250737463125414e-01 9.942973136835732238e-281
-5.449115044247785367e-01 1.042631874815394805e-264
-5.412979351032445319e-01 1.355113817741738269e-249
-5.376843657817107491e-01 2.455635449909251950e-235
-5.340707964601767443e-01 6.933180439405654437e-222
-5.304572271386427396e-01 3.386914968461181346e-209
-5.268436578171089568e-01 3.160385989227652642e-197
-5.232300884955749520e-01 6.184193633183566295e-186
-5.196165191740411693e-01 2.771369148957269404e-175
-5.160029498525071645e-01 3.090876956696043215e-165
-5.123893805309731597e-01 9.279409600376442444e-156
-5.087758112094393770e-01 8.075461645240666384e-147
-5.051622418879053722e-01 2.184588097169031395e-138
-5.015486725663713674e-01 1.962299423866760866e-130
-4.979351032448375847e-01 6.228456129102306159e-123
-4.943215339233035799e-01 7.408310003182147818e-116
-4.907079646017695751e-01 3.490193683596350981e-109
-4.870943952802357924e-01 6.862529433713232444e-103
-4.834808259587017876e-01 5.916389406544452666e-97
-4.798672566371680048e-01 2.343114194421432270e-91
-4.762536873156340000e-01 4.454319631428191032e-86
-4.726401179940999953e-01 4.236745337058450124e-81
-4.690265486725662125e-01 2.096734892051720005e-76
-4.654129793510322077e-01 5.602145025827468679e-72
-4.617994100294982029e-01 8.367593139557315655e-68
-4.581858407079644202e-01 7.220461359876494506e-64
-4.545722713864304154e-01 3.713003847315228499e-60
-4.509587020648964106e-01 1.171656053071984327e-56
-4.473451327433626279e-01 2.332332733497021364e-53
-4.437315634218286231e-01 3.006223593138276348e-50
-4.401179941002948404e-01 2.571453937409138064e-47
-4.365044247787608356e-01 1.493986457167965112e-44
-4.328908554572268308e-01 6.026152456736033252e-42
-4.292772861356930481e-01 1.722810766819518347e-39
-4.256637168141590433e-01 3.559681024983548508e-37
-4.220501474926250385e-01 5.414454967667169589e-35
-4.184365781710912557e-01 6.168955791128116627e-33
-4.148230088495572510e-01 5.351792729189865484e-31
-4.112094395280232462e-01 3.590322243057712884e-29
-4.075958702064894634e-01 1.889952309755154379e-27
-4.039823008849554586e-01 7.914629390742939033e-26
-4.003687315634216759e-01 2.671247538092139622e-24
-3.967551622418876711e-01 7.355707363921167054e-23
-3.931415929203536663e-01 1.671798169763938488e-21
-3.895280235988198836e-01 3.170523716636734851e-20
-3.859144542772858788e-01 5.069170486343025376e-19
-3.823008849557518740e-01 6.899535948704249828e-18
-3.786873156342180913e-01 8.067889550651296942e-17
-3.750737463126840865e-01 8.175458655758995195e-16
-3.714601769911500817e-01 7.238010444360633134e-15
-3.678466076696162990e-01 5.641877539175120389e-14
-3.642330383480822942e-01 3.900128717681238251e-13
-3.606194690265485114e-01 2.407466050644957107e-12
-3.570058997050145067e-01 1.335593084237231201e-11
-3.533923303834805019e-01 6.699909203239229642e-11
-3.497787610619467191e-01 3.056628058003047823e-10
-3.461651917404127143e-01 1.275122638203286793e-09
-3.425516224188787096e-01 4.889003409529771875e-09
-3.389380530973449268e-01 1.731191839740221305e-08
-3.353244837758109220e-01 5.687287550478993241e-08
-3.317109144542771393e-01 1.740872205586033723e-07
-3.280973451327431345e-01 4.985298128192298427e-07
-3.244837758112091297e-01 1.340722683910058282e-06
-3.208702064896753470e-01 3.398421554753553107e-06
-3.172566371681413422e-01 8.146744014453988550e-06
-3.136430678466073374e-01 1.852907175521806472e-05
-3.100294985250735547e-01 4.010524680294518999e-05
-3.064159292035395499e-01 8.284517399522462453e-05
-3.028023598820055451e-01 1.637653002876687423e-04
-2.991887905604717623e-01 3.105767574281760764e-04
-2.955752212389377576e-01 5.664342341805550388e-04
-2.919616519174039748e-01 9.957389044900866962e-04
-2.883480825958699700e-01 1.690764368230075537e-03
-2.847345132743359652e-01 2.778663096093206969e-03
-2.811209439528021825e-01 4.428206003591806175e-03
-2.775073746312681777e-01 6.855449574436000074e-03
-2.738938053097341729e-01 1.032745146701269032e-02
-2.702802359882003902e-01 1.516319399048253989e-02
-2.666666666666663854e-01 2.173103470840470966e-02
-2.630530973451323806e-01 3.044227332098968161e-02
-2.594395280235985979e-01 4.174077304082936257e-02
-2.558259587020645931e-01 5.608895813162798061e-02
-2.522123893805308104e-01 7.395087658947517573e-02
-2.485988200589968056e-01 9.577332067100302604e-02
-2.449852507374628008e-01 1.219662013867131717e-01
-2.413716814159290180e-01 1.528834551718095958e-01
-2.377581120943950133e-01 1.888057181853605715e-01
-2.341445427728610085e-01 2.299258486684605807e-01
-2.305309734513272257e-01 2.763381355340500667e-01
-2.269174041297932209e-01 3.280317342784951906e-01
-2.233038348082592162e-01 3.848885539242813958e-01
-2.196902654867254334e-01 4.466855130234146376e-01
-2.160766961651914286e-01 5.131008148210214337e-01
-2.124631268436576459e-01 5.837236796354338120e-01
-2.088495575221236411e-01 6.580668260284748827e-01
-2.052359882005896363e-01 7.355809132323239963e-01
-2.016224188790558536e-01 8.156701409285082027e-01
-1.980088495575218488e-01 8.977082395648962043e-01
-1.943952802359878440e-01 9.810541629457469881e-01
-1.907817109144540613e-01 1.065066901845995284e+00
-1.871681415929200565e-01 1.149118960312685012e+00
-1.835545722713860517e-01 1.232608163992551242e+00
-1.799410029498522690e-01 1.314967593183091310e+00
-1.763274336283182642e-01 1.395673545577823971e+00
-1.727138643067844814e-01 1.474251530388096088e+00
-1.691002949852504766e-01 1.550280374275247341e+00
-1.654867256637164719e-01 1.623394579650127012e+00
-1.618731563421826891e-01 1.693285118075494422e+00
-1.582595870206486843e-01 1.759698867368747477e+00
-1.546460176991146795e-01 1.822436912774848317e+00
-1.510324483775808968e-01 1.881351932772707070e+00
-1.474188790560468920e-01 1.936344881254890238e+00
-1.438053097345131093e-01 1.987361162411831472e+00
-1.401917404129791045e-01 2.034386474849341209e+00
-1.365781710914450997e-01 2.077442479146043297e+00
-1.329646017699113170e-01 2.116582419760042910e+00
-1.293510324483773122e-01 2.151886809121839494e+00
-1.257374631268433074e-01 2.183459259800065944e+00
-1.221238938053095247e-01 2.211422530413267307e+00
-1.185103244837755199e-01 2.235914832868103996e+00
-1.148967551622415151e-01 2.257086432725390335e+00
-1.112831858407077323e-01 2.275096561074274604e+00
-1.076696165191737276e-01 2.290110645165428949e+00
-1.040560471976399448e-01 2.302297856073345361e+00
-1.004424778761059400e-01 2.311828964631574834e+00
-9.682890855457193524e-02 2.318874491593386544e+00
-9.321533923303815250e-02 2.323603134180495910e+00
-8.960176991150414771e-02 2.326180448667770406e+00
-8.598820058997014293e-02 2.326767767191534109e+00
-8.237463126843636019e-02 2.325521326365760810e+00
-7.876106194690235540e-02 2.322591585361200028e+00
-7.514749262536835062e-02 2.318122711692320426e+00
-7.153392330383456788e-02 2.312252213927799893e+00
-6.792035398230056309e-02 2.305110701779830240e+00
-6.430678466076678035e-02 2.296821755440685564e+00
-6.069321533923277556e-02 2.287501887544696633e+00
-5.707964601769877078e-02 2.277260582680887602e+00
-5.346607669616498804e-02 2.266200400918654267e+00
-4.985250737463098325e-02 2.254417133300016918e+00
-4.623893805309697846e-02 2.241999998673829264e+00
-4.262536873156319572e-02 2.229031872581173079e+00
-3.901179941002919094e-02 2.215589540136392088e+00
-3.539823008849518615e-02 2.201743965980625717e+00
-3.178466076696140341e-02 2.187560575410716801e+00
-2.817109144542739863e-02 2.173099541709177629e+00
-2.455752212389361588e-02 2.158416075523261757e+00
-2.094395280235961110e-02 2.143560712868524565e+00
-1.733038348082560631e-02 2.128579598970735898e+00
-1.371681415929182357e-02 2.113514765716744570e+00
-1.010324483775781879e-02 2.098404400966279670e+00
-6.489675516223814000e-03 2.083283108391012828e+00
-2.876106194690031259e-03 2.068182156859377674e+00
7.374631268439735265e-04 2.053129675496438988e+00
4.351032448377978312e-03 2.038142437420225495e+00
7.964601769911761053e-03 2.023217085307789098e+00
1.157817109144576584e-02 2.008347900629183780e+00
1.519174041297954858e-02 1.993529425377837727e+00
1.880530973451355337e-02 1.978756458867621193e+00
2.241887905604755815e-02 1.964024054305331557e+00
2.603244837758134089e-02 1.949327515160739210e+00
2.964601769911534568e-02 1.934662391355114197e+00
3.325958702064935046e-02 1.920024475288275356e+00
3.687315634218313321e-02 1.905409797722943388e+00
4.048672566371713799e-02 1.890814623543973338e+00
4.410029498525114278e-02 1.876235447409082102e+00
4.771386430678492552e-02 1.861668989306353161e+00
5.132743362831893030e-02 1.847112190032843326e+00
5.494100294985271304e-02 1.832562206607472710e+00
5.855457227138671783e-02 1.818016407630281162e+00
6.216814159292072262e-02 1.803472368599212006e+00
6.578171091445450536e-02 1.788927867194562316e+00
6.939528023598851014e-02 1.774380878540311901e+00
7.300884955752251493e-02 1.759829570450709202e+00
7.662241887905629767e-02 1.745272298669615196e+00
8.023598820059030245e-02 1.730707602109372578e+00
8.384955752212408520e-02 1.716134198095251140e+00
8.746312684365808998e-02 1.701550977620771121e+00
9.107669616519209477e-02 1.686957000618783731e+00
9.469026548672587751e-02 1.672351491252270783e+00
9.830383480825988229e-02 1.657733833228760778e+00
1.019174041297938871e-01 1.643103565141361244e+00
1.055309734513278919e-01 1.628460375839237306e+00
1.091445427728614526e-01 1.613804099829916350e+00
1.127581120943954573e-01 1.599134712715384099e+00
1.163716814159294621e-01 1.584452326663733146e+00
1.199852507374634669e-01 1.569757185917864728e+00
1.235988200589974717e-01 1.555049662342266048e+00
1.272123893805314765e-01 1.540330251009181639e+00
1.308259587020650372e-01 1.525599565824677484e+00
1.344395280235990420e-01 1.510858335195575330e+00
1.380530973451330468e-01 1.496107397737663547e+00
1.416666666666670515e-01 1.481347698025694326e+00
1.452802359882010563e-01 1.466580282385608003e+00
1.488938053097346170e-01 1.451806294729269364e+00
1.525073746312686218e-01 1.437026972432063676e+00
1.561209439528026266e-01 1.422243642253534279e+00
1.597345132743366314e-01 1.407457716301450779e+00
1.633480825958706362e-01 1.392670688039433946e+00
1.669616519174046410e-01 1.377884128338504155e+00
1.705752212389382017e-01 1.363099681572732758e+00
1.741887905604722064e-01 1.348319061759384097e+00
1.778023598820062112e-01 1.333544048743857902e+00
1.814159292035402160e-01 1.318776484429746709e+00
1.850294985250742208e-01 1.304018269054457502e+00
1.886430678466077815e-01 1.289271357510891169e+00
1.922566371681417863e-01 1.274537755715535514e+00
1.958702064896757911e-01 1.259819517023591295e+00
1.994837758112097958e-01 1.245118738691717297e+00
2.030973451327438006e-01 1.230437558388935093e+00
2.067109144542778054e-01 1.215778150756384290e+00
2.103244837758113661e-01 1.201142724016622809e+00
2.139380530973453709e-01 1.186533516633204499e+00
2.175516224188793757e-01 1.171952794021270172e+00
2.211651917404133805e-01 1.157402845309977613e+00
2.247787610619473853e-01 1.142885980157571035e+00
2.283923303834809460e-01 1.128404525619926435e+00
2.320058997050149507e-01 1.113960823073486317e+00
2.356194690265489555e-01 1.099557225193400711e+00
2.392330383480829603e-01 1.085196092987832595e+00
2.428466076696169651e-01 1.070879792889292359e+00
2.464601769911509699e-01 1.056610693903887954e+00
2.500737463126845306e-01 1.042391164819505889e+00
2.536873156342185354e-01 1.028223571473660947e+00
2.573008849557525402e-01 1.014110274082073770e+00
2.609144542772865449e-01 1.000053624628739479e+00
2.645280235988205497e-01 9.860559643184353407e-01
2.681415929203541104e-01 9.721196210924362147e-01
2.717551622418881152e-01 9.582469072083511508e-01
2.753687315634221200e-01 9.444401168847647021e-01
2.789823008849561248e-01 9.307015240115915633e-01
2.825958702064901296e-01 9.170333799266648933e-01
2.862094395280241343e-01 9.034379112594822514e-01
2.898230088495576950e-01 8.899173178425713315e-01
2.934365781710916998e-01 8.764737706911485127e-01
2.970501474926257046e-01 8.631094100516549794e-01
3.006637168141597094e-01 8.498263435196050652e-01
3.042772861356937142e-01 8.366266442272740633e-01
3.078908554572272749e-01 8.235123491015546859e-01
3.115044247787612797e-01 8.104854571923734152e-01
3.151179941002952845e-01 7.975479280719428576e-01
3.187315634218292892e-01 7.847016803050529399e-01
3.223451327433632940e-01 7.719485899905960125e-01
3.259587020648972988e-01 7.592904893744003569e-01
3.295722713864308595e-01 7.467291655334213907e-01
3.331858407079648643e-01 7.342663591312782456e-01
3.367994100294988691e-01 7.219037632450411301e-01
3.404129793510328739e-01 7.096430222630784046e-01
3.440265486725668787e-01 6.974857308538064959e-01
3.476401179941004393e-01 6.854334330050144697e-01
3.512536873156344441e-01 6.734876211334069884e-01
3.548672566371684489e-01 6.616497352640082763e-01
3.584808259587024537e-01 6.499211622788773068e-01
3.620943952802364585e-01 6.383032352346270644e-01
3.657079646017700192e-01 6.267972327481414752e-01
3.693215339233040240e-01 6.154043784498332004e-01
3.729351032448380288e-01 6.041258405036725732e-01
3.765486725663720335e-01 5.929627311932605949e-01
3.801622418879060383e-01 5.819161065730179550e-01
3.837758112094400431e-01 5.709869661836870502e-01
3.873893805309736038e-01 5.601762528310945122e-01
3.910029498525076086e-01 5.494848524272092360e-01
3.946165191740416134e-01 5.389135938924393132e-01
3.982300884955756182e-01 5.284632491179975800e-01
4.018436578171096230e-01 5.181345329872603100e-01
4.054572271386431837e-01 5.079281034548019935e-01
4.090707964601771884e-01 4.978445616819359709e-01
4.126843657817111932e-01 4.878844522274474182e-01
4.162979351032451980e-01 4.780482632921319586e-01
4.199115044247792028e-01 4.683364270158434373e-01
4.235250737463132076e-01 4.587493198255610527e-01
4.271386430678467683e-01 4.492872628331139317e-01
4.307522123893807731e-01 4.399505222810141114e-01
4.343657817109147778e-01 4.307393100349583559e-01
4.379793510324487826e-01 4.216537841214324511e-01
4.415929203539827874e-01 4.126940493088804285e-01
4.452064896755163481e-01 4.038601577308752466e-01
4.488200589970503529e-01 3.951521095496718927e-01
4.524336283185843577e-01 3.865698536585969181e-01
4.560471976401183625e-01 3.781132884215763212e-01
4.596607669616523673e-01 3.697822624482313691e-01
4.632743362831863720e-01 3.615765754028832379e-01
4.668879056047199327e-01 3.534959788458075791e-01
4.705014749262539375e-01 3.455401771051131443e-01
4.741150442477879423e-01 3.377088281775773582e-01
4.777286135693219471e-01 3.300015446567904354e-01
4.813421828908559519e-01 3.224178946869630802e-01
4.849557522123895126e-01 3.149574029407419817e-01
4.885693215339235174e-01 3.076195516194263901e-01
4.921828908554575222e-01 3.004037814739183299e-01
4.957964601769915269e-01 2.933094928448312655e-01
4.994100294985255317e-01 2.863360467201223614e-01
5.030235988200595365e-01 2.794827658086751487e-01
5.066371681415930972e-01 2.727489356282726818e-01
5.102507374631271020e-01 2.661338056063803914e-01
5.138643067846611068e-01 2.596365901922488839e-01
5.174778761061951116e-01 2.532564699787864249e-01
5.210914454277291163e-01 2.469925928327434683e-01
5.247050147492626770e-01 2.408440750317458467e-01
5.283185840707966818e-01 2.348100024067291958e-01
5.319321533923306866e-01 2.288894314883956060e-01
5.355457227138646914e-01 2.230813906562892079e-01
5.391592920353986962e-01 2.173848812891740201e-01
5.427728613569327010e-01 2.117988789153716356e-01
5.463864306784662617e-01 2.063223343618159067e-01
5.500000000000002665e-01 2.009541749005364364e-01
5.536135693215342712e-01 1.956933053914024223e-01
5.572271386430682760e-01 1.905386094199178759e-01
5.608407079646022808e-01 1.854889504289429780e-01
5.644542772861358415e-01 1.805431728432477512e-01
5.680678466076698463e-01 1.757001031858152207e-01
5.716814159292038511e-01 1.709585511848825123e-01
5.752949852507378559e-01 1.663173108707267644e-01
5.789085545722718606e-01 1.617751616612501386e-01
5.825221238938058654e-01 1.573308694354448867e-01
5.861356932153394261e-01 1.529831875938841568e-01
5.897492625368734309e-01 1.487308581053988221e-01
5.933628318584074357e-01 1.445726125391506856e-01
5.969764011799414405e-01 1.405071730813547970e-01
6.005899705014754453e-01 1.365332535359383148e-01
6.042035398230090060e-01 1.326495603084659747e-01
6.078171091445430108e-01 1.288547933727006711e-01
6.114306784660770155e-01 1.251476472192119271e-01
6.150442477876110203e-01 1.215268117854692853e-01
6.186578171091450251e-01 1.179909733669184252e-01
6.222713864306790299e-01 1.145388155085595022e-01
6.258849557522125906e-01 1.111690198765865334e-01
6.294985250737465954e-01 1.078802671096978916e-01
6.331120943952806002e-01 1.046712376497060532e-01
6.367256637168146050e-01 1.015406125511270352e-01
6.403392330383486097e-01 9.848707426945059462e-02
6.439528023598821704e-01 9.550930742785086747e-02
6.475663716814161752e-01 9.260599956209798755e-02
6.511799410029501800e-01 8.977584184350134722e-02
6.547935103244841848e-01 8.701752977971885517e-02
6.584070796460181896e-01 8.432976389331861555e-02
6.620206489675521944e-01 8.171125037799444046e-02
6.656342182890857551e-01 7.916070173239017627e-02
6.692477876106197598e-01 7.667683737148582590e-02
6.728613569321537646e-01 7.425838421556156532e-02
6.764749262536877694e-01 7.190407725675511397e-02
6.800884955752217742e-01 6.961266010327479825e-02
6.837020648967553349e-01 6.738288550134742538e-02
6.873156342182893397e-01 6.521351583500348270e-02
6.909292035398233445e-01 6.310332360383788530e-02
6.945427728613573493e-01 6.105109187889468797e-02
6.981563421828913540e-01 5.905561473685163459e-02
7.017699115044253588e-01 5.711569767270975595e-02
7.053834808259589195e-01 5.523015799119681407e-02
7.089970501474929243e-01 5.339782517712958476e-02
7.126106194690269291e-01 5.161754124499082913e-02
7.162241887905609339e-01 4.988816106799100897e-02
7.198377581120949387e-01 4.820855268691024570e-02
7.234513274336284994e-01 4.657759759902354441e-02
7.270648967551625041e-01 4.499419102743266313e-02
7.306784660766965089e-01 4.345724217113952625e-02
7.342920353982305137e-01 4.196567443620741189e-02
7.379056047197645185e-01 4.051842564836909133e-02
7.415191740412985233e-01 3.911444824745681503e-02
7.451327433628320840e-01 3.775270946403021938e-02
7.487463126843660888e-01 3.643219147859343837e-02
7.523598820059000936e-01 3.515189156380248148e-02
7.559734513274340983e-01 3.391082221006554848e-02
7.595870206489681031e-01 3.270801123494934681e-02
7.632005899705016638e-01 3.154250187681267859e-02
7.668141592920356686e-01 3.041335287308646190e-02
7.704277286135696734e-01 2.931963852363285092e-02
7.740412979351036782e-01 2.826044873961053652e-02
7.776548672566376830e-01 2.723488907828375619e-02
7.812684365781712437e-01 2.624208076420897484e-02
7.848820058997052485e-01 2.528116069723964840e-02
7.884955752212392532e-01 2.435128144778442999e-02
7.921091445427732580e-01 2.345161123976057319e-02
7.957227138643072628e-01 2.258133392167923151e-02
7.993362831858412676e-01 2.173964892629927370e-02
8.029498525073748283e-01 2.092577121928660550e-02
8.065634218289088331e-01 2.013893123731035767e-02
8.101769911504428379e-01 1.937837481600857004e-02
8.137905604719768426e-01 1.864336310824916618e-02
8.174041297935108474e-01 1.793317249310943592e-02
8.210176991150444081e-01 1.724709447599456422e-02
8.246312684365784129e-01 1.658443558030971848e-02
8.282448377581124177e-01 1.594451723109466257e-02
8.318584070796464225e-01 1.532667563102690401e-02
8.354719764011804273e-01 1.473026162918897319e-02
8.390855457227144321e-01 1.415464058299659156e-02
8.426991150442479928e-01 1.359919221367006555e-02
8.463126843657819975e-01 1.306331045563016366e-02
8.499262536873160023e-01 1.254640330019175971e-02
8.535398230088500071e-01 1.204789263391798509e-02
8.571533923303840119e-01 1.156721407199553554e-02
8.607669616519175726e-01 1.110381678697851260e-02
8.643805309734515774e-01 1.065716333324619354e-02
8.679941002949855822e-01 1.022672946750671601e-02
8.716076696165195870e-01 9.812003965673542563e-03
8.752212389380535917e-01 9.412488436432589825e-03
8.788348082595875965e-01 9.027697131810509881e-03
8.824483775811211572e-01 8.657156755043346474e-03
8.860619469026551620e-01 8.300406266039200842e-03
8.896755162241891668e-01 7.956996684718692370e-03
8.932890855457231716e-01 7.626490892508017670e-03
8.969026548672571764e-01 7.308463432250636611e-03
9.005162241887907371e-01 7.002500306797027063e-03
9.041297935103247418e-01 6.708198776518596237e-03
9.077433628318587466e-01 6.425167155989350634e-03
9.113569321533927514e-01 6.153024610064478962e-03
9.149705014749267562e-01 5.891400949579394045e-03
9.185840707964607610e-01 5.639936426884930090e-03
9.221976401179943217e-01 5.398281531422202684e-03
9.258112094395283265e-01 5.166096785536842401e-03
9.294247787610623313e-01 4.943052540720001622e-03
9.330383480825963360e-01 4.728828774457542392e-03
9.366519174041303408e-01 4.523114887859779575e-03
9.402654867256639015e-01 4.325609504236532094e-03
9.438790560471979063e-01 4.136020268773315904e-03
9.474926253687319111e-01 3.954063649458085250e-03
9.511061946902659159e-01 3.779464739399186583e-03
9.547197640117999207e-01 3.611957060667605329e-03
9.583333333333339255e-01 3.451282369790065717e-03
9.619469026548674861e-01 3.297190465011403272e-03
9.655604719764014909e-01 3.149438995437438271e-03
9.691740412979354957e-01 3.007793272163859517e-03
9.727876106194695005e-01 2.872026081487854838e-03
9.764011799410035053e-01 2.741917500294498503e-03
9.800147492625370660e-01 2.617254713702035687e-03
9.836283185840710708e-01 2.497831835044964435e-03
9.872418879056050756e-01 2.383449728266639426e-03
9.908554572271390803e-01 2.273915832788075096e-03
9.944690265486730851e-01 2.169043990913437515e-03
9.980825958702070899e-01 2.068654277826844929e-03
1.001696165191740651e+00 1.972572834230455242e-03
1.005309734513274655e+00 1.880631701667581255e-03
1.008923303834808660e+00 1.792668660570414206e-03
1.012536873156342665e+00 1.708527071066280297e-03
1.016150442477876670e+00 1.628055716572296072e-03
1.019764011799410230e+00 1.551108650203107328e-03
1.023377581120944235e+00 1.477545044012549928e-03
1.026991150442478240e+00 1.407229041085659906e-03
1.030604719764012245e+00 1.340029610493242073e-03
1.034218289085546250e+00 1.275820405117859173e-03
1.037831858407080254e+00 1.214479622355671201e-03
1.041445427728613815e+00 1.155889867695945698e-03
1.045058997050147820e+00 1.099938021175676838e-03
1.048672566371681825e+00 1.046515106704566656e-03
1.052286135693215829e+00 9.955161642517126007e-04
1.055899705014749834e+00 9.468401248830216835e-04
1.059513274336283395e+00 9.003896886353423548e-04
1.063126843657817400e+00 8.560712052108886702e-04
1.066740412979351404e+00 8.137945574729544716e-04
1.070353982300885409e+00 7.734730477216374047e-04
1.073967551622419414e+00 7.350232867262310957e-04
1.077581120943953419e+00 6.983650854887866761e-04
1.081194690265486980e+00 6.634213497114970414e-04
1.084808259587020984e+00 6.301179769388297715e-04
1.088421828908554989e+00 5.983837563436412207e-04
1.092035398230088994e+00 5.681502711249404374e-04
1.095648967551622999e+00 5.393518034837016441e-04
1.099262536873156559e+00 5.119252421417090160e-04
1.102876106194690564e+00 4.858099923672430914e-04
1.106489675516224569e+00 4.609478884704478374e-04
1.110103244837758574e+00 4.372831087301275567e-04
1.113716814159292579e+00 4.147620927128891212e-04
1.117330383480826583e+00 3.933334609447836409e-04
1.120943952802360144e+00 3.729479368949307691e-04
1.124557522123894149e+00 3.535582712299222756e-04
1.128171091445428154e+00 3.351191682974216136e-04
1.131784660766962158e+00 3.175872147967924203e-04
1.135398230088496163e+00 3.009208105943721005e-04
1.139011799410029724e+00 2.850801016406533063e-04
1.142625368731563729e+00 2.700269149463881092e-04
1.146238938053097733e+00 2.557246955746171439e-04
1.149852507374631738e+00 2.421384456053997792e-04
1.153466076696165743e+00 2.292346650300867528e-04
1.157079646017699748e+00 2.169812945320228909e-04
1.160693215339233308e+00 2.053476601106009574e-04
1.164306784660767313e+00 1.943044195057986310e-04
1.167920353982301318e+00 1.838235103805001020e-04
1.171533923303835323e+00 1.738781002181145462e-04
1.175147492625369328e+00 1.644425378933489707e-04
1.178761061946902888e+00 1.554923068742729763e-04
1.182374631268436893e+00 1.470039800141793071e-04
1.185988200589970898e+00 1.389551758921832650e-04
1.189601769911504903e+00 1.313245166618470046e-04
1.193215339233038907e+00 1.240915873676979924e-04
1.196828908554572468e+00 1.172368966898739101e-04
1.200442477876106473e+00 1.107418390777392176e-04
1.204056047197640478e+00 1.045886582338031523e-04
1.207669616519174483e+00 9.876041190984786099e-05
1.211283185840708487e+00 9.324093797774662940e-05
1.214896755162242492e+00 8.801482173806000420e-05
1.218510324483776053e+00 8.306736443010712698e-05
1.222123893805310058e+00 7.838455290782202548e-05
1.225737463126844062e+00 7.395303044637998365e-05
1.229351032448378067e+00 6.976006864517615518e-05
1.232964601769912072e+00 6.579354039345185461e-05
1.236578171091445633e+00 6.204189386549591471e-05
1.240191740412979637e+00 5.849412751302887593e-05
1.243805309734513642e+00 5.513976602306747577e-05
1.247418879056047647e+00 5.196883721022990893e-05
1.251032448377581652e+00 4.897184981314277785e-05
1.254646017699115657e+00 4.613977216528134759e-05
1.258259587020649217e+00 4.346401171127319598e-05
1.261873156342183222e+00 4.093639534036663352e-05
1.265486725663717227e+00 3.854915050945945533e-05
1.269100294985251232e+00 3.629488712875457960e-05
1.272713864306785236e+00 3.416658018378437514e-05
1.276327433628318797e+00 3.215755306822650828e-05
1.279941002949852802e+00 3.026146160259217272e-05
1.283554572271386807e+00 2.847227871452778008e-05
1.287168141592920811e+00 2.678427975712943901e-05
1.290781710914454816e+00 2.519202844231447115e-05
1.294395280235988821e+00 2.369036336693328175e-05
1.298008849557522382e+00 2.227438510993496663e-05
1.301622418879056386e+00 2.093944387952457792e-05
1.305235988200590391e+00 1.968112768986452786e-05
1.308849557522124396e+00 1.849525104746975405e-05
1.312463126843658401e+00 1.737784412805037037e-05
1.316076696165191962e+00 1.632514242513408514e-05
1.319690265486725966e+00 1.533357685237282867e-05
1.323303834808259971e+00 1.439976428200847837e-05
1.326917404129793976e+00 1.352049850251898921e-05
1.330530973451327981e+00 1.269274157901059447e-05
1.334144542772861985e+00 1.191361560045248797e-05
1.337758112094395546e+00 1.118039479836993286e-05
1.341371681415929551e+00 1.049049802211907632e-05
1.344985250737463556e+00 9.841481556366356293e-06
1.348598820058997561e+00 9.231032266876057539e-06
1.352212389380531565e+00 8.656961061189614645e-06
1.355825958702065126e+00 8.117196651238194771e-06
1.359439528023599131e+00 7.609779605384010853e-06
1.363053097345133136e+00 7.132856677825704026e-06
1.366666666666667140e+00 6.684675403728639295e-06
1.370280235988201145e+00 6.263578948863864257e-06
1.373893805309735150e+00 5.868001202940174697e-06
1.377507374631268711e+00 5.496462106211897350e-06
1.381120943952802715e+00 5.147563199328276594e-06
1.384734513274336720e+00 4.819983386764095815e-06
1.388348082595870725e+00 4.512474904532211991e-06
1.391961651917404730e+00 4.223859483232108206e-06
1.395575221238938290e+00 3.953024697829888373e-06
1.399188790560472295e+00 3.698920495894770222e-06
1.402802359882006300e+00 3.460555896340308670e-06
1.406415929203540305e+00 3.236995851028031257e-06
1.410029498525074310e+00 3.027358261892739391e-06
1.413643067846608314e+00 2.830811146541315519e-06
1.417256637168141875e+00 2.646569945557270943e-06
1.420870206489675880e+00 2.473894965018280655e-06
1.424483775811209885e+00 2.312088947996395870e-06
1.428097345132743889e+00 2.160494769065868545e-06
1.431710914454277894e+00 2.018493246090895198e-06
1.435324483775811455e+00 1.885501063802013497e-06
1.438938053097345460e+00 1.760968803900724854e-06
1.442551622418879465e+00 1.644379076653084420e-06
1.446165191740413469e+00 1.535244749146232771e-06
1.449778761061947474e+00 1.433107265588724193e-06
1.453392330383481479e+00 1.337535055233390300e-06
1.457005899705015040e+00 1.248122023692980645e-06
1.460619469026549044e+00 1.164486123602980506e-06
1.464233038348083049e+00 1.086268000763555359e-06
1.467846607669617054e+00 1.013129712062526153e-06
1.471460176991151059e+00 9.447535116462273396e-07
1.475073746312684619e+00 8.808407019623228597e-07
1.478687315634218624e+00 8.211105464504542330e-07
1.482300884955752629e+00 7.652992408026520205e-07
1.485914454277286634e+00 7.131589398549144076e-07
1.489528023598820639e+00 6.644568373062994715e-07
1.493141592920354643e+00 6.189742955905081249e-07
1.496755162241888204e+00 5.765060233490888978e-07
1.500368731563422209e+00 5.368592980737142588e-07
1.503982300884956214e+00 4.998532315994364686e-07
1.507595870206490218e+00 4.653180762393208436e-07
1.511209439528024223e+00 4.330945694560137128e-07
1.514823008849557784e+00 4.030333150656611844e-07
1.518436578171091789e+00 3.749941990656031616e-07
1.522050147492625793e+00 3.488458382692433921e-07
1.525663716814159798e+00 3.244650600191501642e-07
1.529277286135693803e+00 3.017364113337631203e-07
1.532890855457227808e+00 2.805516959233536484e-07
1.536504424778761368e+00 2.608095375877624408e-07
1.540117994100295373e+00 2.424149685820170707e-07
1.543731563421829378e+00 2.252790416060301088e-07
1.547345132743363383e+00 2.093184641417140493e-07
1.550958702064897388e+00 1.944552539247775167e-07
1.554572271386430948e+00 1.806164143997354417e-07
1.558185840707964953e+00 1.677336290648381644e-07
1.561799410029498958e+00 1.557429736693777144e-07
1.565412979351032963e+00 1.445846452788239795e-07
1.569026548672566967e+00 1.342027072738800269e-07
1.572640117994100972e+00 1.245448493977322243e-07
1.576253687315634533e+00 1.155621620117646174e-07
1.579867256637168538e+00 1.072089237636938149e-07
1.583480825958702543e+00 9.944240191386672881e-08
1.587094395280236547e+00 9.222266460503696113e-08
1.590707964601770552e+00 8.551240439876298271e-08
1.594321533923304113e+00 7.927677243747780920e-08
1.597935103244838118e+00 7.348322262545882439e-08
1.601548672566372122e+00 6.810136525441596353e-08
1.605162241887906127e+00 6.310282953031042177e-08
1.608775811209440132e+00 5.846113448738991086e-08
1.612389380530973693e+00 5.415156780329096650e-08
1.616002949852507697e+00 5.015107205557532060e-08
1.619616519174041702e+00 4.643813798522301357e-08
1.623230088495575707e+00 4.299270435647214645e-08
1.626843657817109712e+00 3.979606402506915936e-08
1.630457227138643717e+00 3.683077584850502282e-08
1.634070796460177277e+00 3.408058209218391088e-08
1.637684365781711282e+00 3.153033100484491735e-08
1.641297935103245287e+00 2.916590425485919442e-08
1.644911504424779292e+00 2.697414893642176824e-08
1.648525073746313296e+00 2.494281387111418364e-08
1.652138643067846857e+00 2.306048994590852236e-08
1.655752212389380862e+00 2.131655424345033354e-08
1.659365781710914867e+00 1.970111773443986828e-08
1.662979351032448871e+00 1.820497631516011689e-08
1.666592920353982876e+00 1.681956498572800905e-08
1.670206489675516881e+00 1.553691497647430654e-08
1.673820058997050442e+00 1.434961364107563560e-08
1.677433628318584447e+00 1.325076694563603166e-08
1.681047197640118451e+00 1.223396439293793308e-08
1.684660766961652456e+00 1.129324623052884057e-08
1.688274336283186461e+00 1.042307280025733768e-08
1.691887905604720022e+00 9.618295895302225100e-09
1.695501474926254026e+00 8.874131998714249955e-09
1.699115044247788031e+00 8.186137285006804207e-09
1.702728613569322036e+00 7.550184273437550324e-09
1.706342182890856041e+00 6.962440028314363622e-09
1.709955752212390045e+00 6.419345807983975056e-09
1.713569321533923606e+00 5.917598070115191726e-09
1.717182890855457611e+00 5.454130746507780657e-09
1.720796460176991616e+00 5.026098705953426329e-09
1.724410029498525621e+00 4.630862328663589332e-09
1.728023598820059625e+00 4.265973120478804549e-09
1.731637168141593186e+00 3.929160299502805513e-09
1.735250737463127191e+00 3.618318291970658552e-09
1.738864306784661196e+00 3.331495078086812645e-09
1.742477876106195200e+00 3.066881332259473613e-09
1.746091445427729205e+00 2.822800305633831515e-09
1.749705014749263210e+00 2.597698402096091121e-09
1.753318584070796771e+00 2.390136401991365225e-09
1.756932153392330775e+00 2.198781290692091977e-09
1.760545722713864780e+00 2.022398651867645558e-09
1.764159292035398785e+00 1.859845587860110374e-09
1.767772861356932790e+00 1.710064131969681834e-09
1.771386430678466350e+00 1.572075119705288978e-09
1.775000000000000355e+00 1.444972488173172602e-09
1.778613569321534360e+00 1.327917974761041662e-09
1.782227138643068365e+00 1.220136188140382459e-09
1.785840707964602370e+00 1.120910026359351206e-09
1.789454277286136374e+00 1.029576418439104034e-09
1.793067846607669935e+00 9.455223674266616583e-10
1.796681415929203940e+00 8.681812743004250122e-10
1.800294985250737945e+00 7.970295234779656913e-10
1.803908554572271949e+00 7.315833119441872494e-10
1.807522123893805954e+00 6.713957052061975912e-10
1.811135693215339515e+00 6.160539043950878653e-10
1.814749262536873520e+00 5.651767098773226343e-10
1.818362831858407525e+00 5.184121677152301825e-10
1.821976401179941529e+00 4.754353862300123817e-10
1.825589970501475534e+00 4.359465107765109849e-10
1.829203539823009539e+00 3.996688456394254512e-10
1.832817109144543100e+00 3.663471127097200548e-10
1.836430678466077104e+00 3.357458373004604827e-10
1.840044247787611109e+00 3.076478521162877836e-10
1.843657817109145114e+00 2.818529110031039385e-10
1.847271386430679119e+00 2.581764046768326254e-10
1.850884955752212679e+00 2.364481711649278256e-10
1.854498525073746684e+00 2.165113941938391014e-10
1.858112094395280689e+00 1.982215832222829510e-10
1.861725663716814694e+00 1.814456292558450324e-10
1.865339233038348699e+00 1.660609309851789081e-10
1.868952802359882703e+00 1.519545861697608041e-10
1.872566371681416264e+00 1.390226435433244435e-10
1.876179941002950269e+00 1.271694108476266762e-10
1.879793510324484274e+00 1.163068149094601319e-10
1.883407079646018278e+00 1.063538099631825160e-10
1.887020648967552283e+00 9.723583068907788668e-11
1.890634218289085844e+00 8.888428668758429408e-11
1.894247787610619849e+00 8.123609534214689439e-11
1.897861356932153853e+00 7.423325024035433645e-11
1.901474926253687858e+00 6.782242252487955470e-11
1.905088495575221863e+00 6.195459273391829060e-11
1.908702064896755868e+00 5.658471086584462889e-11
1.912315634218289429e+00 5.167138256583093088e-11
1.915929203539823433e+00 4.717657948381526642e-11
1.919542772861357438e+00 4.306537199435128401e-11
1.923156342182891443e+00 3.930568260008913525e-11
1.926769911504425448e+00 3.586805846274805852e-11
1.930383480825959008e+00 3.272546161890730377e-11
1.933997050147493013e+00 2.985307554345511325e-11
1.937610619469027018e+00 2.722812682157731363e-11
1.941224188790561023e+00 2.482972078126941289e-11
1.944837758112095027e+00 2.263869002297730869e-11
1.948451327433629032e+00 2.063745486157510207e-11
1.952064896755162593e+00 1.880989476885897788e-11
1.955678466076696598e+00 1.714122997248448402e-11
1.959292035398230603e+00 1.561791243015744792e-11
1.962905604719764607e+00 1.422752545622635352e-11
1.966519174041298612e+00 1.295869133195611028e-11
1.970132743362832173e+00 1.180098628096762875e-11
1.973746312684366178e+00 1.074486223787650854e-11
1.977359882005900182e+00 9.781574881332446726e-12
1.980973451327434187e+00 8.903117442659115654e-12
1.984587020648968192e+00 8.102159838372499234e-12
1.988200589970502197e+00 7.371992709201357929e-12
1.991814159292035757e+00 6.706475980051366641e-12
1.995427728613569762e+00 6.099991584818503253e-12
1.999041297935103767e+00 5.547400027240326181e-12
2.002654867256637772e+00 5.044000474225880304e-12
2.006268436578171777e+00 4.585494101480219134e-12
2.009882005899705337e+00 4.167950432864849894e-12
2.013495575221239342e+00 3.787776434942012018e-12
2.017109144542773347e+00 3.441688146655200875e-12
2.020722713864307352e+00 3.126684641208877951e-12
2.024336283185841356e+00 2.840024133028332911e-12
2.027949852507374917e+00 2.579202057303316698e-12
2.031563421828908922e+00 2.341930963128177485e-12
2.035176991150442927e+00 2.126122073737096969e-12
2.038790560471976931e+00 1.929868378861344941e-12
2.042404129793510936e+00 1.751429134885847991e-12
2.046017699115044941e+00 1.589215658313769265e-12
2.049631268436578502e+00 1.441778307123953853e-12
2.053244837758112507e+00 1.307794552982651352e-12
2.056858407079646511e+00 1.186058055000048493e-12
2.060471976401180516e+00 1.075468652852464375e-12
2.064085545722714521e+00 9.750232036673434634e-13
2.067699115044248082e+00 8.838071931328955386e-13
2.071312684365782086e+00 8.009870568847633973e-13
2.074926253687316091e+00 7.258031533760652696e-13
2.078539823008850096e+00 6.575633341855579525e-13
2.082153392330384101e+00 5.956370620949252466e-13
2.085766961651918106e+00 5.394500312964667158e-13
2.089380530973451666e+00 4.884792478045515078e-13
2.092994100294985671e+00 4.422485315621508406e-13
2.096607669616519676e+00 4.003244048803360995e-13
2.100221238938053236e+00 3.623123347444294766e-13
2.103834808259587685e+00 3.278532991853328147e-13
2.107448377581121246e+00 2.966206503664080674e-13
2.111061946902655695e+00 2.683172492909235422e-13
2.114675516224189256e+00 2.426728491092392122e-13
2.118289085545722816e+00 2.194417059110932104e-13
2.121902654867257265e+00 1.984003976414252918e-13
2.125516224188790826e+00 1.793458333885563292e-13
2.129129793510325275e+00 1.620934367736496286e-13
2.132743362831858835e+00 1.464754885301269758e-13
2.136356932153393284e+00 1.323396146102066807e-13
2.139970501474926845e+00 1.195474073026600285e-13
2.143584070796460406e+00 1.079731678984361436e-13
2.147197640117994855e+00 9.750276040725489133e-14
2.150811209439528415e+00 8.803256671496481758e-14
2.154424778761062864e+00 7.946853438508969582e-14
2.158038348082596425e+00 7.172530905440933302e-14
2.161651917404129986e+00 6.472544405681277052e-14
2.165265486725664434e+00 5.839868053742010621e-14
2.168879056047197995e+00 5.268129189429127260e-14
2.172492625368732444e+00 4.751548691243686301e-14
2.176106194690266005e+00 4.284886643816441917e-14
2.179719764011799565e+00 3.863392888450945200e-14
2.183333333333334014e+00 3.482762026413511189e-14
2.186946902654867575e+00 3.139092481747279259e-14
2.190560471976402024e+00 2.828849264398549116e-14
2.194174041297935585e+00 2.548830105577170894e-14
2.197787610619469145e+00 2.296134665764166687e-14
2.201401179941003594e+00 2.068136541856668103e-14
2.205014749262537155e+00 1.862457823792110196e-14
2.208628318584071604e+00 1.676945972812561777e-14
2.212241887905605164e+00 1.509652813485181202e-14
2.215855457227138725e+00 1.358815449834986678e-14
2.219469026548673174e+00 1.222838932626071571e-14
2.223082595870206735e+00 1.100280520066129291e-14
2.226696165191741184e+00 9.898353881372847232e-15
2.230309734513274744e+00 8.903236594791487213e-15
2.233923303834809193e+00 8.006786313698403923e-15
2.237536873156342754e+00 7.199360939644695598e-15
2.241150442477876314e+00 6.472246396376228654e-15
2.244764011799410763e+00 5.817568731220000030e-15
2.248377581120944324e+00 5.228214402062239198e-15
2.251991150442478773e+00 4.697758001195809400e-15
2.255604719764012334e+00 4.220396734508821578e-15
2.259218289085545894e+00 3.790891035755620048e-15
2.262831858407080343e+00 3.404510751544093892e-15
2.266445427728613904e+00 3.056986383611278082e-15
2.270058997050148353e+00 2.744464921403562159e-15
2.273672566371681913e+00 2.463469840301643649e-15
2.277286135693215474e+00 2.210864879389387448e-15
2.280899705014749923e+00 1.983821247799368110e-15
2.284513274336283484e+00 1.779787940661903259e-15
2.288126843657817933e+00 1.596464874820284294e-15
2.291740412979351493e+00 1.431778581002672607e-15
2.295353982300885054e+00 1.283860213283833181e-15
2.298967551622419503e+00 1.151025658646207680e-15
2.302581120943953064e+00 1.031757549441055834e-15
2.306194690265487512e+00 9.246889997390969034e-16
2.309808259587021073e+00 8.285889031026981335e-16
2.313421828908555522e+00 7.423486443524068960e-16
2.317035398230089083e+00 6.649700915784056734e-16
2.320648967551622643e+00 5.955547470757823737e-16
2.324262536873157092e+00 5.332939471813740644e-16
2.327876106194690653e+00 4.774600112533239344e-16
2.331489675516225102e+00 4.273982493587894731e-16
2.335103244837758663e+00 3.825197467048231762e-16
2.338716814159292223e+00 3.422948505365799840e-16
2.342330383480826672e+00 3.062472922097471999e-16
2.345943952802360233e+00 2.739488834807105446e-16
2.349557522123894682e+00 2.450147318095259722e-16
2.353171091445428242e+00 2.190989246890711366e-16
2.356784660766961803e+00 1.958906377474595253e-16
2.360398230088496252e+00 1.751106256643929135e-16
2.364011799410029813e+00 1.565080588353371066e-16
2.367625368731564262e+00 1.398576722471732784e-16
2.371238938053097822e+00 1.249571962285167292e-16
2.374852507374631383e+00 1.116250416373225515e-16
2.378466076696165832e+00 9.969821467572064160e-17
2.382079646017699393e+00 8.903043890199400565e-17
2.385693215339233841e+00 7.949046416515459401e-17
2.389306784660767402e+00 7.096054413965195140e-17
2.392920353982301851e+00 6.333506590489323384e-17
2.396533923303835412e+00 5.651931661406335484e-17
2.400147492625368972e+00 5.042837374430427384e-17
2.403761061946903421e+00 4.498610673036557326e-17
2.407374631268436982e+00 4.012427896879850298e-17
2.410988200589971431e+00 3.578174025157915051e-17
2.414601769911504991e+00 3.190370065732044234e-17
2.418215339233038552e+00 2.844107780446206487e-17
2.421828908554573001e+00 2.534991016299987208e-17
2.425442477876106562e+00 2.259082983714995443e-17
2.429056047197641011e+00 2.012858887819194766e-17
2.432669616519174571e+00 1.793163377112658662e-17
2.436283185840708132e+00 1.597172326656080439e-17
2.439896755162242581e+00 1.422358520588351492e-17
2.443510324483776142e+00 1.266460841814432512e-17
2.447123893805310590e+00 1.127456615548315911e-17
2.450737463126844151e+00 1.003536788458645559e-17
2.454351032448377712e+00 8.930836567976577324e-18
2.457964601769912161e+00 7.946508854350485119e-18
2.461578171091445721e+00 7.069455854617836970e-18
2.465191740412980170e+00 6.288122412429730612e-18
2.468805309734513731e+00 5.592182987313619817e-18
2.472418879056048180e+00 4.972412457210279258e-18
2.476032448377581741e+00 4.420570317276898820e-18
2.479646017699115301e+00 3.929296905054125365e-18
2.483259587020649750e+00 3.492020420162760848e-18
2.486873156342183311e+00 3.102873631048848142e-18
2.490486725663717760e+00 2.756619273290289569e-18
2.494100294985251320e+00 2.448583244820736717e-18
2.497713864306784881e+00 2.174594794198900294e-18
2.501327433628319330e+00 1.930932979761760319e-18
2.504941002949852891e+00 1.714278751021056963e-18
2.508554572271387340e+00 1.521672069812058256e-18
2.512168141592920900e+00 1.350473548209254840e-18
2.515781710914454461e+00 1.198330133734780180e-18
2.519395280235988910e+00 1.063144420506579593e-18
2.523008849557522471e+00 9.430472082308629238e-19
2.526622418879056919e+00 8.363729698252795137e-19
2.530235988200590480e+00 7.416379234023381504e-19
2.533849557522124041e+00 6.575204357343760919e-19
2.537463126843658490e+00 5.828435125252704083e-19
2.541076696165192050e+00 5.165591561411499696e-19
2.544690265486726499e+00 4.577343941966302150e-19
2.548303834808260060e+00 4.055388028129931018e-19
2.551917404129794509e+00 3.592333666918840815e-19
2.555530973451328070e+00 3.181605345977618131e-19
2.559144542772861630e+00 2.817353436002025107e-19
2.562758112094396079e+00 2.494374986673174213e-19
2.566371681415929640e+00 2.208043060764352886e-19
2.569985250737464089e+00 1.954243697568501770e-19
2.573598820058997649e+00 1.729319692269567467e-19
2.577212389380531210e+00 1.530020463461443432e-19
2.580825958702065659e+00 1.353457357720013350e-19
2.584439528023599220e+00 1.197063808860384057e-19
2.588053097345133668e+00 1.058559831082928633e-19
2.591666666666667229e+00 9.359203803625170245e-20
2.595280235988200790e+00 8.273471678217766062e-20
2.598893805309735239e+00 7.312435530521068571e-20
2.602507374631268799e+00 6.461921849296468791e-20
2.606120943952803248e+00 5.709350929040979032e-20
2.609734513274336809e+00 5.043559634424293920e-20
2.613348082595870370e+00 4.454643646734858525e-20
2.616961651917404819e+00 3.933817076526633142e-20
2.620575221238938379e+00 3.473287553561760688e-20
2.624188790560472828e+00 3.066145108039417449e-20
2.627802359882006389e+00 2.706263338491530755e-20
2.631415929203539950e+00 2.388211523838050121e-20
2.635029498525074398e+00 2.107176481986906793e-20
2.638643067846607959e+00 1.858893106801206436e-20
2.642256637168142408e+00 1.639582630894731621e-20
2.645870206489675969e+00 1.445897764993505342e-20
2.649483775811210418e+00 1.274873956819638602e-20
2.653097345132743978e+00 1.123886094791890510e-20
2.656710914454277539e+00 9.906100553259572627e-21
2.660324483775811988e+00 8.729885581092055046e-21
2.663938053097345549e+00 7.692008522451526020e-21
2.667551622418879997e+00 6.776358083722442951e-21
2.671165191740413558e+00 5.968680384280112176e-21
2.674778761061947119e+00 5.256367062553868389e-21
2.678392330383481568e+00 4.628267292732545509e-21
2.682005899705015128e+00 4.074521044372697520e-21
2.685619469026549577e+00 3.586411211324319808e-21
2.689233038348083138e+00 3.156232498510758881e-21
2.692846607669616699e+00 2.777175188612408899e-21
2.696460176991151148e+00 2.443222118722390569e-21
2.700073746312684708e+00 2.149057382282136443e-21
2.703687315634219157e+00 1.889985436553148229e-21
2.707300884955752718e+00 1.661859442721652612e-21
2.710914454277286278e+00 1.461017796427559210e-21
2.714528023598820727e+00 1.284227922818097973e-21
2.718141592920354288e+00 1.128636513706766337e-21
2.721755162241888737e+00 9.917254764709664665e-22
2.725368731563422298e+00 8.712729461933359182e-22
2.728982300884956747e+00 7.653187853513578478e-22
2.732595870206490307e+00 6.721340600851613553e-22
2.736209439528023868e+00 5.901940396039931849e-22
2.739823008849558317e+00 5.181543164222917622e-22
2.743436578171091877e+00 4.548296905467522571e-22
2.747050147492626326e+00 3.991755010946631756e-22
2.750663716814159887e+00 3.502711246731039617e-22
2.754277286135693448e+00 3.073053916812416332e-22
2.757890855457227897e+00 2.695636999638336955e-22
2.761504424778761457e+00 2.364166303341857912e-22
2.765117994100295906e+00 2.073098907537030225e-22
2.768731563421829467e+00 1.817554357162507219e-22
2.772345132743363028e+00 1.593236249166850147e-22
2.775958702064897476e+00 1.396363008344037189e-22
2.779572271386431037e+00 1.223606786544612441e-22
2.783185840707965486e+00 1.072039541776752168e-22
2.786799410029499047e+00 9.390854621290530155e-23
2.790412979351032607e+00 8.224789955379531410e-23
2.794026548672567056e+00 7.202278315834706740e-23
2.797640117994100617e+00 6.305802569475144271e-23
2.801253687315635066e+00 5.519963730095895372e-23
2.804867256637168627e+00 4.831227232554213567e-23
2.808480825958703075e+00 4.227699305952100666e-23
2.812094395280236636e+00 3.698929911028754194e-23
2.815707964601770197e+00 3.235739117707170253e-23
2.819321533923304646e+00 2.830064162354200449e-23
2.822935103244838206e+00 2.474824746048384714e-23
2.826548672566372655e+00 2.163804419789530858e-23
2.830162241887906216e+00 1.891546154359683719e-23
2.833775811209439777e+00 1.653260415193825805e-23
2.837389380530974226e+00 1.444744259494021625e-23
2.841002949852507786e+00 1.262310146855538888e-23
2.844616519174042235e+00 1.102723308498624612e-23
2.848230088495575796e+00 9.631466561343540159e-24
2.851843657817109357e+00 8.410923315918229818e-24
2.855457227138643805e+00 7.343791044284217654e-24
2.859070796460177366e+00 6.410949184429817203e-24
2.862684365781711815e+00 5.595639707523124826e-24
2.866297935103245376e+00 4.883177801395202885e-24
2.869911504424778936e+00 4.260697658601699023e-24
2.873525073746313385e+00 3.716929149986778862e-24
2.877138643067846946e+00 3.242001666764567126e-24
2.880752212389381395e+00 2.827271857098865873e-24
2.884365781710914955e+00 2.465172373864698933e-24
2.887979351032449404e+00 2.149079094820510110e-24
2.891592920353982965e+00 1.873194580215490248e-24
2.895206489675516526e+00 1.632445800653273487e-24
2.898820058997050975e+00 1.422394404070928724e-24
2.902433628318584535e+00 1.239157998684741165e-24
2.906047197640118984e+00 1.079341112006189199e-24
2.909660766961652545e+00 9.399746474561054465e-25
2.913274336283186106e+00 8.184628022687050568e-25
2.916887905604720554e+00 7.125365355654535968e-25
2.920501474926254115e+00 6.202127856863748418e-25
2.924115044247788564e+00 5.397587328772118643e-25
2.927728613569322125e+00 4.696604888043487679e-25
2.931342182890855685e+00 4.085956694875377247e-25
2.934955752212390134e+00 3.554093743257722802e-25
2.938569321533923695e+00 3.090931520160971606e-25
2.942182890855458144e+00 2.687665852799499429e-25
2.945796460176991705e+00 2.336611712540616911e-25
2.949410029498525265e+00 2.031062139092696746e-25
2.953023598820059714e+00 1.765164795838553821e-25
2.956637168141593275e+00 1.533813972300794944e-25
2.960250737463127724e+00 1.332556117798947680e-25
2.963864306784661284e+00 1.157507225840319328e-25
2.967477876106195733e+00 1.005280595590821941e-25
2.971091445427729294e+00 8.729236783720918139e-26
2.974705014749262855e+00 7.578628765543263986e-26
2.978318584070797304e+00 6.578553021542215476e-26
2.981932153392330864e+00 5.709466252544485733e-26
2.985545722713865313e+00 4.954342501175213222e-26
2.989159292035398874e+00 4.298351513971850046e-26
2.992772861356932435e+00 3.728577857634666290e-26
2.996386430678466883e+00 3.233775669673063156e-26
3.000000000000000000e+00 2.804154561208281408e-26
