0.000000000000000000e+00
1.316427698649377635e-02
1.316427698649377635e-02
1.316427698649377635e-02
1.316427698649377635e-02
1.320263705952932042e-02
1.348823185247178223e-02
1.297319487408918164e-02
1.379288654191352520e-02
1.437788824519657671e-02
1.383340578245203546e-02
1.476408369320898750e-02
1.555036770735394175e-02
1.571540650151528884e-02
1.589694456197181596e-02
1.466572008622924611e-02
1.363532328111683074e-02
1.275476021906707218e-02
1.096349211335968278e-02
1.084683279753999828e-02
1.039058240981080225e-02
1.072956640429933127e-02
1.177644413338814304e-02
1.102860167644969386e-02
1.096390613520923339e-02
1.210086229534503531e-02
1.107770404487923993e-02
1.049900636506550383e-02
9.708123288729138614e-03
1.019773680330000008e-02
1.093361343031047823e-02
1.009165917673585967e-02
1.057477935007995057e-02
9.878528081421323812e-03
1.065193059353104592e-02
1.069343473494191281e-02
9.935109632033317303e-03
8.556697818084173582e-03
8.577120649421191012e-03
8.920335640882924577e-03
8.224421758494809484e-03
8.466390442312161577e-03
8.837041377917569107e-03
7.588228985734519864e-03
8.181423910645248612e-03
8.602411953083763732e-03
8.370698639867314717e-03
9.063741839025890590e-03
9.952349390819072508e-03
1.029696791729134940e-02
9.557176003111953963e-03
1.046497844603478354e-02
1.064636222059501397e-02
1.108183198457392792e-02
1.136686697343660714e-02
1.150146584111597786e-02
1.144297919756708144e-02
1.135065519793414940e-02
1.166709012460553051e-02
1.128357180249975333e-02
1.112911390985501375e-02
1.103741352181353101e-02
1.159740210248156982e-02
1.165427956500881233e-02
1.091939195264696877e-02
1.073052950320076658e-02
1.084754662830639781e-02
1.153784522024938093e-02
1.149503568072866855e-02
1.167579631072364864e-02
1.137845610247057056e-02
1.149165332638223992e-02
1.163350414006667118e-02
1.145907380040934488e-02
1.120190787056449429e-02
1.114891296488899203e-02
1.099862747126148510e-02
1.052516592867715380e-02
1.076517853960204385e-02
1.085157655144338047e-02
1.045550754551922285e-02
9.721019975779159744e-03
9.545747433361038287e-03
9.479627144099191799e-03
9.322424511802497246e-03
9.474643448978069607e-03
9.231538739026186671e-03
8.861477493487266224e-03
8.772940538526619036e-03
8.649760133670629514e-03
8.750884936867089556e-03
8.368335268181016640e-03
8.178237431839962754e-03
8.004933772252600943e-03
8.096892486768566058e-03
8.016208792710454931e-03
8.052556337912261317e-03
8.432976283746904458e-03
8.350528743029000597e-03
9.079227009479936411e-03
8.819855216751942492e-03
9.054453245686374524e-03
9.130196023672704567e-03
8.835795248727457488e-03
8.791409344492772879e-03
8.933316350882925319e-03
8.815124777698102668e-03
9.104975099186023504e-03
8.731694683415985175e-03
8.918662036794906475e-03
8.528867118309706521e-03
8.501693680927907212e-03
8.587507820463540290e-03
8.952290368508994053e-03
8.720698200920707840e-03
8.579495529642384988e-03
8.594031453617230823e-03
8.598129562401244860e-03
9.028668045082170746e-03
9.028463062539246811e-03
9.101400202485706095e-03
9.170776680926808269e-03
9.012980947324387634e-03
8.973041705961817827e-03
9.235275911698783563e-03
9.502485204211801734e-03
9.510122942419650324e-03
9.285237893977785900e-03
9.364033148798561051e-03
9.405492057811193005e-03
8.973010090112532033e-03
8.765120375514920750e-03
8.882925448941236465e-03
9.201792972143454583e-03
9.141942034739497860e-03
9.698125359123363140e-03
9.896294216765114463e-03
9.937227008535288661e-03
9.866821221777259329e-03
9.830616917775933730e-03
9.942354807952327039e-03
1.015504344757720175e-02
1.001238612562139682e-02
9.781821609683319027e-03
9.253987581982250563e-03
9.495813963567330609e-03
9.757172939376026338e-03
1.015628013165206095e-02
9.854946769216828967e-03
9.788017074122723135e-03
9.941207260736214385e-03
9.956630227688991960e-03
9.833050158589184617e-03
1.014419988736287200e-02
1.022119712337768264e-02
9.905711109243254403e-03
9.647401342417471007e-03
9.967515012338371352e-03
1.013186899642359688e-02
1.023531834861726199e-02
1.031056388808305850e-02
1.025717892091271982e-02
9.965030632885040970e-03
9.848126492139376575e-03
9.636161656330275577e-03
9.609535351860218691e-03
9.687052118710884688e-03
9.549806978821148359e-03
9.289596748473814836e-03
9.337272097415402761e-03
9.089340914814338437e-03
9.066254138712958807e-03
8.814874533087074804e-03
8.832062083496435359e-03
8.660545840959536779e-03
8.693565609837640776e-03
8.614552954141789162e-03
8.699073579033099121e-03
9.080848489657036143e-03
9.124597953938235612e-03
9.207630404198504162e-03
9.527463205701403731e-03
9.836188448735310244e-03
9.725065432933253234e-03
-9.603073719515093504e-03
-9.418563961880913049e-03
-9.879328249751300958e-03
-1.002143852243941348e-02
1.009420462418256399e-02
-9.712357389065373256e-03
-9.502232362312667061e-03
9.609008349052953687e-03
9.953131272935610355e-03
1.011692431549859189e-02
1.021938407045163907e-02
1.044919744408453512e-02
1.049992956058017762e-02
1.055065300372273057e-02
1.055999268114348778e-02
1.032102108373602646e-02
1.035799014555921493e-02
1.023656006217142644e-02
1.064268670719047648e-02
1.063860835540692169e-02
1.027083063369670611e-02
1.031959063987901611e-02
1.047368176790131576e-02
1.045930703628897285e-02
1.030429686584124344e-02
9.939561940217727862e-03
9.714762122488526316e-03
9.686677150295064029e-03
1.013956023419034305e-02
1.023412491152656499e-02
1.011814673414164131e-02
1.001157130303219865e-02
1.030741210492642883e-02
1.050574388820283388e-02
1.033495737354598980e-02
1.044085346634746926e-02
1.046178595259446113e-02
1.028478041605265965e-02
1.025094136947643682e-02
1.017368350675463932e-02
1.045323786433007170e-02
1.014874030324222805e-02
1.020890315174762322e-02
1.013050689079334279e-02
1.024824342641463513e-02
1.021972470881171366e-02
1.020094168618442161e-02
1.015254999095573096e-02
1.012699212119519757e-02
1.000798201082649282e-02
9.904039391556507602e-03
-9.995823513463586787e-03
-9.929596952904693255e-03
-9.774768169627716038e-03
-1.006818959277954936e-02
-9.933688493580644652e-03
-9.953445034012034509e-03
-1.004285085940430540e-02
-1.011346423988910594e-02
-1.017551096425514147e-02
-1.020816321168003908e-02
-1.003846924207170248e-02
-9.883845438999628794e-03
-9.924904929416474356e-03
-9.922908766285624613e-03
-1.007212185935525521e-02
