1.000000000000000000e+00
9.955021871388941568e-01
9.842621154592223753e-01
9.595894172546637346e-01
9.433764226464148583e-01
9.328284902508214849e-01
9.190989517161937128e-01
9.147024732817504722e-01
9.053217897432832562e-01
9.053217897432832562e-01
9.032625638217093300e-01
8.998560779569477752e-01
8.994449290562502863e-01
8.922959104603082059e-01
8.922959104603082059e-01
8.921827781709319449e-01
8.927189543913460756e-01
8.927189543913460756e-01
8.927189543913460756e-01
8.927189543913460756e-01
8.927189543913460756e-01
8.927970331734944587e-01
8.922971278836521192e-01
8.918028342874644299e-01
8.918028342874644299e-01
8.918028342874644299e-01
8.918028342874644299e-01
8.918028342874644299e-01
8.918028342874644299e-01
8.918028342874644299e-01
8.918028342874644299e-01
8.918028342874644299e-01
8.918028342874644299e-01
8.918028342874644299e-01
8.918028342874644299e-01
8.918028342874644299e-01
8.918028342874644299e-01
8.918028342874644299e-01
8.918028342874644299e-01
8.918028342874644299e-01
8.918028342874644299e-01
8.918028342874644299e-01
8.918028342874644299e-01
8.918028342874644299e-01
8.918028342874644299e-01
8.918028342874644299e-01
8.918028342874644299e-01
8.918028342874644299e-01
8.918028342874644299e-01
8.918028342874644299e-01
8.918028342874644299e-01
8.918028342874644299e-01
8.918028342874644299e-01
8.918028342874644299e-01
8.918028342874644299e-01
8.918028342874644299e-01
8.918028342874644299e-01
8.918028342874644299e-01
8.918028342874644299e-01
8.918028342874644299e-01
8.918028342874644299e-01
8.918028342874644299e-01
8.918028342874644299e-01
8.918028342874644299e-01
8.918028342874644299e-01
8.918028342874644299e-01
8.918028342874644299e-01
8.918028342874644299e-01
8.918028342874644299e-01
8.918028342874644299e-01
8.918028342874644299e-01
8.918028342874644299e-01
8.918028342874644299e-01
8.918028342874644299e-01
8.918028342874644299e-01
8.918028342874644299e-01
8.918028342874644299e-01
8.918028342874644299e-01
8.918028342874644299e-01
8.918028342874644299e-01
8.918028342874644299e-01
8.918028342874644299e-01
8.918028342874644299e-01
8.918028342874644299e-01
8.918028342874644299e-01
8.918028342874644299e-01
8.918028342874644299e-01
8.918028342874644299e-01
8.918028342874644299e-01
8.918028342874644299e-01
8.918028342874644299e-01
8.918028342874644299e-01
8.918028342874644299e-01
8.918028342874644299e-01
8.918028342874644299e-01
8.918028342874644299e-01
8.918028342874644299e-01
8.918028342874644299e-01
8.918028342874644299e-01
8.918028342874644299e-01
8.918028342874644299e-01
8.918028342874644299e-01
8.918028342874644299e-01
8.918028342874644299e-01
8.918028342874644299e-01
8.918028342874644299e-01
8.918028342874644299e-01
8.918028342874644299e-01
8.918028342874644299e-01
8.918028342874644299e-01
8.918028342874644299e-01
8.918028342874644299e-01
8.918028342874644299e-01
8.918028342874644299e-01
8.918028342874644299e-01
8.918028342874644299e-01
8.918028342874644299e-01
8.918028342874644299e-01
8.918028342874644299e-01
8.918028342874644299e-01
8.918028342874644299e-01
8.918028342874644299e-01
8.918028342874644299e-01
8.918028342874644299e-01
8.918028342874644299e-01
8.918028342874644299e-01
8.918028342874644299e-01
8.918028342874644299e-01
8.918028342874644299e-01
8.918028342874644299e-01
8.918028342874644299e-01
8.918028342874644299e-01
8.918028342874644299e-01
8.918028342874644299e-01
8.918028342874644299e-01
8.918028342874644299e-01
8.918028342874644299e-01
8.918028342874644299e-01
8.918028342874644299e-01
8.918028342874644299e-01
8.918028342874644299e-01
8.918028342874644299e-01
8.918028342874644299e-01
8.918028342874644299e-01
8.918028342874644299e-01
8.918028342874644299e-01
8.918028342874644299e-01
8.918028342874644299e-01
8.918028342874644299e-01
8.918028342874644299e-01
8.918028342874644299e-01
8.918028342874644299e-01
8.918028342874644299e-01
8.918028342874644299e-01
8.918028342874644299e-01
8.918028342874644299e-01
8.918028342874644299e-01
8.918028342874644299e-01
8.918028342874644299e-01
8.918028342874644299e-01
8.918028342874644299e-01
8.918028342874644299e-01
8.918028342874644299e-01
8.918028342874644299e-01
8.918028342874644299e-01
8.918028342874644299e-01
8.918028342874644299e-01
8.918028342874644299e-01
8.918028342874644299e-01
8.918028342874644299e-01
8.918028342874644299e-01
8.918028342874644299e-01
8.918028342874644299e-01
8.918028342874644299e-01
8.918028342874644299e-01
8.918028342874644299e-01
8.918028342874644299e-01
8.918028342874644299e-01
8.918028342874644299e-01
8.918028342874644299e-01
8.918028342874644299e-01
8.918028342874644299e-01
8.918028342874644299e-01
8.918028342874644299e-01
8.918028342874644299e-01
8.918028342874644299e-01
8.918028342874644299e-01
8.918028342874644299e-01
8.918028342874644299e-01
8.918028342874644299e-01
8.918028342874644299e-01
8.918028342874644299e-01
8.918028342874644299e-01
8.918028342874644299e-01
8.918028342874644299e-01
8.918028342874644299e-01
8.918028342874644299e-01
8.918028342874644299e-01
8.918028342874644299e-01
8.918028342874644299e-01
8.918028342874644299e-01
8.918028342874644299e-01
8.918028342874644299e-01
8.918028342874644299e-01
8.918028342874644299e-01
8.918028342874644299e-01
8.918028342874644299e-01
8.918028342874644299e-01
8.918028342874644299e-01
8.918028342874644299e-01
8.918028342874644299e-01
8.918028342874644299e-01
8.918028342874644299e-01
8.918028342874644299e-01
8.918028342874644299e-01
8.918028342874644299e-01
8.918028342874644299e-01
8.918028342874644299e-01
8.918028342874644299e-01
8.918028342874644299e-01
8.918028342874644299e-01
8.918028342874644299e-01
8.918028342874644299e-01
8.918028342874644299e-01
8.918028342874644299e-01
8.918028342874644299e-01
8.918028342874644299e-01
8.918028342874644299e-01
8.918028342874644299e-01
8.918028342874644299e-01
8.918028342874644299e-01
8.918028342874644299e-01
8.918028342874644299e-01
8.918028342874644299e-01
8.918028342874644299e-01
8.918028342874644299e-01
8.918028342874644299e-01
8.918028342874644299e-01
8.918028342874644299e-01
8.918028342874644299e-01
8.918028342874644299e-01
8.918028342874644299e-01
8.918028342874644299e-01
8.918028342874644299e-01
8.918028342874644299e-01
8.918028342874644299e-01
8.918028342874644299e-01
8.918028342874644299e-01
8.918028342874644299e-01
8.918028342874644299e-01
