0.000000000000000000e+00
6.235534505496659330e-02
6.248554987836251601e-02
6.255158774407197642e-02
6.225678642320118389e-02
6.216038207065466975e-02
6.176256369798113766e-02
6.097256092587437920e-02
6.065793075756994307e-02
5.940849897223721837e-02
5.844975304498018637e-02
5.833394639585894742e-02
5.916635973713402219e-02
5.926008248699487363e-02
5.996332236378299624e-02
5.882982656002020555e-02
5.831246979906181543e-02
5.804986752754642126e-02
5.768762135825374754e-02
5.768762135825374754e-02
5.765767467196059731e-02
5.762715459301429033e-02
5.762715459301429033e-02
5.762715459301429033e-02
5.720724998663076488e-02
5.702331792861645848e-02
5.693665703938005640e-02
5.693665703938005640e-02
5.693665703938005640e-02
5.693665703938005640e-02
5.691391540935355348e-02
5.702140113555850820e-02
5.702140113555850820e-02
5.681500497402486999e-02
5.681500497402486999e-02
5.681500497402486999e-02
5.681500497402486999e-02
5.681500497402486999e-02
5.681500497402486999e-02
5.681500497402486999e-02
5.660900026887461661e-02
5.660900026887461661e-02
5.660900026887461661e-02
5.660900026887461661e-02
5.660900026887461661e-02
5.660900026887461661e-02
5.660900026887461661e-02
5.660900026887461661e-02
5.660900026887461661e-02
5.660900026887461661e-02
5.660900026887461661e-02
5.660900026887461661e-02
5.660900026887461661e-02
5.660900026887461661e-02
5.660900026887461661e-02
5.660900026887461661e-02
5.660900026887461661e-02
5.660900026887461661e-02
5.660900026887461661e-02
5.660900026887461661e-02
5.660900026887461661e-02
5.660900026887461661e-02
5.660900026887461661e-02
5.660900026887461661e-02
5.660900026887461661e-02
5.660900026887461661e-02
5.660900026887461661e-02
5.660900026887461661e-02
5.660900026887461661e-02
5.660900026887461661e-02
5.660900026887461661e-02
5.660900026887461661e-02
5.660900026887461661e-02
5.660900026887461661e-02
5.660900026887461661e-02
5.660900026887461661e-02
5.660900026887461661e-02
5.660900026887461661e-02
5.660900026887461661e-02
5.660900026887461661e-02
5.660900026887461661e-02
5.660900026887461661e-02
5.660900026887461661e-02
5.660900026887461661e-02
5.660900026887461661e-02
5.660900026887461661e-02
5.660900026887461661e-02
5.660900026887461661e-02
5.660900026887461661e-02
5.660900026887461661e-02
5.660900026887461661e-02
5.660900026887461661e-02
5.660900026887461661e-02
5.660900026887461661e-02
5.660900026887461661e-02
5.660900026887461661e-02
5.660900026887461661e-02
5.660900026887461661e-02
5.660900026887461661e-02
5.660900026887461661e-02
5.660900026887461661e-02
5.660900026887461661e-02
5.660900026887461661e-02
5.660900026887461661e-02
5.660900026887461661e-02
5.660900026887461661e-02
5.660900026887461661e-02
5.660900026887461661e-02
5.660900026887461661e-02
5.660900026887461661e-02
5.660900026887461661e-02
5.660900026887461661e-02
5.660900026887461661e-02
5.660900026887461661e-02
5.660900026887461661e-02
5.660900026887461661e-02
5.660900026887461661e-02
5.660900026887461661e-02
5.660900026887461661e-02
5.660900026887461661e-02
5.660900026887461661e-02
5.660900026887461661e-02
5.660900026887461661e-02
5.660900026887461661e-02
5.660900026887461661e-02
5.660900026887461661e-02
5.660900026887461661e-02
5.660900026887461661e-02
5.660900026887461661e-02
5.660900026887461661e-02
5.660900026887461661e-02
5.660900026887461661e-02
5.660900026887461661e-02
5.660900026887461661e-02
5.660900026887461661e-02
5.660900026887461661e-02
5.660900026887461661e-02
5.660900026887461661e-02
5.660900026887461661e-02
5.660900026887461661e-02
5.660900026887461661e-02
5.660900026887461661e-02
5.660900026887461661e-02
5.660900026887461661e-02
5.660900026887461661e-02
5.660900026887461661e-02
5.660900026887461661e-02
5.660900026887461661e-02
5.660900026887461661e-02
5.660900026887461661e-02
5.660900026887461661e-02
5.660900026887461661e-02
5.660900026887461661e-02
5.660900026887461661e-02
5.660900026887461661e-02
5.660900026887461661e-02
5.660900026887461661e-02
5.660900026887461661e-02
5.660900026887461661e-02
5.660900026887461661e-02
5.660900026887461661e-02
5.660900026887461661e-02
5.660900026887461661e-02
5.660900026887461661e-02
5.660900026887461661e-02
5.660900026887461661e-02
5.660900026887461661e-02
5.660900026887461661e-02
5.660900026887461661e-02
5.660900026887461661e-02
5.660900026887461661e-02
5.660900026887461661e-02
5.660900026887461661e-02
5.660900026887461661e-02
5.660900026887461661e-02
5.660900026887461661e-02
5.660900026887461661e-02
5.660900026887461661e-02
5.660900026887461661e-02
5.660900026887461661e-02
5.660900026887461661e-02
5.660900026887461661e-02
5.660900026887461661e-02
5.660900026887461661e-02
5.660900026887461661e-02
5.660900026887461661e-02
5.660900026887461661e-02
5.660900026887461661e-02
5.660900026887461661e-02
5.660900026887461661e-02
5.660900026887461661e-02
5.660900026887461661e-02
5.660900026887461661e-02
5.660900026887461661e-02
5.660900026887461661e-02
5.660900026887461661e-02
5.660900026887461661e-02
5.660900026887461661e-02
5.660900026887461661e-02
5.660900026887461661e-02
5.660900026887461661e-02
5.660900026887461661e-02
5.660900026887461661e-02
5.660900026887461661e-02
5.660900026887461661e-02
5.660900026887461661e-02
5.660900026887461661e-02
5.660900026887461661e-02
5.660900026887461661e-02
5.660900026887461661e-02
5.660900026887461661e-02
5.660900026887461661e-02
5.660900026887461661e-02
5.660900026887461661e-02
5.660900026887461661e-02
5.660900026887461661e-02
5.660900026887461661e-02
5.660900026887461661e-02
5.660900026887461661e-02
5.660900026887461661e-02
5.660900026887461661e-02
5.660900026887461661e-02
5.660900026887461661e-02
5.660900026887461661e-02
5.660900026887461661e-02
5.660900026887461661e-02
5.660900026887461661e-02
5.660900026887461661e-02
5.660900026887461661e-02
5.660900026887461661e-02
5.660900026887461661e-02
5.660900026887461661e-02
5.660900026887461661e-02
5.660900026887461661e-02
5.660900026887461661e-02
5.660900026887461661e-02
5.660900026887461661e-02
5.660900026887461661e-02
5.660900026887461661e-02
5.660900026887461661e-02
5.660900026887461661e-02
5.660900026887461661e-02
5.660900026887461661e-02
5.660900026887461661e-02
5.660900026887461661e-02
5.660900026887461661e-02
5.660900026887461661e-02
5.660900026887461661e-02
5.660900026887461661e-02
5.660900026887461661e-02
