1.000000000000000000e+00
9.992712320351605504e-01
9.968704004210180436e-01
9.929126897318649725e-01
9.907738642295582654e-01
9.859041992795013476e-01
9.809649458784145404e-01
9.706300230494309123e-01
9.654784518281240846e-01
9.601238797960597315e-01
9.458046109933296863e-01
9.461283782934383213e-01
9.433227415338925059e-01
9.421067852398631315e-01
9.373945081963521719e-01
9.332477044131112232e-01
9.313702244158676979e-01
9.309990302661800277e-01
9.302557992265655384e-01
9.302557992265655384e-01
9.301117111999235298e-01
9.279302993805915722e-01
9.279302993805915722e-01
9.279302993805915722e-01
9.265697044642486890e-01
9.254665802050323631e-01
9.249885988712693852e-01
9.249885988712693852e-01
9.249885988712693852e-01
9.249885988712693852e-01
9.248439593434292227e-01
9.248600725565865321e-01
9.248600725565865321e-01
9.236066226138662794e-01
9.236066226138662794e-01
9.236066226138662794e-01
9.236066226138662794e-01
9.236066226138662794e-01
9.236066226138662794e-01
9.236066226138662794e-01
9.228813939987956516e-01
9.228813939987956516e-01
9.228813939987956516e-01
9.228813939987956516e-01
9.228813939987956516e-01
9.228813939987956516e-01
9.228813939987956516e-01
9.228813939987956516e-01
9.228813939987956516e-01
9.228813939987956516e-01
9.228813939987956516e-01
9.228813939987956516e-01
9.228813939987956516e-01
9.228813939987956516e-01
9.228813939987956516e-01
9.228813939987956516e-01
9.228813939987956516e-01
9.228813939987956516e-01
9.228813939987956516e-01
9.228813939987956516e-01
9.228813939987956516e-01
9.228813939987956516e-01
9.228813939987956516e-01
9.228813939987956516e-01
9.228813939987956516e-01
9.228813939987956516e-01
9.228813939987956516e-01
9.228813939987956516e-01
9.228813939987956516e-01
9.228813939987956516e-01
9.228813939987956516e-01
9.228813939987956516e-01
9.228813939987956516e-01
9.228813939987956516e-01
9.228813939987956516e-01
9.228813939987956516e-01
9.228813939987956516e-01
9.228813939987956516e-01
9.228813939987956516e-01
9.228813939987956516e-01
9.228813939987956516e-01
9.228813939987956516e-01
9.228813939987956516e-01
9.228813939987956516e-01
9.228813939987956516e-01
9.228813939987956516e-01
9.228813939987956516e-01
9.228813939987956516e-01
9.228813939987956516e-01
9.228813939987956516e-01
9.228813939987956516e-01
9.228813939987956516e-01
9.228813939987956516e-01
9.228813939987956516e-01
9.228813939987956516e-01
9.228813939987956516e-01
9.228813939987956516e-01
9.228813939987956516e-01
9.228813939987956516e-01
9.228813939987956516e-01
9.228813939987956516e-01
9.228813939987956516e-01
9.228813939987956516e-01
9.228813939987956516e-01
9.228813939987956516e-01
9.228813939987956516e-01
9.228813939987956516e-01
9.228813939987956516e-01
9.228813939987956516e-01
9.228813939987956516e-01
9.228813939987956516e-01
9.228813939987956516e-01
9.228813939987956516e-01
9.228813939987956516e-01
9.228813939987956516e-01
9.228813939987956516e-01
9.228813939987956516e-01
9.228813939987956516e-01
9.228813939987956516e-01
9.228813939987956516e-01
9.228813939987956516e-01
9.228813939987956516e-01
9.228813939987956516e-01
9.228813939987956516e-01
9.228813939987956516e-01
9.228813939987956516e-01
9.228813939987956516e-01
9.228813939987956516e-01
9.228813939987956516e-01
9.228813939987956516e-01
9.228813939987956516e-01
9.228813939987956516e-01
9.228813939987956516e-01
9.228813939987956516e-01
9.228813939987956516e-01
9.228813939987956516e-01
9.228813939987956516e-01
9.228813939987956516e-01
9.228813939987956516e-01
9.228813939987956516e-01
9.228813939987956516e-01
9.228813939987956516e-01
9.228813939987956516e-01
9.228813939987956516e-01
9.228813939987956516e-01
9.228813939987956516e-01
9.228813939987956516e-01
9.228813939987956516e-01
9.228813939987956516e-01
9.228813939987956516e-01
9.228813939987956516e-01
9.228813939987956516e-01
9.228813939987956516e-01
9.228813939987956516e-01
9.228813939987956516e-01
9.228813939987956516e-01
9.228813939987956516e-01
9.228813939987956516e-01
9.228813939987956516e-01
9.228813939987956516e-01
9.228813939987956516e-01
9.228813939987956516e-01
9.228813939987956516e-01
9.228813939987956516e-01
9.228813939987956516e-01
9.228813939987956516e-01
9.228813939987956516e-01
9.228813939987956516e-01
9.228813939987956516e-01
9.228813939987956516e-01
9.228813939987956516e-01
9.228813939987956516e-01
9.228813939987956516e-01
9.228813939987956516e-01
9.228813939987956516e-01
9.228813939987956516e-01
9.228813939987956516e-01
9.228813939987956516e-01
9.228813939987956516e-01
9.228813939987956516e-01
9.228813939987956516e-01
9.228813939987956516e-01
9.228813939987956516e-01
9.228813939987956516e-01
9.228813939987956516e-01
9.228813939987956516e-01
9.228813939987956516e-01
9.228813939987956516e-01
9.228813939987956516e-01
9.228813939987956516e-01
9.228813939987956516e-01
9.228813939987956516e-01
9.228813939987956516e-01
9.228813939987956516e-01
9.228813939987956516e-01
9.228813939987956516e-01
9.228813939987956516e-01
9.228813939987956516e-01
9.228813939987956516e-01
9.228813939987956516e-01
9.228813939987956516e-01
9.228813939987956516e-01
9.228813939987956516e-01
9.228813939987956516e-01
9.228813939987956516e-01
9.228813939987956516e-01
9.228813939987956516e-01
9.228813939987956516e-01
9.228813939987956516e-01
9.228813939987956516e-01
9.228813939987956516e-01
9.228813939987956516e-01
9.228813939987956516e-01
9.228813939987956516e-01
9.228813939987956516e-01
9.228813939987956516e-01
9.228813939987956516e-01
9.228813939987956516e-01
9.228813939987956516e-01
9.228813939987956516e-01
9.228813939987956516e-01
9.228813939987956516e-01
9.228813939987956516e-01
9.228813939987956516e-01
9.228813939987956516e-01
9.228813939987956516e-01
9.228813939987956516e-01
9.228813939987956516e-01
9.228813939987956516e-01
9.228813939987956516e-01
9.228813939987956516e-01
9.228813939987956516e-01
9.228813939987956516e-01
9.228813939987956516e-01
9.228813939987956516e-01
9.228813939987956516e-01
9.228813939987956516e-01
9.228813939987956516e-01
9.228813939987956516e-01
9.228813939987956516e-01
9.228813939987956516e-01
9.228813939987956516e-01
9.228813939987956516e-01
9.228813939987956516e-01
9.228813939987956516e-01
9.228813939987956516e-01
9.228813939987956516e-01
9.228813939987956516e-01
9.228813939987956516e-01
9.228813939987956516e-01
