0.000000000000000000e+00
5.606260980019654033e-02
5.591481730147607881e-02
5.550101534402848008e-02
5.566662248645420918e-02
5.550966003691066436e-02
5.571386555973342758e-02
5.572496772139087784e-02
5.538316082796426731e-02
5.538316082796426731e-02
5.538316082796426731e-02
5.545214481009818480e-02
5.545214481009818480e-02
5.546851870822860214e-02
5.546851870822860214e-02
5.564617995815013957e-02
5.564617995815013957e-02
5.564617995815013957e-02
5.564617995815013957e-02
5.564617995815013957e-02
5.564617995815013957e-02
5.564617995815013957e-02
5.564617995815013957e-02
5.564617995815013957e-02
5.564617995815013957e-02
5.564617995815013957e-02
5.564617995815013957e-02
5.564617995815013957e-02
5.564617995815013957e-02
5.564617995815013957e-02
5.564617995815013957e-02
5.564617995815013957e-02
5.564617995815013957e-02
5.564617995815013957e-02
5.564617995815013957e-02
5.564617995815013957e-02
5.564617995815013957e-02
5.564617995815013957e-02
5.564617995815013957e-02
5.564617995815013957e-02
5.564617995815013957e-02
5.564617995815013957e-02
5.564617995815013957e-02
5.564617995815013957e-02
5.564617995815013957e-02
5.564617995815013957e-02
5.564617995815013957e-02
5.564617995815013957e-02
5.564617995815013957e-02
5.564617995815013957e-02
5.564617995815013957e-02
5.564617995815013957e-02
5.564617995815013957e-02
5.564617995815013957e-02
5.564617995815013957e-02
5.564617995815013957e-02
5.564617995815013957e-02
5.564617995815013957e-02
5.564617995815013957e-02
5.564617995815013957e-02
5.564617995815013957e-02
5.564617995815013957e-02
5.564617995815013957e-02
5.564617995815013957e-02
5.564617995815013957e-02
5.564617995815013957e-02
5.564617995815013957e-02
5.564617995815013957e-02
5.564617995815013957e-02
5.564617995815013957e-02
5.564617995815013957e-02
5.564617995815013957e-02
5.564617995815013957e-02
5.564617995815013957e-02
5.564617995815013957e-02
5.564617995815013957e-02
5.564617995815013957e-02
5.564617995815013957e-02
5.564617995815013957e-02
5.564617995815013957e-02
5.564617995815013957e-02
5.564617995815013957e-02
5.564617995815013957e-02
5.564617995815013957e-02
5.564617995815013957e-02
5.564617995815013957e-02
5.564617995815013957e-02
5.564617995815013957e-02
5.564617995815013957e-02
5.564617995815013957e-02
5.564617995815013957e-02
5.564617995815013957e-02
5.564617995815013957e-02
5.564617995815013957e-02
5.564617995815013957e-02
5.564617995815013957e-02
5.564617995815013957e-02
5.564617995815013957e-02
5.564617995815013957e-02
5.564617995815013957e-02
5.564617995815013957e-02
5.564617995815013957e-02
5.564617995815013957e-02
5.564617995815013957e-02
5.564617995815013957e-02
5.564617995815013957e-02
5.564617995815013957e-02
5.564617995815013957e-02
5.564617995815013957e-02
5.564617995815013957e-02
5.564617995815013957e-02
5.564617995815013957e-02
5.564617995815013957e-02
5.564617995815013957e-02
5.564617995815013957e-02
5.564617995815013957e-02
5.564617995815013957e-02
5.564617995815013957e-02
5.564617995815013957e-02
5.564617995815013957e-02
5.564617995815013957e-02
5.564617995815013957e-02
5.564617995815013957e-02
5.564617995815013957e-02
5.564617995815013957e-02
5.564617995815013957e-02
5.564617995815013957e-02
5.564617995815013957e-02
5.564617995815013957e-02
5.564617995815013957e-02
5.564617995815013957e-02
5.564617995815013957e-02
5.564617995815013957e-02
5.564617995815013957e-02
5.564617995815013957e-02
5.564617995815013957e-02
5.564617995815013957e-02
5.564617995815013957e-02
5.564617995815013957e-02
5.564617995815013957e-02
5.564617995815013957e-02
5.564617995815013957e-02
5.564617995815013957e-02
5.564617995815013957e-02
5.564617995815013957e-02
5.564617995815013957e-02
5.564617995815013957e-02
5.564617995815013957e-02
5.564617995815013957e-02
5.564617995815013957e-02
5.564617995815013957e-02
5.564617995815013957e-02
5.564617995815013957e-02
5.564617995815013957e-02
5.564617995815013957e-02
5.564617995815013957e-02
5.564617995815013957e-02
5.564617995815013957e-02
5.564617995815013957e-02
5.564617995815013957e-02
5.564617995815013957e-02
5.564617995815013957e-02
5.564617995815013957e-02
5.564617995815013957e-02
5.564617995815013957e-02
5.564617995815013957e-02
5.564617995815013957e-02
5.564617995815013957e-02
5.564617995815013957e-02
5.564617995815013957e-02
5.564617995815013957e-02
5.564617995815013957e-02
5.564617995815013957e-02
5.564617995815013957e-02
5.564617995815013957e-02
5.564617995815013957e-02
5.564617995815013957e-02
5.564617995815013957e-02
5.564617995815013957e-02
5.564617995815013957e-02
5.564617995815013957e-02
5.564617995815013957e-02
5.564617995815013957e-02
5.564617995815013957e-02
5.564617995815013957e-02
5.564617995815013957e-02
5.564617995815013957e-02
5.564617995815013957e-02
5.564617995815013957e-02
5.564617995815013957e-02
5.564617995815013957e-02
5.564617995815013957e-02
5.564617995815013957e-02
5.564617995815013957e-02
5.564617995815013957e-02
5.564617995815013957e-02
5.564617995815013957e-02
5.564617995815013957e-02
5.564617995815013957e-02
5.564617995815013957e-02
5.564617995815013957e-02
5.564617995815013957e-02
5.564617995815013957e-02
5.564617995815013957e-02
5.564617995815013957e-02
5.564617995815013957e-02
5.564617995815013957e-02
5.564617995815013957e-02
5.564617995815013957e-02
5.564617995815013957e-02
5.564617995815013957e-02
5.564617995815013957e-02
5.564617995815013957e-02
5.564617995815013957e-02
5.564617995815013957e-02
5.564617995815013957e-02
5.564617995815013957e-02
5.564617995815013957e-02
5.564617995815013957e-02
5.564617995815013957e-02
5.564617995815013957e-02
5.564617995815013957e-02
5.564617995815013957e-02
5.564617995815013957e-02
5.564617995815013957e-02
5.564617995815013957e-02
5.564617995815013957e-02
5.564617995815013957e-02
5.564617995815013957e-02
5.564617995815013957e-02
5.564617995815013957e-02
5.564617995815013957e-02
5.564617995815013957e-02
5.564617995815013957e-02
5.564617995815013957e-02
5.564617995815013957e-02
5.564617995815013957e-02
5.564617995815013957e-02
5.564617995815013957e-02
5.564617995815013957e-02
5.564617995815013957e-02
5.564617995815013957e-02
5.564617995815013957e-02
5.564617995815013957e-02
5.564617995815013957e-02
5.564617995815013957e-02
5.564617995815013957e-02
5.564617995815013957e-02
5.564617995815013957e-02
5.564617995815013957e-02
