1.000000000000000000e+00
9.975289544158880695e-01
9.946009183494656236e-01
9.894071661977595911e-01
9.853842201139052515e-01
9.782348704170562570e-01
9.743786325481154087e-01
9.710074934708278205e-01
9.665918688435780615e-01
9.624671393999092439e-01
9.558494163198705262e-01
9.520087339235094870e-01
9.484646548933214349e-01
9.456052372068640688e-01
9.451941936749903572e-01
9.429152788176702327e-01
9.419812183398743599e-01
9.419695053879980629e-01
9.419695053879980629e-01
9.412649801479069378e-01
9.412649801479069378e-01
9.412649801479069378e-01
9.407585306763426303e-01
9.392692599765121164e-01
9.392692599765121164e-01
9.392692599765121164e-01
9.392692599765121164e-01
9.392692599765121164e-01
9.392692599765121164e-01
9.392692599765121164e-01
9.392692599765121164e-01
9.392692599765121164e-01
9.391582558403711589e-01
9.391582558403711589e-01
9.391582558403711589e-01
9.379964499967042846e-01
9.379964499967042846e-01
9.379964499967042846e-01
9.379964499967042846e-01
9.379964499967042846e-01
9.379964499967042846e-01
9.379964499967042846e-01
9.379964499967042846e-01
9.379964499967042846e-01
9.379964499967042846e-01
9.379964499967042846e-01
9.379964499967042846e-01
9.379964499967042846e-01
9.379964499967042846e-01
9.379964499967042846e-01
9.379964499967042846e-01
9.379964499967042846e-01
9.379964499967042846e-01
9.379964499967042846e-01
9.379964499967042846e-01
9.391582558403711589e-01
9.391582558403711589e-01
9.391582558403711589e-01
9.391582558403711589e-01
9.391582558403711589e-01
9.391582558403711589e-01
9.391582558403711589e-01
9.391582558403711589e-01
9.391582558403711589e-01
9.391582558403711589e-01
9.391582558403711589e-01
9.391582558403711589e-01
9.391582558403711589e-01
9.391582558403711589e-01
9.391582558403711589e-01
9.391582558403711589e-01
9.391582558403711589e-01
9.391582558403711589e-01
9.391582558403711589e-01
9.391582558403711589e-01
9.391582558403711589e-01
9.391582558403711589e-01
9.391582558403711589e-01
9.391582558403711589e-01
9.391582558403711589e-01
9.391582558403711589e-01
9.391582558403711589e-01
9.391582558403711589e-01
9.391582558403711589e-01
9.391582558403711589e-01
9.391582558403711589e-01
9.391582558403711589e-01
9.391582558403711589e-01
9.391582558403711589e-01
9.391582558403711589e-01
9.391582558403711589e-01
9.391582558403711589e-01
9.391582558403711589e-01
9.391582558403711589e-01
9.391582558403711589e-01
9.391582558403711589e-01
9.391582558403711589e-01
9.391582558403711589e-01
9.391582558403711589e-01
9.391582558403711589e-01
9.391582558403711589e-01
9.391582558403711589e-01
9.391582558403711589e-01
9.391582558403711589e-01
9.391582558403711589e-01
9.391582558403711589e-01
9.391582558403711589e-01
9.391582558403711589e-01
9.391582558403711589e-01
9.391582558403711589e-01
9.391582558403711589e-01
9.391582558403711589e-01
9.391582558403711589e-01
9.391582558403711589e-01
9.391582558403711589e-01
9.391582558403711589e-01
9.391582558403711589e-01
9.391582558403711589e-01
9.391582558403711589e-01
9.391582558403711589e-01
9.391582558403711589e-01
9.391582558403711589e-01
9.391582558403711589e-01
9.391582558403711589e-01
9.391582558403711589e-01
9.391582558403711589e-01
9.391582558403711589e-01
9.391582558403711589e-01
9.391582558403711589e-01
9.391582558403711589e-01
9.391582558403711589e-01
9.391582558403711589e-01
9.391582558403711589e-01
9.391582558403711589e-01
9.391582558403711589e-01
9.391582558403711589e-01
9.391582558403711589e-01
9.391582558403711589e-01
9.391582558403711589e-01
9.391582558403711589e-01
9.391582558403711589e-01
9.391582558403711589e-01
9.391582558403711589e-01
9.391582558403711589e-01
9.391582558403711589e-01
9.391582558403711589e-01
9.391582558403711589e-01
9.391582558403711589e-01
9.391582558403711589e-01
9.391582558403711589e-01
9.391582558403711589e-01
9.391582558403711589e-01
9.391582558403711589e-01
9.391582558403711589e-01
9.391582558403711589e-01
9.391582558403711589e-01
9.391582558403711589e-01
9.391582558403711589e-01
9.391582558403711589e-01
9.391582558403711589e-01
9.391582558403711589e-01
9.391582558403711589e-01
9.391582558403711589e-01
9.391582558403711589e-01
9.391582558403711589e-01
9.391582558403711589e-01
9.391582558403711589e-01
9.391582558403711589e-01
9.391582558403711589e-01
9.391582558403711589e-01
9.391582558403711589e-01
9.391582558403711589e-01
9.391582558403711589e-01
9.391582558403711589e-01
9.391582558403711589e-01
9.391582558403711589e-01
9.391582558403711589e-01
9.391582558403711589e-01
9.391582558403711589e-01
9.391582558403711589e-01
9.391582558403711589e-01
9.391582558403711589e-01
9.391582558403711589e-01
9.391582558403711589e-01
9.391582558403711589e-01
9.391582558403711589e-01
9.391582558403711589e-01
9.391582558403711589e-01
9.391582558403711589e-01
9.391582558403711589e-01
9.391582558403711589e-01
9.391582558403711589e-01
9.391582558403711589e-01
9.391582558403711589e-01
9.391582558403711589e-01
9.391582558403711589e-01
9.391582558403711589e-01
9.391582558403711589e-01
9.391582558403711589e-01
9.391582558403711589e-01
9.391582558403711589e-01
9.391582558403711589e-01
9.391582558403711589e-01
9.391582558403711589e-01
9.391582558403711589e-01
9.391582558403711589e-01
9.391582558403711589e-01
9.391582558403711589e-01
9.391582558403711589e-01
9.391582558403711589e-01
9.391582558403711589e-01
9.391582558403711589e-01
9.391582558403711589e-01
9.391582558403711589e-01
9.391582558403711589e-01
9.391582558403711589e-01
9.391582558403711589e-01
9.391582558403711589e-01
9.391582558403711589e-01
9.391582558403711589e-01
9.391582558403711589e-01
9.391582558403711589e-01
9.391582558403711589e-01
9.391582558403711589e-01
9.391582558403711589e-01
9.391582558403711589e-01
9.391582558403711589e-01
9.391582558403711589e-01
9.391582558403711589e-01
9.391582558403711589e-01
9.391582558403711589e-01
9.391582558403711589e-01
9.391582558403711589e-01
9.391582558403711589e-01
9.391582558403711589e-01
9.391582558403711589e-01
9.391582558403711589e-01
9.391582558403711589e-01
9.391582558403711589e-01
9.391582558403711589e-01
9.391582558403711589e-01
9.391582558403711589e-01
9.391582558403711589e-01
9.391582558403711589e-01
9.391582558403711589e-01
9.391582558403711589e-01
9.391582558403711589e-01
9.391582558403711589e-01
9.391582558403711589e-01
9.391582558403711589e-01
