-7.000000000000000888e+00 4.566727030981319996e-64
-6.987389829497858251e+00 8.895070869946803139e-64
-6.974779658995713838e+00 1.729889292396031894e-63
-6.962169488493571201e+00 3.359013760700893577e-63
-6.949559317991428564e+00 6.512232035668999759e-63
-6.936949147489284151e+00 1.260586341258985711e-62
-6.924338976987141514e+00 2.436351872003936668e-62
-6.911728806484998877e+00 4.701453522443860885e-62
-6.899118635982854464e+00 9.058348807556149403e-62
-6.886508465480711827e+00 1.742571983194361462e-61
-6.873898294978569190e+00 3.347011820496816572e-61
-6.861288124476424777e+00 6.418722997145975653e-61
-6.848677953974282140e+00 1.229036916527660494e-60
-6.836067783472139503e+00 2.349666179642693498e-60
-6.823457612969995090e+00 4.485102629863507409e-60
-6.810847442467852453e+00 8.547982489932308147e-60
-6.798237271965709816e+00 1.626596823381469910e-59
-6.785627101463565403e+00 3.090447079412283450e-59
-6.773016930961422766e+00 5.862567230631194418e-59
-6.760406760459280129e+00 1.110400204659827843e-58
-6.747796589957135716e+00 2.099889494035203349e-58
-6.735186419454993079e+00 3.964958057402946099e-58
-6.722576248952850442e+00 7.474911282097807076e-58
-6.709966078450706028e+00 1.407015282054795804e-57
-6.697355907948563392e+00 2.644337918710964789e-57
-6.684745737446420755e+00 4.962042689623641205e-57
-6.672135566944276341e+00 9.296714301874087542e-57
-6.659525396442133705e+00 1.739097608294647326e-56
-6.646915225939991068e+00 3.248208922811562753e-56
-6.634305055437846654e+00 6.057445512591457738e-56
-6.621694884935704017e+00 1.127874250266557422e-55
-6.609084714433561381e+00 2.096802334056904068e-55
-6.596474543931416967e+00 3.892064113222438478e-55
-6.583864373429274330e+00 7.213203839361624411e-55
-6.571254202927131693e+00 1.334756948672373520e-54
-6.558644032424987280e+00 2.466050593478635168e-54
-6.546033861922844643e+00 4.549122395436131053e-54
-6.533423691420702006e+00 8.378748410089202795e-54
-6.520813520918557593e+00 1.540836679288865178e-53
-6.508203350416414956e+00 2.829176472716964776e-53
-6.495593179914272319e+00 5.186680313268725041e-53
-6.482983009412127906e+00 9.493907110398167977e-53
-6.470372838909985269e+00 1.735108241501874172e-52
-6.457762668407842632e+00 3.166170556925690328e-52
-6.445152497905698219e+00 5.768570709842064974e-52
-6.432542327403555582e+00 1.049369310077597388e-51
-6.419932156901412945e+00 1.905964305717152624e-51
-6.407321986399268532e+00 3.456427696430528567e-51
-6.394711815897125895e+00 6.258446469212595379e-51
-6.382101645394983258e+00 1.131441235023610929e-50
-6.369491474892838845e+00 2.042320522045735264e-50
-6.356881304390696208e+00 3.680800524196709924e-50
-6.344271133888551795e+00 6.623494627565513371e-50
-6.331660963386409158e+00 1.190032066431353104e-49
-6.319050792884266521e+00 2.134797831112763161e-49
-6.306440622382123884e+00 3.823679646552856520e-49
-6.293830451879979471e+00 6.838060635836450836e-49
-6.281220281377836834e+00 1.220987287217926256e-48
-6.268610110875692421e+00 2.176787965814264866e-48
-6.255999940373549784e+00 3.874788030132773235e-48
-6.243389769871407147e+00 6.886628445903345701e-48
-6.230779599369264510e+00 1.222059301992758911e-47
-6.218169428867120097e+00 2.165234218197525470e-47
-6.205559258364977460e+00 3.830403273816801544e-47
-6.192949087862833046e+00 6.765675767413258439e-47
-6.180338917360690409e+00 1.193177270486673475e-46
-6.167728746858547773e+00 2.100999347320370912e-46
-6.155118576356405136e+00 3.693805852893535051e-46
-6.142508405854260722e+00 6.484096372032648724e-46
-6.129898235352118085e+00 1.136454760376113180e-45
-6.117288064849973672e+00 1.988759124935121473e-45
-6.104677894347831035e+00 3.474878369917391970e-45
-6.092067723845688398e+00 6.062119130686935243e-45
-6.079457553343545761e+00 1.055934087370993091e-44
-6.066847382841401348e+00 1.836439751617658983e-44
-6.054237212339258711e+00 3.188923785765992450e-44
-6.041627041837114298e+00 5.528906210006478543e-44
-6.029016871334971661e+00 9.571102828024013004e-44
-6.016406700832829024e+00 1.654293130767667758e-43
-6.003796530330684611e+00 2.854898841517014306e-43
-5.991186359828541974e+00 4.919226334891479946e-43
-5.978576189326399337e+00 8.463125041092779476e-43
-5.965966018824254924e+00 1.453759719448097026e-42
-5.953355848322112287e+00 2.493345578132725489e-42
-5.940745677819969650e+00 4.269729295837515658e-42
-5.928135507317827013e+00 7.300393627308356858e-42
-5.915525336815682600e+00 1.246293512405983121e-41
-5.902915166313539963e+00 2.124332838988577418e-41
-5.890304995811395550e+00 3.615372191177565536e-41
-5.877694825309252913e+00 6.143441634727946638e-41
-5.865084654807110276e+00 1.042314511497578879e-40
-5.852474484304965863e+00 1.765688982941907873e-40
-5.839864313802823226e+00 2.986469317580279951e-40
-5.827254143300680589e+00 5.043480964852427744e-40
-5.814643972798536176e+00 8.504156536125433426e-40
-5.802033802296393539e+00 1.431728559943010628e-39
-5.789423631794250902e+00 2.406682313865448247e-39
-5.776813461292106489e+00 4.039294635931710300e-39
-5.764203290789963852e+00 6.768945857260305762e-39
-5.751593120287821215e+00 1.132570752280028694e-38
-5.738982949785676801e+00 1.892075628387850574e-38
-5.726372779283534165e+00 3.156025783091855287e-38
-5.713762608781391528e+00 5.256195965998598127e-38
-5.701152438279247114e+00 8.740405145065195666e-38
-5.688542267777104477e+00 1.451177857288013029e-37
-5.675932097274961841e+00 2.405685444388275255e-37
-5.663321926772818315e+00 3.981862059481314097e-37
-5.650711756270674790e+00 6.580559340966266685e-37
-5.638101585768532154e+00 1.085847140723470104e-36
-5.625491415266388628e+00 1.788973525239151788e-36
-5.612881244764245103e+00 2.942852735965663428e-36
-5.600271074262102466e+00 4.833509733974059079e-36
-5.587660903759958941e+00 7.926585937972015093e-36
-5.575050733257815416e+00 1.297894259198801524e-35
-5.562440562755672779e+00 2.121886117167463061e-35
-5.549830392253529254e+00 3.463654058781639075e-35
-5.537220221751385729e+00 5.645165549712448421e-35
-5.524610051249243092e+00 9.186469740910830984e-35
-5.511999880747099567e+00 1.492624157237885503e-34
-5.499389710244956042e+00 2.421487282763890460e-34
-5.486779539742813405e+00 3.922327804247417708e-34
-5.474169369240669880e+00 6.343597317847048115e-34
-5.461559198738526355e+00 1.024371323877627849e-33
-5.448949028236382830e+00 1.651617068852075868e-33
-5.436338857734240193e+00 2.658835793829121094e-33
-5.423728687232096668e+00 4.273699035717173485e-33
-5.411118516729953143e+00 6.858776907309859350e-33
-5.398508346227810506e+00 1.099055954397105733e-32
-5.385898175725666981e+00 1.758423078709312915e-32
-5.373288005223523456e+00 2.809036954865972739e-32
-5.360677834721380819e+00 4.480454770537458961e-32
-5.348067664219237294e+00 7.135384344899178582e-32
-5.335457493717093769e+00 1.134601453142779031e-31
-5.322847323214951132e+00 1.801358082166376495e-31
-5.310237152712807607e+00 2.855535637312266469e-31
-5.297626982210664082e+00 4.519662384574546876e-31
-5.285016811708520557e+00 7.142583816085120794e-31
-5.272406641206377920e+00 1.127030581075294270e-30
-5.259796470704234395e+00 1.775608123542474715e-30
-5.247186300202090870e+00 2.793120535767320028e-30
-5.234576129699948233e+00 4.386957513859041501e-30
-5.221965959197804708e+00 6.879683192008062236e-30
-5.209355788695661182e+00 1.077220912645926530e-29
-5.196745618193518546e+00 1.684117943372961711e-29
-5.184135447691375020e+00 2.628885591845239039e-29
-5.171525277189231495e+00 4.097343657726492900e-29
-5.158915106687088858e+00 6.376240423028646151e-29
-5.146304936184945333e+00 9.907375688567125486e-29
-5.133694765682801808e+00 1.537036924097556233e-28
-5.121084595180659171e+00 2.380903305250724726e-28
-5.108474424678515646e+00 3.682400925936372956e-28
-5.095864254176372121e+00 5.686595119073881498e-28
-5.083254083674229484e+00 8.768100854447882956e-28
-5.070643913172085959e+00 1.349866518954683838e-27
-5.058033742669942434e+00 2.074952903179985563e-27
-5.045423572167799797e+00 3.184621772752655886e-27
-5.032813401665656272e+00 4.880223862098343512e-27
-5.020203231163512747e+00 7.467134359699743237e-27
-5.007593060661370110e+00 1.140776577106055537e-26
-4.994982890159226585e+00 1.740122023185876131e-26
-4.982372719657083060e+00 2.650277569423211298e-26
-4.969762549154940423e+00 4.030283893839121371e-26
-4.957152378652796898e+00 6.119453081413023290e-26
-4.944542208150653373e+00 9.277315880794594777e-26
-4.931932037648510736e+00 1.404316230976058569e-25
-4.919321867146367211e+00 2.122464310644730424e-25
-4.906711696644223686e+00 3.202940417373298918e-25
-4.894101526142081049e+00 4.826034024189250314e-25
-4.881491355639937524e+00 7.260474911963732615e-25
-4.868881185137793999e+00 1.090618557242569864e-24
-4.856271014635651362e+00 1.635739028718493415e-24
-4.843660844133507837e+00 2.449562377341158748e-24
-4.831050673631364312e+00 3.662658432341929588e-24
-4.818440503129221675e+00 5.468117542375963827e-24
-4.805830332627078150e+00 8.151036635089422605e-24
-4.793220162124934625e+00 1.213169565920933687e-23
-4.780609991622791988e+00 1.802867890863364676e-23
-4.767999821120648463e+00 2.675100570065079398e-23
-4.755389650618504938e+00 3.963238558204917888e-23
-4.742779480116362301e+00 5.862654272050372963e-23
-4.730169309614218776e+00 8.659092945199230947e-23
-4.717559139112075250e+00 1.276981617113763549e-22
-4.704948968609932614e+00 1.880317101002351612e-22
-4.692338798107789088e+00 2.764469690497209047e-22
-4.679728627605645563e+00 4.058139167405821172e-22
-4.667118457103502926e+00 5.948075709142577126e-22
-4.654508286601359401e+00 8.704835492455157364e-22
-4.641898116099215876e+00 1.271977001957793788e-21
-4.629287945597073239e+00 1.855806292949475296e-21
-4.616677775094929714e+00 2.703465318463505322e-21
-4.604067604592786189e+00 3.932274443613263933e-21
-4.591457434090643552e+00 5.710863516800343629e-21
-4.578847263588500027e+00 8.281228493652326596e-21
-4.566237093086356502e+00 1.199010165264896854e-20
-4.553626922584213865e+00 1.733349574033568565e-20
-4.541016752082070340e+00 2.501985175687476942e-20
-4.528406581579926815e+00 3.605941470566960864e-20
-4.515796411077784178e+00 5.189052536212835857e-20
-4.503186240575640653e+00 7.455778587811762903e-20
-4.490576070073497128e+00 1.069629974438028936e-19
-4.477965899571354491e+00 1.532180188616217829e-19
-4.465355729069210966e+00 2.191401346365454287e-19
-4.452745558567067441e+00 3.129463556378712819e-19
-4.440135388064924804e+00 4.462249553222183209e-19
-4.427525217562781279e+00 6.352927262778985927e-19
-4.414915047060637754e+00 9.030880040320492370e-19
-4.402304876558495117e+00 1.281806640560483608e-18
-4.389694706056351592e+00 1.816566519130701066e-18
-4.377084535554208067e+00 2.570493620915070375e-18
-4.364474365052065430e+00 3.631769561727931793e-18
-4.351864194549921905e+00 5.123381084820138811e-18
-4.339254024047778380e+00 7.216585350027270488e-18
-4.326643853545635743e+00 1.014947677149480335e-17
-4.314033683043492218e+00 1.425254628495970029e-17
-4.301423512541348693e+00 1.998380880006157362e-17
-4.288813342039206056e+00 2.797700156351659942e-17
-4.276203171537062531e+00 3.910760862409959427e-17
-4.263593001034919006e+00 5.458315590038229747e-17
-4.250982830532776369e+00 7.606649590452087984e-17
-4.238372660030632844e+00 1.058438583790148195e-16
-4.225762489528489319e+00 1.470535450826307846e-16
-4.213152319026346682e+00 2.039966411334258085e-16
-4.200542148524203157e+00 2.825584612915807412e-16
-4.187931978022059631e+00 3.907792542569272418e-16
-4.175321807519916995e+00 5.396257514074740214e-16
-4.162711637017773469e+00 7.440325208200115656e-16
-4.150101466515629944e+00 1.024305154853365113e-15
-4.137491296013487307e+00 1.408007891376529307e-15
-4.124881125511343782e+00 1.932498714552528492e-15
-4.112270955009200257e+00 2.648328395226843734e-15
-4.099660784507057620e+00 3.623790346279425496e-15
-4.087050614004914095e+00 4.951000831011099623e-15
-4.074440443502770570e+00 6.754010784455502298e-15
-4.061830273000627933e+00 9.199610116023171124e-15
-4.049220102498484408e+00 1.251169427525401361e-14
-4.036609931996340883e+00 1.699033582151282524e-14
-4.023999761494198246e+00 2.303705973708882372e-14
-4.011389590992054721e+00 3.118828468821131978e-14
-3.998779420489911196e+00 4.215949472328476928e-14
-3.986169249987768559e+00 5.690348716811342745e-14
-3.973559079485625034e+00 7.668705408908115181e-14
-3.960948908983481509e+00 1.031917621809221799e-13
-3.948338738481338872e+00 1.386461827582892137e-13
-3.935728567979194459e+00 1.859990957771000698e-13
-3.923118397477051822e+00 2.491459840615180438e-13
-3.910508226974909185e+00 3.332247165496860053e-13
-3.897898056472764772e+00 4.450009076798908825e-13
-3.885287885970622135e+00 5.933693054945250296e-13
-3.872677715468479498e+00 7.900050452829235480e-13
-3.860067544966335085e+00 1.050208137691552654e-12
-3.847457374464192448e+00 1.393996677995551402e-12
-3.834847203962049811e+00 1.847519639334269353e-12
-3.822237033459905398e+00 2.444879586840242019e-12
-3.809626862957762761e+00 3.230480267719321786e-12
-3.797016692455620124e+00 4.262045094720806101e-12
-3.784406521953475711e+00 5.614491660046433660e-12
-3.771796351451333074e+00 7.384896590315983940e-12
-3.759186180949190437e+00 9.698846747291966739e-12
-3.746576010447046023e+00 1.271855003410717754e-11
-3.733965839944903387e+00 1.665317562267306564e-11
-3.721355669442760750e+00 2.177201386510689691e-11
-3.708745498940616336e+00 2.842119611239077084e-11
-3.696135328438473699e+00 3.704490100751727602e-11
-3.683525157936331063e+00 4.821220492589031746e-11
-3.670914987434186649e+00 6.265102029554644254e-11
-3.658304816932044012e+00 8.129091891807081555e-11
-3.645694646429901375e+00 1.053170731154705892e-10
-3.633084475927756962e+00 1.362380836610524221e-10
-3.620474305425614325e+00 1.759711218519480885e-10
-3.607864134923471688e+00 2.269486200169869362e-10
-3.595253964421327275e+00 2.922517317521050246e-10
-3.582643793919184638e+00 3.757769879829723965e-10
-3.570033623417041113e+00 4.824440426541744794e-10
-3.557423452914897588e+00 6.184541861560639015e-10
-3.544813282412754951e+00 7.916114693756001839e-10
-3.532203111910611426e+00 1.011720902205192556e-09
-3.519592941408467901e+00 1.291081357003287090e-09
-3.506982770906325264e+00 1.645094625507450882e-09
-3.494372600404181739e+00 2.093016671348635818e-09
-3.481762429902038214e+00 2.658882635478270946e-09
-3.469152259399895577e+00 3.372643759241507894e-09
-3.456542088897752052e+00 4.271562288823508199e-09
-3.443931918395608527e+00 5.401919847381952939e-09
-3.431321747893465890e+00 6.821105976720475901e-09
-3.418711577391322365e+00 8.600166870623421216e-09
-3.406101406889178840e+00 1.082691010685200957e-08
-3.393491236387036203e+00 1.360967984839718582e-08
-3.380881065884892678e+00 1.708193900200276385e-08
-3.368270895382749153e+00 2.140782073658309783e-08
-3.355660724880606516e+00 2.678884219542190457e-08
-3.343050554378462991e+00 3.347200888782938865e-08
-3.330440383876319466e+00 4.175957991529313500e-08
-3.317830213374176829e+00 5.202081277370207508e-08
-3.305220042872033304e+00 6.470606298815988304e-08
-3.292609872369889779e+00 8.036367941333364644e-08
-3.279999701867747142e+00 9.966021193420640658e-08
-3.267389531365603617e+00 1.234045359345059797e-07
-3.254779360863460091e+00 1.525765988171219917e-07
-3.242169190361317455e+00 1.883616097754584653e-07
-3.229559019859173929e+00 2.321906268037950232e-07
-3.216948849357030404e+00 2.857886466472453824e-07
-3.204338678854887767e+00 3.512314762497082343e-07
-3.191728508352744242e+00 4.310128606603695881e-07
-3.179118337850600717e+00 5.281235648756962293e-07
-3.166508167348458080e+00 6.461443584649238054e-07
-3.153897996846314555e+00 7.893551349469821993e-07
-3.141287826344171030e+00 9.628627157921770646e-07
-3.128677655842028393e+00 1.172750244767630968e-06
-3.116067485339884868e+00 1.426251475374412339e-06
-3.103457314837741343e+00 1.731953695628927632e-06
-3.090847144335598706e+00 2.100033523721740641e-06
-3.078236973833455181e+00 2.542530348379768263e-06
-3.065626803331311656e+00 3.073662782187831875e-06
-3.053016632829169019e+00 3.710194147600970419e-06
-3.040406462327025494e+00 4.471853726511386375e-06
-3.027796291824881969e+00 5.381821277231891230e-06
-3.015186121322739332e+00 6.467283159275626536e-06
-3.002575950820595807e+00 7.760069307364848620e-06
-2.989965780318452282e+00 9.297381261820951762e-06
-2.977355609816309645e+00 1.112262249207889084e-05
-2.964745439314166120e+00 1.328634334146204689e-05
-2.952135268812022595e+00 1.584731407117135539e-05
-2.939525098309879958e+00 1.887374068464408471e-05
-2.926914927807736433e+00 2.244463946320108722e-05
-2.914304757305592908e+00 2.665138743127742123e-05
-2.901694586803450271e+00 3.159946728336332337e-05
-2.889084416301306746e+00 3.741042663126661281e-05
-2.876474245799163221e+00 4.422407275288074154e-05
-2.863864075297020584e+00 5.220092532283557470e-05
-2.851253904794877059e+00 6.152495085828753622e-05
-2.838643734292733534e+00 7.240660379351690468e-05
-2.826033563790590897e+00 8.508620017515138912e-05
-2.813423393288447372e+00 9.983765091205003533e-05
-2.800813222786303847e+00 1.169725822829127546e-04
-2.788203052284161210e+00 1.368448719592882271e-04
-2.775592881782017685e+00 1.598556290969418102e-04
-2.762982711279874160e+00 1.864586470356289019e-04
-2.750372540777731523e+00 2.171663567747014170e-04
-2.737762370275587998e+00 2.525563086037220842e-04
-2.725152199773444472e+00 2.932782080061877472e-04
-2.712542029271301836e+00 3.400615301601779745e-04
-2.699931858769158310e+00 3.937237349708403301e-04
-2.687321688267014785e+00 4.551791015242778087e-04
-2.674711517764872148e+00 5.254481970883590619e-04
-2.662101347262728623e+00 6.056679912435453074e-04
-2.649491176760585098e+00 6.971026203479305846e-04
-2.636881006258442461e+00 8.011548012722414765e-04
-2.624270835756298936e+00 9.193778861345051597e-04
-2.611660665254155411e+00 1.053488541579877943e-03
-2.599050494752012774e+00 1.205380026958332521e-03
-2.586440324249869249e+00 1.377136035529907734e-03
-2.573830153747725724e+00 1.571045051567730635e-03
-2.561219983245583087e+00 1.789615163940674013e-03
-2.548609812743439562e+00 2.035589263464744354e-03
-2.535999642241296037e+00 2.311960537058419061e-03
-2.523389471739152512e+00 2.621988156588815275e-03
-2.510779301237009875e+00 2.969213044336539275e-03
-2.498169130734866350e+00 3.357473580353554851e-03
-2.485558960232722825e+00 3.790921099772906564e-03
-2.472948789730580188e+00 4.274035010520056861e-03
-2.460338619228436663e+00 4.811637344062171667e-03
-2.447728448726293138e+00 5.408906534032106514e-03
-2.435118278224150501e+00 6.071390200031024156e-03
-2.422508107722006976e+00 6.805016696912713839e-03
-2.409897937219863451e+00 7.616105173693926179e-03
-2.397287766717720814e+00 8.511373871231801141e-03
-2.384677596215577289e+00 9.497946374316383611e-03
-2.372067425713433764e+00 1.058335552220096912e-02
-2.359457255211291127e+00 1.177554467221172095e-02
-2.346847084709147602e+00 1.308286600433718541e-02
-2.334236914207004077e+00 1.451407555096896965e-02
-2.321626743704861440e+00 1.607832463566624681e-02
-2.309016573202717915e+00 1.778514740829398658e-02
-2.296406402700574390e+00 1.964444417152794164e-02
-2.283796232198431753e+00 2.166646020586487920e-02
-2.271186061696288228e+00 2.386175981721022632e-02
-2.258575891194144702e+00 2.624119535314191690e-02
-2.245965720692002066e+00 2.881587096125449304e-02
-2.233355550189858540e+00 3.159710089574689629e-02
-2.220745379687715015e+00 3.459636221671963385e-02
-2.208135209185572378e+00 3.782524177053610270e-02
-2.195525038683428853e+00 4.129537738895611848e-02
-2.182914868181285328e+00 4.501839329950024782e-02
-2.170304697679142691e+00 4.900582979933541111e-02
-2.157694527176999166e+00 5.326906730959368730e-02
-2.145084356674855641e+00 5.781924499594164740e-02
-2.132474186172713004e+00 6.266717421395162635e-02
-2.119864015670569479e+00 6.782324711363245384e-02
-2.107253845168425954e+00 7.329734081565532355e-02
-2.094643674666283317e+00 7.909871765154817547e-02
-2.082033504164139792e+00 8.523592204036151143e-02
-2.069423333661996267e+00 9.171667465414576337e-02
-2.056813163159853630e+00 9.854776460281020056e-02
-2.044202992657710105e+00 1.057349404445018931e-01
-2.031592822155566580e+00 1.132828008991496604e-01
-2.018982651653423943e+00 1.211946862093373628e-01
-2.006372481151280418e+00 1.294725711525619161e-01
-1.993762310649136893e+00 1.381169607613082495e-01
-1.981152140146994256e+00 1.471267898507568339e-01
-1.968541969644850731e+00 1.564993274872982787e-01
-1.955931799142707206e+00 1.662300875532292110e-01
-1.943321628640564569e+00 1.763127465730404408e-01
-1.930711458138421044e+00 1.867390699636400919e-01
-1.918101287636277519e+00 1.974988478540926351e-01
-1.905491117134134882e+00 2.085798415891751689e-01
-1.892880946631991357e+00 2.199677419850627202e-01
-1.880270776129847832e+00 2.316461403443611511e-01
-1.867660605627705195e+00 2.435965131616507628e-01
-1.855050435125561670e+00 2.557982213596879939e-01
-1.842440264623418145e+00 2.682285247911460613e-01
-1.829830094121275508e+00 2.808626126216101082e-01
-1.817219923619131983e+00 2.936736500777144543e-01
-1.804609753116988458e+00 3.066328419004799577e-01
-1.791999582614845821e+00 3.197095126901561279e-01
-1.779389412112702296e+00 3.328712041657316822e-01
-1.766779241610558771e+00 3.460837891926916710e-01
-1.754169071108415245e+00 3.593116022573247248e-01
-1.741558900606272609e+00 3.725175858879729573e-01
-1.728948730104129083e+00 3.856634523445867657e-01
-1.716338559601985558e+00 3.987098597204701278e-01
-1.703728389099842921e+00 4.116166014263532014e-01
-1.691118218597699396e+00 4.243428078594622677e-01
-1.678508048095555871e+00 4.368471589009883527e-01
-1.665897877593413234e+00 4.490881057374571106e-01
-1.653287707091269709e+00 4.610241003659658610e-01
-1.640677536589126184e+00 4.726138310236461249e-01
-1.628067366086983547e+00 4.838164616783531824e-01
-1.615457195584840022e+00 4.945918736338909549e-01
-1.602847025082696497e+00 5.049009072388187525e-01
-1.590236854580553860e+00 5.147056016461857286e-01
-1.577626684078410335e+00 5.239694305512955230e-01
-1.565016513576266810e+00 5.326575318385623481e-01
-1.552406343074124173e+00 5.407369290953349950e-01
-1.539796172571980648e+00 5.481767430010792141e-01
-1.527186002069837123e+00 5.549483906743892803e-01
-1.514575831567694486e+00 5.610257711564630156e-01
-1.501965661065550961e+00 5.663854353278390263e-01
-1.489355490563407436e+00 5.710067386930594013e-01
-1.476745320061264799e+00 5.748719756256778224e-01
-1.464135149559121274e+00 5.779664938389267315e-01
-1.451524979056977749e+00 5.802787880365659623e-01
-1.438914808554835112e+00 5.818005718988422670e-01
-1.426304638052691587e+00 5.825268277695667685e-01
-1.413694467550548062e+00 5.824558336279604953e-01
-1.401084297048405425e+00 5.815891671515672767e-01
-1.388474126546261900e+00 5.799316869003747765e-01
-1.375863956044118375e+00 5.774914908751846987e-01
-1.363253785541975738e+00 5.742798529220926040e-01
-1.350643615039832213e+00 5.703111376671433641e-01
-1.338033444537688688e+00 5.656026948679488964e-01
-1.325423274035546051e+00 5.601747342601220980e-01
-1.312813103533402526e+00 5.540501821534642435e-01
-1.300202933031259001e+00 5.472545211936331588e-01
-1.287592762529116364e+00 5.398156148481267902e-01
-1.274982592026972839e+00 5.317635182991332643e-01
-1.262372421524829313e+00 5.231302775286286177e-01
-1.249762251022686677e+00 5.139497184628279980e-01
-1.237152080520543151e+00 5.042572281022711378e-01
-1.224541910018399626e+00 4.940895296008419590e-01
-1.211931739516256989e+00 4.834844532715144583e-01
-1.199321569014113464e+00 4.724807054891086988e-01
-1.186711398511969939e+00 4.611176374314497339e-01
-1.174101228009827302e+00 4.494350155508488043e-01
-1.161491057507683777e+00 4.374727955988695904e-01
-1.148880887005540252e+00 4.252709019413263292e-01
-1.136270716503397615e+00 4.128690137963181295e-01
-1.123660546001254090e+00 4.003063599116198912e-01
-1.111050375499110565e+00 3.876215230669645684e-01
-1.098440204996967928e+00 3.748522556461127420e-01
-1.085830034494824403e+00 3.620353073743383665e-01
-1.073219863992680878e+00 3.492062661613650199e-01
-1.060609693490538241e+00 3.363994128298457009e-01
-1.047999522988394716e+00 3.236475903476431215e-01
-1.035389352486251191e+00 3.109820880201365489e-01
-1.022779181984108554e+00 2.984325409387373340e-01
-1.010169011481965029e+00 2.860268448256288454e-01
-9.975588409798215039e-01 2.737910862639384435e-01
-9.849486704776788670e-01 2.617494881589916278e-01
-9.723384999755353419e-01 2.499243701411751339e-01
-9.597283294733918169e-01 2.383361234955123920e-01
-9.471181589712491800e-01 2.270032000883828449e-01
-9.345079884691056549e-01 2.159421146587666152e-01
-9.218978179669621298e-01 2.051674597504766773e-01
-9.092876474648186047e-01 1.946919324835786891e-01
-8.966774769626759678e-01 1.845263722978499055e-01
-8.840673064605324427e-01 1.746798087486435558e-01
-8.714571359583889176e-01 1.651595183959231050e-01
-8.588469654562462807e-01 1.559710898000352119e-01
-8.462367949541027556e-01 1.471184956228273333e-01
-8.336266244519592306e-01 1.386041708291440300e-01
-8.210164539498165936e-01 1.304290959910412995e-01
-8.084062834476730686e-01 1.225928847144415329e-01
-7.957961129455295435e-01 1.150938742344461280e-01
-7.831859424433869066e-01 1.079292182603216049e-01
-7.705757719412433815e-01 1.010949811932099485e-01
-7.579656014390998564e-01 9.458623288795221795e-02
-7.453554309369572195e-01 8.839714318395955339e-02
-7.327452604348136944e-01 8.252107548789942848e-02
-7.201350899326701693e-01 7.695067875203327745e-02
-7.075249194305275324e-01 7.167797725537145004e-02
-6.949147489283840073e-01 6.669445765956914796e-02
-6.823045784262404823e-01 6.199115287669761803e-02
-6.696944079240978454e-01 5.755872235096777534e-02
-6.570842374219543203e-01 5.338752842038398810e-02
-6.444740669198107952e-01 4.946770848652240482e-02
-6.318638964176681583e-01 4.578924278054346403e-02
-6.192537259155246332e-01 4.234201757069185751e-02
-6.066435554133811081e-01 3.911588371047102636e-02
-5.940333849112384712e-01 3.610071047702225616e-02
-5.814232144090949461e-01 3.328643469577487884e-02
-5.688130439069514210e-01 3.066310518992324680e-02
-5.562028734048087841e-01 2.822092263160304662e-02
-5.435927029026652590e-01 2.595027490575890425e-02
-5.309825324005217340e-01 2.384176812757034247e-02
-5.183723618983790971e-01 2.188625348001352333e-02
-5.057621913962355720e-01 2.007485005982015749e-02
-4.931520208940920469e-01 1.839896393764272123e-02
-4.805418503919494100e-01 1.685030365288426799e-02
-4.679316798898058849e-01 1.542089237289251402e-02
-4.553215093876623598e-01 1.410307695504805017e-02
-4.427113388855197229e-01 1.288953415327397795e-02
-4.301011683833761978e-01 1.177327421269099006e-02
-4.174909978812326727e-01 1.074764209513509941e-02
-4.048808273790900358e-01 9.806316575392869453e-03
-3.922706568769465107e-01 8.943307443131815263e-03
-3.796604863748029857e-01 8.152951040216661893e-03
-3.670503158726603488e-01 7.429904354398333792e-03
-3.544401453705168237e-01 6.769137884518629071e-03
-3.418299748683732986e-01 6.165927482605748633e-03
-3.292198043662306617e-01 5.615845371247290239e-03
-3.166096338640871366e-01 5.114750526599515235e-03
-3.039994633619436115e-01 4.658778611149634943e-03
-2.913892928598009746e-01 4.244331638236506672e-03
-2.787791223576574495e-01 3.868067540610709617e-03
-2.661689518555139244e-01 3.526889826171441655e-03
-2.535587813533712875e-01 3.217937520456974534e-03
-2.409486108512277625e-01 2.938575536245594932e-03
-2.283384403490842374e-01 2.686385743475532776e-03
-2.157282698469416005e-01 2.459159052957965528e-03
-2.031180993447980754e-01 2.254888414491186630e-03
-1.907296212577645478e-01 2.074809959065734323e-03
-1.790751809198734557e-01 1.922656109419717662e-03
-1.681328766829025823e-01 1.793989326635285399e-03
-1.578591939883211837e-01 1.684938314334084994e-03
-1.482132772030496648e-01 1.592368461316272547e-03
-1.391567671477560997e-01 1.513724667153538072e-03
-1.306536485528615454e-01 1.446909652518086134e-03
-1.226701068356443602e-01 1.390189634749562815e-03
-1.151743936288669723e-01 1.342120772041260164e-03
-1.081367005261812397e-01 1.301491659409183179e-03
-1.015290405422311915e-01 1.267278240694523928e-03
-9.532513681604738720e-02 1.238608378807812575e-03
-8.950031811513789459e-02 1.214733970878417984e-03
-8.403142072473115953e-02 1.195008972938024208e-03
-7.889669633199995757e-02 1.178872056409059361e-03
-7.407572553895482026e-02 1.165832905387059705e-03
-6.954933666007066806e-02 1.155461353776774574e-03
-6.529952948172380867e-02 1.147378782693029642e-03
-6.130940368025181858e-02 1.141251175332575309e-03
-5.756309161397969026e-02 1.136783617522786095e-03
-5.404569522193657799e-02 1.133715715844867090e-03
-5.074322677833183887e-02 1.131817884546330302e-03
-4.764255326718694339e-02 1.130888173996530540e-03
-4.473134415591366320e-02 1.130749551579785872e-03
-4.199802236014917034e-02 1.131247503789121903e-03
-3.943171820485173729e-02 1.132247970125826748e-03
-3.702222619856760516e-02 1.133635318200548400e-03
-3.475996444897584692e-02 1.135310595769105759e-03
-3.263593655831751456e-02 1.137189857387979662e-03
-3.064169584717604811e-02 1.139202597276301300e-03
-2.876931176433708895e-02 1.141290266326549889e-03
-2.701133834915109624e-02 1.143404913616093144e-03
-2.536078462097863737e-02 1.145507901001117934e-03
-2.381108677796769241e-02 1.147568657280075054e-03
-2.235608209460499679e-02 1.149563618926886886e-03
-2.098998441423788677e-02 1.151475282249058438e-03
-1.970736113910750986e-02 1.153291138777408483e-03
-1.850311162639044910e-02 1.155002945186856325e-03
-1.737244690433337180e-02 1.156605953039973765e-03
-1.631087062781888183e-02 1.158098267081874178e-03
-1.531416119762810286e-02 1.159480266266210528e-03
-1.437835497229224616e-02 1.160754108852775270e-03
-1.349973050577157364e-02 1.161923312453624641e-03
-1.267479374828037013e-02 1.162992386716119476e-03
-1.190026415140387275e-02 1.163966538033890013e-03
-1.117306162225225469e-02 1.164851419406633289e-03
-1.049029427477177374e-02 1.165652928104777370e-03
-9.849246929502866038e-03 1.166377043718047754e-03
-9.247370316051994887e-03 1.167029701052351787e-03
-8.682270935339195597e-03 1.167616692752734527e-03
-8.151701541304996398e-03 1.168143596970619815e-03
-7.653552204225974771e-03 1.168615725942233211e-03
-7.185841920100037063e-03 1.169038091556163540e-03
-6.746710732733945948e-03 1.169415384975566871e-03
-6.334412337204842376e-03 1.169751967163617980e-03
-5.947307135282262590e-03 1.170051868100088852e-03
-5.583855715193143839e-03 1.170318792555183427e-03
-5.242612729801200168e-03 1.170556130801263164e-03
-4.922221148855803613e-03 1.170766972764996760e-03
-4.621406862452884928e-03 1.170954124543602086e-03
-4.338973614247355545e-03 1.171120126350295781e-03
-4.073798244268176869e-03 1.171267271169614682e-03
-3.824826222417472815e-03 1.171397623564424291e-03
-3.591067454892035368e-03 1.171513038209804139e-03
-3.371592346850472034e-03 1.171615177849430912e-03
-3.165528105668122608e-03 1.171705530445271790e-03
-2.972055270078842893e-03 1.171785425383368995e-03
-2.790404451401243442e-03 1.171856048642462653e-03
-2.619853273889739126e-03 1.171918456884668861e-03
-2.459723502043294555e-03 1.171973590456411828e-03
-2.309378343447928035e-03 1.172022285318741718e-03
-2.168219916426995363e-03 1.172065283941236104e-03
-2.035686872428882702e-03 1.172103245207894431e-03
-1.911252163696946192e-03 1.172136753391626266e-03
-1.794420947344431763e-03 1.172166326258824087e-03
-1.684728617499294890e-03 1.172192422367801610e-03
-1.581738957693386684e-03 1.172215447624942427e-03
-1.485042406148618429e-03 1.172235761161273537e-03
-1.394254427061488973e-03 1.172253680589734363e-03
-1.309013981409089993e-03 1.172269486700407929e-03
-1.228982091195453740e-03 1.172283427647492380e-03
-1.153840491428526288e-03 1.172295722678078685e-03
-1.083290364467113165e-03 1.172306565448935850e-03
-1.017051151704679570e-03 1.172316126973775314e-03
-9.548594378642998991e-04 1.172324558239741738e-03
-8.964679034679587247e-04 1.172331992528327302e-03
-8.416443413144891576e-04 1.172338547472659854e-03
-7.901707330548732918e-04 1.172344326879887167e-03
-7.418423821927417998e-04 1.172349422344576243e-03
-6.964671000622763746e-04 1.172353914676441036e-03
-6.538644415463101345e-04 1.172357875163111641e-03
-6.138649874953195544e-04 1.172361366686567631e-03
-5.763096709937077546e-04 1.172364444709999686e-03
-5.410491447940707658e-04 1.172367158149646054e-03
-5.079431874039339089e-04 1.172369550144971607e-03
-4.768601454631505969e-04 1.172371658738790906e-03
-4.476764101943878299e-04 1.172373517477816231e-03
-4.202759258447686459e-04 1.172375155942749188e-03
-3.945497281637799845e-04 1.172376600216148848e-03
-3.703955110821903832e-04 1.172377873295348634e-03
-3.477172198687347553e-04 1.172378995456785106e-03
-3.264246691466341703e-04 1.172379984577415343e-03
-3.064331842509692436e-04 1.172380856418319284e-03
-2.876632645006474724e-04 1.172381624874802844e-03
-2.700402670458676067e-04 1.172382302197017001e-03
-2.534941100338807115e-04 1.172382899184585105e-03
-2.379589939125882462e-04 1.172383425358170059e-03
-2.233731397636618432e-04 1.172383889110835235e-03
-2.096785436246481258e-04 1.172384297841471161e-03
-1.968207458230403738e-04 1.172384658072508218e-03
-1.847486144050079770e-04 1.172384975553655709e-03
-1.734141417975726429e-04 1.172385255353389222e-03
-1.627722538955931274e-04 1.172385501939622859e-03
-1.527806308143372189e-04 1.172385719250834202e-03
-1.433995385948514170e-04 1.172385910758782807e-03
-1.345916711928507147e-04 1.172386079523744015e-03
-1.263220021227506255e-04 1.172386228243313009e-03
-1.185576451668948804e-04 1.172386359295328386e-03
-1.112677235960431003e-04 1.172386474775771953e-03
-1.044232473810362147e-04 1.172386576532147848e-03
-9.799699790736354202e-05 1.172386666192948767e-03
-9.196341973416139544e-05 1.172386745193580975e-03
-8.629851896719176359e-05 1.172386814799259401e-03
-8.097976784167412539e-05 1.172386876125188545e-03
-7.598601513551331310e-05 1.172386930154305663e-03
-7.129740205665540287e-05 1.172386977752989771e-03
-6.689528327009240302e-05 1.172387019684864194e-03
-6.276215275045356852e-05 1.172387056622974967e-03
-5.888157416531500463e-05 1.172387089160532034e-03
-5.523811551239205268e-05 1.172387117820370642e-03
-5.181728775067791524e-05 1.172387143063280835e-03
-4.860548718147756638e-05 1.172387165295402144e-03
-4.558994135021126844e-05 1.172387184874660064e-03
-4.275865825384858419e-05 1.172387202116505602e-03
-4.010037865198160146e-05 1.172387217298944025e-03
-3.760453129189908716e-05 1.172387230666990928e-03
-3.526119086959958525e-05 1.172387242436546528e-03
-3.306103855956327154e-05 1.172387252797901531e-03
-3.099532495632644548e-05 1.172387261918729539e-03
-2.905583528048395544e-05 1.172387269946794297e-03
-2.723485671075096226e-05 1.172387277012303065e-03
-2.552514771217800657e-05 1.172387283229997393e-03
-2.391990923854284747e-05 1.172387288700970026e-03
-2.241275769439721272e-05 1.172387293514313110e-03
-2.099769954925015053e-05 1.172387297748513123e-03
-1.966910750293300909e-05 1.172387301472723299e-03
-1.842169810736080741e-05 1.172387304747878403e-03
-1.725051075570132930e-05 1.172387307627651863e-03
-1.615088795539561633e-05 1.172387310159347419e-03
-1.511845680657980123e-05 1.172387312384617734e-03
-1.414911161225593266e-05 1.172387314340166955e-03
-1.323899755105558475e-05 1.172387316058307559e-03
-1.238449534766613459e-05 1.172387317567536499e-03
-1.158220687996078599e-05 1.172387318892921396e-03
-1.082894166559426607e-05 1.172387320056550702e-03
-1.012170417432434343e-05 1.172387321077882376e-03
-9.457681915605696142e-06 1.172387321974042908e-03
-8.834234254082606896e-06 1.172387322760110951e-03
-8.248881908502043135e-06 1.172387323449375785e-03
-7.699297092288845179e-06 1.172387324053534652e-03
-7.183294256573823982e-06 1.172387324582876197e-03
-6.698821398861734940e-06 1.172387325046455025e-03
-6.243951902777456888e-06 1.172387325452260839e-03
-5.816876876438485798e-06 1.172387325807305175e-03
-5.415897958985060038e-06 1.172387326117772756e-03
-5.039420566662596439e-06 1.172387326389090012e-03
-4.685947551597296836e-06 1.172387326626040662e-03
-4.354073248047161842e-06 1.172387326832841602e-03
-4.042477882453245495e-06 1.172387327013183454e-03
-3.749922325059951160e-06 1.172387327170324465e-03
-3.475243162234227762e-06 1.172387327307115434e-03
-3.217348069887064443e-06 1.172387327426086890e-03
-2.975211469598384632e-06 1.172387327529445401e-03
-2.747870450171603521e-06 1.172387327619127352e-03
-2.534420938398601179e-06 1.172387327696844048e-03
-2.334014103807039897e-06 1.172387327764100795e-03
-2.145852983093271333e-06 1.172387327822199503e-03
-1.969189310816785935e-06 1.172387327872313713e-03
-1.803320543752548581e-06 1.172387327915445010e-03
-1.647587067068355029e-06 1.172387327952487861e-03
-1.501369571216668681e-06 1.172387327984225278e-03
-1.364086589109387048e-06 1.172387328011339439e-03
-1.235192183781944781e-06 1.172387328034434030e-03
-1.114173777351006344e-06 1.172387328054030117e-03
-1.000550112631961414e-06 1.172387328070594991e-03
-8.938693393104654022e-07 1.172387328084522218e-03
-7.937072170570570337e-07 1.172387328096176308e-03
-6.996654284390261791e-07 1.172387328105856065e-03
-6.113699949207071113e-07 1.172387328113832323e-03
-5.284697896529079203e-07 1.172387328120348812e-03
-4.506351411371571005e-07 1.172387328125597868e-03
-3.775565222121384326e-07 1.172387328129772480e-03
-3.089433191486484405e-07 1.172387328133022268e-03
-2.445226759580218821e-07 1.172387328135479721e-03
-1.840384093183425875e-07 1.172387328137264534e-03
-1.272499898032904365e-07 1.172387328138480792e-03
-7.393158536218592144e-08 1.172387328139221085e-03
-2.387116324756687046e-08 1.172387328139555453e-03
2.387116324756687046e-08 1.172387328139555453e-03
7.393158536217865548e-08 1.172387328139221085e-03
1.272499898032904365e-07 1.172387328138480792e-03
1.840384093183425875e-07 1.172387328137264534e-03
2.445226759580130942e-07 1.172387328135479721e-03
3.089433191486484405e-07 1.172387328133022268e-03
3.775565222121384326e-07 1.172387328129772480e-03
4.506351411371465126e-07 1.172387328125597868e-03
5.284697896529079203e-07 1.172387328120348812e-03
6.113699949207071113e-07 1.172387328113832323e-03
6.996654284390133677e-07 1.172387328105856065e-03
7.937072170570570337e-07 1.172387328096176308e-03
8.938693393104654022e-07 1.172387328084522218e-03
1.000550112631946167e-06 1.172387328070594991e-03
1.114173777351006344e-06 1.172387328054030117e-03
1.235192183781944781e-06 1.172387328034434030e-03
1.364086589109368413e-06 1.172387328011339439e-03
1.501369571216668681e-06 1.172387327984225278e-03
1.647587067068355029e-06 1.172387327952487861e-03
1.803320543752526134e-06 1.172387327915445010e-03
1.969189310816785935e-06 1.172387327872313713e-03
2.145852983093271333e-06 1.172387327822199503e-03
2.334014103807012369e-06 1.172387327764100795e-03
2.534420938398601179e-06 1.172387327696844048e-03
2.747870450171603521e-06 1.172387327619127352e-03
2.975211469598351597e-06 1.172387327529445401e-03
3.217348069887064443e-06 1.172387327426086890e-03
3.475243162234227762e-06 1.172387327307115434e-03
3.749922325059911349e-06 1.172387327170324465e-03
4.042477882453245495e-06 1.172387327013183454e-03
4.354073248047161842e-06 1.172387326832841602e-03
4.685947551597248555e-06 1.172387326626040662e-03
5.039420566662596439e-06 1.172387326389090012e-03
5.415897958985004981e-06 1.172387326117772756e-03
5.816876876438427352e-06 1.172387325807305175e-03
6.243951902777456888e-06 1.172387325452260839e-03
6.698821398861668871e-06 1.172387325046455025e-03
7.183294256573753678e-06 1.172387324582876197e-03
7.699297092288845179e-06 1.172387324053534652e-03
8.248881908501963514e-06 1.172387323449375785e-03
8.834234254082522193e-06 1.172387322760110951e-03
9.457681915605696142e-06 1.172387321974042908e-03
1.012170417432424687e-05 1.172387321077882376e-03
1.082894166559416273e-05 1.172387320056550702e-03
1.158220687996078599e-05 1.172387318892921396e-03
1.238449534766601939e-05 1.172387317567536499e-03
1.323899755105545939e-05 1.172387316058307559e-03
1.414911161225593266e-05 1.172387314340166955e-03
1.511845680657965724e-05 1.172387312384617734e-03
1.615088795539546725e-05 1.172387310159347419e-03
1.725051075570132930e-05 1.172387307627651863e-03
1.842169810736063801e-05 1.172387304747878403e-03
1.966910750293282952e-05 1.172387301472723299e-03
2.099769954925015053e-05 1.172387297748513123e-03
2.241275769439700604e-05 1.172387293514313110e-03
2.391990923854262385e-05 1.172387288700970026e-03
2.552514771217800657e-05 1.172387283229997393e-03
2.723485671075071492e-05 1.172387277012303065e-03
2.905583528048369117e-05 1.172387269946794297e-03
3.099532495632644548e-05 1.172387261918729539e-03
3.306103855956297338e-05 1.172387252797901531e-03
3.526119086959926676e-05 1.172387242436546528e-03
3.760453129189908716e-05 1.172387230666990928e-03
4.010037865198123555e-05 1.172387217298944025e-03
4.275865825384819795e-05 1.172387202116505602e-03
4.558994135021126844e-05 1.172387184874660064e-03
4.860548718147712592e-05 1.172387165295402144e-03
5.181728775067744768e-05 1.172387143063280835e-03
5.523811551239205268e-05 1.172387117820370642e-03
5.888157416531447608e-05 1.172387089160532034e-03
6.276215275045299931e-05 1.172387056622974967e-03
6.689528327009240302e-05 1.172387019684864194e-03
7.129740205665476590e-05 1.172386977752989771e-03
7.598601513551263547e-05 1.172386930154305663e-03
8.097976784167412539e-05 1.172386876125188545e-03
8.629851896719099109e-05 1.172386814799259401e-03
9.196341973416056873e-05 1.172386745193580975e-03
9.799699790736354202e-05 1.172386666192948767e-03
1.044232473810352796e-04 1.172386576532147848e-03
1.112677235960420974e-04 1.172386474775771953e-03
1.185576451668948804e-04 1.172386359295328386e-03
1.263220021227494871e-04 1.172386228243313009e-03
1.345916711928494950e-04 1.172386079523744015e-03
1.433995385948514170e-04 1.172385910758782807e-03
1.527806308143358637e-04 1.172385719250834202e-03
1.627722538955916909e-04 1.172385501939622859e-03
1.734141417975726429e-04 1.172385255353389222e-03
1.847486144050063236e-04 1.172384975553655709e-03
1.968207458230386390e-04 1.172384658072508218e-03
2.096785436246481258e-04 1.172384297841471161e-03
2.233731397636598375e-04 1.172383889110835235e-03
2.379589939125861320e-04 1.172383425358170059e-03
2.534941100338807115e-04 1.172382899184585105e-03
2.700402670458652214e-04 1.172382302197017001e-03
2.876632645006474724e-04 1.172381624874802844e-03
3.064331842509692436e-04 1.172380856418319284e-03
3.264246691466312429e-04 1.172379984577415343e-03
3.477172198687347553e-04 1.172378995456785106e-03
3.703955110821903832e-04 1.172377873295348634e-03
3.945497281637764609e-04 1.172376600216148848e-03
4.202759258447686459e-04 1.172375155942749188e-03
4.476764101943878299e-04 1.172373517477816231e-03
4.768601454631463685e-04 1.172371658738790906e-03
5.079431874039339089e-04 1.172369550144971607e-03
5.410491447940683806e-04 1.172367158149646054e-03
5.763096709937052609e-04 1.172364444709999686e-03
6.138649874953195544e-04 1.172361366686567631e-03
6.538644415463072072e-04 1.172357875163111641e-03
6.964671000622733388e-04 1.172353914676441036e-03
7.418423821927417998e-04 1.172349422344576243e-03
7.901707330548697139e-04 1.172344326879887167e-03
8.416443413144852545e-04 1.172338547472659854e-03
8.964679034679587247e-04 1.172331992528327302e-03
9.548594378642956708e-04 1.172324558239741738e-03
1.017051151704675017e-03 1.172316126973775314e-03
1.083290364467113165e-03 1.172306565448935850e-03
1.153840491428521084e-03 1.172295722678078685e-03
1.228982091195448319e-03 1.172283427647492380e-03
1.309013981409089993e-03 1.172269486700407929e-03
1.394254427061482901e-03 1.172253680589734363e-03
1.485042406148611707e-03 1.172235761161273537e-03
1.581738957693386684e-03 1.172215447624942427e-03
1.684728617499287517e-03 1.172192422367801610e-03
1.794420947344423523e-03 1.172166326258829291e-03
1.911252163696946192e-03 1.172136753391626266e-03
2.035686872428873594e-03 1.172103245207894431e-03
2.168219916426985822e-03 1.172065283941236104e-03
2.309378343447928035e-03 1.172022285318741718e-03
2.459723502043281544e-03 1.171973590456411828e-03
2.619853273889716141e-03 1.171918456884668861e-03
2.790404451401243442e-03 1.171856048642462653e-03
2.972055270078832485e-03 1.171785425383368995e-03
3.165528105668094852e-03 1.171705530445271790e-03
3.371592346850472034e-03 1.171615177849430912e-03
3.591067454892016286e-03 1.171513038209804139e-03
3.824826222417438987e-03 1.171397623564424291e-03
4.073798244268176869e-03 1.171267271169614682e-03
4.338973614247340800e-03 1.171120126350295781e-03
4.621406862452843295e-03 1.170954124543602086e-03
4.922221148855803613e-03 1.170766972764996760e-03
5.242612729801172412e-03 1.170556130801267284e-03
5.583855715193094399e-03 1.170318792555183427e-03
5.947307135282262590e-03 1.170051868100088852e-03
6.334412337204820692e-03 1.169751967163617980e-03
6.746710732733886100e-03 1.169415384975566871e-03
7.185841920100037063e-03 1.169038091556163540e-03
7.653552204225934005e-03 1.168615725942233211e-03
8.151701541304925275e-03 1.168143596970619815e-03
8.682270935339195597e-03 1.167616692752734527e-03
9.247370316051963662e-03 1.167029701052351787e-03
9.849246929502777567e-03 1.166377043718047754e-03
1.049029427477177374e-02 1.165652928104777370e-03
1.117306162225219397e-02 1.164851419406633289e-03
1.190026415140376694e-02 1.163966538033890013e-03
1.267479374828037013e-02 1.162992386716119476e-03
1.349973050577152334e-02 1.161923312453624641e-03
1.437835497229211779e-02 1.160754108852775270e-03
1.531416119762810286e-02 1.159480266266210528e-03
1.631087062781879510e-02 1.158098267081874178e-03
1.737244690433321567e-02 1.156605953039973765e-03
1.850311162639044910e-02 1.155002945186856325e-03
1.970736113910743700e-02 1.153291138777408483e-03
2.098998441423769942e-02 1.151475282249058438e-03
2.235608209460499679e-02 1.149563618926886886e-03
2.381108677796757098e-02 1.147568657280075054e-03
2.536078462097841185e-02 1.145507901001117934e-03
2.701133834915109624e-02 1.143404913616093144e-03
2.876931176433698834e-02 1.141290266326549889e-03
3.064169584717577749e-02 1.139202597276301300e-03
3.263593655831751456e-02 1.137189857387979662e-03
3.475996444897566651e-02 1.135310595769105759e-03
3.702222619856727903e-02 1.133635318200548400e-03
3.943171820485173729e-02 1.132247970125826748e-03
4.199802236014902462e-02 1.131247503789121903e-03
4.473134415591326768e-02 1.130749551579781969e-03
4.764255326718694339e-02 1.130888173996530540e-03
5.074322677833156825e-02 1.131817884546326182e-03
5.404569522193609227e-02 1.133715715844867090e-03
5.756309161397969026e-02 1.136783617522786095e-03
6.130940368025160347e-02 1.141251175332575309e-03
6.529952948172323968e-02 1.147378782693029642e-03
6.954933666007066806e-02 1.155461353776774574e-03
7.407572553895443168e-02 1.165832905387055585e-03
7.889669633199926368e-02 1.178872056409055241e-03
8.403142072473115953e-02 1.195008972938024208e-03
8.950031811513757540e-02 1.214733970878417984e-03
9.532513681604654066e-02 1.238608378807808238e-03
1.015290405422311915e-01 1.267278240694523928e-03
1.081367005261806707e-01 1.301491659409178409e-03
1.151743936288659592e-01 1.342120772041255393e-03
1.226701068356443602e-01 1.390189634749562815e-03
1.306536485528610736e-01 1.446909652518080930e-03
1.391567671477548507e-01 1.513724667153532651e-03
1.482132772030496648e-01 1.592368461316272547e-03
1.578591939883203232e-01 1.684938314334071333e-03
1.681328766829011112e-01 1.793989326635272606e-03
1.790751809198728173e-01 1.922656109419710940e-03
1.907296212577638539e-01 2.074809959065725216e-03
2.031180993447962990e-01 2.254888414491162344e-03
2.157282698469407123e-01 2.459159052957946012e-03
2.283384403490833492e-01 2.686385743475511526e-03
2.409486108512259861e-01 2.938575536245550696e-03
2.535587813533703994e-01 3.217937520456974534e-03
2.661689518555130363e-01 3.526889826171403924e-03
2.787791223576556732e-01 3.868067540610668417e-03
2.913892928598000864e-01 4.244331638236457233e-03
3.039994633619427233e-01 4.658778611149597647e-03
3.166096338640853602e-01 5.114750526599438039e-03
3.292198043662297735e-01 5.615845371247245137e-03
3.418299748683724104e-01 6.165927482605705265e-03
3.544401453705150473e-01 6.769137884518557080e-03
3.670503158726594606e-01 7.429904354398273944e-03
3.796604863748020975e-01 8.152951040216575157e-03
3.922706568769447344e-01 8.943307443131751078e-03
4.048808273790891477e-01 9.806316575392763635e-03
4.174909978812317846e-01 1.074764209513509941e-02
4.301011683833744215e-01 1.177327421269085302e-02
4.427113388855188347e-01 1.288953415327384090e-02
4.553215093876614716e-01 1.410307695504794956e-02
4.679316798898041085e-01 1.542089237289229371e-02
4.805418503919485218e-01 1.685030365288415002e-02
4.931520208940911587e-01 1.839896393764258245e-02
5.057621913962337956e-01 2.007485005981994239e-02
5.183723618983782089e-01 2.188625348001344353e-02
5.309825324005208458e-01 2.384176812757016206e-02
5.435927029026652590e-01 2.595027490575890425e-02
5.562028734048078960e-01 2.822092263160283152e-02
5.688130439069505329e-01 3.066310518992302822e-02
5.814232144090949461e-01 3.328643469577487884e-02
5.940333849112375830e-01 3.610071047702198554e-02
6.066435554133802199e-01 3.911588371047086676e-02
6.192537259155246332e-01 4.234201757069185751e-02
6.318638964176672701e-01 4.578924278054330443e-02
6.444740669198099070e-01 4.946770848652203012e-02
6.570842374219543203e-01 5.338752842038398810e-02
6.696944079240969572e-01 5.755872235096756717e-02
6.823045784262395941e-01 6.199115287669736823e-02
6.949147489283840073e-01 6.669445765956914796e-02
7.075249194305266442e-01 7.167797725537117248e-02
7.201350899326692812e-01 7.695067875203301377e-02
7.327452604348136944e-01 8.252107548789942848e-02
7.453554309369563313e-01 8.839714318395892889e-02
7.579656014390989682e-01 9.458623288795149631e-02
7.705757719412433815e-01 1.010949811932099485e-01
7.831859424433860184e-01 1.079292182603212302e-01
7.957961129455286553e-01 1.150938742344461280e-01
8.084062834476730686e-01 1.225928847144415329e-01
8.210164539498157055e-01 1.304290959910403558e-01
8.336266244519583424e-01 1.386041708291430308e-01
8.462367949541027556e-01 1.471184956228273333e-01
8.588469654562453925e-01 1.559710898000340740e-01
8.714571359583880295e-01 1.651595183959218838e-01
8.840673064605324427e-01 1.746798087486435558e-01
8.966774769626750796e-01 1.845263722978485454e-01
9.092876474648177165e-01 1.946919324835786891e-01
9.218978179669621298e-01 2.051674597504766773e-01
9.345079884691047667e-01 2.159421146587674478e-01
9.471181589712474036e-01 2.270032000883811796e-01
9.597283294733918169e-01 2.383361234955123920e-01
9.723384999755344538e-01 2.499243701411760221e-01
9.849486704776770907e-01 2.617494881589896849e-01
9.975588409798215039e-01 2.737910862639384435e-01
1.010169011481964141e+00 2.860268448256288454e-01
1.022779181984106778e+00 2.984325409387340033e-01
1.035389352486251191e+00 3.109820880201365489e-01
1.047999522988393828e+00 3.236475903476454530e-01
1.060609693490536465e+00 3.363994128298444797e-01
1.073219863992680878e+00 3.492062661613650199e-01
1.085830034494823515e+00 3.620353073743370897e-01
1.098440204996966152e+00 3.748522556461113542e-01
1.111050375499110565e+00 3.876215230669645684e-01
1.123660546001253202e+00 4.003063599116184479e-01
1.136270716503395839e+00 4.128690137963150764e-01
1.148880887005540252e+00 4.252709019413263292e-01
1.161491057507682889e+00 4.374727955988712003e-01
1.174101228009825526e+00 4.494350155508471945e-01
1.186711398511969939e+00 4.611176374314497339e-01
1.199321569014112576e+00 4.724807054891052016e-01
1.211931739516255213e+00 4.834844532715091292e-01
1.224541910018399626e+00 4.940895296008419590e-01
1.237152080520542263e+00 5.042572281022674741e-01
1.249762251022684900e+00 5.139497184628261106e-01
1.262372421524829313e+00 5.231302775286286177e-01
1.274982592026971950e+00 5.317635182991313769e-01
1.287592762529114587e+00 5.398156148481267902e-01
1.300202933031259001e+00 5.472545211936331588e-01
1.312813103533401637e+00 5.540501821534662419e-01
1.325423274035544274e+00 5.601747342601199886e-01
1.338033444537688688e+00 5.656026948679488964e-01
1.350643615039831325e+00 5.703111376671454735e-01
1.363253785541973961e+00 5.742798529220904946e-01
1.375863956044118375e+00 5.774914908751846987e-01
1.388474126546261012e+00 5.799316869003768860e-01
1.401084297048403648e+00 5.815891671515631689e-01
1.413694467550548062e+00 5.824558336279604953e-01
1.426304638052690699e+00 5.825268277695646590e-01
1.438914808554833336e+00 5.818005718988422670e-01
1.451524979056977749e+00 5.802787880365659623e-01
1.464135149559120386e+00 5.779664938389288409e-01
1.476745320061263023e+00 5.748719756256799318e-01
1.489355490563407436e+00 5.710067386930594013e-01
1.501965661065550073e+00 5.663854353278390263e-01
1.514575831567692710e+00 5.610257711564610172e-01
1.527186002069837123e+00 5.549483906743892803e-01
1.539796172571979760e+00 5.481767430010772157e-01
1.552406343074122397e+00 5.407369290953409902e-01
1.565016513576266810e+00 5.326575318385623481e-01
1.577626684078409447e+00 5.239694305512935246e-01
1.590236854580552084e+00 5.147056016461876160e-01
1.602847025082696497e+00 5.049009072388187525e-01
1.615457195584839134e+00 4.945918736338855148e-01
1.628067366086981771e+00 4.838164616783585115e-01
1.640677536589126184e+00 4.726138310236461249e-01
1.653287707091268821e+00 4.610241003659709125e-01
1.665897877593411458e+00 4.490881057374571106e-01
1.678508048095555871e+00 4.368471589009883527e-01
1.691118218597698508e+00 4.243428078594576047e-01
1.703728389099841145e+00 4.116166014263592521e-01
1.716338559601985558e+00 3.987098597204701278e-01
1.728948730104128195e+00 3.856634523445923723e-01
1.741558900606270832e+00 3.725175858879756774e-01
1.754169071108415245e+00 3.593116022573247248e-01
1.766779241610557882e+00 3.460837891926916710e-01
1.779389412112700519e+00 3.328712041657329035e-01
1.791999582614844932e+00 3.197095126901550177e-01
1.804609753116987569e+00 3.066328419004799577e-01
1.817219923619130206e+00 2.936736500777144543e-01
1.829830094121274620e+00 2.808626126216080543e-01
1.842440264623417256e+00 2.682285247911440629e-01
1.855050435125559893e+00 2.557982213596898258e-01
1.867660605627704307e+00 2.435965131616498747e-01
1.880270776129846944e+00 2.316461403443628719e-01
1.892880946631989580e+00 2.199677419850627202e-01
1.905491117134133994e+00 2.085798415891758906e-01
1.918101287636276631e+00 1.974988478540918857e-01
1.930711458138419268e+00 1.867390699636414519e-01
1.943321628640563681e+00 1.763127465730398025e-01
1.955931799142706318e+00 1.662300875532304323e-01
1.968541969644848955e+00 1.564993274872993889e-01
1.981152140146993368e+00 1.471267898507573613e-01
1.993762310649136005e+00 1.381169607613087491e-01
2.006372481151278642e+00 1.294725711525623879e-01
2.018982651653423055e+00 1.211946862093373628e-01
2.031592822155565692e+00 1.132828008991508678e-01
2.044202992657708329e+00 1.057349404445026841e-01
2.056813163159852742e+00 9.854776460281129691e-02
2.069423333661995379e+00 9.171667465414576337e-02
2.082033504164138016e+00 8.523592204036337105e-02
2.094643674666282429e+00 7.909871765154845302e-02
2.107253845168425066e+00 7.329734081565587867e-02
2.119864015670569479e+00 6.782324711363245384e-02
2.132474186172712116e+00 6.266717421395232024e-02
2.145084356674854753e+00 5.781924499594164740e-02
2.157694527176999166e+00 5.326906730959368730e-02
2.170304697679141803e+00 4.900582979933541111e-02
2.182914868181284440e+00 4.501839329950042823e-02
2.195525038683428853e+00 4.129537738895611848e-02
2.208135209185571490e+00 3.782524177053623454e-02
2.220745379687714127e+00 3.459636221671963385e-02
2.233355550189858540e+00 3.159710089574689629e-02
2.245965720692001177e+00 2.881587096125481223e-02
2.258575891194143814e+00 2.624119535314220833e-02
2.271186061696288228e+00 2.386175981721022632e-02
2.283796232198430864e+00 2.166646020586503532e-02
2.296406402700573501e+00 1.964444417152829900e-02
2.309016573202717915e+00 1.778514740829398658e-02
2.321626743704860552e+00 1.607832463566642028e-02
2.334236914207003188e+00 1.451407555096918996e-02
2.346847084709147602e+00 1.308286600433718541e-02
2.359457255211290239e+00 1.177554467221188922e-02
2.372067425713432876e+00 1.058335552220100728e-02
2.384677596215577289e+00 9.497946374316383611e-03
2.397287766717719926e+00 8.511373871231861857e-03
2.409897937219862563e+00 7.616105173694013783e-03
2.422508107722006976e+00 6.805016696912713839e-03
2.435118278224149613e+00 6.071390200030980788e-03
2.447728448726292250e+00 5.408906534032168964e-03
2.460338619228436663e+00 4.811637344062171667e-03
2.472948789730579300e+00 4.274035010520133189e-03
2.485558960232721937e+00 3.790921099772933452e-03
2.498169130734866350e+00 3.357473580353554851e-03
2.510779301237008987e+00 2.969213044336573536e-03
2.523389471739151624e+00 2.621988156588824382e-03
2.535999642241296037e+00 2.311960537058419061e-03
2.548609812743438674e+00 2.035589263464744354e-03
2.561219983245581311e+00 1.789615163940699383e-03
2.573830153747725724e+00 1.571045051567730635e-03
2.586440324249868361e+00 1.377136035529923563e-03
2.599050494752010998e+00 1.205380026958359193e-03
2.611660665254155411e+00 1.053488541579877943e-03
2.624270835756298048e+00 9.193778861345215311e-04
2.636881006258440685e+00 8.011548012722536196e-04
2.649491176760585098e+00 6.971026203479305846e-04
2.662101347262727735e+00 6.056679912435518126e-04
2.674711517764870372e+00 5.254481970883763007e-04
2.687321688267014785e+00 4.551791015242778087e-04
2.699931858769157422e+00 3.937237349708445043e-04
2.712542029271300059e+00 3.400615301601828534e-04
2.725152199773444472e+00 2.932782080061877472e-04
2.737762370275587109e+00 2.525563086037265295e-04
2.750372540777729746e+00 2.171663567747056454e-04
2.762982711279874160e+00 1.864586470356289019e-04
2.775592881782016796e+00 1.598556290969418102e-04
2.788203052284159433e+00 1.368448719592921031e-04
2.800813222786303847e+00 1.169725822829127546e-04
2.813423393288446483e+00 9.983765091205251544e-05
2.826033563790589120e+00 8.508620017515365239e-05
2.838643734292733534e+00 7.240660379351690468e-05
2.851253904794876171e+00 6.152495085828818674e-05
2.863864075297018807e+00 5.220092532283669278e-05
2.876474245799163221e+00 4.422407275288074154e-05
2.889084416301305858e+00 3.741042663126687708e-05
2.901694586803448495e+00 3.159946728336427205e-05
2.914304757305592908e+00 2.665138743127742123e-05
2.926914927807735545e+00 2.244463946320124646e-05
2.939525098309878182e+00 1.887374068464448790e-05
2.952135268812022595e+00 1.584731407117135539e-05
2.964745439314165232e+00 1.328634334146232980e-05
2.977355609816307869e+00 1.112262249207920593e-05
2.989965780318452282e+00 9.297381261820951762e-06
3.002575950820594919e+00 7.760069307364958734e-06
3.015186121322737556e+00 6.467283159275810343e-06
3.027796291824881969e+00 5.381821277231891230e-06
3.040406462327024606e+00 4.471853726511489713e-06
3.053016632829167243e+00 3.710194147601029711e-06
3.065626803331311656e+00 3.073662782187831875e-06
3.078236973833454293e+00 2.542530348379804262e-06
3.090847144335596930e+00 2.100033523721803745e-06
3.103457314837741343e+00 1.731953695628927632e-06
3.116067485339883980e+00 1.426251475374435209e-06
3.128677655842026617e+00 1.172750244767674802e-06
3.141287826344171030e+00 9.628627157921770646e-07
3.153897996846313667e+00 7.893551349469878109e-07
3.166508167348456304e+00 6.461443584649330169e-07
3.179118337850600717e+00 5.281235648756962293e-07
3.191728508352743354e+00 4.310128606603818172e-07
3.204338678854885991e+00 3.512314762497132106e-07
3.216948849357030404e+00 2.857886466472453824e-07
3.229559019859173041e+00 2.321906268037999730e-07
3.242169190361315678e+00 1.883616097754598152e-07
3.254779360863460091e+00 1.525765988171219917e-07
3.267389531365602728e+00 1.234045359345068532e-07
3.279999701867745365e+00 9.966021193420925208e-08
3.292609872369889779e+00 8.036367941333364644e-08
3.305220042872032415e+00 6.470606298816103448e-08
3.317830213374175052e+00 5.202081277370299490e-08
3.330440383876319466e+00 4.175957991529313500e-08
3.343050554378462103e+00 3.347200888782962687e-08
3.355660724880604739e+00 2.678884219542266557e-08
3.368270895382749153e+00 2.140782073658309783e-08
3.380881065884891790e+00 1.708193900200288627e-08
3.393491236387034427e+00 1.360967984839766890e-08
3.406101406889178840e+00 1.082691010685200957e-08
3.418711577391321477e+00 8.600166870623421216e-09
3.431321747893464114e+00 6.821105976720766242e-09
3.443931918395608527e+00 5.401919847381952939e-09
3.456542088897751164e+00 4.271562288823553694e-09
3.469152259399893801e+00 3.372643759241663404e-09
3.481762429902038214e+00 2.658882635478270946e-09
3.494372600404180851e+00 2.093016671348665596e-09
3.506982770906323488e+00 1.645094625507474250e-09
3.519592941408467901e+00 1.291081357003287090e-09
3.532203111910610538e+00 1.011720902205228538e-09
3.544813282412753175e+00 7.916114693756367866e-10
3.557423452914897588e+00 6.184541861560639015e-10
3.570033623417040225e+00 4.824440426541847157e-10
3.582643793919182862e+00 3.757769879829777732e-10
3.595253964421327275e+00 2.922517317521050246e-10
3.607864134923469912e+00 2.269486200169917700e-10
3.620474305425612549e+00 1.759711218519556106e-10
3.633084475927756962e+00 1.362380836610524221e-10
3.645694646429899599e+00 1.053170731154747122e-10
3.658304816932042236e+00 8.129091891807369776e-11
3.670914987434186649e+00 6.265102029554644254e-11
3.683525157936329286e+00 4.821220492589271499e-11
3.696135328438471923e+00 3.704490100751885929e-11
3.708745498940616336e+00 2.842119611239077084e-11
3.721355669442758973e+00 2.177201386510782426e-11
3.733965839944901610e+00 1.665317562267348246e-11
3.746576010447046023e+00 1.271855003410717754e-11
3.759186180949188660e+00 9.698846747292346402e-12
3.771796351451333074e+00 7.384896590315983940e-12
3.784406521953475711e+00 5.614491660046433660e-12
3.797016692455618347e+00 4.262045094720957159e-12
3.809626862957762761e+00 3.230480267719321786e-12
3.822237033459905398e+00 2.444879586840242019e-12
3.834847203962048034e+00 1.847519639334380829e-12
3.847457374464192448e+00 1.393996677995551402e-12
3.860067544966335085e+00 1.050208137691552654e-12
3.872677715468477722e+00 7.900050452829601006e-13
3.885287885970622135e+00 5.933693054945250296e-13
3.897898056472764772e+00 4.450009076798908825e-13
3.910508226974907409e+00 3.332247165497001921e-13
3.923118397477051822e+00 2.491459840615180438e-13
3.935728567979194459e+00 1.859990957771000698e-13
3.948338738481337096e+00 1.386461827582951207e-13
3.960948908983481509e+00 1.031917621809221799e-13
3.973559079485624146e+00 7.668705408908333538e-14
3.986169249987766783e+00 5.690348716811564889e-14
3.998779420489911196e+00 4.215949472328476928e-14
4.011389590992053833e+00 3.118828468821198874e-14
4.023999761494196470e+00 2.303705973708996915e-14
4.036609931996340883e+00 1.699033582151282524e-14
4.049220102498483520e+00 1.251169427525410354e-14
4.061830273000626157e+00 9.199610116023563977e-15
4.074440443502770570e+00 6.754010784455502298e-15
4.087050614004913207e+00 4.951000831011240040e-15
4.099660784507055844e+00 3.623790346279580113e-15
4.112270955009200257e+00 2.648328395226843734e-15
4.124881125511342894e+00 1.932498714552569908e-15
4.137491296013485531e+00 1.408007891376549423e-15
4.150101466515629944e+00 1.024305154853365113e-15
4.162711637017772581e+00 7.440325208200274414e-16
4.175321807519915218e+00 5.396257514074932499e-16
4.187931978022059631e+00 3.907792542569272418e-16
4.200542148524202268e+00 2.825584612915947928e-16
4.213152319026344905e+00 2.039966411334316017e-16
4.225762489528489319e+00 1.470535450826307846e-16
4.238372660030631955e+00 1.058438583790185789e-16
4.250982830532774592e+00 7.606649590452466391e-17
4.263593001034919006e+00 5.458315590038229747e-17
4.276203171537061642e+00 3.910760862410237377e-17
4.288813342039204279e+00 2.797700156351779504e-17
4.301423512541348693e+00 1.998380880006157362e-17
4.314033683043491330e+00 1.425254628496020565e-17
4.326643853545633966e+00 1.014947677149516389e-17
4.339254024047778380e+00 7.216585350027270488e-18
4.351864194549921017e+00 5.123381084820211997e-18
4.364474365052063654e+00 3.631769561728008830e-18
4.377084535554208067e+00 2.570493620915070375e-18
4.389694706056350704e+00 1.816566519130778488e-18
4.402304876558493341e+00 1.281806640560538304e-18
4.414915047060635978e+00 9.030880040321197260e-19
4.427525217562778614e+00 6.352927262779347039e-19
4.440135388064924804e+00 4.462249553222183209e-19
4.452745558567067441e+00 3.129463556378712819e-19
4.465355729069210078e+00 2.191401346365516398e-19
4.477965899571352715e+00 1.532180188616337478e-19
4.490576070073495352e+00 1.069629974438104890e-19
4.503186240575637989e+00 7.455778587812293738e-20
4.515796411077784178e+00 5.189052536212835857e-20
4.528406581579926815e+00 3.605941470566960864e-20
4.541016752082069452e+00 2.501985175687512451e-20
4.553626922584212089e+00 1.733349574033617616e-20
4.566237093086354726e+00 1.199010165264931009e-20
4.578847263588500915e+00 8.281228493652091873e-21
4.591457434090643552e+00 5.710863516800343629e-21
4.604067604592786189e+00 3.932274443613263933e-21
4.616677775094928826e+00 2.703465318463755091e-21
4.629287945597071463e+00 1.855806292949567831e-21
4.641898116099214100e+00 1.271977001957893094e-21
4.654508286601360290e+00 8.704835492455033232e-22
4.667118457103502926e+00 5.948075709142577126e-22
4.679728627605645563e+00 4.058139167405821172e-22
4.692338798107788200e+00 2.764469690497248544e-22
4.704948968609930837e+00 1.880317101002404980e-22
4.717559139112073474e+00 1.276981617113818092e-22
4.730169309614219664e+00 8.659092945198799541e-23
4.742779480116362301e+00 5.862654272050372963e-23
4.755389650618504938e+00 3.963238558204917888e-23
4.767999821120647574e+00 2.675100570065193421e-23
4.780609991622790211e+00 1.802867890863531303e-23
4.793220162124932848e+00 1.213169565920968217e-23
4.805830332627079038e+00 8.151036635089190445e-24
4.818440503129221675e+00 5.468117542375963827e-24
4.831050673631364312e+00 3.662658432341929588e-24
4.843660844133506949e+00 2.449562377341210911e-24
4.856271014635649586e+00 1.635739028718563210e-24
4.868881185137792222e+00 1.090618557242662985e-24
4.881491355639938412e+00 7.260474911963370784e-25
4.894101526142081049e+00 4.826034024189250314e-25
4.906711696644223686e+00 3.202940417373298918e-25
4.919321867146366323e+00 2.122464310644805729e-25
4.931932037648508960e+00 1.404316230976098518e-25
4.944542208150651597e+00 9.277315880795452291e-26
4.957152378652797786e+00 6.119453081412848802e-26
4.969762549154940423e+00 4.030283893839121371e-26
4.982372719657083060e+00 2.650277569423211298e-26
4.994982890159225697e+00 1.740122023185950173e-26
5.007593060661368334e+00 1.140776577106120396e-26
5.020203231163510971e+00 7.467134359700166541e-27
5.032813401665657160e+00 4.880223862098031415e-27
5.045423572167799797e+00 3.184621772752655886e-27
5.058033742669942434e+00 2.074952903179985563e-27
5.070643913172085071e+00 1.349866518954760607e-27
5.083254083674227708e+00 8.768100854448630913e-28
5.095864254176370345e+00 5.686595119074123643e-28
5.108474424678516534e+00 3.682400925936216011e-28
5.121084595180659171e+00 2.380903305250724726e-28
5.133694765682801808e+00 1.537036924097556233e-28
5.146304936184944445e+00 9.907375688567548118e-29
5.158915106687087082e+00 6.376240423029189855e-29
5.171525277189229719e+00 4.097343657726725516e-29
5.184135447691375909e+00 2.628885591845202045e-29
5.196745618193518546e+00 1.684117943372961711e-29
5.209355788695661182e+00 1.077220912645926530e-29
5.221965959197803819e+00 6.879683192008160327e-30
5.234576129699946456e+00 4.386957513859415647e-30
5.247186300202089093e+00 2.793120535767478725e-30
5.259796470704235283e+00 1.775608123542373821e-30
5.272406641206377920e+00 1.127030581075294270e-30
5.285016811708520557e+00 7.142583816085120794e-31
5.297626982210663193e+00 4.519662384574674744e-31
5.310237152712805830e+00 2.855535637312509945e-31
5.322847323214948467e+00 1.801358082166606833e-31
5.335457493717094657e+00 1.134601453142763047e-31
5.348067664219237294e+00 7.135384344899178582e-32
5.360677834721379931e+00 4.480454770537586501e-32
5.373288005223522568e+00 2.809036954866092069e-32
5.385898175725665205e+00 1.758423078709387906e-32
5.398508346227807841e+00 1.099055954397199336e-32
5.411118516729954031e+00 6.858776907309762190e-33
5.423728687232096668e+00 4.273699035717173485e-33
5.436338857734239305e+00 2.658835793829272308e-33
5.448949028236381942e+00 1.651617068852146344e-33
5.461559198738524579e+00 1.024371323877715088e-33
5.474169369240667216e+00 6.343597317847769120e-34
5.486779539742813405e+00 3.922327804247417708e-34
5.499389710244956042e+00 2.421487282763890460e-34
5.511999880747098679e+00 1.492624157237928053e-34
5.524610051249241316e+00 9.186469740911222277e-35
5.537220221751383953e+00 5.645165549712688969e-35
5.549830392253526590e+00 3.463654058781884969e-35
5.562440562755672779e+00 2.121886117167463061e-35
5.575050733257815416e+00 1.297894259198801524e-35
5.587660903759958053e+00 7.926585937972015093e-36
5.600271074262100690e+00 4.833509733974470685e-36
5.612881244764243327e+00 2.942852735965830476e-36
5.625491415266385964e+00 1.788973525239279078e-36
5.638101585768532154e+00 1.085847140723470104e-36
5.650711756270674790e+00 6.580559340966266685e-37
5.663321926772817427e+00 3.981862059481540447e-37
5.675932097274960064e+00 2.405685444388480306e-37
5.688542267777102701e+00 1.451177857288033701e-37
5.701152438279245338e+00 8.740405145065319908e-38
5.713762608781391528e+00 5.256195965998598127e-38
5.726372779283534165e+00 3.156025783091855287e-38
5.738982949785676801e+00 1.892075628387850574e-38
5.751593120287819438e+00 1.132570752280109216e-38
5.764203290789962075e+00 6.768945857260786024e-39
5.776813461292104712e+00 4.039294635932112259e-39
5.789423631794250902e+00 2.406682313865448247e-39
5.802033802296393539e+00 1.431728559943010628e-39
5.814643972798536176e+00 8.504156536125433426e-40
5.827254143300678813e+00 5.043480964852929376e-40
5.839864313802821449e+00 2.986469317580449609e-40
5.852474484304964086e+00 1.765688982942033281e-40
5.865084654807110276e+00 1.042314511497578879e-40
5.877694825309252913e+00 6.143441634727946638e-41
5.890304995811395550e+00 3.615372191177565536e-41
5.902915166313538187e+00 2.124332838988667906e-41
5.915525336815680824e+00 1.246293512406053982e-41
5.928135507317823460e+00 7.300393627309291048e-42
5.940745677819969650e+00 4.269729295837515658e-42
5.953355848322112287e+00 2.493345578132725489e-42
5.965966018824254924e+00 1.453759719448097026e-42
5.978576189326397561e+00 8.463125041093501147e-43
5.991186359828540198e+00 4.919226334891898929e-43
6.003796530330682835e+00 2.854898841517217027e-43
6.016406700832829024e+00 1.654293130767667758e-43
6.029016871334971661e+00 9.571102828024013004e-44
6.041627041837114298e+00 5.528906210006478543e-44
6.054237212339256935e+00 3.188923785766264770e-44
6.066847382841399572e+00 1.836439751617763281e-44
6.079457553343542209e+00 1.055934087371143190e-44
6.092067723845688398e+00 6.062119130686935243e-45
6.104677894347831035e+00 3.474878369917391970e-45
6.117288064849973672e+00 1.988759124935121473e-45
6.129898235352116309e+00 1.136454760376226284e-45
6.142508405854258946e+00 6.484096372033017437e-46
6.155118576356401583e+00 3.693805852894008000e-46
6.167728746858547773e+00 2.100999347320370912e-46
6.180338917360690409e+00 1.193177270486673475e-46
6.192949087862833046e+00 6.765675767413258439e-47
6.205559258364975683e+00 3.830403273817128253e-47
6.218169428867118320e+00 2.165234218197740844e-47
6.230779599369264510e+00 1.222059301992758911e-47
6.243389769871407147e+00 6.886628445903345701e-48
6.255999940373549784e+00 3.874788030132773235e-48
6.268610110875692421e+00 2.176787965814264866e-48
6.281220281377835057e+00 1.220987287218030479e-48
6.293830451879977694e+00 6.838060635837033484e-49
6.306440622382123884e+00 3.823679646552856520e-49
6.319050792884266521e+00 2.134797831112763161e-49
6.331660963386409158e+00 1.190032066431353104e-49
6.344271133888551795e+00 6.623494627565513371e-50
6.356881304390694432e+00 3.680800524197023752e-50
6.369491474892837068e+00 2.042320522045967431e-50
6.382101645394983258e+00 1.131441235023610929e-50
6.394711815897125895e+00 6.258446469212595379e-51
6.407321986399268532e+00 3.456427696430528567e-51
6.419932156901411169e+00 1.905964305717315236e-51
6.432542327403553806e+00 1.049369310077746498e-51
6.445152497905696443e+00 5.768570709842392868e-52
6.457762668407842632e+00 3.166170556925690328e-52
6.470372838909985269e+00 1.735108241501874172e-52
6.482983009412127906e+00 9.493907110398167977e-53
6.495593179914270543e+00 5.186680313269167364e-53
6.508203350416413180e+00 2.829176472717205874e-53
6.520813520918555817e+00 1.540836679288952576e-53
6.533423691420702006e+00 8.378748410089202795e-54
6.546033861922844643e+00 4.549122395436131053e-54
6.558644032424987280e+00 2.466050593478635168e-54
6.571254202927129917e+00 1.334756948672449443e-54
6.583864373429272554e+00 7.213203839362238749e-55
6.596474543931415191e+00 3.892064113222770279e-55
6.609084714433561381e+00 2.096802334056904068e-55
6.621694884935704017e+00 1.127874250266557422e-55
6.634305055437846654e+00 6.057445512591457738e-56
6.646915225939989291e+00 3.248208922811747489e-56
6.659525396442131928e+00 1.739097608294845192e-56
6.672135566944274565e+00 9.296714301874616167e-57
6.684745737446420755e+00 4.962042689623641205e-57
6.697355907948563392e+00 2.644337918710964789e-57
6.709966078450706028e+00 1.407015282054795804e-57
6.722576248952848665e+00 7.474911282098869703e-58
6.735186419454991302e+00 3.964958057403058588e-58
6.747796589957133939e+00 2.099889494035382340e-58
6.760406760459280129e+00 1.110400204659827843e-58
6.773016930961422766e+00 5.862567230631194418e-59
6.785627101463565403e+00 3.090447079412283450e-59
6.798237271965708040e+00 1.626596823381608531e-59
6.810847442467850676e+00 8.547982489933037731e-60
6.823457612969993313e+00 4.485102629864017565e-60
6.836067783472139503e+00 2.349666179642693498e-60
6.848677953974282140e+00 1.229036916527660494e-60
6.861288124476424777e+00 6.418722997145975653e-61
6.873898294978567414e+00 3.347011820497197254e-61
6.886508465480710051e+00 1.742571983194609147e-61
6.899118635982852688e+00 9.058348807556664119e-62
6.911728806484998877e+00 4.701453522443860885e-62
6.924338976987141514e+00 2.436351872003936668e-62
6.936949147489284151e+00 1.260586341258985711e-62
6.949559317991426788e+00 6.512232035669370034e-63
6.962169488493569425e+00 3.359013760701370725e-63
6.974779658995712062e+00 1.729889292396277755e-63
6.987389829497858251e+00 8.895070869946803139e-64
7.000000000000000888e+00 4.566727030981319996e-64
