0.000000000000000000e+00
7.179756473043712173e-02
6.949924459227957430e-02
6.957933853740332075e-02
6.662083906661767085e-02
6.635327145894705236e-02
6.659336572828590539e-02
6.498002992454655902e-02
6.506935348424570942e-02
6.463457550905561677e-02
6.416653522464875470e-02
6.416653522464875470e-02
6.392598971788225615e-02
6.438649049016170745e-02
6.502397700740014663e-02
6.483257679928862427e-02
6.469233557288235625e-02
6.479038969997688580e-02
6.447053969234728399e-02
6.447053969234728399e-02
6.447053969234728399e-02
6.447053969234728399e-02
6.447053969234728399e-02
6.447053969234728399e-02
6.442065161097570991e-02
6.442065161097570991e-02
6.442065161097570991e-02
6.442065161097570991e-02
6.442065161097570991e-02
6.442065161097570991e-02
6.446072850161652101e-02
6.446072850161652101e-02
6.446072850161652101e-02
6.446072850161652101e-02
6.446072850161652101e-02
6.446072850161652101e-02
6.446072850161652101e-02
6.446072850161652101e-02
6.386616211145400290e-02
6.436684292923415540e-02
6.400274064783667560e-02
6.400274064783667560e-02
6.400274064783667560e-02
6.435752463575365734e-02
6.435752463575365734e-02
6.435752463575365734e-02
6.435752463575365734e-02
6.435752463575365734e-02
6.307776878424967149e-02
6.307776878424967149e-02
6.321686721817586230e-02
6.321686721817586230e-02
6.443004364706844678e-02
6.438507706332971536e-02
6.462749220825610152e-02
6.460662613727000125e-02
6.460662613727000125e-02
6.460662613727000125e-02
6.428865484556205157e-02
6.428865484556205157e-02
6.428865484556205157e-02
6.428865484556205157e-02
6.428865484556205157e-02
6.437694708462854409e-02
6.437694708462854409e-02
6.437694708462854409e-02
6.437694708462854409e-02
6.437694708462854409e-02
6.437694708462854409e-02
6.437694708462854409e-02
6.437694708462854409e-02
6.437694708462854409e-02
6.437694708462854409e-02
6.437694708462854409e-02
6.437694708462854409e-02
6.437694708462854409e-02
6.437694708462854409e-02
6.437694708462854409e-02
6.437694708462854409e-02
6.437694708462854409e-02
6.437694708462854409e-02
6.437694708462854409e-02
6.437694708462854409e-02
6.437694708462854409e-02
6.437694708462854409e-02
6.437694708462854409e-02
6.437694708462854409e-02
6.437694708462854409e-02
6.437694708462854409e-02
6.437694708462854409e-02
6.458501074680270126e-02
6.458501074680270126e-02
6.458501074680270126e-02
6.458501074680270126e-02
6.458501074680270126e-02
6.425214988684675721e-02
6.425214988684675721e-02
6.425214988684675721e-02
6.425214988684675721e-02
6.425214988684675721e-02
6.417439646973503720e-02
6.417439646973503720e-02
6.417439646973503720e-02
6.417439646973503720e-02
6.417439646973503720e-02
6.448642520335519379e-02
6.448642520335519379e-02
6.448642520335519379e-02
6.448642520335519379e-02
6.448642520335519379e-02
6.448642520335519379e-02
6.448642520335519379e-02
6.448642520335519379e-02
6.448642520335519379e-02
6.448642520335519379e-02
6.448642520335519379e-02
6.448642520335519379e-02
6.448642520335519379e-02
6.448642520335519379e-02
6.448642520335519379e-02
6.448642520335519379e-02
6.448642520335519379e-02
6.448642520335519379e-02
6.448642520335519379e-02
6.533476252394382344e-02
6.533476252394382344e-02
6.533476252394382344e-02
6.533476252394382344e-02
6.533476252394382344e-02
6.533476252394382344e-02
6.533476252394382344e-02
6.533476252394382344e-02
6.533476252394382344e-02
6.533476252394382344e-02
6.533476252394382344e-02
6.533476252394382344e-02
6.533476252394382344e-02
6.533476252394382344e-02
6.533476252394382344e-02
6.533476252394382344e-02
6.533476252394382344e-02
6.533476252394382344e-02
6.533476252394382344e-02
6.533476252394382344e-02
6.533476252394382344e-02
6.533476252394382344e-02
6.533476252394382344e-02
6.533476252394382344e-02
6.533476252394382344e-02
6.533476252394382344e-02
6.533476252394382344e-02
6.533476252394382344e-02
6.533476252394382344e-02
6.533476252394382344e-02
6.533476252394382344e-02
6.533476252394382344e-02
6.533476252394382344e-02
6.533476252394382344e-02
6.533476252394382344e-02
6.533476252394382344e-02
6.533476252394382344e-02
6.533476252394382344e-02
6.533476252394382344e-02
6.533476252394382344e-02
6.533476252394382344e-02
6.533476252394382344e-02
6.533476252394382344e-02
6.533476252394382344e-02
6.533476252394382344e-02
6.533476252394382344e-02
6.533476252394382344e-02
6.533476252394382344e-02
6.533476252394382344e-02
6.533476252394382344e-02
6.533476252394382344e-02
6.533476252394382344e-02
6.533476252394382344e-02
6.533476252394382344e-02
6.533476252394382344e-02
6.533476252394382344e-02
6.533476252394382344e-02
6.533476252394382344e-02
6.533476252394382344e-02
6.533476252394382344e-02
6.533476252394382344e-02
6.533476252394382344e-02
6.533476252394382344e-02
6.533476252394382344e-02
6.533476252394382344e-02
6.542515066421872305e-02
6.542515066421872305e-02
6.542515066421872305e-02
6.542515066421872305e-02
6.542515066421872305e-02
6.542515066421872305e-02
6.542515066421872305e-02
6.542515066421872305e-02
6.542515066421872305e-02
6.542515066421872305e-02
6.542515066421872305e-02
6.542515066421872305e-02
6.542515066421872305e-02
6.542515066421872305e-02
6.542515066421872305e-02
6.542515066421872305e-02
6.542515066421872305e-02
6.542515066421872305e-02
6.542515066421872305e-02
6.542515066421872305e-02
6.542515066421872305e-02
6.542515066421872305e-02
6.542515066421872305e-02
6.542515066421872305e-02
6.542515066421872305e-02
6.542515066421872305e-02
6.542515066421872305e-02
6.542515066421872305e-02
6.542515066421872305e-02
6.542515066421872305e-02
6.542515066421872305e-02
6.542515066421872305e-02
6.542515066421872305e-02
6.542515066421872305e-02
6.542515066421872305e-02
6.542515066421872305e-02
6.542515066421872305e-02
6.542515066421872305e-02
6.542515066421872305e-02
6.542515066421872305e-02
6.542515066421872305e-02
6.542515066421872305e-02
6.542515066421872305e-02
6.542515066421872305e-02
6.542515066421872305e-02
6.448039711009904973e-02
6.448039711009904973e-02
6.448039711009904973e-02
6.448039711009904973e-02
6.448039711009904973e-02
6.448039711009904973e-02
6.542515066421872305e-02
6.542515066421872305e-02
6.542515066421872305e-02
6.542515066421872305e-02
6.542515066421872305e-02
6.542515066421872305e-02
6.542515066421872305e-02
6.535723582396257836e-02
6.535723582396257836e-02
6.535723582396257836e-02
