1.000000000000000000e+00
9.972341602723664433e-01
9.857843170054305659e-01
9.671029432199195197e-01
9.491295097587342244e-01
9.357075984166491889e-01
9.304076305638391275e-01
9.229048880801355992e-01
9.204162780879150407e-01
9.166538526644173457e-01
9.145832557523283501e-01
9.145832557523283501e-01
9.136923070505287292e-01
9.120905404379009429e-01
9.101888609002164454e-01
9.090412705664863147e-01
9.076298611875057709e-01
9.065071864817677572e-01
9.056309231454182651e-01
9.056309231454182651e-01
9.056309231454182651e-01
9.056309231454182651e-01
9.056309231454182651e-01
9.056309231454182651e-01
9.060513182208246308e-01
9.060513182208246308e-01
9.060513182208246308e-01
9.060513182208246308e-01
9.060513182208246308e-01
9.060513182208246308e-01
9.058952354982224842e-01
9.058952354982224842e-01
9.058952354982224842e-01
9.058952354982224842e-01
9.058952354982224842e-01
9.058952354982224842e-01
9.058952354982224842e-01
9.058952354982224842e-01
8.988841769828718187e-01
8.949531235108528771e-01
8.897595223654898300e-01
8.897595223654898300e-01
8.897595223654898300e-01
8.874940267498936386e-01
8.874940267498936386e-01
8.874940267498936386e-01
8.874940267498936386e-01
8.874940267498936386e-01
8.840326688857016446e-01
8.840326688857016446e-01
8.803417094515615382e-01
8.803417094515615382e-01
8.835783404361136073e-01
8.824628708215743744e-01
8.813385983310424443e-01
8.812090718747360718e-01
8.812090718747360718e-01
8.812090718747360718e-01
8.804022141049369088e-01
8.804022141049369088e-01
8.804022141049369088e-01
8.804022141049369088e-01
8.804022141049369088e-01
8.806284506687227509e-01
8.806284506687227509e-01
8.806284506687227509e-01
8.806284506687227509e-01
8.806284506687227509e-01
8.806284506687227509e-01
8.806284506687227509e-01
8.806284506687227509e-01
8.806284506687227509e-01
8.806284506687227509e-01
8.806284506687227509e-01
8.806284506687227509e-01
8.806284506687227509e-01
8.806284506687227509e-01
8.806284506687227509e-01
8.806284506687227509e-01
8.806284506687227509e-01
8.806284506687227509e-01
8.806284506687227509e-01
8.806284506687227509e-01
8.806284506687227509e-01
8.806284506687227509e-01
8.806284506687227509e-01
8.806284506687227509e-01
8.806284506687227509e-01
8.806284506687227509e-01
8.806284506687227509e-01
8.795746020695225376e-01
8.795746020695225376e-01
8.795746020695225376e-01
8.795746020695225376e-01
8.795746020695225376e-01
8.787135643539498719e-01
8.787135643539498719e-01
8.787135643539498719e-01
8.787135643539498719e-01
8.787135643539498719e-01
8.783585852977923158e-01
8.783585852977923158e-01
8.783585852977923158e-01
8.783585852977923158e-01
8.783585852977923158e-01
8.769096195678994787e-01
8.769096195678994787e-01
8.769096195678994787e-01
8.769096195678994787e-01
8.769096195678994787e-01
8.769096195678994787e-01
8.769096195678994787e-01
8.769096195678994787e-01
8.769096195678994787e-01
8.769096195678994787e-01
8.769096195678994787e-01
8.769096195678994787e-01
8.769096195678994787e-01
8.769096195678994787e-01
8.769096195678994787e-01
8.769096195678994787e-01
8.769096195678994787e-01
8.769096195678994787e-01
8.769096195678994787e-01
8.720247229141326883e-01
8.720247229141326883e-01
8.720247229141326883e-01
8.720247229141326883e-01
8.720247229141326883e-01
8.720247229141326883e-01
8.720247229141326883e-01
8.720247229141326883e-01
8.720247229141326883e-01
8.720247229141326883e-01
8.720247229141326883e-01
8.720247229141326883e-01
8.720247229141326883e-01
8.720247229141326883e-01
8.720247229141326883e-01
8.720247229141326883e-01
8.720247229141326883e-01
8.720247229141326883e-01
8.720247229141326883e-01
8.720247229141326883e-01
8.720247229141326883e-01
8.720247229141326883e-01
8.720247229141326883e-01
8.720247229141326883e-01
8.720247229141326883e-01
8.720247229141326883e-01
8.720247229141326883e-01
8.720247229141326883e-01
8.720247229141326883e-01
8.720247229141326883e-01
8.720247229141326883e-01
8.720247229141326883e-01
8.720247229141326883e-01
8.720247229141326883e-01
8.720247229141326883e-01
8.720247229141326883e-01
8.720247229141326883e-01
8.720247229141326883e-01
8.720247229141326883e-01
8.720247229141326883e-01
8.720247229141326883e-01
8.720247229141326883e-01
8.720247229141326883e-01
8.720247229141326883e-01
8.720247229141326883e-01
8.720247229141326883e-01
8.720247229141326883e-01
8.720247229141326883e-01
8.720247229141326883e-01
8.720247229141326883e-01
8.720247229141326883e-01
8.720247229141326883e-01
8.720247229141326883e-01
8.720247229141326883e-01
8.720247229141326883e-01
8.720247229141326883e-01
8.720247229141326883e-01
8.720247229141326883e-01
8.720247229141326883e-01
8.720247229141326883e-01
8.720247229141326883e-01
8.720247229141326883e-01
8.720247229141326883e-01
8.720247229141326883e-01
8.720247229141326883e-01
8.664518412989752338e-01
8.664518412989752338e-01
8.664518412989752338e-01
8.664518412989752338e-01
8.664518412989752338e-01
8.664518412989752338e-01
8.664518412989752338e-01
8.664518412989752338e-01
8.664518412989752338e-01
8.664518412989752338e-01
8.664518412989752338e-01
8.664518412989752338e-01
8.664518412989752338e-01
8.664518412989752338e-01
8.664518412989752338e-01
8.664518412989752338e-01
8.664518412989752338e-01
8.664518412989752338e-01
8.664518412989752338e-01
8.664518412989752338e-01
8.664518412989752338e-01
8.664518412989752338e-01
8.664518412989752338e-01
8.664518412989752338e-01
8.664518412989752338e-01
8.664518412989752338e-01
8.664518412989752338e-01
8.664518412989752338e-01
8.664518412989752338e-01
8.664518412989752338e-01
8.664518412989752338e-01
8.664518412989752338e-01
8.664518412989752338e-01
8.664518412989752338e-01
8.664518412989752338e-01
8.664518412989752338e-01
8.664518412989752338e-01
8.664518412989752338e-01
8.664518412989752338e-01
8.664518412989752338e-01
8.664518412989752338e-01
8.664518412989752338e-01
8.664518412989752338e-01
8.664518412989752338e-01
8.664518412989752338e-01
8.616467049479840101e-01
8.616467049479840101e-01
8.616467049479840101e-01
8.616467049479840101e-01
8.616467049479840101e-01
8.616467049479840101e-01
8.664518412989752338e-01
8.664518412989752338e-01
8.664518412989752338e-01
8.664518412989752338e-01
8.664518412989752338e-01
8.664518412989752338e-01
8.664518412989752338e-01
8.678632506779559996e-01
8.678632506779559996e-01
8.678632506779559996e-01
