-7.000000000000000888e+00 4.982157972663130151e-320
-6.987389829497858251e+00 7.283071091910399432e-319
-6.974779658995713838e+00 1.059491663239573533e-317
-6.962169488493571201e+00 1.533727638539029558e-316
-6.949559317991428564e+00 2.209355605942990973e-315
-6.936949147489284151e+00 3.167011755678152748e-314
-6.924338976987141514e+00 4.517523409394642893e-313
-6.911728806484998877e+00 6.412359131172388433e-312
-6.899118635982854464e+00 9.057366845952920267e-311
-6.886508465480711827e+00 1.273071450390463911e-309
-6.873898294978569190e+00 1.780616137891459408e-308
-6.861288124476424777e+00 2.478303796840127702e-307
-6.848677953974282140e+00 3.432460084891671442e-306
-6.836067783472139503e+00 4.730675631722679154e-305
-6.823457612969995090e+00 6.487951178081790161e-304
-6.810847442467852453e+00 8.854391248148139342e-303
-6.798237271965709816e+00 1.202476455074453335e-301
-6.785627101463565403e+00 1.625029309983359127e-300
-6.773016930961422766e+00 2.185307544327839006e-299
-6.760406760459280129e+00 2.924359001180554882e-298
-6.747796589957135716e+00 3.894175936220373368e-297
-6.735186419454993079e+00 5.160208113990405634e-296
-6.722576248952850442e+00 6.804334228096072112e-295
-6.709966078450706028e+00 8.928342388405033998e-294
-6.697355907948563392e+00 1.165796691767588276e-292
-6.684745737446420755e+00 1.514752193748116194e-291
-6.672135566944276341e+00 1.958516149557392098e-290
-6.659525396442133705e+00 2.519878058967099229e-289
-6.646915225939991068e+00 3.226255071434078231e-288
-6.634305055437846654e+00 4.110405693223540405e-287
-6.621694884935704017e+00 5.211197054186725992e-286
-6.609084714433561381e+00 6.574415200739961292e-285
-6.596474543931416967e+00 8.253603306324189838e-284
-6.583864373429274330e+00 1.031090753305279612e-282
-6.571254202927131693e+00 1.281790463685177146e-281
-6.558644032424987280e+00 1.585637943398890567e-280
-6.546033861922844643e+00 1.951901414888403554e-279
-6.533423691420702006e+00 2.390994570976182536e-278
-6.520813520918557593e+00 2.914514157760262742e-277
-6.508203350416414956e+00 3.535254006609853696e-276
-6.495593179914272319e+00 4.267189776073776635e-275
-6.482983009412127906e+00 5.125428502619327585e-274
-6.470372838909985269e+00 6.126117116514052857e-273
-6.457762668407842632e+00 7.286304400174737904e-272
-6.445152497905698219e+00 8.623751490442484876e-271
-6.432542327403555582e+00 1.015668698536181304e-269
-6.419932156901412945e+00 1.190350402977500064e-268
-6.407321986399268532e+00 1.388239842759050993e-267
-6.394711815897125895e+00 1.611094884864487079e-266
-6.382101645394983258e+00 1.860564253068389792e-265
-6.369491474892838845e+00 2.138135246554111335e-264
-6.356881304390696208e+00 2.445077482327157809e-263
-6.344271133888551795e+00 2.782383820708593258e-262
-6.331660963386409158e+00 3.150709912180361919e-261
-6.319050792884266521e+00 3.550314064250803981e-260
-6.306440622382123884e+00 3.980999353585301951e-259
-6.293830451879979471e+00 4.442060086309514937e-258
-6.281220281377836834e+00 4.932234823105248156e-257
-6.268610110875692421e+00 5.449668221932843874e-256
-6.255999940373549784e+00 5.991883898697317945e-255
-6.243389769871407147e+00 6.555770356943815115e-254
-6.230779599369264510e+00 7.137581787545254843e-253
-6.218169428867120097e+00 7.732955189358202266e-252
-6.205559258364977460e+00 8.336944817600930601e-251
-6.192949087862833046e+00 8.944074439905729843e-250
-6.180338917360690409e+00 9.548407286804029759e-249
-6.167728746858547773e+00 1.014363294593345692e-247
-6.155118576356405136e+00 1.072316979202198484e-246
-6.142508405854260722e+00 1.128028089728891458e-245
-6.129898235352118085e+00 1.180820075822769484e-244
-6.117288064849973672e+00 1.230026963584283518e-243
-6.104677894347831035e+00 1.275007186493695044e-242
-6.092067723845688398e+00 1.315157416995501908e-241
-6.079457553343545761e+00 1.349925984978075130e-240
-6.066847382841401348e+00 1.378825467652367629e-239
-6.054237212339258711e+00 1.401444050033691109e-238
-6.041627041837114298e+00 1.417455286268703219e-237
-6.029016871334971661e+00 1.426625938513940599e-236
-6.016406700832829024e+00 1.428821630310969437e-235
-6.003796530330684611e+00 1.424010122912620417e-234
-5.991186359828541974e+00 1.412262102920925058e-233
-5.978576189326399337e+00 1.393749454334861907e-232
-5.965966018824254924e+00 1.368741074046184104e-231
-5.953355848322112287e+00 1.337596373171634823e-230
-5.940745677819969650e+00 1.300756683740754907e-229
-5.928135507317827013e+00 1.258734857855196324e-228
-5.915525336815682600e+00 1.212103401751652529e-227
-5.902915166313539963e+00 1.161481528020200679e-226
-5.890304995811395550e+00 1.107521534208902031e-225
-5.877694825309252913e+00 1.050894924528201023e-224
-5.865084654807110276e+00 9.922786835943065816e-224
-5.852474484304965863e+00 9.323420880824427941e-223
-5.839864313802823226e+00 8.717344054406871646e-222
-5.827254143300680589e+00 8.110737807175964511e-221
-5.814643972798536176e+00 7.509375556949262935e-220
-5.802033802296393539e+00 6.918542018614890159e-219
-5.789423631794250902e+00 6.342969833096166293e-218
-5.776813461292106489e+00 5.786794003497621938e-217
-5.764203290789963852e+00 5.253524022786085114e-216
-5.751593120287821215e+00 4.746033007027786358e-215
-5.738982949785676801e+00 4.266562650663694300e-214
-5.726372779283534165e+00 3.816742410594249362e-213
-5.713762608781391528e+00 3.397621012893889143e-212
-5.701152438279247114e+00 3.009708163936311534e-211
-5.688542267777104477e+00 2.653024235457692919e-210
-5.675932097274961841e+00 2.327155674975230436e-209
-5.663321926772818315e+00 2.031313959662592305e-208
-5.650711756270674790e+00 1.764396051118439170e-207
-5.638101585768532154e+00 1.525044506164823908e-206
-5.625491415266388628e+00 1.311705639796108566e-205
-5.612881244764245103e+00 1.122684405352794917e-204
-5.600271074262102466e+00 9.561949393155486711e-204
-5.587660903759958941e+00 8.104060004457632822e-203
-5.575050733257815416e+00 6.834808038698661049e-202
-5.562440562755672779e+00 5.736110007073624981e-201
-5.549830392253529254e+00 4.790447758581254268e-200
-5.537220221751385729e+00 3.981092258210804896e-199
-5.524610051249243092e+00 3.292273323100422407e-198
-5.511999880747099567e+00 2.709299653508992813e-197
-5.499389710244956042e+00 2.218634325968818199e-196
-5.486779539742813405e+00 1.807931422473033231e-195
-5.474169369240669880e+00 1.466039686993380492e-194
-5.461559198738526355e+00 1.182979070789933741e-193
-5.448949028236382830e+00 9.498957961846910158e-193
-5.436338857734240193e+00 7.590011807806814928e-192
-5.423728687232096668e+00 6.034989649710936861e-191
-5.411118516729953143e+00 4.775053159643183552e-190
-5.398508346227810506e+00 3.759650775971637669e-189
-5.385898175725666981e+00 2.945672275115369656e-188
-5.373288005223523456e+00 2.296619164334505196e-187
-5.360677834721380819e+00 1.781809169977819337e-186
-5.348067664219237294e+00 1.375628148830544576e-185
-5.335457493717093769e+00 1.056838409823292448e-184
-5.322847323214951132e+00 8.079487362104274006e-184
-5.310237152712807607e+00 6.146483451822691523e-183
-5.297626982210664082e+00 4.653045859145629388e-182
-5.285016811708520557e+00 3.505223108276274176e-181
-5.272406641206377920e+00 2.627614975803375836e-180
-5.259796470704234395e+00 1.960087827525975688e-179
-5.247186300202090870e+00 1.454980215152625956e-178
-5.234576129699948233e+00 1.074747414602025339e-177
-5.221965959197804708e+00 7.899934810566188315e-177
-5.209355788695661182e+00 5.778410560857848109e-176
-5.196745618193518546e+00 4.205920752838018402e-175
-5.184135447691375020e+00 3.046362564380853365e-174
-5.171525277189231495e+00 2.195684424312939231e-173
-5.158915106687088858e+00 1.574802486816528464e-172
-5.146304936184945333e+00 1.123958083383830604e-171
-5.133694765682801808e+00 7.982556540783561897e-171
-5.121084595180659171e+00 5.641593233237035097e-170
-5.108474424678515646e+00 3.967614120021353394e-169
-5.095864254176372121e+00 2.776674608443117238e-168
-5.083254083674229484e+00 1.933697198199188036e-167
-5.070643913172085959e+00 1.340046527977423700e-166
-5.058033742669942434e+00 9.241005567175208912e-166
-5.045423572167799797e+00 6.341420374115679737e-165
-5.032813401665656272e+00 4.330338304912610282e-164
-5.020203231163512747e+00 2.942558425931495478e-163
-5.007593060661370110e+00 1.989740141786018238e-162
-4.994982890159226585e+00 1.338861463330301165e-161
-4.982372719657083060e+00 8.964848360346795277e-161
-4.969762549154940423e+00 5.973354580708757531e-160
-4.957152378652796898e+00 3.960606520409289870e-159
-4.944542208150653373e+00 2.613203134292028050e-158
-4.931932037648510736e+00 1.715744939958165230e-157
-4.919321867146367211e+00 1.120986498152162237e-156
-4.906711696644223686e+00 7.288130660598712714e-156
-4.894101526142081049e+00 4.715199217401577256e-155
-4.881491355639937524e+00 3.035652715171085329e-154
-4.868881185137793999e+00 1.944788077730319016e-153
-4.856271014635651362e+00 1.239825756495840265e-152
-4.843660844133507837e+00 7.865334797054814506e-152
-4.831050673631364312e+00 4.965259795341850853e-151
-4.818440503129221675e+00 3.119140656320093271e-150
-4.805830332627078150e+00 1.949827436983542097e-149
-4.793220162124934625e+00 1.212901814738732876e-148
-4.780609991622791988e+00 7.507984738035244924e-148
-4.767999821120648463e+00 4.624762119321964707e-147
-4.755389650618504938e+00 2.834808432949477919e-146
-4.742779480116362301e+00 1.729124833133063595e-145
-4.730169309614218776e+00 1.049535931669019759e-144
-4.717559139112075250e+00 6.339231664694215257e-144
-4.704948968609932614e+00 3.810169528822818369e-143
-4.692338798107789088e+00 2.278874230097977773e-142
-4.679728627605645563e+00 1.356328269331584108e-141
-4.667118457103502926e+00 8.032998492674586472e-141
-4.654508286601359401e+00 4.734335052426579030e-140
-4.641898116099215876e+00 2.776570752700013746e-139
-4.629287945597073239e+00 1.620417657038441531e-138
-4.616677775094929714e+00 9.410521132207737944e-138
-4.604067604592786189e+00 5.438371667562227609e-137
-4.591457434090643552e+00 3.127466136914349586e-136
-4.578847263588500027e+00 1.789719155101935481e-135
-4.566237093086356502e+00 1.019167846687642377e-134
-4.553626922584213865e+00 5.775307556016875284e-134
-4.541016752082070340e+00 3.256665205571218563e-133
-4.528406581579926815e+00 1.827425682569914994e-132
-4.515796411077784178e+00 1.020410610428890651e-131
-4.503186240575640653e+00 5.669945156721726555e-131
-4.490576070073497128e+00 3.135100160306853175e-130
-4.477965899571354491e+00 1.725014188130364285e-129
-4.465355729069210966e+00 9.445014550162517342e-129
-4.452745558567067441e+00 5.146136710852342793e-128
-4.440135388064924804e+00 2.790157733359417738e-127
-4.427525217562781279e+00 1.505375902544367419e-126
-4.414915047060637754e+00 8.082206680892685542e-126
-4.402304876558495117e+00 4.318011087513043173e-125
-4.389694706056351592e+00 2.295653742119394175e-124
-4.377084535554208067e+00 1.214500961517910052e-123
-4.364474365052065430e+00 6.393787722691737148e-123
-4.351864194549921905e+00 3.349557638125539289e-122
-4.339254024047778380e+00 1.746166332073464828e-121
-4.326643853545635743e+00 9.058425138067987159e-121
-4.314033683043492218e+00 4.676153346022086531e-120
-4.301423512541348693e+00 2.402114846457237602e-119
-4.288813342039206056e+00 1.227913544560848103e-118
-4.276203171537062531e+00 6.246127343801493270e-118
-4.263593001034919006e+00 3.161716478874491369e-117
-4.250982830532776369e+00 1.592590343660449535e-116
-4.238372660030632844e+00 7.982782987208795684e-116
-4.225762489528489319e+00 3.981747174955711935e-115
-4.213152319026346682e+00 1.976342335680509472e-114
-4.200542148524203157e+00 9.761573446455402010e-114
-4.187931978022059631e+00 4.797849949031329093e-113
-4.175321807519916995e+00 2.346619650924151788e-112
-4.162711637017773469e+00 1.142110108996627814e-111
-4.150101466515629944e+00 5.531494727927081943e-111
-4.137491296013487307e+00 2.665915068374309759e-110
-4.124881125511343782e+00 1.278555015036801132e-109
-4.112270955009200257e+00 6.101854670194560623e-109
-4.099660784507057620e+00 2.897834999871117118e-108
-4.087050614004914095e+00 1.369477265059878727e-107
-4.074440443502770570e+00 6.440289728869165379e-107
-4.061830273000627933e+00 3.013876241474454827e-106
-4.049220102498484408e+00 1.403507965184797698e-105
-4.036609931996340883e+00 6.503899651724783721e-105
-4.023999761494198246e+00 2.999178349283736374e-104
-4.011389590992054721e+00 1.376259372684180690e-103
-3.998779420489911196e+00 6.284458332154489299e-103
-3.986169249987768559e+00 2.855650174081415487e-102
-3.973559079485625034e+00 1.291254285543936350e-101
-3.960948908983481509e+00 5.810161373849032784e-101
-3.948338738481338872e+00 2.601562649917896521e-100
-3.935728567979194459e+00 1.159177883656906383e-99
-3.923118397477051822e+00 5.139674508699584421e-99
-3.910508226974909185e+00 2.267727713166333795e-98
-3.897898056472764772e+00 9.956713004761051738e-98
-3.885287885970622135e+00 4.350216694664792720e-97
-3.872677715468479498e+00 1.891366281233512702e-96
-3.860067544966335085e+00 8.182957090576976973e-96
-3.847457374464192448e+00 3.523017624766983185e-95
-3.834847203962049811e+00 1.509347706002298106e-94
-3.822237033459905398e+00 6.434780756770569739e-94
-3.809626862957762761e+00 2.729909270100111175e-93
-3.797016692455620124e+00 1.152478168788342326e-92
-3.784406521953475711e+00 4.841581742143977176e-92
-3.771796351451333074e+00 2.024006622947059182e-91
-3.759186180949190437e+00 8.419895897716476686e-91
-3.746576010447046023e+00 3.485552910511834933e-90
-3.733965839944903387e+00 1.435842604613821204e-89
-3.721355669442760750e+00 5.885891112693228153e-89
-3.708745498940616336e+00 2.400976322318634469e-88
-3.696135328438473699e+00 9.746166602980396925e-88
-3.683525157936331063e+00 3.936861347764890735e-87
-3.670914987434186649e+00 1.582474709744920090e-86
-3.658304816932044012e+00 6.329856167393144536e-86
-3.645694646429901375e+00 2.519540514505167325e-85
-3.633084475927756962e+00 9.979742320720932705e-85
-3.620474305425614325e+00 3.933578513029920990e-84
-3.607864134923471688e+00 1.542861239131978201e-83
-3.595253964421327275e+00 6.021941076865755939e-83
-3.582643793919184638e+00 2.338927500791528661e-82
-3.570033623417041113e+00 9.039984425001588176e-82
-3.557423452914897588e+00 3.476876831200358419e-81
-3.544813282412754951e+00 1.330704637905588918e-80
-3.532203111910611426e+00 5.068095793927847453e-80
-3.519592941408467901e+00 1.920785105087864782e-79
-3.506982770906325264e+00 7.244086097864000450e-79
-3.494372600404181739e+00 2.718687734722658654e-78
-3.481762429902038214e+00 1.015327136963901021e-77
-3.469152259399895577e+00 3.773320045269455029e-77
-3.456542088897752052e+00 1.395443690701451559e-76
-3.443931918395608527e+00 5.135373755578402426e-76
-3.431321747893465890e+00 1.880628044750880033e-75
-3.418711577391322365e+00 6.853381572136950428e-75
-3.406101406889178840e+00 2.485295960237853296e-74
-3.393491236387036203e+00 8.968556671284644695e-74
-3.380881065884892678e+00 3.220611102901377838e-73
-3.368270895382749153e+00 1.150867554119497192e-72
-3.355660724880606516e+00 4.092453789621909710e-72
-3.343050554378462991e+00 1.448150323756811840e-71
-3.330440383876319466e+00 5.099351835109912569e-71
-3.317830213374176829e+00 1.786848892588151486e-70
-3.305220042872033304e+00 6.230634030373348496e-70
-3.292609872369889779e+00 2.161963076221347185e-69
-3.279999701867747142e+00 7.465105767863609055e-69
-3.267389531365603617e+00 2.565047258695584170e-68
-3.254779360863460091e+00 8.770544161811955557e-68
-3.242169190361317455e+00 2.984210967028567147e-67
-3.229559019859173929e+00 1.010425666652838551e-66
-3.216948849357030404e+00 3.404482719076366625e-66
-3.204338678854887767e+00 1.141484104465659022e-65
-3.191728508352744242e+00 3.808558449671932003e-65
-3.179118337850600717e+00 1.264513465950103366e-64
-3.166508167348458080e+00 4.177903678538148937e-64
-3.153897996846314555e+00 1.373616736830544633e-63
-3.141287826344171030e+00 4.494123124719603455e-63
-3.128677655842028393e+00 1.463176298855477230e-62
-3.116067485339884868e+00 4.740462378915004320e-62
-3.103457314837741343e+00 1.528330092386110912e-61
-3.090847144335598706e+00 4.903273249728957280e-61
-3.078236973833455181e+00 1.565408037837514583e-60
-3.065626803331311656e+00 4.973265144059397470e-60
-3.053016632829169019e+00 1.572274315946038168e-59
-3.040406462327025494e+00 4.946382986085103336e-59
-3.027796291824881969e+00 1.548531110770030949e-58
-3.015186121322739332e+00 4.824196274928196738e-58
-3.002575950820595807e+00 1.495556778346478629e-57
-2.989965780318452282e+00 4.613747355293635283e-57
-2.977355609816309645e+00 1.416373346696447284e-56
-2.964745439314166120e+00 4.326879303458280617e-56
-2.952135268812022595e+00 1.315361064295990091e-55
-2.939525098309879958e+00 3.979132654572341308e-55
-2.926914927807736433e+00 1.197857499190795853e-54
-2.914304757305592908e+00 3.588353889056034190e-54
-2.901694586803450271e+00 1.069692182425687671e-53
-2.889084416301306746e+00 3.173188645065453868e-53
-2.876474245799163221e+00 9.367130026963952727e-53
-2.863864075297020584e+00 2.751635267791824235e-52
-2.851253904794877059e+00 8.043571398405081202e-52
-2.838643734292733534e+00 2.339811042432429429e-51
-2.826033563790590897e+00 6.773085202598192804e-51
-2.813423393288447372e+00 1.951040374129817016e-50
-2.800813222786303847e+00 5.592680608863024222e-50
-2.788203052284161210e+00 1.595320341046894146e-49
-2.775592881782017685e+00 4.528454321105938518e-49
-2.762982711279874160e+00 1.279164404708147772e-48
-2.750372540777731523e+00 3.595647500014365683e-48
-2.737762370275587998e+00 1.005778401209125366e-47
-2.725152199773444472e+00 2.799639028286264313e-47
-2.712542029271301836e+00 7.754903497229034134e-47
-2.699931858769158310e+00 2.137595214706933578e-46
-2.687321688267014785e+00 5.863397539058614326e-46
-2.674711517764872148e+00 1.600472083926457400e-45
-2.662101347262728623e+00 4.347322400851091415e-45
-2.649491176760585098e+00 1.175088753918509032e-44
-2.636881006258442461e+00 3.160782849388372299e-44
-2.624270835756298936e+00 8.460458805124623861e-44
-2.611660665254155411e+00 2.253556919156382032e-43
-2.599050494752012774e+00 5.973358880062291523e-43
-2.586440324249869249e+00 1.575593728941375237e-42
-2.573830153747725724e+00 4.135666781991590138e-42
-2.561219983245583087e+00 1.080245830317056940e-41
-2.548609812743439562e+00 2.807860482836626570e-41
-2.535999642241296037e+00 7.262805663638985000e-41
-2.523389471739152512e+00 1.869430837366846458e-40
-2.510779301237009875e+00 4.788401629595744291e-40
-2.498169130734866350e+00 1.220528814455597990e-39
-2.485558960232722825e+00 3.095864292197158761e-39
-2.472948789730580188e+00 7.814340274860876803e-39
-2.460338619228436663e+00 1.962814976859480309e-38
-2.447728448726293138e+00 4.906176477573172220e-38
-2.435118278224150501e+00 1.220348428720650693e-37
-2.422508107722006976e+00 3.020657778953733884e-37
-2.409897937219863451e+00 7.440400716281281131e-37
-2.397287766717720814e+00 1.823762884060811091e-36
-2.384677596215577289e+00 4.448543006905744390e-36
-2.372067425713433764e+00 1.079803464027928238e-35
-2.359457255211291127e+00 2.608250338886994056e-35
-2.346847084709147602e+00 6.269481063477855675e-35
-2.334236914207004077e+00 1.499656585638174483e-34
-2.321626743704861440e+00 3.569686543544859150e-34
-2.309016573202717915e+00 8.455640765632696171e-34
-2.296406402700574390e+00 1.993155976861204413e-33
-2.283796232198431753e+00 4.675354151320955152e-33
-2.271186061696288228e+00 1.091355779410019770e-32
-2.258575891194144702e+00 2.535110841063374344e-32
-2.245965720692002066e+00 5.860119398599622499e-32
-2.233355550189858540e+00 1.348015989861577346e-31
-2.220745379687715015e+00 3.085764981793472902e-31
-2.208135209185572378e+00 7.029266868231175495e-31
-2.195525038683428853e+00 1.593443843424672060e-30
-2.182914868181285328e+00 3.594539030781183182e-30
-2.170304697679142691e+00 8.069182223323210725e-30
-2.157694527176999166e+00 1.802585575943841499e-29
-2.145084356674855641e+00 4.007213511289806890e-29
-2.132474186172713004e+00 8.864810868300449123e-29
-2.119864015670569479e+00 1.951538149830219799e-28
-2.107253845168425954e+00 4.275288041088733183e-28
-2.094643674666283317e+00 9.320402425145666596e-28
-2.082033504164139792e+00 2.022018329576302542e-27
-2.069423333661996267e+00 4.365327639450447396e-27
-2.056813163159853630e+00 9.378429808459992796e-27
-2.044202992657710105e+00 2.005049736783546519e-26
-2.031592822155566580e+00 4.265815841922124176e-26
-2.018982651653423943e+00 9.031527286056944877e-26
-2.006372481151280418e+00 1.902841650401872417e-25
-1.993762310649136893e+00 3.989575336344142282e-25
-1.981152140146994256e+00 8.324027050488114533e-25
-1.968541969644850731e+00 1.728316637139400303e-24
-1.955931799142707206e+00 3.571053709285039131e-24
-1.943321628640564569e+00 7.342651743706644456e-24
-1.930711458138421044e+00 1.502426354583168090e-23
-1.918101287636277519e+00 3.059267212663423040e-23
-1.905491117134134882e+00 6.199059927250080528e-23
-1.892880946631991357e+00 1.250025039427210815e-22
-1.880270776129847832e+00 2.508397171008853052e-22
-1.867660605627705195e+00 5.009090360456461209e-22
-1.855050435125561670e+00 9.954207080118023591e-22
-1.842440264623418145e+00 1.968520719917310605e-21
-1.829830094121275508e+00 3.873995409516815444e-21
-1.817219923619131983e+00 7.586898770100192427e-21
-1.804609753116988458e+00 1.478617504462744370e-20
-1.791999582614845821e+00 2.867702263517552062e-20
-1.779389412112702296e+00 5.534765678625768761e-20
-1.766779241610558771e+00 1.063045104834147511e-19
-1.754169071108415245e+00 2.031850417298219991e-19
-1.741558900606272609e+00 3.864734664604034206e-19
-1.728948730104129083e+00 7.315362823767132894e-19
-1.716338559601985558e+00 1.377972763043456576e-18
-1.703728389099842921e+00 2.583058923501149849e-18
-1.691118218597699396e+00 4.818559887853785159e-18
-1.678508048095555871e+00 8.945195472491696722e-18
-1.665897877593413234e+00 1.652541606031729223e-17
-1.653287707091269709e+00 3.038122893553643719e-17
-1.640677536589126184e+00 5.558390093550240268e-17
-1.628067366086983547e+00 1.012007778591679937e-16
-1.615457195584840022e+00 1.833623733896708231e-16
-1.602847025082696497e+00 3.306195617864640858e-16
-1.590236854580553860e+00 5.932520433313704038e-16
-1.577626684078410335e+00 1.059357977383917432e-15
-1.565016513576266810e+00 1.882519489396859989e-15
-1.552406343074124173e+00 3.329123539536928888e-15
-1.539796172571980648e+00 5.858878518848041142e-15
-1.527186002069837123e+00 1.026109473779489276e-14
-1.514575831567694486e+00 1.788413776769417530e-14
-1.501965661065550961e+00 3.101972303261091280e-14
-1.489355490563407436e+00 5.354315165453158666e-14
-1.476745320061264799e+00 9.197431698700651164e-14
-1.464135149559121274e+00 1.572267251466938781e-13
-1.451524979056977749e+00 2.674754136611019396e-13
-1.438914808554835112e+00 4.528346258297790262e-13
-1.426304638052691587e+00 7.629467383347358354e-13
-1.413694467550548062e+00 1.279228817837776211e-12
-1.401084297048405425e+00 2.134530039220030616e-12
-1.388474126546261900e+00 3.544516057976045908e-12
-1.375863956044118375e+00 5.857508125772395928e-12
-1.363253785541975738e+00 9.633204409513407359e-12
-1.350643615039832213e+00 1.576635291366185618e-11
-1.338033444537688688e+00 2.567999813448188428e-11
-1.325423274035546051e+00 4.162581133730360790e-11
-1.312813103533402526e+00 6.714831764911249845e-11
-1.300202933031259001e+00 1.077985707780215858e-10
-1.287592762529116364e+00 1.722253486027874882e-10
-1.274982592026972839e+00 2.738344767703775496e-10
-1.262372421524829313e+00 4.332982827387806696e-10
-1.249762251022686677e+00 6.823299291683363359e-10
-1.237152080520543151e+00 1.069328973695053257e-09
-1.224541910018399626e+00 1.667779295220050791e-09
-1.211931739516256989e+00 2.588672126394899659e-09
-1.199321569014113464e+00 3.998781397050147119e-09
-1.186711398511969939e+00 6.147398556065395356e-09
-1.174101228009827302e+00 9.405224000683625845e-09
-1.161491057507683777e+00 1.432062529396095055e-08
-1.148880887005540252e+00 2.170055860342344758e-08
-1.136270716503397615e+00 3.272630681043399327e-08
-1.123660546001254090e+00 4.911807327293955591e-08
-1.111050375499110565e+00 7.336771752687150470e-08
-1.098440204996967928e+00 1.090659551299126733e-07
-1.085830034494824403e+00 1.613597097983946083e-07
-1.073219863992680878e+00 2.375876817120118230e-07
-1.060609693490538241e+00 3.481584256681883656e-07
-1.047999522988394716e+00 5.077563534928455850e-07
-1.035389352486251191e+00 7.369883446579071780e-07
-1.022779181984108554e+00 1.064618573699685291e-06
-1.010169011481965029e+00 1.530583520991063219e-06
-9.975588409798215039e-01 2.190034991223431386e-06
-9.849486704776788670e-01 3.118728681225215957e-06
-9.723384999755353419e-01 4.420162055873127219e-06
-9.597283294733918169e-01 6.234970892942141504e-06
-9.471181589712491800e-01 8.753221907121259816e-06
-9.345079884691056549e-01 1.223039249213903126e-05
-9.218978179669621298e-01 1.700801087312845466e-05
-9.092876474648186047e-01 2.354014358217799895e-05
-8.966774769626759678e-01 3.242716431770088439e-05
-8.840673064605324427e-01 4.445852014232976100e-05
-8.714571359583889176e-01 6.066652746044619515e-05
-8.588469654562462807e-01 8.239357925595668629e-05
-8.462367949541027556e-01 1.113755221552817641e-04
-8.336266244519592306e-01 1.498443593906132138e-04
-8.210164539498165936e-01 2.006538422662536953e-04
-8.084062834476730686e-01 2.674319123989805816e-04
-7.957961129455295435e-01 3.547643288283984096e-04
-7.831859424433869066e-01 4.684141314496913602e-04
-7.705757719412433815e-01 6.155818224753483803e-04
-7.579656014390998564e-01 8.052112520311400026e-04
-7.453554309369572195e-01 1.048346127889260076e-03
-7.327452604348136944e-01 1.358541782861320693e-03
-7.201350899326701693e-01 1.752336272595233450e-03
-7.075249194305275324e-01 2.249783985270072985e-03
-6.949147489283840073e-01 2.875053666990933648e-03
-6.823045784262404823e-01 3.657091049942727806e-03
-6.696944079240978454e-01 4.630344069169682782e-03
-6.570842374219543203e-01 5.835545934490010689e-03
-6.444740669198107952e-01 7.320548069500007818e-03
-6.318638964176681583e-01 9.141191144837886376e-03
-6.192537259155246332e-01 1.136219815020939918e-02
-6.066435554133811081e-01 1.405806873397990632e-02
-5.940333849112384712e-01 1.731394899226064432e-02
-5.814232144090949461e-01 2.122644565352904689e-02
-5.688130439069514210e-01 2.590434836429610782e-02
-5.562028734048087841e-01 3.146921876244463540e-02
-5.435927029026652590e-01 3.805580049310490487e-02
-5.309825324005217340e-01 4.581220057648259514e-02
-5.183723618983790971e-01 5.489978990208668058e-02
-5.057621913962355720e-01 6.549276943661887229e-02
-4.931520208940920469e-01 7.777734932892811648e-02
-4.805418503919494100e-01 9.195049079090926447e-02
-4.679316798898058849e-01 1.082181657045066109e-01
-4.553215093876623598e-01 1.267930965678349953e-01
-4.427113388855197229e-01 1.478919497810491090e-01
-4.301011683833761978e-01 1.717319684148873316e-01
-4.174909978812326727e-01 1.985270464099492260e-01
-4.048808273790900358e-01 2.284832643944091912e-01
-3.922706568769465107e-01 2.617939276076652333e-01
-3.796604863748029857e-01 2.986341682539823128e-01
-3.670503158726603488e-01 3.391551973161395783e-01
-3.544401453705168237e-01 3.834783136354372179e-01
-3.418299748683732986e-01 4.316888000033300976e-01
-3.292198043662306617e-01 4.838298561246824891e-01
-3.166096338640871366e-01 5.398967355757730013e-01
-3.039994633619436115e-01 5.998312672690017111e-01
-2.913892928598009746e-01 6.635169504827167497e-01
-2.787791223576574495e-01 7.307748153558794035e-01
-2.661689518555139244e-01 8.013602371803589808e-01
-2.535587813533712875e-01 8.749608823519715584e-01
-2.409486108512277625e-01 9.511959462179985225e-01
-2.283384403490842374e-01 1.029616818321046567e+00
-2.157282698469416005e-01 1.109709279029818418e+00
-2.031180993447980754e-01 1.190897293922605238e+00
-1.907296212577645478e-01 1.271112792895320753e+00
-1.790751809198734557e-01 1.346405886468030166e+00
-1.681328766829025823e-01 1.416431165461189412e+00
-1.578591939883211837e-01 1.481143555219780916e+00
-1.482132772030496648e-01 1.540611517096226901e+00
-1.391567671477560997e-01 1.594990644973755423e+00
-1.306536485528615454e-01 1.644500393768658641e+00
-1.226701068356443602e-01 1.689404249805368297e+00
-1.151743936288669723e-01 1.729993328577333234e+00
-1.081367005261812397e-01 1.766573179826369078e+00
-1.015290405422311915e-01 1.799453464488325993e+00
-9.532513681604738720e-02 1.828940117305315249e+00
-8.950031811513789459e-02 1.855329601766348757e+00
-8.403142072473115953e-02 1.878904884246376472e+00
-7.889669633199995757e-02 1.899932789826261903e+00
-7.407572553895482026e-02 1.918662444952279555e+00
-6.954933666007066806e-02 1.935324556310714650e+00
-6.529952948172380867e-02 1.950131317630769523e+00
-6.130940368025181858e-02 1.963276774670461799e+00
-5.756309161397969026e-02 1.974937512491499847e+00
-5.404569522193657799e-02 1.985273558066303234e+00
-5.074322677833183887e-02 1.994429415465676758e+00
-4.764255326718694339e-02 2.002535170758461103e+00
-4.473134415591366320e-02 2.009707619830922276e+00
-4.199802236014917034e-02 2.016051385145111396e+00
-3.943171820485173729e-02 2.021659997527617936e+00
-3.702222619856760516e-02 2.026616926889920567e+00
-3.475996444897584692e-02 2.030996551753438517e+00
-3.263593655831751456e-02 2.034865061946824039e+00
-3.064169584717604811e-02 2.038281292166681080e+00
-2.876931176433708895e-02 2.041297486496389535e+00
-2.701133834915109624e-02 2.043959995668346519e+00
-2.536078462097863737e-02 2.046309909997320542e+00
-2.381108677796769241e-02 2.048383631640282587e+00
-2.235608209460499679e-02 2.050213390255120505e+00
-2.098998441423788677e-02 2.051827706319493849e+00
-1.970736113910750986e-02 2.053251806394923218e+00
-1.850311162639044910e-02 2.054507994529696902e+00
-1.737244690433337180e-02 2.055615983823956494e+00
-1.631087062781888183e-02 2.056593191959968259e+00
-1.531416119762810286e-02 2.057455004250725139e+00
-1.437835497229224616e-02 2.058215007496372095e+00
-1.349973050577157364e-02 2.058885197670980549e+00
-1.267479374828037013e-02 2.059476164199942616e+00
-1.190026415140387275e-02 2.059997253336953271e+00
-1.117306162225225469e-02 2.060456712909589427e+00
-1.049029427477177374e-02 2.060861820480747841e+00
-9.849246929502866038e-03 2.061218996764958789e+00
-9.247370316051994887e-03 2.061533905949334056e+00
-8.682270935339195597e-03 2.061811544394710261e+00
-8.151701541304996398e-03 2.062056319034442975e+00
-7.653552204225974771e-03 2.062272116645708309e+00
-7.185841920100037063e-03 2.062462365038761902e+00
-6.746710732733945948e-03 2.062630087093983100e+00
-6.334412337204842376e-03 2.062777948472400702e+00
-5.947307135282262590e-03 2.062908299732519879e+00
-5.583855715193143839e-03 2.063023213502831243e+00
-5.242612729801200168e-03 2.063124517285976456e+00
-4.922221148855803613e-03 2.063213822403964670e+00
-4.621406862452884928e-03 2.063292549535431064e+00
-4.338973614247355545e-03 2.063361951244199410e+00
-4.073798244268176869e-03 2.063423131851612524e+00
-3.824826222417472815e-03 2.063477064964585050e+00
-3.591067454892035368e-03 2.063524608934848459e+00
-3.371592346850472034e-03 2.063566520492696288e+00
-3.165528105668122608e-03 2.063603466770277173e+00
-2.972055270078842893e-03 2.063636035903949395e+00
-2.790404451401243442e-03 2.063664746383569781e+00
-2.619853273889739126e-03 2.063690055296150128e+00
-2.459723502043294555e-03 2.063712365594656095e+00
-2.309378343447928035e-03 2.063732032507012981e+00
-2.168219916426995363e-03 2.063749369186723914e+00
-2.035686872428882702e-03 2.063764651694910857e+00
-1.911252163696946192e-03 2.063778123392773889e+00
-1.794420947344431763e-03 2.063789998813998938e+00
-1.684728617499294890e-03 2.063800467078920509e+00
-1.581738957693386684e-03 2.063809694904366054e+00
-1.485042406148618429e-03 2.063817829257172942e+00
-1.394254427061488973e-03 2.063824999693518958e+00
-1.309013981409089993e-03 2.063831320421227744e+00
-1.228982091195453740e-03 2.063836892117825172e+00
-1.153840491428526288e-03 2.063841803533309260e+00
-1.083290364467113165e-03 2.063846132903064845e+00
-1.017051151704679570e-03 2.063849949193507172e+00
-9.548594378642998991e-04 2.063853313200060935e+00
-8.964679034679587247e-04 2.063856278515158849e+00
-8.416443413144891576e-04 2.063858892381627452e+00
-7.901707330548732918e-04 2.063861196444861879e+00
-7.418423821927417998e-04 2.063863227415995816e+00
-6.964671000622763746e-04 2.063865017656462353e+00
-6.538644415463101345e-04 2.063866595693351069e+00
-6.138649874953195544e-04 2.063867986673666000e+00
-5.763096709937077546e-04 2.063869212764790184e+00
-5.410491447940707658e-04 2.063870293507495735e+00
-5.079431874039339089e-04 2.063871246127142012e+00
-4.768601454631505969e-04 2.063872085808062362e+00
-4.476764101943878299e-04 2.063872825935310296e+00
-4.202759258447686459e-04 2.063873478307861387e+00
-3.945497281637799845e-04 2.063874053326595348e+00
-3.703955110821903832e-04 2.063874560159876026e+00
-3.477172198687347553e-04 2.063875006889614561e+00
-3.264246691466341703e-04 2.063875400639998858e+00
-3.064331842509692436e-04 2.063875747690996576e+00
-2.876632645006474724e-04 2.063876053578346692e+00
-2.700402670458676067e-04 2.063876323181758288e+00
-2.534941100338807115e-04 2.063876560802634597e+00
-2.379589939125882462e-04 2.063876770232623947e+00
-2.233731397636618432e-04 2.063876954814020781e+00
-2.096785436246481258e-04 2.063877117492966651e+00
-1.968207458230403738e-04 2.063877260866430419e+00
-1.847486144050079770e-04 2.063877387223599147e+00
-1.734141417975726429e-04 2.063877498582313397e+00
-1.627722538955931274e-04 2.063877596721234386e+00
-1.527806308143372189e-04 2.063877683208206193e+00
-1.433995385948514170e-04 2.063877759425216230e+00
-1.345916711928507147e-04 2.063877826590429176e+00
-1.263220021227506255e-04 2.063877885777584353e+00
-1.185576451668948804e-04 2.063877937933165985e+00
-1.112677235960431003e-04 2.063877983891410306e+00
-1.044232473810362147e-04 2.063878024387652221e+00
-9.799699790736354202e-05 2.063878060070060805e+00
-9.196341973416139544e-05 2.063878091509919965e+00
-8.629851896719176359e-05 2.063878119210801998e+00
-8.097976784167412539e-05 2.063878143616531435e+00
-7.598601513551331310e-05 2.063878165118326002e+00
-7.129740205665540287e-05 2.063878184060981891e+00
-6.689528327009240302e-05 2.063878200748407554e+00
-6.276215275045356852e-05 2.063878215448468723e+00
-5.888157416531500463e-05 2.063878228397247216e+00
-5.523811551239205268e-05 2.063878239802819259e+00
-5.181728775067791524e-05 2.063878249848575042e+00
-4.860548718147756638e-05 2.063878258696131063e+00
-4.558994135021126844e-05 2.063878266487944924e+00
-4.275865825384858419e-05 2.063878273349545545e+00
-4.010037865198160146e-05 2.063878279391577308e+00
-3.760453129189908716e-05 2.063878284711553768e+00
-3.526119086959958525e-05 2.063878289395381760e+00
-3.306103855956327154e-05 2.063878293518801588e+00
-3.099532495632644548e-05 2.063878297148538543e+00
-2.905583528048395544e-05 2.063878300343388705e+00
-2.723485671075096226e-05 2.063878303155191496e+00
-2.552514771217800657e-05 2.063878305629583743e+00
-2.391990923854284747e-05 2.063878307806821244e+00
-2.241275769439721272e-05 2.063878309722343207e+00
-2.099769954925015053e-05 2.063878311407382427e+00
-1.966910750293300909e-05 2.063878312889471989e+00
-1.842169810736080741e-05 2.063878314192858276e+00
-1.725051075570132930e-05 2.063878315338894431e+00
-1.615088795539561633e-05 2.063878316346407171e+00
-1.511845680657980123e-05 2.063878317231977899e+00
-1.414911161225593266e-05 2.063878318010206936e+00
-1.323899755105558475e-05 2.063878318693959102e+00
-1.238449534766613459e-05 2.063878319294569774e+00
-1.158220687996078599e-05 2.063878319822026519e+00
-1.082894166559426607e-05 2.063878320285101875e+00
-1.012170417432434343e-05 2.063878320691551416e+00
-9.457681915605696142e-06 2.063878321048188802e+00
-8.834234254082606896e-06 2.063878321361013235e+00
-8.248881908502043135e-06 2.063878321635316038e+00
-7.699297092288845179e-06 2.063878321875747268e+00
-7.183294256573823982e-06 2.063878322086399653e+00
-6.698821398861734940e-06 2.063878322270883636e+00
-6.243951902777456888e-06 2.063878322432387336e+00
-5.816876876438485798e-06 2.063878322573676538e+00
-5.415897958985060038e-06 2.063878322697231038e+00
-5.039420566662596439e-06 2.063878322805206444e+00
-4.685947551597296836e-06 2.063878322899502127e+00
-4.354073248047161842e-06 2.063878322981791413e+00
-4.042477882453245495e-06 2.063878323053566888e+00
-3.749922325059951160e-06 2.063878323116094204e+00
-3.475243162234227762e-06 2.063878323170541318e+00
-3.217348069887064443e-06 2.063878323217889221e+00
-2.975211469598384632e-06 2.063878323259018988e+00
-2.747870450171603521e-06 2.063878323294713990e+00
-2.534420938398601179e-06 2.063878323325638586e+00
-2.334014103807039897e-06 2.063878323352402511e+00
-2.145852983093271333e-06 2.063878323375526236e+00
-1.969189310816785935e-06 2.063878323395469394e+00
-1.803320543752548581e-06 2.063878323412631222e+00
-1.647587067068355029e-06 2.063878323427366102e+00
-1.501369571216668681e-06 2.063878323439997775e+00
-1.364086589109387048e-06 2.063878323450790919e+00
-1.235192183781944781e-06 2.063878323459986230e+00
-1.114173777351006344e-06 2.063878323467779552e+00
-1.000550112631961414e-06 2.063878323474374277e+00
-8.938693393104654022e-07 2.063878323479913846e+00
-7.937072170570570337e-07 2.063878323484556798e+00
-6.996654284390261791e-07 2.063878323488415933e+00
-6.113699949207071113e-07 2.063878323491588951e+00
-5.284697896529079203e-07 2.063878323494173994e+00
-4.506351411371571005e-07 2.063878323496269651e+00
-3.775565222121384326e-07 2.063878323497927436e+00
-3.089433191486484405e-07 2.063878323499216627e+00
-2.445226759580218821e-07 2.063878323500196288e+00
-1.840384093183425875e-07 2.063878323500904610e+00
-1.272499898032904365e-07 2.063878323501394441e+00
-7.393158536218592144e-08 2.063878323501688428e+00
-2.387116324756687046e-08 2.063878323501824319e+00
2.387116324756687046e-08 2.063878323501824319e+00
7.393158536217865548e-08 2.063878323501688428e+00
1.272499898032904365e-07 2.063878323501394441e+00
1.840384093183425875e-07 2.063878323500904610e+00
2.445226759580130942e-07 2.063878323500196288e+00
3.089433191486484405e-07 2.063878323499216627e+00
3.775565222121384326e-07 2.063878323497927436e+00
4.506351411371465126e-07 2.063878323496269651e+00
5.284697896529079203e-07 2.063878323494173994e+00
6.113699949207071113e-07 2.063878323491588951e+00
6.996654284390133677e-07 2.063878323488415933e+00
7.937072170570570337e-07 2.063878323484556798e+00
8.938693393104654022e-07 2.063878323479913846e+00
1.000550112631946167e-06 2.063878323474374277e+00
1.114173777351006344e-06 2.063878323467779552e+00
1.235192183781944781e-06 2.063878323459986230e+00
1.364086589109368413e-06 2.063878323450790919e+00
1.501369571216668681e-06 2.063878323439997775e+00
1.647587067068355029e-06 2.063878323427366102e+00
1.803320543752526134e-06 2.063878323412631222e+00
1.969189310816785935e-06 2.063878323395469394e+00
2.145852983093271333e-06 2.063878323375526236e+00
2.334014103807012369e-06 2.063878323352402511e+00
2.534420938398601179e-06 2.063878323325638586e+00
2.747870450171603521e-06 2.063878323294713990e+00
2.975211469598351597e-06 2.063878323259018988e+00
3.217348069887064443e-06 2.063878323217889221e+00
3.475243162234227762e-06 2.063878323170541318e+00
3.749922325059911349e-06 2.063878323116094204e+00
4.042477882453245495e-06 2.063878323053566888e+00
4.354073248047161842e-06 2.063878322981791413e+00
4.685947551597248555e-06 2.063878322899502127e+00
5.039420566662596439e-06 2.063878322805206444e+00
5.415897958985004981e-06 2.063878322697231038e+00
5.816876876438427352e-06 2.063878322573676538e+00
6.243951902777456888e-06 2.063878322432387336e+00
6.698821398861668871e-06 2.063878322270883636e+00
7.183294256573753678e-06 2.063878322086399653e+00
7.699297092288845179e-06 2.063878321875747268e+00
8.248881908501963514e-06 2.063878321635316038e+00
8.834234254082522193e-06 2.063878321361013235e+00
9.457681915605696142e-06 2.063878321048188802e+00
1.012170417432424687e-05 2.063878320691551416e+00
1.082894166559416273e-05 2.063878320285101875e+00
1.158220687996078599e-05 2.063878319822026519e+00
1.238449534766601939e-05 2.063878319294569774e+00
1.323899755105545939e-05 2.063878318693959102e+00
1.414911161225593266e-05 2.063878318010206936e+00
1.511845680657965724e-05 2.063878317231977899e+00
1.615088795539546725e-05 2.063878316346407171e+00
1.725051075570132930e-05 2.063878315338894431e+00
1.842169810736063801e-05 2.063878314192858276e+00
1.966910750293282952e-05 2.063878312889471989e+00
2.099769954925015053e-05 2.063878311407382427e+00
2.241275769439700604e-05 2.063878309722343207e+00
2.391990923854262385e-05 2.063878307806821244e+00
2.552514771217800657e-05 2.063878305629583743e+00
2.723485671075071492e-05 2.063878303155191496e+00
2.905583528048369117e-05 2.063878300343388705e+00
3.099532495632644548e-05 2.063878297148538543e+00
3.306103855956297338e-05 2.063878293518801588e+00
3.526119086959926676e-05 2.063878289395374210e+00
3.760453129189908716e-05 2.063878284711553768e+00
4.010037865198123555e-05 2.063878279391577308e+00
4.275865825384819795e-05 2.063878273349545545e+00
4.558994135021126844e-05 2.063878266487944924e+00
4.860548718147712592e-05 2.063878258696131063e+00
5.181728775067744768e-05 2.063878249848575042e+00
5.523811551239205268e-05 2.063878239802819259e+00
5.888157416531447608e-05 2.063878228397247216e+00
6.276215275045299931e-05 2.063878215448468723e+00
6.689528327009240302e-05 2.063878200748407554e+00
7.129740205665476590e-05 2.063878184060981891e+00
7.598601513551263547e-05 2.063878165118326002e+00
8.097976784167412539e-05 2.063878143616531435e+00
8.629851896719099109e-05 2.063878119210801998e+00
9.196341973416056873e-05 2.063878091509919965e+00
9.799699790736354202e-05 2.063878060070060805e+00
1.044232473810352796e-04 2.063878024387652221e+00
1.112677235960420974e-04 2.063877983891410306e+00
1.185576451668948804e-04 2.063877937933165985e+00
1.263220021227494871e-04 2.063877885777584353e+00
1.345916711928494950e-04 2.063877826590429176e+00
1.433995385948514170e-04 2.063877759425216230e+00
1.527806308143358637e-04 2.063877683208206193e+00
1.627722538955916909e-04 2.063877596721234386e+00
1.734141417975726429e-04 2.063877498582313397e+00
1.847486144050063236e-04 2.063877387223599147e+00
1.968207458230386390e-04 2.063877260866430419e+00
2.096785436246481258e-04 2.063877117492966651e+00
2.233731397636598375e-04 2.063876954814020781e+00
2.379589939125861320e-04 2.063876770232623947e+00
2.534941100338807115e-04 2.063876560802634597e+00
2.700402670458652214e-04 2.063876323181758288e+00
2.876632645006474724e-04 2.063876053578346692e+00
3.064331842509692436e-04 2.063875747690996576e+00
3.264246691466312429e-04 2.063875400639998858e+00
3.477172198687347553e-04 2.063875006889614561e+00
3.703955110821903832e-04 2.063874560159876026e+00
3.945497281637764609e-04 2.063874053326595348e+00
4.202759258447686459e-04 2.063873478307861387e+00
4.476764101943878299e-04 2.063872825935310296e+00
4.768601454631463685e-04 2.063872085808062362e+00
5.079431874039339089e-04 2.063871246127142012e+00
5.410491447940683806e-04 2.063870293507495735e+00
5.763096709937052609e-04 2.063869212764790184e+00
6.138649874953195544e-04 2.063867986673666000e+00
6.538644415463072072e-04 2.063866595693351069e+00
6.964671000622733388e-04 2.063865017656462353e+00
7.418423821927417998e-04 2.063863227415995816e+00
7.901707330548697139e-04 2.063861196444861879e+00
8.416443413144852545e-04 2.063858892381627452e+00
8.964679034679587247e-04 2.063856278515158849e+00
9.548594378642956708e-04 2.063853313200060935e+00
1.017051151704675017e-03 2.063849949193507172e+00
1.083290364467113165e-03 2.063846132903064845e+00
1.153840491428521084e-03 2.063841803533309260e+00
1.228982091195448319e-03 2.063836892117825172e+00
1.309013981409089993e-03 2.063831320421227744e+00
1.394254427061482901e-03 2.063824999693518958e+00
1.485042406148611707e-03 2.063817829257172942e+00
1.581738957693386684e-03 2.063809694904366054e+00
1.684728617499287517e-03 2.063800467078920509e+00
1.794420947344423523e-03 2.063789998813998938e+00
1.911252163696946192e-03 2.063778123392773889e+00
2.035686872428873594e-03 2.063764651694903307e+00
2.168219916426985822e-03 2.063749369186723914e+00
2.309378343447928035e-03 2.063732032507012981e+00
2.459723502043281544e-03 2.063712365594656095e+00
2.619853273889716141e-03 2.063690055296150128e+00
2.790404451401243442e-03 2.063664746383569781e+00
2.972055270078832485e-03 2.063636035903949395e+00
3.165528105668094852e-03 2.063603466770277173e+00
3.371592346850472034e-03 2.063566520492696288e+00
3.591067454892016286e-03 2.063524608934840909e+00
3.824826222417438987e-03 2.063477064964585050e+00
4.073798244268176869e-03 2.063423131851612524e+00
4.338973614247340800e-03 2.063361951244199410e+00
4.621406862452843295e-03 2.063292549535431064e+00
4.922221148855803613e-03 2.063213822403964670e+00
5.242612729801172412e-03 2.063124517285976456e+00
5.583855715193094399e-03 2.063023213502831243e+00
5.947307135282262590e-03 2.062908299732519879e+00
6.334412337204820692e-03 2.062777948472400702e+00
6.746710732733886100e-03 2.062630087093983100e+00
7.185841920100037063e-03 2.062462365038761902e+00
7.653552204225934005e-03 2.062272116645708309e+00
8.151701541304925275e-03 2.062056319034442975e+00
8.682270935339195597e-03 2.061811544394710261e+00
9.247370316051963662e-03 2.061533905949334056e+00
9.849246929502777567e-03 2.061218996764958789e+00
1.049029427477177374e-02 2.060861820480747841e+00
1.117306162225219397e-02 2.060456712909589427e+00
1.190026415140376694e-02 2.059997253336953271e+00
1.267479374828037013e-02 2.059476164199942616e+00
1.349973050577152334e-02 2.058885197670980549e+00
1.437835497229211779e-02 2.058215007496372095e+00
1.531416119762810286e-02 2.057455004250725139e+00
1.631087062781879510e-02 2.056593191959968259e+00
1.737244690433321567e-02 2.055615983823956494e+00
1.850311162639044910e-02 2.054507994529696902e+00
1.970736113910743700e-02 2.053251806394923218e+00
2.098998441423769942e-02 2.051827706319493849e+00
2.235608209460499679e-02 2.050213390255120505e+00
2.381108677796757098e-02 2.048383631640282587e+00
2.536078462097841185e-02 2.046309909997320542e+00
2.701133834915109624e-02 2.043959995668346519e+00
2.876931176433698834e-02 2.041297486496389535e+00
3.064169584717577749e-02 2.038281292166681080e+00
3.263593655831751456e-02 2.034865061946824039e+00
3.475996444897566651e-02 2.030996551753438517e+00
3.702222619856727903e-02 2.026616926889920567e+00
3.943171820485173729e-02 2.021659997527617936e+00
4.199802236014902462e-02 2.016051385145111396e+00
4.473134415591326768e-02 2.009707619830929382e+00
4.764255326718694339e-02 2.002535170758461103e+00
5.074322677833156825e-02 1.994429415465676758e+00
5.404569522193609227e-02 1.985273558066303234e+00
5.756309161397969026e-02 1.974937512491499847e+00
6.130940368025160347e-02 1.963276774670468905e+00
6.529952948172323968e-02 1.950131317630769523e+00
6.954933666007066806e-02 1.935324556310714650e+00
7.407572553895443168e-02 1.918662444952286661e+00
7.889669633199926368e-02 1.899932789826268786e+00
8.403142072473115953e-02 1.878904884246376472e+00
8.950031811513757540e-02 1.855329601766348757e+00
9.532513681604654066e-02 1.828940117305321911e+00
1.015290405422311915e-01 1.799453464488325993e+00
1.081367005261806707e-01 1.766573179826375517e+00
1.151743936288659592e-01 1.729993328577333234e+00
1.226701068356443602e-01 1.689404249805368297e+00
1.306536485528610736e-01 1.644500393768664637e+00
1.391567671477548507e-01 1.594990644973761196e+00
1.482132772030496648e-01 1.540611517096226901e+00
1.578591939883203232e-01 1.481143555219786245e+00
1.681328766829011112e-01 1.416431165461199848e+00
1.790751809198728173e-01 1.346405886468035273e+00
1.907296212577638539e-01 1.271112792895325416e+00
2.031180993447962990e-01 1.190897293922613898e+00
2.157282698469407123e-01 1.109709279029826412e+00
2.283384403490833492e-01 1.029616818321054117e+00
2.409486108512259861e-01 9.511959462180089586e-01
2.535587813533703994e-01 8.749608823519778866e-01
2.661689518555130363e-01 8.013602371803648650e-01
2.787791223576556732e-01 7.307748153558900617e-01
2.913892928598000864e-01 6.635169504827216347e-01
3.039994633619427233e-01 5.998312672690060410e-01
3.166096338640853602e-01 5.398967355757808839e-01
3.292198043662297735e-01 4.838298561246859864e-01
3.418299748683724104e-01 4.316888000033348161e-01
3.544401453705150473e-01 3.834783136354456001e-01
3.670503158726594606e-01 3.391551973161433531e-01
3.796604863748020975e-01 2.986341682539855324e-01
3.922706568769447344e-01 2.617939276076700628e-01
4.048808273790891477e-01 2.284832643944116615e-01
4.174909978812317846e-01 1.985270464099513632e-01
4.301011683833744215e-01 1.717319684148910786e-01
4.427113388855188347e-01 1.478919497810501915e-01
4.553215093876614716e-01 1.267930965678368549e-01
4.679316798898041085e-01 1.082181657045093587e-01
4.805418503919485218e-01 9.195049079090991673e-02
4.931520208940911587e-01 7.777734932892925446e-02
5.057621913962337956e-01 6.549276943662055150e-02
5.183723618983782089e-01 5.489978990208748549e-02
5.309825324005208458e-01 4.581220057648326821e-02
5.435927029026652590e-01 3.805580049310490487e-02
5.562028734048078960e-01 3.146921876244498928e-02
5.688130439069505329e-01 2.590434836429657967e-02
5.814232144090949461e-01 2.122644565352904689e-02
5.940333849112375830e-01 1.731394899226094963e-02
6.066435554133802199e-01 1.405806873398015612e-02
6.192537259155246332e-01 1.136219815020939918e-02
6.318638964176672701e-01 9.141191144838049440e-03
6.444740669198099070e-01 7.320548069500111901e-03
6.570842374219543203e-01 5.835545934490010689e-03
6.696944079240969572e-01 4.630344069169753038e-03
6.823045784262395941e-01 3.657091049942782883e-03
6.949147489283840073e-01 2.875053666990933648e-03
7.075249194305266442e-01 2.249783985270112883e-03
7.201350899326692812e-01 1.752336272595264458e-03
7.327452604348136944e-01 1.358541782861320693e-03
7.453554309369563313e-01 1.048346127889282411e-03
7.579656014390989682e-01 8.052112520311578920e-04
7.705757719412433815e-01 6.155818224753483803e-04
7.831859424433860184e-01 4.684141314497000880e-04
7.957961129455286553e-01 3.547643288284046980e-04
8.084062834476730686e-01 2.674319123989805816e-04
8.210164539498157055e-01 2.006538422662583303e-04
8.336266244519583424e-01 1.498443593906158972e-04
8.462367949541027556e-01 1.113755221552817641e-04
8.588469654562453925e-01 8.239357925595844811e-05
8.714571359583880295e-01 6.066652746044748264e-05
8.840673064605324427e-01 4.445852014232976100e-05
8.966774769626750796e-01 3.242716431770169077e-05
9.092876474648177165e-01 2.354014358217854444e-05
9.218978179669621298e-01 1.700801087312845466e-05
9.345079884691047667e-01 1.223039249213929215e-05
9.471181589712474036e-01 8.753221907121632510e-06
9.597283294733918169e-01 6.234970892942141504e-06
9.723384999755344538e-01 4.420162055873222087e-06
9.849486704776770907e-01 3.118728681225376893e-06
9.975588409798215039e-01 2.190034991223431386e-06
1.010169011481964141e+00 1.530583520991106629e-06
1.022779181984106778e+00 1.064618573699740137e-06
1.035389352486251191e+00 7.369883446579071780e-07
1.047999522988393828e+00 5.077563534928564906e-07
1.060609693490536465e+00 3.481584256682087474e-07
1.073219863992680878e+00 2.375876817120118230e-07
1.085830034494823515e+00 1.613597097983994787e-07
1.098440204996966152e+00 1.090659551299188805e-07
1.111050375499110565e+00 7.336771752687150470e-08
1.123660546001253202e+00 4.911807327294095219e-08
1.136270716503395839e+00 3.272630681043597188e-08
1.148880887005540252e+00 2.170055860342344758e-08
1.161491057507682889e+00 1.432062529396125495e-08
1.174101228009825526e+00 9.405224000684193291e-09
1.186711398511969939e+00 6.147398556065395356e-09
1.199321569014112576e+00 3.998781397050275332e-09
1.211931739516255213e+00 2.588672126395055996e-09
1.224541910018399626e+00 1.667779295220050791e-09
1.237152080520542263e+00 1.069328973695091101e-09
1.249762251022684900e+00 6.823299291683824512e-10
1.262372421524829313e+00 4.332982827387806696e-10
1.274982592026971950e+00 2.738344767703872689e-10
1.287592762529114587e+00 1.722253486028003354e-10
1.300202933031259001e+00 1.077985707780215858e-10
1.312813103533401637e+00 6.714831764911512217e-11
1.325423274035544274e+00 4.162581133730627039e-11
1.338033444537688688e+00 2.567999813448188428e-11
1.350643615039831325e+00 1.576635291366241840e-11
1.363253785541973961e+00 9.633204409514056825e-12
1.375863956044118375e+00 5.857508125772395928e-12
1.388474126546261012e+00 3.544516057976171924e-12
1.401084297048403648e+00 2.134530039220189752e-12
1.413694467550548062e+00 1.279228817837776211e-12
1.426304638052690699e+00 7.629467383347628964e-13
1.438914808554833336e+00 4.528346258298080057e-13
1.451524979056977749e+00 2.674754136611019396e-13
1.464135149559120386e+00 1.572267251467005929e-13
1.476745320061263023e+00 9.197431698701337788e-14
1.489355490563407436e+00 5.354315165453158666e-14
1.501965661065550073e+00 3.101972303261201721e-14
1.514575831567692710e+00 1.788413776769563627e-14
1.527186002069837123e+00 1.026109473779489276e-14
1.539796172571979760e+00 5.858878518848207591e-15
1.552406343074122397e+00 3.329123539537165152e-15
1.565016513576266810e+00 1.882519489396859989e-15
1.577626684078409447e+00 1.059357977383955100e-15
1.590236854580552084e+00 5.932520433314167494e-16
1.602847025082696497e+00 3.306195617864640858e-16
1.615457195584839134e+00 1.833623733896773312e-16
1.628067366086981771e+00 1.012007778591773367e-16
1.640677536589126184e+00 5.558390093550240268e-17
1.653287707091268821e+00 3.038122893553795328e-17
1.665897877593411458e+00 1.652541606031893774e-17
1.678508048095555871e+00 8.945195472491696722e-18
1.691118218597698508e+00 4.818559887853956181e-18
1.703728389099841145e+00 2.583058923501425257e-18
1.716338559601985558e+00 1.377972763043456576e-18
1.728948730104128195e+00 7.315362823767443932e-19
1.741558900606270832e+00 3.864734664604391466e-19
1.754169071108415245e+00 2.031850417298219991e-19
1.766779241610557882e+00 1.063045104834207937e-19
1.779389412112700519e+00 5.534765678626241818e-20
1.791999582614844932e+00 2.867702263517653775e-20
1.804609753116987569e+00 1.478617504462828629e-20
1.817219923619130206e+00 7.586898770100893586e-21
1.829830094121274620e+00 3.873995409516953118e-21
1.842440264623417256e+00 1.968520719917422324e-21
1.855050435125559893e+00 9.954207080119014767e-22
1.867660605627704307e+00 5.009090360456674678e-22
1.880270776129846944e+00 2.508397171009031257e-22
1.892880946631989580e+00 1.250025039427335182e-22
1.905491117134133994e+00 6.199059927250345014e-23
1.918101287636276631e+00 3.059267212663618760e-23
1.930711458138419268e+00 1.502426354583317378e-23
1.943321628640563681e+00 7.342651743707114654e-24
1.955931799142706318e+00 3.571053709285292597e-24
1.968541969644848955e+00 1.728316637139547974e-24
1.981152140146993368e+00 8.324027050488647179e-25
1.993762310649136005e+00 3.989575336344426054e-25
2.006372481151278642e+00 1.902841650402048282e-25
2.018982651653423055e+00 9.031527286057459156e-26
2.031592822155565692e+00 4.265815841922366966e-26
2.044202992657708329e+00 2.005049736783760324e-26
2.056813163159852742e+00 9.378429808460391706e-27
2.069423333661995379e+00 4.365327639450633937e-27
2.082033504164138016e+00 2.022018329576503432e-27
2.094643674666282429e+00 9.320402425146394822e-28
2.107253845168425066e+00 4.275288041088915240e-28
2.119864015670569479e+00 1.951538149830219799e-28
2.132474186172712116e+00 8.864810868300826913e-29
2.145084356674854753e+00 4.007213511290034460e-29
2.157694527176999166e+00 1.802585575943841499e-29
2.170304697679141803e+00 8.069182223323785257e-30
2.182914868181284440e+00 3.594539030781336624e-30
2.195525038683428853e+00 1.593443843424672060e-30
2.208135209185571490e+00 7.029266868231575741e-31
2.220745379687714127e+00 3.085764981793692293e-31
2.233355550189858540e+00 1.348015989861577346e-31
2.245965720692001177e+00 5.860119398599788903e-32
2.258575891194143814e+00 2.535110841063554433e-32
2.271186061696288228e+00 1.091355779410019770e-32
2.283796232198430864e+00 4.675354151321220633e-33
2.296406402700573501e+00 1.993155976861317652e-33
2.309016573202717915e+00 8.455640765632696171e-34
2.321626743704860552e+00 3.569686543545062280e-34
2.334236914207003188e+00 1.499656585638259798e-34
2.346847084709147602e+00 6.269481063477855675e-35
2.359457255211290239e+00 2.608250338887142127e-35
2.372067425713432876e+00 1.079803464027974344e-35
2.384677596215577289e+00 4.448543006905744390e-36
2.397287766717719926e+00 1.823762884060940721e-36
2.409897937219862563e+00 7.440400716281704597e-37
2.422508107722006976e+00 3.020657778953733884e-37
2.435118278224149613e+00 1.220348428720754680e-37
2.447728448726292250e+00 4.906176477573242171e-38
2.460338619228436663e+00 1.962814976859480309e-38
2.472948789730579300e+00 7.814340274861543689e-39
2.485558960232721937e+00 3.095864292197379317e-39
2.498169130734866350e+00 1.220528814455597990e-39
2.510779301237008987e+00 4.788401629596015907e-40
2.523389471739151624e+00 1.869430837366952495e-40
2.535999642241296037e+00 7.262805663638985000e-41
2.548609812743438674e+00 2.807860482836706097e-41
2.561219983245581311e+00 1.080245830317256522e-41
2.573830153747725724e+00 4.135666781991590138e-42
2.586440324249868361e+00 1.575593728941464769e-42
2.599050494752010998e+00 5.973358880062970180e-43
2.611660665254155411e+00 2.253556919156382032e-43
2.624270835756298048e+00 8.460458805125104775e-44
2.636881006258440685e+00 3.160782849388910963e-44
2.649491176760585098e+00 1.175088753918509032e-44
2.662101347262727735e+00 4.347322400851462307e-45
2.674711517764870372e+00 1.600472083926639423e-45
2.687321688267014785e+00 5.863397539058614326e-46
2.699931858769157422e+00 2.137595214707024589e-46
2.712542029271300059e+00 7.754903497230356525e-47
2.725152199773444472e+00 2.799639028286264313e-47
2.737762370275587109e+00 1.005778401209254081e-47
2.750372540777729746e+00 3.595647500014825725e-48
2.762982711279874160e+00 1.279164404708147772e-48
2.775592881782016796e+00 4.528454321106003087e-49
2.788203052284159433e+00 1.595320341047188888e-49
2.800813222786303847e+00 5.592680608863024222e-50
2.813423393288446483e+00 1.951040374129983188e-50
2.826033563790589120e+00 6.773085202599155418e-51
2.838643734292733534e+00 2.339811042432429429e-51
2.851253904794876171e+00 8.043571398405766663e-52
2.863864075297018807e+00 2.751635267792293449e-52
2.876474245799163221e+00 9.367130026963952727e-53
2.889084416301305858e+00 3.173188645065859563e-53
2.901694586803448495e+00 1.069692182425915787e-53
2.914304757305592908e+00 3.588353889056034190e-54
2.926914927807735545e+00 1.197857499190898002e-54
2.939525098309878182e+00 3.979132654572907107e-55
2.952135268812022595e+00 1.315361064295990091e-55
2.964745439314165232e+00 4.326879303458649183e-56
2.977355609816307869e+00 1.416373346696729142e-56
2.989965780318452282e+00 4.613747355293635283e-57
3.002575950820594919e+00 1.495556778346563526e-57
3.015186121322737556e+00 4.824196274928882281e-58
3.027796291824881969e+00 1.548531110770030949e-58
3.040406462327024606e+00 4.946382986085525168e-59
3.053016632829167243e+00 1.572274315946306345e-59
3.065626803331311656e+00 4.973265144059397470e-60
3.078236973833454293e+00 1.565408037837692558e-60
3.090847144335596930e+00 4.903273249729514831e-61
3.103457314837741343e+00 1.528330092386110912e-61
3.116067485339883980e+00 4.740462378915139044e-62
3.128677655842026617e+00 1.463176298855726815e-62
3.141287826344171030e+00 4.494123124719603455e-63
3.153897996846313667e+00 1.373616736830622898e-63
3.166508167348456304e+00 4.177903678538623927e-64
3.179118337850600717e+00 1.264513465950103366e-64
3.191728508352743354e+00 3.808558449672148751e-65
3.204338678854885991e+00 1.141484104465886101e-65
3.216948849357030404e+00 3.404482719076366625e-66
3.229559019859173041e+00 1.010425666652953461e-66
3.242169190361315678e+00 2.984210967029160804e-67
3.254779360863460091e+00 8.770544161811955557e-68
3.267389531365602728e+00 2.565047258695875728e-68
3.279999701867745365e+00 7.465105767865094640e-69
3.292609872369889779e+00 2.161963076221347185e-69
3.305220042872032415e+00 6.230634030374057572e-70
3.317830213374175052e+00 1.786848892588506989e-70
3.330440383876319466e+00 5.099351835109912569e-71
3.343050554378462103e+00 1.448150323756894081e-71
3.355660724880604739e+00 4.092453789622607445e-72
3.368270895382749153e+00 1.150867554119497192e-72
3.380881065884891790e+00 3.220611102901652433e-73
3.393491236387034427e+00 8.968556671285918703e-74
3.406101406889178840e+00 2.485295960237853296e-74
3.418711577391321477e+00 6.853381572137534610e-75
3.431321747893464114e+00 1.880628044751360879e-75
3.443931918395608527e+00 5.135373755578402426e-76
3.456542088897751164e+00 1.395443690701570605e-76
3.469152259399893801e+00 3.773320045270420740e-77
3.481762429902038214e+00 1.015327136963901021e-77
3.494372600404180851e+00 2.718687734723045054e-78
3.506982770906323488e+00 7.244086097865236113e-79
3.519592941408467901e+00 1.920785105087864782e-79
3.532203111910610538e+00 5.068095793928279665e-80
3.544813282412753175e+00 1.330704637905778057e-80
3.557423452914897588e+00 3.476876831200358419e-81
3.570033623417040225e+00 9.039984425002615804e-82
3.582643793919182862e+00 2.338927500791927481e-82
3.595253964421327275e+00 6.021941076865755939e-83
3.607864134923469912e+00 1.542861239132372852e-83
3.620474305425612549e+00 3.933578513030703708e-84
3.633084475927756962e+00 9.979742320720932705e-85
3.645694646429899599e+00 2.519540514505740247e-85
3.658304816932042236e+00 6.329856167394223945e-86
3.670914987434186649e+00 1.582474709744920090e-86
3.683525157936329286e+00 3.936861347765785480e-87
3.696135328438471923e+00 9.746166602982335762e-88
3.708745498940616336e+00 2.400976322318634469e-88
3.721355669442758973e+00 5.885891112694901056e-89
3.733965839944901610e+00 1.435842604614066070e-89
3.746576010447046023e+00 3.485552910511834933e-90
3.759186180949188660e+00 8.419895897717913355e-91
3.771796351451333074e+00 2.024006622947059182e-91
3.784406521953475711e+00 4.841581742143977176e-92
3.797016692455618347e+00 1.152478168788604446e-92
3.809626862957762761e+00 2.729909270100111175e-93
3.822237033459905398e+00 6.434780756770569739e-94
3.834847203962048034e+00 1.509347706002555447e-94
3.847457374464192448e+00 3.523017624766983185e-95
3.860067544966335085e+00 8.182957090576976973e-96
3.872677715468477722e+00 1.891366281233942656e-96
3.885287885970622135e+00 4.350216694664792720e-97
3.897898056472764772e+00 9.956713004761051738e-98
3.910508226974907409e+00 2.267727713166849342e-98
3.923118397477051822e+00 5.139674508699584421e-99
3.935728567979194459e+00 1.159177883656906383e-99
3.948338738481337096e+00 2.601562649918636077e-100
3.960948908983481509e+00 5.810161373849032784e-101
3.973559079485624146e+00 1.291254285544156516e-101
3.986169249987766783e+00 2.855650174081821161e-102
3.998779420489911196e+00 6.284458332154489299e-103
4.011389590992053833e+00 1.376259372684259009e-103
4.023999761494196470e+00 2.999178349284504077e-104
4.036609931996340883e+00 6.503899651724783721e-105
4.049220102498483520e+00 1.403507965184957248e-105
4.061830273000626157e+00 3.013876241474968429e-106
4.074440443502770570e+00 6.440289728869165379e-107
4.087050614004913207e+00 1.369477265059956784e-107
4.099660784507055844e+00 2.897834999871775912e-108
4.112270955009200257e+00 6.101854670194560623e-109
4.124881125511342894e+00 1.278555015036946496e-109
4.137491296013485531e+00 2.665915068374916033e-110
4.150101466515629944e+00 5.531494727927081943e-111
4.162711637017772581e+00 1.142110108996757629e-111
4.175321807519915218e+00 2.346619650924684993e-112
4.187931978022059631e+00 4.797849949031329093e-113
4.200542148524202268e+00 9.761573446456511410e-114
4.213152319026344905e+00 1.976342335680958858e-114
4.225762489528489319e+00 3.981747174955711935e-115
4.238372660030631955e+00 7.982782987209704105e-116
4.250982830532774592e+00 1.592590343660811607e-116
4.263593001034919006e+00 3.161716478874491369e-117
4.276203171537061642e+00 6.246127343802202974e-118
4.288813342039204279e+00 1.227913544561127229e-118
4.301423512541348693e+00 2.402114846457237602e-119
4.314033683043491330e+00 4.676153346022617597e-120
4.326643853545633966e+00 9.058425138070047451e-121
4.339254024047778380e+00 1.746166332073464828e-121
4.351864194549921017e+00 3.349557638125920327e-122
4.364474365052063654e+00 6.393787722693192240e-123
4.377084535554208067e+00 1.214500961517910052e-123
4.389694706056350704e+00 2.295653742119655332e-124
4.402304876558493341e+00 4.318011087514024613e-125
4.414915047060635978e+00 8.082206680895440921e-126
4.427525217562778614e+00 1.505375902544709545e-126
4.440135388064924804e+00 2.790157733359417738e-127
4.452745558567067441e+00 5.146136710852342793e-128
4.465355729069210078e+00 9.445014550162517342e-129
4.477965899571352715e+00 1.725014188130756693e-129
4.490576070073495352e+00 3.135100160307565917e-130
4.503186240575637989e+00 5.669945156724305239e-131
4.515796411077784178e+00 1.020410610428890651e-131
4.528406581579926815e+00 1.827425682569914994e-132
4.541016752082069452e+00 3.256665205571588870e-133
4.553626922584212089e+00 5.775307556018845107e-134
4.566237093086354726e+00 1.019167846687758220e-134
4.578847263588500915e+00 1.789719155101528258e-135
4.591457434090643552e+00 3.127466136914349586e-136
4.604067604592786189e+00 5.438371667562227609e-137
4.616677775094928826e+00 9.410521132207737944e-138
4.629287945597071463e+00 1.620417657038809973e-138
4.641898116099214100e+00 2.776570752700645095e-139
4.654508286601360290e+00 4.734335052426041097e-140
4.667118457103502926e+00 8.032998492674586472e-141
4.679728627605645563e+00 1.356328269331584108e-141
4.692338798107788200e+00 2.278874230098495997e-142
4.704948968609930837e+00 3.810169528823684655e-143
4.717559139112073474e+00 6.339231664695657169e-144
4.730169309614219664e+00 1.049535931668900406e-144
4.742779480116362301e+00 1.729124833133063595e-145
4.755389650618504938e+00 2.834808432949477919e-146
4.767999821120647574e+00 4.624762119323278913e-147
4.780609991622790211e+00 7.507984738037805265e-148
4.793220162124932848e+00 1.212901814739146517e-148
4.805830332627079038e+00 1.949827436983320255e-149
4.818440503129221675e+00 3.119140656320093271e-150
4.831050673631364312e+00 4.965259795341850853e-151
4.843660844133506949e+00 7.865334797056601911e-152
4.856271014635649586e+00 1.239825756496122197e-152
4.868881185137792222e+00 1.944788077730871751e-153
4.881491355639938412e+00 3.035652715170395073e-154
4.894101526142081049e+00 4.715199217401577256e-155
4.906711696644223686e+00 7.288130660598712714e-156
4.919321867146366323e+00 1.120986498152353463e-156
4.931932037648508960e+00 1.715744939958360273e-157
4.944542208150651597e+00 2.613203134292919570e-158
4.957152378652797786e+00 3.960606520408839561e-159
4.969762549154940423e+00 5.973354580708757531e-160
4.982372719657083060e+00 8.964848360346795277e-161
4.994982890159225697e+00 1.338861463330453376e-161
5.007593060661368334e+00 1.989740141786470578e-162
5.020203231163510971e+00 2.942558425932499238e-163
5.032813401665657160e+00 4.330338304912118273e-164
5.045423572167799797e+00 6.341420374115679737e-165
5.058033742669942434e+00 9.241005567175208912e-166
5.070643913172085071e+00 1.340046527977728404e-166
5.083254083674227708e+00 1.933697198199407942e-167
5.095864254176370345e+00 2.776674608443748430e-168
5.108474424678516534e+00 3.967614120020902123e-169
5.121084595180659171e+00 5.641593233237035097e-170
5.133694765682801808e+00 7.982556540783561897e-171
5.146304936184944445e+00 1.123958083383958388e-171
5.158915106687087082e+00 1.574802486816976054e-172
5.171525277189229719e+00 2.195684424313687967e-173
5.184135447691375909e+00 3.046362564380506828e-174
5.196745618193518546e+00 4.205920752838018402e-175
5.209355788695661182e+00 5.778410560857848109e-176
5.221965959197803819e+00 7.899934810567983845e-177
5.234576129699946456e+00 1.074747414602147423e-177
5.247186300202089093e+00 1.454980215152956919e-178
5.259796470704235283e+00 1.960087827525529792e-179
5.272406641206377920e+00 2.627614975803375836e-180
5.285016811708520557e+00 3.505223108276274176e-181
5.297626982210663193e+00 4.653045859146158478e-182
5.310237152712805830e+00 6.146483451826535116e-183
5.322847323214948467e+00 8.079487362107948705e-184
5.335457493717094657e+00 1.056838409823292448e-184
5.348067664219237294e+00 1.375628148830544576e-185
5.360677834721379931e+00 1.781809169978224531e-186
5.373288005223522568e+00 2.296619164334766225e-187
5.385898175725665205e+00 2.945672275116374349e-188
5.398508346227807841e+00 3.759650775972919849e-189
5.411118516729954031e+00 4.775053159642369232e-190
5.423728687232096668e+00 6.034989649710936861e-191
5.436338857734239305e+00 7.590011807806814928e-192
5.448949028236381942e+00 9.498957961849071015e-193
5.461559198738524579e+00 1.182979070790337441e-193
5.474169369240667216e+00 1.466039686994047243e-194
5.486779539742813405e+00 1.807931422473033231e-195
5.499389710244956042e+00 2.218634325968818199e-196
5.511999880747098679e+00 2.709299653509300552e-197
5.524610051249241316e+00 3.292273323101545239e-198
5.537220221751383953e+00 3.981092258212162487e-199
5.549830392253526590e+00 4.790447758582888019e-200
5.562440562755672779e+00 5.736110007073624981e-201
5.575050733257815416e+00 6.834808038698661049e-202
5.587660903759958053e+00 8.104060004458554064e-203
5.600271074262100690e+00 9.561949393157660921e-204
5.612881244764243327e+00 1.122684405353177883e-204
5.625491415266385964e+00 1.311705639796854402e-205
5.638101585768532154e+00 1.525044506164823908e-206
5.650711756270674790e+00 1.764396051118439170e-207
5.663321926772817427e+00 2.031313959662823563e-208
5.675932097274960064e+00 2.327155674976023899e-209
5.688542267777102701e+00 2.653024235458597959e-210
5.701152438279245338e+00 3.009708163936653879e-211
5.713762608781391528e+00 3.397621012893889143e-212
5.726372779283534165e+00 3.816742410594249362e-213
5.738982949785676801e+00 4.266562650663694300e-214
5.751593120287819438e+00 4.746033007029135393e-215
5.764203290789962075e+00 5.253524022788175267e-216
5.776813461292104712e+00 5.786794003498937542e-217
5.789423631794250902e+00 6.342969833096166293e-218
5.802033802296393539e+00 6.918542018614890159e-219
5.814643972798536176e+00 7.509375556949262935e-220
5.827254143300678813e+00 8.110737807178730226e-221
5.839864313802821449e+00 8.717344054410834953e-222
5.852474484304964086e+00 9.323420880827608354e-223
5.865084654807110276e+00 9.922786835943065816e-224
5.877694825309252913e+00 1.050894924528201023e-224
5.890304995811395550e+00 1.107521534208902031e-225
5.902915166313538187e+00 1.161481528020464813e-226
5.915525336815680824e+00 1.212103401752065883e-227
5.928135507317823460e+00 1.258734857856054988e-228
5.940745677819969650e+00 1.300756683740754907e-229
5.953355848322112287e+00 1.337596373171634823e-230
5.965966018824254924e+00 1.368741074046184104e-231
5.978576189326397561e+00 1.393749454335337277e-232
5.991186359828540198e+00 1.412262102921406641e-233
6.003796530330682835e+00 1.424010122913106190e-234
6.016406700832829024e+00 1.428821630310969437e-235
6.029016871334971661e+00 1.426625938513940599e-236
6.041627041837114298e+00 1.417455286268703219e-237
6.054237212339256935e+00 1.401444050033850523e-238
6.066847382841399572e+00 1.378825467652681128e-239
6.079457553343542209e+00 1.349925984978996074e-240
6.092067723845688398e+00 1.315157416995501908e-241
6.104677894347831035e+00 1.275007186493695044e-242
6.117288064849973672e+00 1.230026963584283518e-243
6.129898235352116309e+00 1.180820075823306543e-244
6.142508405854258946e+00 1.128028089729276001e-245
6.155118576356401583e+00 1.072316979202807971e-246
6.167728746858547773e+00 1.014363294593345692e-247
6.180338917360690409e+00 9.548407286804029759e-249
6.192949087862833046e+00 8.944074439905729843e-250
6.205559258364975683e+00 8.336944817604721941e-251
6.218169428867118320e+00 7.732955189359960316e-252
6.230779599369264510e+00 7.137581787545254843e-253
6.243389769871407147e+00 6.555770356943815115e-254
6.255999940373549784e+00 5.991883898697317945e-255
6.268610110875692421e+00 5.449668221932843874e-256
6.281220281377835057e+00 4.932234823106930308e-257
6.293830451879977694e+00 4.442060086311535369e-258
6.306440622382123884e+00 3.980999353585301951e-259
6.319050792884266521e+00 3.550314064250803981e-260
6.331660963386409158e+00 3.150709912180361919e-261
6.344271133888551795e+00 2.782383820708593258e-262
6.356881304390694432e+00 2.445077482328269837e-263
6.369491474892837068e+00 2.138135246554840729e-264
6.382101645394983258e+00 1.860564253068389792e-265
6.394711815897125895e+00 1.611094884864487079e-266
6.407321986399268532e+00 1.388239842759050993e-267
6.419932156901411169e+00 1.190350402977635368e-268
6.432542327403553806e+00 1.015668698536643134e-269
6.445152497905696443e+00 8.623751490447386678e-271
6.457762668407842632e+00 7.286304400174737904e-272
6.470372838909985269e+00 6.126117116514052857e-273
6.482983009412127906e+00 5.125428502619327585e-274
6.495593179914270543e+00 4.267189776075231822e-275
6.508203350416413180e+00 3.535254006611059404e-276
6.520813520918555817e+00 2.914514157761256809e-277
6.533423691420702006e+00 2.390994570976182536e-278
6.546033861922844643e+00 1.951901414888403554e-279
6.558644032424987280e+00 1.585637943398890567e-280
6.571254202927129917e+00 1.281790463685468584e-281
6.583864373429272554e+00 1.031090753305748460e-282
6.596474543931415191e+00 8.253603306327943201e-284
6.609084714433561381e+00 6.574415200739961292e-285
6.621694884935704017e+00 5.211197054186725992e-286
6.634305055437846654e+00 4.110405693223540405e-287
6.646915225939989291e+00 3.226255071435178462e-288
6.659525396442131928e+00 2.519878058967958670e-289
6.672135566944274565e+00 1.958516149558282697e-290
6.684745737446420755e+00 1.514752193748116194e-291
6.697355907948563392e+00 1.165796691767588276e-292
6.709966078450706028e+00 8.928342388405033998e-294
6.722576248952848665e+00 6.804334228097619234e-295
6.735186419454991302e+00 5.160208113991577926e-296
6.747796589957133939e+00 3.894175936221701568e-297
6.760406760459280129e+00 2.924359001180554882e-298
6.773016930961422766e+00 2.185307544327839006e-299
6.785627101463565403e+00 1.625029309983359127e-300
6.798237271965708040e+00 1.202476455074863436e-301
6.810847442467850676e+00 8.854391248151159663e-303
6.823457612969993313e+00 6.487951178085478139e-304
6.836067783472139503e+00 4.730675631722679154e-305
6.848677953974282140e+00 3.432460084891671442e-306
6.861288124476424777e+00 2.478303796840127702e-307
6.873898294978567414e+00 1.780616137891864048e-308
6.886508465480710051e+00 1.273071450390750469e-309
6.899118635982852688e+00 9.057366845956378726e-311
6.911728806484998877e+00 6.412359131172388433e-312
6.924338976987141514e+00 4.517523409394642893e-313
6.936949147489284151e+00 3.167011755678152748e-314
6.949559317991426788e+00 2.209355605942990973e-315
6.962169488493569425e+00 1.533727638539029558e-316
6.974779658995712062e+00 1.059491663239573533e-317
6.987389829497858251e+00 7.283071091910399432e-319
7.000000000000000888e+00 4.982157972663130151e-320
