1.000000000000000000e+00 4.088378126511354603e-04
1.001474926253687281e+00 4.072106302651743327e-04
1.002949852507374562e+00 4.056297099475492237e-04
1.004424778761061843e+00 4.040945538125208236e-04
1.005899705014749346e+00 4.026046789971696161e-04
1.007374631268436627e+00 4.011596174155016990e-04
1.008849557522123908e+00 3.997589155202617645e-04
1.010324483775811188e+00 3.984021340724425045e-04
1.011799410029498469e+00 3.970888479182279034e-04
1.013274336283185750e+00 3.958186457732950649e-04
1.014749262536873253e+00 3.945911300141865543e-04
1.016224188790560534e+00 3.934059164768409695e-04
1.017699115044247815e+00 3.922626342618577085e-04
1.019174041297935096e+00 3.911609255466403485e-04
1.020648967551622377e+00 3.901004454040777648e-04
1.022123893805309658e+00 3.890808616277512252e-04
1.023598820058996939e+00 3.881018545635310122e-04
1.025073746312684442e+00 3.871631169473909459e-04
1.026548672566371723e+00 3.862643537493902273e-04
1.028023598820059004e+00 3.854052820237140208e-04
1.029498525073746285e+00 3.845856307646529706e-04
1.030973451327433565e+00 3.838051407683454146e-04
1.032448377581120846e+00 3.830635645003703862e-04
1.033923303834808349e+00 3.823606659689065320e-04
1.035398230088495630e+00 3.816962206035030749e-04
1.036873156342182911e+00 3.810700151392969973e-04
1.038348082595870192e+00 3.804818475066394710e-04
1.039823008849557473e+00 3.799315267260541221e-04
1.041297935103244754e+00 3.794188728083933951e-04
1.042772861356932257e+00 3.789437166602457083e-04
1.044247787610619538e+00 3.785058999943904370e-04
1.045722713864306819e+00 3.781052752453144955e-04
1.047197640117994100e+00 3.777417054897150555e-04
1.048672566371681381e+00 3.774150643719259525e-04
1.050147492625368661e+00 3.771252360342208332e-04
1.051622418879055942e+00 3.768721150519337387e-04
1.053097345132743445e+00 3.766556063733590676e-04
1.054572271386430726e+00 3.764756252643362681e-04
1.056047197640118007e+00 3.763320972575988940e-04
1.057522123893805288e+00 3.762249581066856043e-04
1.058997050147492569e+00 3.761541537445212005e-04
1.060471976401179850e+00 3.761196402465257264e-04
1.061946902654867353e+00 3.761213837982912566e-04
1.063421828908554634e+00 3.761593606677955844e-04
1.064896755162241915e+00 3.762335571820175526e-04
1.066371681415929196e+00 3.763439697081422466e-04
1.067846607669616477e+00 3.764906046391129700e-04
1.069321533923303758e+00 3.766734783836524648e-04
1.070796460176991260e+00 3.768926173606797583e-04
1.072271386430678541e+00 3.771480579981587944e-04
1.073746312684365822e+00 3.774398467363054496e-04
1.075221238938053103e+00 3.777680400351696838e-04
1.076696165191740384e+00 3.781327043866294186e-04
1.078171091445427665e+00 3.785339163307733742e-04
1.079646017699114946e+00 3.789717624765600538e-04
1.081120943952802449e+00 3.794463395270028386e-04
1.082595870206489730e+00 3.799577543086003306e-04
1.084070796460177011e+00 3.805061238052787108e-04
1.085545722713864292e+00 3.810915751966202202e-04
1.087020648967551573e+00 3.817142459006220333e-04
1.088495575221238854e+00 3.823742836207980121e-04
1.089970501474926134e+00 3.830718463977669970e-04
1.091445427728613637e+00 3.838071026653131607e-04
1.092920353982300918e+00 3.845802313109124618e-04
1.094395280235988199e+00 3.853914217408227223e-04
1.095870206489675480e+00 3.862408739496591575e-04
1.097345132743362761e+00 3.871287985945947338e-04
1.098820058997050264e+00 3.880554170741604158e-04
1.100294985250737545e+00 3.890209616116522434e-04
1.101769911504424826e+00 3.900256753432864007e-04
1.103244837758112107e+00 3.910698124110205832e-04
1.104719764011799388e+00 3.921536380601708450e-04
1.106194690265486669e+00 3.932774287418404607e-04
1.107669616519173950e+00 3.944414722202209747e-04
1.109144542772861453e+00 3.956460676847518864e-04
1.110619469026548733e+00 3.968915258673330420e-04
1.112094395280236014e+00 3.981781691645140024e-04
1.113569321533923295e+00 3.995063317647529243e-04
1.115044247787610576e+00 4.008763597808767372e-04
1.116519174041297857e+00 4.022886113876892222e-04
1.117994100294985138e+00 4.037434569649381928e-04
1.119469026548672641e+00 4.052412792455405686e-04
1.120943952802359922e+00 4.067824734693420842e-04
1.122418879056047203e+00 4.083674475422804993e-04
1.123893805309734484e+00 4.099966222012033567e-04
1.125368731563421765e+00 4.116704311843144841e-04
1.126843657817109268e+00 4.133893214074205440e-04
1.128318584070796549e+00 4.151537531459481415e-04
1.129793510324483830e+00 4.169642002229783620e-04
1.131268436578171110e+00 4.188211502032535287e-04
1.132743362831858391e+00 4.207251045933564854e-04
1.134218289085545672e+00 4.226765790480904858e-04
1.135693215339232953e+00 4.246761035832577729e-04
1.137168141592920456e+00 4.267242227947992813e-04
1.138643067846607737e+00 4.288214960846063024e-04
1.140117994100295018e+00 4.309684978929316339e-04
1.141592920353982299e+00 4.331658179376306618e-04
1.143067846607669580e+00 4.354140614603526109e-04
1.144542772861356861e+00 4.377138494797610580e-04
1.146017699115044142e+00 4.400658190519450910e-04
1.147492625368731645e+00 4.424706235381662875e-04
1.148967551622418926e+00 4.449289328800791542e-04
1.150442477876106206e+00 4.474414338825145800e-04
1.151917404129793487e+00 4.500088305040875983e-04
1.153392330383480768e+00 4.526318441556823643e-04
1.154867256637168049e+00 4.553112140069885271e-04
1.156342182890855330e+00 4.580476973013036129e-04
1.157817109144542833e+00 4.608420696787343977e-04
1.159292035398230114e+00 4.636951255079095374e-04
1.160766961651917395e+00 4.666076782265300184e-04
1.162241887905604676e+00 4.695805606907612760e-04
1.163716814159291957e+00 4.726146255338090486e-04
1.165191740412979460e+00 4.757107455337150148e-04
1.166666666666666741e+00 4.788698139907435008e-04
1.168141592920354022e+00 4.820927451144196461e-04
1.169616519174041303e+00 4.853804744204563075e-04
1.171091445427728583e+00 4.887339591378805394e-04
1.172566371681415864e+00 4.921541786264031293e-04
1.174041297935103145e+00 4.956421348044172176e-04
1.175516224188790648e+00 4.991988525877969797e-04
1.176991150442477929e+00 5.028253803396710376e-04
1.178466076696165210e+00 5.065227903315270295e-04
1.179941002949852491e+00 5.102921792157979900e-04
1.181415929203539772e+00 5.141346685102411631e-04
1.182890855457227053e+00 5.180514050943924422e-04
1.184365781710914334e+00 5.220435617182705599e-04
1.185840707964601837e+00 5.261123375236728770e-04
1.187315634218289118e+00 5.302589585784122077e-04
1.188790560471976399e+00 5.344846784235839131e-04
1.190265486725663679e+00 5.387907786344568609e-04
1.191740412979350960e+00 5.431785693949400069e-04
1.193215339233038463e+00 5.476493900862716485e-04
1.194690265486725744e+00 5.522046098900067028e-04
1.196165191740413025e+00 5.568456284058414000e-04
1.197640117994100306e+00 5.615738762843357820e-04
1.199115044247787587e+00 5.663908158752124994e-04
1.200589970501474868e+00 5.712979418913213554e-04
1.202064896755162149e+00 5.762967820887629055e-04
1.203539823008849652e+00 5.813888979634958352e-04
1.205014749262536933e+00 5.865758854648840193e-04
1.206489675516224214e+00 5.918593757264187542e-04
1.207964601769911495e+00 5.972410358142575754e-04
1.209439528023598776e+00 6.027225694937049950e-04
1.210914454277286056e+00 6.083057180143439015e-04
1.212389380530973337e+00 6.139922609140070330e-04
1.213864306784660840e+00 6.197840168422164920e-04
1.215339233038348121e+00 6.256828444034512587e-04
1.216814159292035402e+00 6.316906430206594694e-04
1.218289085545722683e+00 6.378093538196871227e-04
1.219764011799409964e+00 6.440409605348670517e-04
1.221238938053097467e+00 6.503874904365071529e-04
1.222713864306784748e+00 6.568510152805252886e-04
1.224188790560472029e+00 6.634336522810859718e-04
1.225663716814159310e+00 6.701375651064586008e-04
1.227138643067846591e+00 6.769649648988992300e-04
1.228613569321533872e+00 6.839181113189246120e-04
1.230088495575221152e+00 6.909993136147119745e-04
1.231563421828908655e+00 6.982109317171801858e-04
1.233038348082595936e+00 7.055553773613019997e-04
1.234513274336283217e+00 7.130351152342744806e-04
1.235988200589970498e+00 7.206526641513996863e-04
1.237463126843657779e+00 7.284105982599594492e-04
1.238938053097345060e+00 7.363115482720525599e-04
1.240412979351032341e+00 7.443582027270301271e-04
1.241887905604719844e+00 7.525533092840764205e-04
1.243362831858407125e+00 7.608996760459512017e-04
1.244837758112094406e+00 7.694001729142515471e-04
1.246312684365781687e+00 7.780577329772811598e-04
1.247787610619468968e+00 7.868753539312761365e-04
1.249262536873156249e+00 7.958560995354346411e-04
1.250737463126843529e+00 8.050031011020384068e-04
1.252212389380531032e+00 8.143195590222495868e-04
1.253687315634218313e+00 8.238087443283166307e-04
1.255162241887905594e+00 8.334740002934983624e-04
1.256637168141592875e+00 8.433187440700636115e-04
1.258112094395280156e+00 8.533464683667073411e-04
1.259587020648967659e+00 8.635607431660811701e-04
1.261061946902654940e+00 8.739652174835963296e-04
1.262536873156342221e+00 8.845636211682317545e-04
1.264011799410029502e+00 8.953597667466531252e-04
1.265486725663716783e+00 9.063575513114581787e-04
1.266961651917404064e+00 9.175609584546190467e-04
1.268436578171091345e+00 9.289740602474575761e-04
1.269911504424778848e+00 9.406010192678728897e-04
1.271386430678466128e+00 9.524460906762951618e-04
1.272861356932153409e+00 9.645136243413742405e-04
1.274336283185840690e+00 9.768080670165609370e-04
1.275811209439527971e+00 9.893339645690695915e-04
1.277286135693215474e+00 1.002095964261955161e-03
1.278761061946902533e+00 1.015098817091190800e-03
1.280235988200590036e+00 1.028347380178681707e-03
1.281710914454277317e+00 1.041846619222505221e-03
1.283185840707964598e+00 1.055601611006173370e-03
1.284660766961651879e+00 1.069617545967775250e-03
1.286135693215339160e+00 1.083899730830877517e-03
1.287610619469026663e+00 1.098453591298463638e-03
1.289085545722713722e+00 1.113284674811412887e-03
1.290560471976401224e+00 1.128398653373155350e-03
1.292035398230088505e+00 1.143801326442012373e-03
1.293510324483775786e+00 1.159498623892788035e-03
1.294985250737463067e+00 1.175496609049553678e-03
1.296460176991150348e+00 1.191801481790826346e-03
1.297935103244837851e+00 1.208419581729432710e-03
1.299410029498525132e+00 1.225357391468371443e-03
1.300884955752212413e+00 1.242621539934810580e-03
1.302359882005899694e+00 1.260218805793961085e-03
1.303834808259586975e+00 1.278156120944557448e-03
1.305309734513274256e+00 1.296440574098246855e-03
1.306784660766961537e+00 1.315079414444724013e-03
1.308259587020649040e+00 1.334080055404350020e-03
1.309734513274336321e+00 1.353450078470937613e-03
1.311209439528023601e+00 1.373197237146378535e-03
1.312684365781710882e+00 1.393329460969319148e-03
1.314159292035398163e+00 1.413854859640550346e-03
1.315634218289085666e+00 1.434781727246644189e-03
1.317109144542772725e+00 1.456118546585025457e-03
1.318584070796460228e+00 1.477873993592286129e-03
1.320058997050147509e+00 1.500056941878100299e-03
1.321533923303834790e+00 1.522676467368144770e-03
1.323008849557522071e+00 1.545741853057226202e-03
1.324483775811209352e+00 1.569262593876401702e-03
1.325958702064896855e+00 1.593248401676169339e-03
1.327433628318584136e+00 1.617709210328541636e-03
1.328908554572271417e+00 1.642655180951069476e-03
1.330383480825958697e+00 1.668096707255120126e-03
1.331858407079645978e+00 1.694044421022088522e-03
1.333333333333333259e+00 1.720509197709882811e-03
1.334808259587020540e+00 1.747502162193031528e-03
1.336283185840708043e+00 1.775034694639514516e-03
1.337758112094395324e+00 1.803118436527370930e-03
1.339233038348082605e+00 1.831765296804854955e-03
1.340707964601769886e+00 1.860987458196514946e-03
1.342182890855457167e+00 1.890797383659673092e-03
1.343657817109144670e+00 1.921207822993961905e-03
1.345132743362831729e+00 1.952231819608080208e-03
1.346607669616519232e+00 1.983882717447031652e-03
1.348082595870206513e+00 2.016174168083472839e-03
1.349557522123893794e+00 2.049120137977566633e-03
1.351032448377581074e+00 2.082734915908662863e-03
1.352507374631268355e+00 2.117033120582669219e-03
1.353982300884955858e+00 2.152029708419819949e-03
1.355457227138643139e+00 2.187739981526533838e-03
1.356932153392330420e+00 2.224179595855354814e-03
1.358407079646017701e+00 2.261364569557854521e-03
1.359882005899704982e+00 2.299311291534510571e-03
1.361356932153392263e+00 2.338036530186275892e-03
1.362831858407079544e+00 2.377557442372312587e-03
1.364306784660767047e+00 2.417891582578286964e-03
1.365781710914454328e+00 2.459056912300880068e-03
1.367256637168141609e+00 2.501071809652588140e-03
1.368731563421828890e+00 2.543955079191843709e-03
1.370206489675516170e+00 2.587725961984066111e-03
1.371681415929203673e+00 2.632404145898605777e-03
1.373156342182890732e+00 2.678009776146356245e-03
1.374631268436578235e+00 2.724563466064811468e-03
1.376106194690265516e+00 2.772086308153997539e-03
1.377581120943952797e+00 2.820599885370964500e-03
1.379056047197640078e+00 2.870126282687717606e-03
1.380530973451327359e+00 2.920688098917813887e-03
1.382005899705014862e+00 2.972308458819067703e-03
1.383480825958701921e+00 3.025011025476813560e-03
1.384955752212389424e+00 3.078820012975797427e-03
1.386430678466076705e+00 3.133760199364490386e-03
1.387905604719763986e+00 3.189856939921495698e-03
1.389380530973451267e+00 3.247136180727687449e-03
1.390855457227138547e+00 3.305624472552721842e-03
1.392330383480826050e+00 3.365348985061326556e-03
1.393805309734513331e+00 3.426337521348440766e-03
1.395280235988200612e+00 3.488618532807372628e-03
1.396755162241887893e+00 3.552221134340663097e-03
1.398230088495575174e+00 3.617175119920349076e-03
1.399705014749262455e+00 3.683510978504421236e-03
1.401179941002949736e+00 3.751259910317594586e-03
1.402654867256637239e+00 3.820453843505221096e-03
1.404129793510324520e+00 3.891125451165415843e-03
1.405604719764011801e+00 3.963308168771584837e-03
1.407079646017699082e+00 4.037036211989256801e-03
1.408554572271386363e+00 4.112344594899430480e-03
1.410029498525073866e+00 4.189269148633121241e-03
1.411504424778760924e+00 4.267846540430105667e-03
1.412979351032448427e+00 4.348114293126349728e-03
1.414454277286135708e+00 4.430110805082145171e-03
1.415929203539822989e+00 4.513875370558872308e-03
1.417404129793510270e+00 4.599448200553418395e-03
1.418879056047197551e+00 4.686870444099960030e-03
1.420353982300885054e+00 4.776184210049880426e-03
1.421828908554572335e+00 4.867432589336665935e-03
1.423303834808259616e+00 4.960659677738249278e-03
1.424778761061946897e+00 5.055910599146416773e-03
1.426253687315634178e+00 5.153231529352451067e-03
1.427728613569321459e+00 5.252669720359975404e-03
1.429203539823008740e+00 5.354273525235877032e-03
1.430678466076696242e+00 5.458092423508859384e-03
1.432153392330383523e+00 5.564177047128416632e-03
1.433628318584070804e+00 5.672579206993061222e-03
1.435103244837758085e+00 5.783351920060106170e-03
1.436578171091445366e+00 5.896549437048141662e-03
1.438053097345132869e+00 6.012227270744286561e-03
1.439528023598819928e+00 6.130442224926140049e-03
1.441002949852507431e+00 6.251252423912386641e-03
1.442477876106194712e+00 6.374717342752295526e-03
1.443952802359881993e+00 6.500897838067265164e-03
1.445427728613569274e+00 6.629856179555843228e-03
1.446902654867256555e+00 6.761656082175644331e-03
1.448377581120944058e+00 6.896362739014398786e-03
1.449852507374631339e+00 7.034042854861520880e-03
1.451327433628318619e+00 7.174764680494981686e-03
1.452802359882005900e+00 7.318598047697039838e-03
1.454277286135693181e+00 7.465614405008150038e-03
1.455752212389380462e+00 7.615886854236342783e-03
1.457227138643067743e+00 7.769490187735502047e-03
1.458702064896755246e+00 7.926500926461924057e-03
1.460176991150442527e+00 8.086997358827674454e-03
1.461651917404129808e+00 8.251059580363429014e-03
1.463126843657817089e+00 8.418769534201732754e-03
1.464601769911504370e+00 8.590211052399163508e-03
1.466076696165191873e+00 8.765469898108368615e-03
1.467551622418878932e+00 8.944633808617277748e-03
1.469026548672566435e+00 9.127792539266517749e-03
1.470501474926253715e+00 9.315037908261648153e-03
1.471976401179940996e+00 9.506463842396950525e-03
1.473451327433628277e+00 9.702166423699769629e-03
1.474926253687315558e+00 9.902243937015279412e-03
1.476401179941003061e+00 1.010679691854774777e-02
1.477876106194690120e+00 1.031592820536495272e-02
1.479351032448377623e+00 1.052974298589232256e-02
1.480825958702064904e+00 1.074834885140236659e-02
1.482300884955752185e+00 1.097185584851938407e-02
1.483775811209439466e+00 1.120037653275608031e-02
1.485250737463126747e+00 1.143402602308942265e-02
1.486725663716814250e+00 1.167292205760363591e-02
1.488200589970501531e+00 1.191718505020215001e-02
1.489675516224188812e+00 1.216693814841518506e-02
1.491150442477876092e+00 1.242230729230869857e-02
1.492625368731563373e+00 1.268342127451975443e-02
1.494100294985250654e+00 1.295041180142410264e-02
1.495575221238937935e+00 1.322341355545704131e-02
1.497050147492625438e+00 1.350256425860154978e-02
1.498525073746312719e+00 1.378800473705612054e-02
1.500000000000000000e+00 1.407987898710260331e-02
1.501474926253687281e+00 1.437833424218325738e-02
1.502949852507374562e+00 1.468352104120531840e-02
1.504424778761062065e+00 1.499559329808450997e-02
1.505899705014749124e+00 1.531470837254611181e-02
1.507374631268436627e+00 1.564102714219522614e-02
1.508849557522123908e+00 1.597471407587035264e-02
1.510324483775811188e+00 1.631593730829222072e-02
1.511799410029498469e+00 1.666486871602824299e-02
1.513274336283185750e+00 1.702168399477720431e-02
1.514749262536873253e+00 1.738656273799291802e-02
1.516224188790560312e+00 1.775968851685747960e-02
1.517699115044247815e+00 1.814124896161831840e-02
1.519174041297935096e+00 1.853143584429949031e-02
1.520648967551622377e+00 1.893044516279557971e-02
1.522123893805309880e+00 1.933847722636991909e-02
1.523598820058996939e+00 1.975573674255364301e-02
1.525073746312684442e+00 2.018243290546913732e-02
1.526548672566371723e+00 2.061877948558028806e-02
1.528023598820059004e+00 2.106499492087795383e-02
1.529498525073746285e+00 2.152130240951288104e-02
1.530973451327433565e+00 2.198793000389053301e-02
1.532448377581121068e+00 2.246511070621419470e-02
1.533923303834808127e+00 2.295308256550961795e-02
1.535398230088495630e+00 2.345208877612084061e-02
1.536873156342182911e+00 2.396237777768135332e-02
1.538348082595870192e+00 2.448420335658075056e-02
1.539823008849557473e+00 2.501782474891129857e-02
1.541297935103244754e+00 2.556350674491155925e-02
1.542772861356932257e+00 2.612151979490283729e-02
1.544247787610619316e+00 2.669214011672135095e-02
1.545722713864306819e+00 2.727564980464488448e-02
1.547197640117994100e+00 2.787233693981105292e-02
1.548672566371681381e+00 2.848249570213802137e-02
1.550147492625368884e+00 2.910642648371985705e-02
1.551622418879055942e+00 2.974443600371857663e-02
1.553097345132743445e+00 3.039683742473394193e-02
1.554572271386430726e+00 3.106395047063363613e-02
1.556047197640118007e+00 3.174610154586445659e-02
1.557522123893805288e+00 3.244362385621210598e-02
1.558997050147492569e+00 3.315685753099384403e-02
1.560471976401180072e+00 3.388614974669823532e-02
1.561946902654867131e+00 3.463185485203219144e-02
1.563421828908554634e+00 3.539433449436917012e-02
1.564896755162241915e+00 3.617395774758009469e-02
1.566371681415929196e+00 3.697110124123423325e-02
1.567846607669616477e+00 3.778614929113624510e-02
1.569321533923303758e+00 3.861949403118187379e-02
1.570796460176991260e+00 3.947153554651338520e-02
1.572271386430678319e+00 4.034268200794294962e-02
1.573746312684365822e+00 4.123334980760612334e-02
1.575221238938053103e+00 4.214396369582535523e-02
1.576696165191740384e+00 4.307495691915839281e-02
1.578171091445427665e+00 4.402677135956203913e-02
1.579646017699114946e+00 4.499985767467031689e-02
1.581120943952802449e+00 4.599467543912979378e-02
1.582595870206489508e+00 4.701169328694038141e-02
1.584070796460177011e+00 4.805138905477047279e-02
1.585545722713864292e+00 4.911424992619145558e-02
1.587020648967551573e+00 5.020077257676905380e-02
1.588495575221239076e+00 5.131146331999477533e-02
1.589970501474926134e+00 5.244683825392910947e-02
1.591445427728613637e+00 5.360742340858676985e-02
1.592920353982300918e+00 5.479375489390795467e-02
1.594395280235988199e+00 5.600637904832834330e-02
1.595870206489675480e+00 5.724585258782657893e-02
1.597345132743362761e+00 5.851274275537564351e-02
1.598820058997050264e+00 5.980762747077471991e-02
1.600294985250737323e+00 6.113109548069570881e-02
1.601769911504424826e+00 6.248374650893877280e-02
1.603244837758112107e+00 6.386619140675393880e-02
1.604719764011799388e+00 6.527905230316795315e-02
1.606194690265486669e+00 6.672296275520935016e-02
1.607669616519173950e+00 6.819856789791969853e-02
1.609144542772861453e+00 6.970652459406168067e-02
1.610619469026548511e+00 7.124750158341255912e-02
1.612094395280236014e+00 7.282217963152430584e-02
1.613569321533923295e+00 7.443125167782857488e-02
1.615044247787610576e+00 7.607542298298597405e-02
1.616519174041298079e+00 7.775541127532041574e-02
1.617994100294985138e+00 7.947194689621471519e-02
1.619469026548672641e+00 8.122577294436449102e-02
1.620943952802359922e+00 8.301764541870200464e-02
1.622418879056047203e+00 8.484833335986576019e-02
1.623893805309734484e+00 8.671861899004922047e-02
1.625368731563421765e+00 8.862929785111843539e-02
1.626843657817109268e+00 9.058117894074146914e-02
1.628318584070796327e+00 9.257508484648069302e-02
1.629793510324483830e+00 9.461185187757273352e-02
1.631268436578171110e+00 9.669233019425477194e-02
1.632743362831858391e+00 9.881738393448397106e-02
1.634218289085545672e+00 1.009878913378095128e-01
1.635693215339232953e+00 1.032047448661931321e-01
1.637168141592920456e+00 1.054688513216811702e-01
1.638643067846607515e+00 1.077811319605419121e-01
1.640117994100295018e+00 1.101425226038291877e-01
1.641592920353982299e+00 1.125539737440191951e-01
1.643067846607669580e+00 1.150164506475981341e-01
1.644542772861357083e+00 1.175309334532931432e-01
1.646017699115044142e+00 1.200984172657023757e-01
1.647492625368731645e+00 1.227199122441772899e-01
1.648967551622418926e+00 1.253964436865426246e-01
1.650442477876106206e+00 1.281290521075812705e-01
1.651917404129793487e+00 1.309187933118696745e-01
1.653392330383480768e+00 1.337667384607318377e-01
1.654867256637168271e+00 1.366739741330945390e-01
1.656342182890855330e+00 1.396416023798879302e-01
1.657817109144542833e+00 1.426707407717098253e-01
1.659292035398230114e+00 1.457625224394948071e-01
1.660766961651917395e+00 1.489180961078589716e-01
1.662241887905604676e+00 1.521386261207496038e-01
1.663716814159291957e+00 1.554252924592258445e-01
1.665191740412979460e+00 1.587792907509142926e-01
1.666666666666666519e+00 1.622018322708213001e-01
1.668141592920354022e+00 1.656941439332808297e-01
1.669616519174041303e+00 1.692574682745111581e-01
1.671091445427728583e+00 1.728930634256085341e-01
1.672566371681415864e+00 1.766022030754935412e-01
1.674041297935103145e+00 1.803861764235204501e-01
1.675516224188790648e+00 1.842462881213366432e-01
1.676991150442477707e+00 1.881838582036060303e-01
1.678466076696165210e+00 1.922002220073798784e-01
1.679941002949852491e+00 1.962967300793931058e-01
1.681415929203539772e+00 2.004747480712282814e-01
1.682890855457227275e+00 2.047356566218065665e-01
1.684365781710914334e+00 2.090808512267583186e-01
1.685840707964601837e+00 2.135117420943631328e-01
1.687315634218289118e+00 2.180297539875717949e-01
1.688790560471976399e+00 2.226363260517648657e-01
1.690265486725663679e+00 2.273329116277091055e-01
1.691740412979350960e+00 2.321209780494656039e-01
1.693215339233038463e+00 2.370020064266194770e-01
1.694690265486725522e+00 2.419774914105165819e-01
1.696165191740413025e+00 2.470489409441013196e-01
1.697640117994100306e+00 2.522178759947579785e-01
1.699115044247787587e+00 2.574858302699128410e-01
1.700589970501474868e+00 2.628543499147814599e-01
1.702064896755162149e+00 2.683249931919231557e-01
1.703539823008849652e+00 2.738993301420984960e-01
1.705014749262536711e+00 2.795789422259740142e-01
1.706489675516224214e+00 2.853654219463145347e-01
1.707964601769911495e+00 2.912603724500567592e-01
1.709439528023598776e+00 2.972654071099530837e-01
1.710914454277286278e+00 3.033821490852477432e-01
1.712389380530973337e+00 3.096122308609765006e-01
1.713864306784660840e+00 3.159572937654421820e-01
1.715339233038348121e+00 3.224189874653975996e-01
1.716814159292035402e+00 3.289989694385079821e-01
1.718289085545722683e+00 3.356989044225975327e-01
1.719764011799409964e+00 3.425204638414194869e-01
1.721238938053097467e+00 3.494653252062487336e-01
1.722713864306784526e+00 3.565351714930719562e-01
1.724188790560472029e+00 3.637316904949906005e-01
1.725663716814159310e+00 3.710565741491297920e-01
1.727138643067846591e+00 3.785115178380454859e-01
1.728613569321533872e+00 3.860982196649049847e-01
1.730088495575221152e+00 3.938183797021460597e-01
1.731563421828908655e+00 4.016736992135119810e-01
1.733038348082595714e+00 4.096658798484700270e-01
1.734513274336283217e+00 4.177966228093911716e-01
1.735988200589970498e+00 4.260676279905015185e-01
1.737463126843657779e+00 4.344805930887150058e-01
1.738938053097345282e+00 4.430372126858501680e-01
1.740412979351032341e+00 4.517391773019521772e-01
1.741887905604719844e+00 4.605881724192759652e-01
1.743362831858407125e+00 4.695858774770341193e-01
1.744837758112094406e+00 4.787339648362441968e-01
1.746312684365781687e+00 4.880340987147526732e-01
1.747787610619468968e+00 4.974879340919730608e-01
1.749262536873156471e+00 5.070971155832738608e-01
1.750737463126843529e+00 5.168632762840478234e-01
1.752212389380531032e+00 5.267880365826773659e-01
1.753687315634218313e+00 5.368730029431266759e-01
1.755162241887905594e+00 5.471197666562167550e-01
1.756637168141592875e+00 5.575299025603207559e-01
1.758112094395280156e+00 5.681049677305765044e-01
1.759587020648967659e+00 5.788465001375325825e-01
1.761061946902654718e+00 5.897560172742020157e-01
1.762536873156342221e+00 6.008350147526932972e-01
1.764011799410029502e+00 6.120849648693289513e-01
1.765486725663716783e+00 6.235073151394953106e-01
1.766961651917404064e+00 6.351034868013705204e-01
1.768436578171091345e+00 6.468748732894143982e-01
1.769911504424778848e+00 6.588228386774129808e-01
1.771386430678465906e+00 6.709487160916719484e-01
1.772861356932153409e+00 6.832538060941651947e-01
1.774336283185840690e+00 6.957393750367140139e-01
1.775811209439527971e+00 7.084066533854944669e-01
1.777286135693215474e+00 7.212568340177256676e-01
1.778761061946902533e+00 7.342910704893635954e-01
1.780235988200590036e+00 7.475104752758002791e-01
1.781710914454277317e+00 7.609161179849578405e-01
1.783185840707964598e+00 7.745090235443790050e-01
1.784660766961651879e+00 7.882901703618656608e-01
1.786135693215339160e+00 8.022604884614554788e-01
1.787610619469026663e+00 8.164208575947282664e-01
1.789085545722713722e+00 8.307721053285844759e-01
1.790560471976401224e+00 8.453150051101843143e-01
1.792035398230088505e+00 8.600502743100159053e-01
1.793510324483775786e+00 8.749785722441255631e-01
1.794985250737463067e+00 8.901004981765944235e-01
1.796460176991150348e+00 9.054165893028782719e-01
1.797935103244837851e+00 9.209273187155982976e-01
1.799410029498524910e+00 9.366330933540345516e-01
1.800884955752212413e+00 9.525342519380156636e-01
1.802359882005899694e+00 9.686310628882655038e-01
1.803834808259586975e+00 9.849237222336864050e-01
1.805309734513274478e+00 1.001412351507897203e+00
1.806784660766961537e+00 1.018096995635996649e+00
1.808259587020649040e+00 1.034977620812900678e+00
1.809734513274336321e+00 1.052054112375699901e+00
1.811209439528023601e+00 1.069326272670793276e+00
1.812684365781710882e+00 1.086793818917862975e+00
1.814159292035398163e+00 1.104456381072976612e+00
1.815634218289085666e+00 1.122313499691758532e+00
1.817109144542772725e+00 1.140364623795187882e+00
1.818584070796460228e+00 1.158609108740109583e+00
1.820058997050147509e+00 1.177046214095751608e+00
1.821533923303834790e+00 1.195675101529427575e+00
1.823008849557522071e+00 1.214494832702334604e+00
1.824483775811209352e+00 1.233504367179154348e+00
1.825958702064896855e+00 1.252702560352292771e+00
1.827433628318583914e+00 1.272088161384015370e+00
1.828908554572271417e+00 1.291659811168742067e+00
1.830383480825958697e+00 1.311416040317651577e+00
1.831858407079645978e+00 1.331355267168476519e+00
1.833333333333333481e+00 1.351475795822962400e+00
1.834808259587020540e+00 1.371775814214336364e+00
1.836283185840708043e+00 1.392253392207879692e+00
1.837758112094395324e+00 1.412906479737473076e+00
1.839233038348082605e+00 1.433732904979754696e+00
1.840707964601769886e+00 1.454730372570493646e+00
1.842182890855457167e+00 1.475896461864731224e+00
1.843657817109144670e+00 1.497228625243673727e+00
1.845132743362831729e+00 1.518724186472300008e+00
1.846607669616519232e+00 1.540380339109340468e+00
1.848082595870206513e+00 1.562194144974100585e+00
1.849557522123893794e+00 1.584162532671518964e+00
1.851032448377581074e+00 1.606282296180221003e+00
1.852507374631268355e+00 1.628550093505213514e+00
1.853982300884955858e+00 1.650962445400274037e+00
1.855457227138642917e+00 1.673515734160559765e+00
1.856932153392330420e+00 1.696206202491152393e+00
1.858407079646017701e+00 1.719029952453161370e+00
1.859882005899704982e+00 1.741982944491173191e+00
1.861356932153392263e+00 1.765060996545795069e+00
1.862831858407079544e+00 1.788259783252672541e+00
1.864306784660767047e+00 1.811574835233529246e+00
1.865781710914454106e+00 1.835001538481245031e+00
1.867256637168141609e+00 1.858535133841445752e+00
1.868731563421828890e+00 1.882170716595477966e+00
1.870206489675516170e+00 1.905903236146937463e+00
1.871681415929203673e+00 1.929727495814280935e+00
1.873156342182890732e+00 1.953638152734706868e+00
1.874631268436578235e+00 1.977629717879501481e+00
1.876106194690265516e+00 2.001696556186337350e+00
1.877581120943952797e+00 2.025832886810966738e+00
1.879056047197640078e+00 2.050032783499644573e+00
1.880530973451327359e+00 2.074290175087219357e+00
1.882005899705014862e+00 2.098598846122504469e+00
1.883480825958701921e+00 2.122952437624985311e+00
1.884955752212389424e+00 2.147344447972731274e+00
1.886430678466076705e+00 2.171768233927435787e+00
1.887905604719763986e+00 2.196217011797573448e+00
1.889380530973451267e+00 2.220683858740958527e+00
1.890855457227138547e+00 2.245161714211609372e+00
1.892330383480826050e+00 2.269643381551115890e+00
1.893805309734513109e+00 2.294121529726028008e+00
1.895280235988200612e+00 2.318588695216838858e+00
1.896755162241887893e+00 2.343037284056292080e+00
1.898230088495575174e+00 2.367459574020175594e+00
1.899705014749262677e+00 2.391847716974431659e+00
1.901179941002949736e+00 2.416193741375222359e+00
1.902654867256637239e+00 2.440489554929134552e+00
1.904129793510324520e+00 2.464726947409548785e+00
1.905604719764011801e+00 2.488897593633286220e+00
1.907079646017699082e+00 2.512993056596879438e+00
1.908554572271386363e+00 2.537004790773813578e+00
1.910029498525073866e+00 2.560924145573856059e+00
1.911504424778760924e+00 2.584742368961748582e+00
1.912979351032448427e+00 2.608450611240415995e+00
1.914454277286135708e+00 2.632039928993107125e+00
1.915929203539822989e+00 2.655501289189329039e+00
1.917404129793510270e+00 2.678825573449242103e+00
1.918879056047197551e+00 2.702003582470357657e+00
1.920353982300885054e+00 2.725026040611980616e+00
1.921828908554572113e+00 2.747883600638092449e+00
1.923303834808259616e+00 2.770566848617899591e+00
1.924778761061946897e+00 2.793066308979735179e+00
1.926253687315634178e+00 2.815372449721422310e+00
1.927728613569321681e+00 2.837475687768156174e+00
1.929203539823008740e+00 2.859366394482685703e+00
1.930678466076696242e+00 2.881034901320585373e+00
1.932153392330383523e+00 2.902471505629840465e+00
1.933628318584070804e+00 2.923666476591260110e+00
1.935103244837758085e+00 2.944610061295843906e+00
1.936578171091445366e+00 2.965292490957926130e+00
1.938053097345132869e+00 2.985703987256556058e+00
1.939528023598819928e+00 3.005834768805518031e+00
1.941002949852507431e+00 3.025675057743993701e+00
1.942477876106194712e+00 3.045215086445183683e+00
1.943952802359881993e+00 3.064445104338047621e+00
1.945427728613569274e+00 3.083355384838483371e+00
1.946902654867256555e+00 3.101936232379577163e+00
1.948377581120944058e+00 3.120177989544141273e+00
1.949852507374631116e+00 3.138071044283720301e+00
1.951327433628318619e+00 3.155605837227473121e+00
1.952802359882005900e+00 3.172772869067856050e+00
1.954277286135693181e+00 3.189562708019650028e+00
1.955752212389380462e+00 3.205965997347300700e+00
1.957227138643067743e+00 3.221973462947836264e+00
1.958702064896755246e+00 3.237575920991036416e+00
1.960176991150442305e+00 3.252764285599762051e+00
1.961651917404129808e+00 3.267529576571631900e+00
1.963126843657817089e+00 3.281862927127876084e+00
1.964601769911504370e+00 3.295755591685761932e+00
1.966076696165191873e+00 3.309198953643058605e+00
1.967551622418878932e+00 3.322184533169738163e+00
1.969026548672566435e+00 3.334703994995090515e+00
1.970501474926253715e+00 3.346749156184215757e+00
1.971976401179940996e+00 3.358311993894026237e+00
1.973451327433628277e+00 3.369384653098725035e+00
1.974926253687315558e+00 3.379959454278388176e+00
1.976401179941003061e+00 3.390028901059011890e+00
1.977876106194690120e+00 3.399585687797118894e+00
1.979351032448377623e+00 3.408622707095514848e+00
1.980825958702064904e+00 3.417133057245819394e+00
1.982300884955752185e+00 3.425110049585932792e+00
1.983775811209439466e+00 3.432547215760327841e+00
1.985250737463126747e+00 3.439438314877995673e+00
1.986725663716814250e+00 3.445777340556061663e+00
1.988200589970501309e+00 3.451558527839900581e+00
1.989675516224188812e+00 3.456776359987820957e+00
1.991150442477876092e+00 3.461425575116368059e+00
1.992625368731563373e+00 3.465501172689003262e+00
1.994100294985250876e+00 3.468998419846422543e+00
1.995575221238937935e+00 3.471912857561072041e+00
1.997050147492625438e+00 3.474240306613903595e+00
1.998525073746312719e+00 3.475976873378694876e+00
2.000000000000000000e+00 3.477118955406825140e+00
2.001474926253687059e+00 3.477663246804249653e+00
2.002949852507374562e+00 3.477606743387607224e+00
2.004424778761062065e+00 3.476946747618304911e+00
2.005899705014749124e+00 3.475680873295984075e+00
2.007374631268436627e+00 3.473807050013010489e+00
2.008849557522124130e+00 3.471323527353288529e+00
2.010324483775811188e+00 3.468228878832138484e+00
2.011799410029498247e+00 3.464522005570003227e+00
2.013274336283185750e+00 3.460202139688889122e+00
2.014749262536873253e+00 3.455268847425508216e+00
2.016224188790560312e+00 3.449722031958297297e+00
2.017699115044247815e+00 3.443561935934616347e+00
2.019174041297935318e+00 3.436789143697907889e+00
2.020648967551622377e+00 3.429404583205236889e+00
2.022123893805309436e+00 3.421409527630124181e+00
2.023598820058996939e+00 3.412805596649130635e+00
2.025073746312684442e+00 3.403594757400597803e+00
2.026548672566371501e+00 3.393779325115909629e+00
2.028023598820059004e+00 3.383361963418687779e+00
2.029498525073746507e+00 3.372345684287157308e+00
2.030973451327433565e+00 3.360733847677114028e+00
2.032448377581120624e+00 3.348530160800591737e+00
2.033923303834808571e+00 3.335738677063154523e+00
2.035398230088495630e+00 3.322363794649807023e+00
2.036873156342182689e+00 3.308410254768538561e+00
2.038348082595870192e+00 3.293883139539754534e+00
2.039823008849557695e+00 3.278787869537981958e+00
2.041297935103244754e+00 3.263130200986128049e+00
2.042772861356931813e+00 3.246916222597334478e+00
2.044247787610619760e+00 3.230152352072134025e+00
2.045722713864306819e+00 3.212845332247212582e+00
2.047197640117993878e+00 3.195002226900841791e+00
2.048672566371681381e+00 3.176630416217717467e+00
2.050147492625368884e+00 3.157737591912523900e+00
2.051622418879055942e+00 3.138331752021641829e+00
2.053097345132743445e+00 3.118421195362963250e+00
2.054572271386430948e+00 3.098014515668490620e+00
2.056047197640118007e+00 3.077120595398342928e+00
2.057522123893805066e+00 3.055748599237622543e+00
2.058997050147492569e+00 3.033907967284005025e+00
2.060471976401180072e+00 3.011608407935460807e+00
2.061946902654867131e+00 2.988859890480068948e+00
2.063421828908554634e+00 2.965672637398948375e+00
2.064896755162242137e+00 2.942057116390903282e+00
2.066371681415929196e+00 2.918024032123957667e+00
2.067846607669616255e+00 2.893584317727210031e+00
2.069321533923303758e+00 2.868749126029409791e+00
2.070796460176991260e+00 2.843529820554880239e+00
2.072271386430678319e+00 2.817937966287724638e+00
2.073746312684365822e+00 2.791985320213122623e+00
2.075221238938053325e+00 2.765683821651751639e+00
2.076696165191740384e+00 2.739045582391675726e+00
2.078171091445427443e+00 2.712082876635448780e+00
2.079646017699114946e+00 2.684808130771139112e+00
2.081120943952802449e+00 2.657233912982357449e+00
2.082595870206489508e+00 2.629372922708803628e+00
2.084070796460177011e+00 2.601237979967346625e+00
2.085545722713864514e+00 2.572842014554096224e+00
2.087020648967551573e+00 2.544198055134712533e+00
2.088495575221238632e+00 2.515319218238601273e+00
2.089970501474926134e+00 2.486218697171558301e+00
2.091445427728613637e+00 2.456909750861554276e+00
2.092920353982300696e+00 2.427405692649265312e+00
2.094395280235988199e+00 2.397719879040268065e+00
2.095870206489675702e+00 2.367865698433135879e+00
2.097345132743362761e+00 2.337856559835758130e+00
2.098820058997049820e+00 2.307705881587114316e+00
2.100294985250737767e+00 2.277427080097439216e+00
2.101769911504424826e+00 2.247033558622172134e+00
2.103244837758111885e+00 2.216538696083161675e+00
2.104719764011799388e+00 2.185955835953479642e+00
2.106194690265486891e+00 2.155298275217412129e+00
2.107669616519173950e+00 2.124579253422202996e+00
2.109144542772861453e+00 2.093811941836611457e+00
2.110619469026548956e+00 2.063009432724742798e+00
2.112094395280236014e+00 2.032184728756654124e+00
2.113569321533923073e+00 2.001350732562578116e+00
2.115044247787610576e+00 1.970520236448459972e+00
2.116519174041298079e+00 1.939705912283323563e+00
2.117994100294985138e+00 1.908920301572106570e+00
2.119469026548672641e+00 1.878175805726756575e+00
2.120943952802360144e+00 1.847484676547107352e+00
2.122418879056047203e+00 1.816859006923314812e+00
2.123893805309734262e+00 1.786310721771584342e+00
2.125368731563421765e+00 1.755851569213474850e+00
2.126843657817109268e+00 1.725493112010825669e+00
2.128318584070796327e+00 1.695246719263642898e+00
2.129793510324483830e+00 1.665123558384107527e+00
2.131268436578171332e+00 1.635134587353070712e+00
2.132743362831858391e+00 1.605290547268718004e+00
2.134218289085545450e+00 1.575601955196788362e+00
2.135693215339232953e+00 1.546079097326730434e+00
2.137168141592920456e+00 1.516732022446169337e+00
2.138643067846607515e+00 1.487570535734031418e+00
2.140117994100295018e+00 1.458604192883955264e+00
2.141592920353982521e+00 1.429842294560275562e+00
2.143067846607669580e+00 1.401293881192403390e+00
2.144542772861356639e+00 1.372967728111982533e+00
2.146017699115044142e+00 1.344872341036686070e+00
2.147492625368731645e+00 1.317015951903725002e+00
2.148967551622418704e+00 1.289406515056063185e+00
2.150442477876106206e+00 1.262051703782359535e+00
2.151917404129793709e+00 1.234958907213266732e+00
2.153392330383480768e+00 1.208135227574492321e+00
2.154867256637167827e+00 1.181587477796302688e+00
2.156342182890855330e+00 1.155322179479986389e+00
2.157817109144542833e+00 1.129345561220455041e+00
2.159292035398229892e+00 1.103663557282498209e+00
2.160766961651917395e+00 1.078281806629316053e+00
2.162241887905604898e+00 1.053205652301077322e+00
2.163716814159291957e+00 1.028440141139846942e+00
2.165191740412979016e+00 1.003990023857175284e+00
2.166666666666666963e+00 9.798597554402254106e-01
2.168141592920354022e+00 9.560534958921681481e-01
2.169616519174041080e+00 9.325751113009174142e-01
2.171091445427728583e+00 9.094281752307323829e-01
2.172566371681416086e+00 8.866159704310091483e-01
2.174041297935103145e+00 8.641414908545953510e-01
2.175516224188790648e+00 8.420074439796583210e-01
2.176991150442478151e+00 8.202162534264771931e-01
2.178466076696165210e+00 7.987700618630942939e-01
2.179941002949852269e+00 7.776707341884941949e-01
2.181415929203539772e+00 7.569198609884632001e-01
2.182890855457227275e+00 7.365187622514687282e-01
2.184365781710914334e+00 7.164684913385528375e-01
2.185840707964601837e+00 6.967698391946706149e-01
2.187315634218289340e+00 6.774233387940393758e-01
2.188790560471976399e+00 6.584292698078920703e-01
2.190265486725663457e+00 6.397876634847907695e-01
2.191740412979350960e+00 6.214983077330233918e-01
2.193215339233038463e+00 6.035607523941292074e-01
2.194690265486725522e+00 5.859743146966064353e-01
2.196165191740413025e+00 5.687380848794406640e-01
2.197640117994100528e+00 5.518509319731872420e-01
2.199115044247787587e+00 5.353115097281616608e-01
2.200589970501474646e+00 5.191182626785106891e-01
2.202064896755162149e+00 5.032694323302687733e-01
2.203539823008849652e+00 4.877630634625812478e-01
2.205014749262536711e+00 4.725970105301393054e-01
2.206489675516224214e+00 4.577689441565658823e-01
2.207964601769911717e+00 4.432763577058679849e-01
2.209439528023598776e+00 4.291165739227618681e-01
2.210914454277285834e+00 4.152867516285295713e-01
2.212389380530973337e+00 4.017838924636263909e-01
2.213864306784660840e+00 3.886048476643563232e-01
2.215339233038347899e+00 3.757463248638738262e-01
2.216814159292035402e+00 3.632048949071557953e-01
2.218289085545722905e+00 3.509769986684726506e-01
2.219764011799409964e+00 3.390589538624664834e-01
2.221238938053097023e+00 3.274469618383157865e-01
2.222713864306784970e+00 3.161371143471243816e-01
2.224188790560472029e+00 3.051254002735960258e-01
2.225663716814159088e+00 2.944077123224367876e-01
2.227138643067846591e+00 2.839798536508928439e-01
2.228613569321534094e+00 2.738375444385755531e-01
2.230088495575221152e+00 2.639764283864667327e-01
2.231563421828908211e+00 2.543920791371019896e-01
2.233038348082596158e+00 2.450800066082054196e-01
2.234513274336283217e+00 2.360356632326704451e-01
2.235988200589970276e+00 2.272544500975460235e-01
2.237463126843657779e+00 2.187317229758730386e-01
2.238938053097345282e+00 2.104627982447305756e-01
2.240412979351032341e+00 2.024429586838479012e-01
2.241887905604719844e+00 1.946674591488801176e-01
2.243362831858407347e+00 1.871315321146434785e-01
2.244837758112094406e+00 1.798303930830512931e-01
2.246312684365781465e+00 1.727592458516285789e-01
2.247787610619468968e+00 1.659132876382982680e-01
2.249262536873156471e+00 1.592877140587882490e-01
2.250737463126843529e+00 1.528777239534370724e-01
2.252212389380531032e+00 1.466785240602366813e-01
2.253687315634218535e+00 1.406853335315326192e-01
2.255162241887905594e+00 1.348933882922782046e-01
2.256637168141592653e+00 1.292979452376044891e-01
2.258112094395280156e+00 1.238942862684764834e-01
2.259587020648967659e+00 1.186777221639495616e-01
2.261061946902654718e+00 1.136435962892903689e-01
2.262536873156342221e+00 1.087872881392907831e-01
2.264011799410029724e+00 1.041042167165673604e-01
2.265486725663716783e+00 9.958984374490695290e-02
2.266961651917403842e+00 9.523967671798547197e-02
2.268436578171091345e+00 9.104927178412713928e-02
2.269911504424778848e+00 8.701423646802668166e-02
2.271386430678465906e+00 8.313023223064697209e-02
2.272861356932153409e+00 7.939297686868265758e-02
2.274336283185840912e+00 7.579824675545003554e-02
2.275811209439527971e+00 7.234187892495370920e-02
2.277286135693215030e+00 6.901977300141667881e-02
2.278761061946902533e+00 6.582789297669135176e-02
2.280235988200590036e+00 6.276226883800679890e-02
2.281710914454277095e+00 5.981899804896816109e-02
2.283185840707964598e+00 5.699424688665538641e-02
2.284660766961652101e+00 5.428425163804125736e-02
2.286135693215339160e+00 5.168531965887775831e-02
2.287610619469026219e+00 4.919383029863384771e-02
2.289085545722714166e+00 4.680623569484062413e-02
2.290560471976401224e+00 4.451906144068356469e-02
2.292035398230088283e+00 4.232890712946794226e-02
2.293510324483775786e+00 4.023244677991953677e-02
2.294985250737463289e+00 3.822642914620870414e-02
2.296460176991150348e+00 3.630767791671712236e-02
2.297935103244837851e+00 3.447309180564103737e-02
2.299410029498525354e+00 3.271964454152870294e-02
2.300884955752212413e+00 3.104438475692038180e-02
2.302359882005899472e+00 2.944443578326474617e-02
2.303834808259586975e+00 2.791699535531910054e-02
2.305309734513274478e+00 2.645933522925342923e-02
2.306784660766961537e+00 2.506880071861056908e-02
2.308259587020649040e+00 2.374281015238477108e-02
2.309734513274336543e+00 2.247885425934231796e-02
2.311209439528023601e+00 2.127449548273210519e-02
2.312684365781710660e+00 2.012736722949705001e-02
2.314159292035398163e+00 1.903517305804961965e-02
2.315634218289085666e+00 1.799568580860677267e-02
2.317109144542772725e+00 1.700674668005719772e-02
2.318584070796460228e+00 1.606626425719267018e-02
2.320058997050147731e+00 1.517221349218640311e-02
2.321533923303834790e+00 1.432263464399635179e-02
2.323008849557521849e+00 1.351563217937028737e-02
2.324483775811209352e+00 1.274937363902370682e-02
2.325958702064896855e+00 1.202208847245527651e-02
2.327433628318583914e+00 1.133206684478643873e-02
2.328908554572271417e+00 1.067765841891480175e-02
2.330383480825958920e+00 1.005727111614585466e-02
2.331858407079645978e+00 9.469369858410901439e-03
2.333333333333333037e+00 8.912475295006114587e-03
2.334808259587020540e+00 8.385162516741434188e-03
2.336283185840708043e+00 7.886059760250046027e-03
2.337758112094395102e+00 7.413847105096529888e-03
2.339233038348082605e+00 6.967255166208465716e-03
2.340707964601770108e+00 6.545063784067784059e-03
2.342182890855457167e+00 6.146100714943389907e-03
2.343657817109144226e+00 5.769240323382276818e-03
2.345132743362831729e+00 5.413402279020160593e-03
2.346607669616519232e+00 5.077550259691148912e-03
2.348082595870206291e+00 4.760690662693528238e-03
2.349557522123893794e+00 4.461871325951828962e-03
2.351032448377581296e+00 4.180180260727486830e-03
2.352507374631268355e+00 3.914744397401506183e-03
2.353982300884955414e+00 3.664728345760589340e-03
2.355457227138643361e+00 3.429333171113683673e-03
2.356932153392330420e+00 3.207795187462204444e-03
2.358407079646017479e+00 2.999384768845256895e-03
2.359882005899704982e+00 2.803405179900624912e-03
2.361356932153392485e+00 2.619191426561307424e-03
2.362831858407079544e+00 2.446109127754307697e-03
2.364306784660767047e+00 2.283553408835846486e-03
2.365781710914454550e+00 2.130947817454599894e-03
2.367256637168141609e+00 1.987743262420785337e-03
2.368731563421828668e+00 1.853416976098637122e-03
2.370206489675516170e+00 1.727471500753181496e-03
2.371681415929203673e+00 1.609433699216480679e-03
2.373156342182890732e+00 1.498853790162789443e-03
2.374631268436578235e+00 1.395304408218504127e-03
2.376106194690265738e+00 1.298379689071208843e-03
2.377581120943952797e+00 1.207694379676697025e-03
2.379056047197639856e+00 1.122882973610416207e-03
2.380530973451327359e+00 1.043598871550972199e-03
2.382005899705014862e+00 9.695135668411006139e-04
2.383480825958701921e+00 9.003158560110504022e-04
2.384955752212389424e+00 8.357110741160383343e-04
2.386430678466076927e+00 7.754203546911685521e-04
2.387905604719763986e+00 7.191799140905862303e-04
2.389380530973451044e+00 6.667403599409212284e-04
2.390855457227138547e+00 6.178660234050864725e-04
2.392330383480826050e+00 5.723343149248006191e-04
2.393805309734513109e+00 5.299351030779083380e-04
2.395280235988200612e+00 4.904701161655045279e-04
2.396755162241888115e+00 4.537523661175302562e-04
2.398230088495575174e+00 4.196055942879939565e-04
2.399705014749262233e+00 3.878637386898170611e-04
2.401179941002949736e+00 3.583704222061159881e-04
2.402654867256637239e+00 3.309784612984610738e-04
2.404129793510324298e+00 3.055493947230732490e-04
2.405604719764011801e+00 2.819530317534903966e-04
2.407079646017699304e+00 2.600670194028993198e-04
2.408554572271386363e+00 2.397764281307246414e-04
2.410029498525073421e+00 2.209733555145820610e-04
2.411504424778761368e+00 2.035565473655285543e-04
2.412979351032448427e+00 1.874310357626882498e-04
2.414454277286135486e+00 1.725077934828978161e-04
2.415929203539822989e+00 1.587034043025248645e-04
2.417404129793510492e+00 1.459397486508342645e-04
2.418879056047197551e+00 1.341437040968377248e-04
2.420353982300884610e+00 1.232468601572564351e-04
2.421828908554572557e+00 1.131852469175998865e-04
2.423303834808259616e+00 1.038990769649011025e-04
2.424778761061946675e+00 9.533250013771761892e-05
2.426253687315634178e+00 8.743337060699927349e-05
2.427728613569321681e+00 8.015302580930128682e-05
2.429203539823008740e+00 7.344607676328264835e-05
2.430678466076696242e+00 6.727020930986389981e-05
2.432153392330383745e+00 6.158599582618437226e-05
2.433628318584070804e+00 5.635671697433467995e-05
2.435103244837757863e+00 5.154819305596988706e-05
2.436578171091445366e+00 4.712862455552343496e-05
2.438053097345132869e+00 4.306844146552471486e-05
2.439528023598819928e+00 3.934016099923245247e-05
2.441002949852507431e+00 3.591825330730737787e-05
2.442477876106194934e+00 3.277901482682278589e-05
2.443952802359881993e+00 2.990044890283252390e-05
2.445427728613569052e+00 2.726215333430098635e-05
2.446902654867256555e+00 2.484521450802018591e-05
2.448377581120944058e+00 2.263210779585901012e-05
2.449852507374631116e+00 2.060660390223916161e-05
2.451327433628318619e+00 1.875368086027157246e-05
2.452802359882006122e+00 1.705944138643767768e-05
2.454277286135693181e+00 1.551103531481199904e-05
2.455752212389380240e+00 1.409658684301004378e-05
2.457227138643067743e+00 1.280512633281979896e-05
2.458702064896755246e+00 1.162652641921057895e-05
2.460176991150442305e+00 1.055144219182163779e-05
2.461651917404129808e+00 9.571255223242039711e-06
2.463126843657817311e+00 8.678021228380968416e-06
2.464601769911504370e+00 7.864421148909989191e-06
2.466076696165191429e+00 7.123715466233787092e-06
2.467551622418878932e+00 6.449701555615521987e-06
2.469026548672566435e+00 5.836673902971156248e-06
2.470501474926253493e+00 5.279387014500629846e-06
2.471976401179940996e+00 4.773020857676294437e-06
2.473451327433628499e+00 4.313148680136253537e-06
2.474926253687315558e+00 3.895707060875211633e-06
2.476401179941002617e+00 3.516968055579513908e-06
2.477876106194690564e+00 3.173513305208292672e-06
2.479351032448377623e+00 2.862209983859519268e-06
2.480825958702064682e+00 2.580188468637258858e-06
2.482300884955752185e+00 2.324821620647759799e-06
2.483775811209439688e+00 2.093705572362791256e-06
2.485250737463126747e+00 1.884641922504246711e-06
2.486725663716814250e+00 1.695621245178232887e-06
2.488200589970501753e+00 1.524807825396011519e-06
2.489675516224188812e+00 1.370525538209661134e-06
2.491150442477875870e+00 1.231244793590219680e-06
2.492625368731563373e+00 1.105570473826194866e-06
2.494100294985250876e+00 9.922307946403578676e-07
2.495575221238937935e+00 8.900670254340203009e-07
2.497050147492625438e+00 7.980240080643979848e-07
2.498525073746312941e+00 7.151414173458382998e-07
2.500000000000000000e+00 6.405457100641618498e-07
2.501474926253687059e+00 5.734427126922165228e-07
2.502949852507374562e+00 5.131108012166819474e-07
2.504424778761062065e+00 4.588946295265304087e-07
2.505899705014749124e+00 4.101993656902263764e-07
2.507374631268436627e+00 3.664853981593091926e-07
2.508849557522124130e+00 3.272634764928665979e-07
2.510324483775811188e+00 2.920902536068213731e-07
2.511799410029498247e+00 2.605641988174149381e-07
2.513274336283185750e+00 2.323218530803637631e-07
2.514749262536873253e+00 2.070343998308591618e-07
2.516224188790560312e+00 1.844045267070536757e-07
2.517699115044247815e+00 1.641635552062303812e-07
2.519174041297935318e+00 1.460688169731082463e-07
2.520648967551622377e+00 1.299012569687390039e-07
2.522123893805309436e+00 1.154632452161571519e-07
2.523598820058996939e+00 1.025765801728175690e-07
2.525073746312684442e+00 9.108066804463859016e-08
2.526548672566371501e+00 8.083086353688759546e-08
2.528023598820059004e+00 7.169695863818376889e-08
2.529498525073746507e+00 6.356180706024884310e-08
2.530973451327433565e+00 5.632007291076528168e-08
2.532448377581120624e+00 4.987709306675857458e-08
2.533923303834808127e+00 4.414784354144184206e-08
2.535398230088495630e+00 3.905600090609178593e-08
2.536873156342182689e+00 3.453309054091955915e-08
2.538348082595870192e+00 3.051771415027592403e-08
2.539823008849557695e+00 2.695484959023258568e-08
2.541297935103244754e+00 2.379521662426710538e-08
2.542772861356931813e+00 2.099470274794791125e-08
2.544247787610619760e+00 1.851384370928477252e-08
2.545722713864306819e+00 1.631735380023787076e-08
2.547197640117993878e+00 1.437370140927325646e-08
2.548672566371681381e+00 1.265472570731438269e-08
2.550147492625368884e+00 1.113529069185236209e-08
2.551622418879055942e+00 9.792973138871746606e-09
2.553097345132743445e+00 8.607781311131349472e-09
2.554572271386430948e+00 7.561901546501675545e-09
2.556047197640118007e+00 6.639470102737032346e-09
2.557522123893805066e+00 5.826367867412895684e-09
2.558997050147492569e+00 5.110035754832259845e-09
2.560471976401180072e+00 4.479308807235768140e-09
2.561946902654867131e+00 3.924267196820898480e-09
2.563421828908554634e+00 3.436102489169884842e-09
2.564896755162242137e+00 3.006997678866663777e-09
2.566371681415929196e+00 2.630019645420082798e-09
2.567846607669616255e+00 2.299022803108452357e-09
2.569321533923303758e+00 2.008562832975706497e-09
2.570796460176991260e+00 1.753819489777290979e-09
2.572271386430678319e+00 1.530527572043402484e-09
2.573746312684365822e+00 1.334915230305433781e-09
2.575221238938053325e+00 1.163648867660139044e-09
2.576696165191740384e+00 1.013783958811668660e-09
2.578171091445427443e+00 8.827211792056493709e-10
2.579646017699114946e+00 7.681672953047091339e-10
2.581120943952802449e+00 6.681003210654047798e-10
2.582595870206489508e+00 5.807384946420585987e-10
2.584070796460177011e+00 5.045126737533350809e-10
2.585545722713864514e+00 4.380417883742369739e-10
2.587020648967551573e+00 3.801110258356855901e-10
2.588495575221238632e+00 3.296524563561243788e-10
2.589970501474926134e+00 2.857278368182135834e-10
2.591445427728613637e+00 2.475133575018241106e-10
2.592920353982300696e+00 2.142861207762788388e-10
2.594395280235988199e+00 1.854121626596843485e-10
2.595870206489675702e+00 1.603358479033470406e-10
2.597345132743362761e+00 1.385704870472685861e-10
2.598820058997049820e+00 1.196900399047450080e-10
2.600294985250737767e+00 1.033217843374312128e-10
2.601769911504424826e+00 8.913984212761507373e-11
2.603244837758111885e+00 7.685946538275799046e-11
2.604719764011799388e+00 6.623199734392749081e-11
2.606194690265486891e+00 5.704043083155191345e-11
2.607669616519173950e+00 4.909549595145165336e-11
2.609144542772861008e+00 4.223221619937582012e-11
2.610619469026548956e+00 3.630687882785208544e-11
2.612094395280236014e+00 3.119437135451478658e-11
2.613569321533923073e+00 2.678584146724851929e-11
2.615044247787610576e+00 2.298664238292583546e-11
2.616519174041298079e+00 1.971453000161128322e-11
2.617994100294985138e+00 1.689808201974068690e-11
2.619469026548672641e+00 1.447531257144251824e-11
2.620943952802360144e+00 1.239245900039207686e-11
2.622418879056047203e+00 1.060292006357399169e-11
2.623893805309734262e+00 9.066327268872306853e-12
2.625368731563421765e+00 7.747733181338158314e-12
2.626843657817109268e+00 6.616902427348162189e-12
2.628318584070796327e+00 5.647692806710719754e-12
2.629793510324483830e+00 4.817515413422131124e-12
2.631268436578171332e+00 4.106863986555509597e-12
2.632743362831858391e+00 3.498904882381337262e-12
2.634218289085545450e+00 2.979120093759843960e-12
2.635693215339232953e+00 2.534996657923862463e-12
2.637168141592920456e+00 2.155756602386713892e-12
2.638643067846607515e+00 1.832122292651081654e-12
2.640117994100295018e+00 1.556112675348972324e-12
2.641592920353982521e+00 1.320866465864060533e-12
2.643067846607669580e+00 1.120488818864832631e-12
2.644542772861356639e+00 9.499184510330322318e-13
2.646017699115044142e+00 8.048125643484942603e-13
2.647492625368731645e+00 6.814472515681373571e-13
2.648967551622418704e+00 5.766313583332746817e-13
2.650442477876106206e+00 4.876320333957077959e-13
2.651917404129793709e+00 4.121104239557349041e-13
2.653392330383480768e+00 3.480661708043950487e-13
2.654867256637167827e+00 2.937895311437145970e-13
2.656342182890855330e+00 2.478201085639164017e-13
2.657817109144542833e+00 2.089113022762400259e-13
2.659292035398229892e+00 1.759997036239690503e-13
2.660766961651917395e+00 1.481787691586206106e-13
2.662241887905604898e+00 1.246761879547651602e-13
2.663716814159291957e+00 1.048344379352625045e-13
2.665191740412979016e+00 8.809409317485842380e-14
2.666666666666666963e+00 7.397950267966986359e-14
2.668141592920354022e+00 6.208651207930513385e-14
2.669616519174041080e+00 5.207194397209702689e-14
2.671091445427728583e+00 4.364459116756372859e-14
2.672566371681416086e+00 3.655751050870208972e-14
2.674041297935103145e+00 3.060143397599723854e-14
2.675516224188790648e+00 2.559913894006835309e-14
2.676991150442478151e+00 2.140064123697227648e-14
2.678466076696165210e+00 1.787909362384133701e-14
2.679941002949852269e+00 1.492728851247625637e-14
2.681415929203539772e+00 1.245467800703091711e-14
2.682890855457227275e+00 1.038483647981130209e-14
2.684365781710914334e+00 8.653301459202283490e-15
2.685840707964601837e+00 7.205737697603733078e-15
2.687315634218289340e+00 5.996377127405519657e-15
2.688790560471976399e+00 4.986694167292787756e-15
2.690265486725663457e+00 4.144281655876050607e-15
2.691740412979350960e+00 3.441897691646510679e-15
2.693215339233038463e+00 2.856657958004966167e-15
2.694690265486725522e+00 2.369351805581366629e-15
2.696165191740413025e+00 1.963863534234224400e-15
2.697640117994100528e+00 1.626683036289809553e-15
2.699115044247787587e+00 1.346492293069115512e-15
2.700589970501474646e+00 1.113816212698736657e-15
2.702064896755162149e+00 9.207280053589025623e-16
2.703539823008849652e+00 7.606007528766728351e-16
2.705014749262536711e+00 6.278980778645928322e-16
2.706489675516224214e+00 5.179978835099957970e-16
2.707964601769911717e+00 4.270440446460077353e-16
2.709439528023598776e+00 3.518217062029421337e-16
2.710914454277285834e+00 2.896525058649866489e-16
2.712389380530973337e+00 2.383066002505309742e-16
2.713864306784660840e+00 1.959288524798266033e-16
2.715339233038347899e+00 1.609769457917348365e-16
2.716814159292035402e+00 1.321695334324107341e-16
2.718289085545722905e+00 1.084428283555081410e-16
2.719764011799409964e+00 8.891428505837393625e-17
2.721238938053097023e+00 7.285223673679528648e-17
2.722713864306784526e+00 5.965052951544675814e-17
2.724188790560472029e+00 4.880734663512015140e-17
2.725663716814159088e+00 3.990754327096105630e-17
2.727138643067846591e+00 3.260792064141901170e-17
2.728613569321534094e+00 2.662495924443471259e-17
2.730088495575221152e+00 2.172460798479087411e-17
2.731563421828908211e+00 1.771379081217502747e-17
2.733038348082596158e+00 1.443334712582528215e-17
2.734513274336283217e+00 1.175216819424020532e-17
2.735988200589970276e+00 9.562330525373483074e-18
2.737463126843657779e+00 7.775059639413092142e-18
2.738938053097345282e+00 6.317385006350410784e-18
2.740412979351032341e+00 5.129369829724229396e-18
2.741887905604719844e+00 4.161818577974088638e-18
2.743362831858407347e+00 3.374381270035065408e-18
2.744837758112094406e+00 2.733987006838853629e-18
2.746312684365781465e+00 2.213550522814218112e-18
2.747787610619468968e+00 1.790904963755423351e-18
2.749262536873156471e+00 1.447921976994662296e-18
2.750737463126843529e+00 1.169786777069126064e-18
2.752212389380531032e+00 9.444013361474915256e-19
2.753687315634218535e+00 7.618934207803361594e-19
2.755162241887905594e+00 6.142130043624651161e-19
2.756637168141592653e+00 4.948007533893881393e-19
2.758112094395280156e+00 3.983159203888325506e-19
2.759587020648967659e+00 3.204131655660893814e-19
2.761061946902654718e+00 2.575596466758198853e-19
2.762536873156342221e+00 2.068852243648604463e-19
2.764011799410029724e+00 1.660598800158975017e-19
2.765486725663716783e+00 1.331934782965791664e-19
2.766961651917403842e+00 1.067538633601862878e-19
2.768436578171091345e+00 8.549998614887029350e-20
2.769911504424778848e+00 6.842734571716789203e-20
2.771386430678465906e+00 5.472351090061502931e-20
2.772861356932153409e+00 4.373188748469542982e-20
2.774336283185840912e+00 3.492222481879106633e-20
2.775811209439527971e+00 2.786662665616203066e-20
2.777286135693215030e+00 2.222005392260160077e-20
2.778761061946902533e+00 1.770449045556211929e-20
2.780235988200590036e+00 1.409609342047307432e-20
2.781710914454277095e+00 1.121477382763454663e-20
2.783185840707964598e+00 8.915754080207709666e-21
2.784660766961652101e+00 7.082732702298088958e-21
2.786135693215339160e+00 5.622354567281134232e-21
2.787610619469026219e+00 4.459740746016416619e-21
2.789085545722714166e+00 3.534877731653316074e-21
2.790560471976401224e+00 2.799703093076607676e-21
2.792035398230088283e+00 2.215755063186417602e-21
2.793510324483775786e+00 1.752278416020484776e-21
2.794985250737463289e+00 1.384699244074240502e-21
2.796460176991150348e+00 1.093397748812975837e-21
2.797935103244837407e+00 8.627215887983644078e-22
2.799410029498525354e+00 6.801932535068773275e-22
2.800884955752212413e+00 5.358738078133542037e-22
2.802359882005899472e+00 4.218525599685964556e-22
2.803834808259586975e+00 3.318380537551315976e-22
2.805309734513274478e+00 2.608305261447825246e-22
2.806784660766961537e+00 2.048598117181773203e-22
2.808259587020649040e+00 1.607757829402205976e-22
2.809734513274336543e+00 1.260809286520903740e-22
2.811209439528023601e+00 9.879670392808205433e-23
2.812684365781710660e+00 7.735692404138361150e-23
2.814159292035398163e+00 6.052279795683449387e-23
2.815634218289085666e+00 4.731526290877162432e-23
2.817109144542772725e+00 3.696114027778918248e-23
2.818584070796460228e+00 2.885032396297273594e-23
2.820058997050147731e+00 2.250176804115855159e-23
2.821533923303834790e+00 1.753648687145017596e-23
2.823008849557521849e+00 1.365613912018626384e-23
2.824483775811209352e+00 1.062605457917862286e-23
2.825958702064896855e+00 8.261792975068110265e-24
2.827433628318583914e+00 6.418508400725444103e-24
2.828908554572271417e+00 4.982540561960862823e-24
2.830383480825958920e+00 3.864771997735231054e-24
2.831858407079645978e+00 2.995384657397180350e-24
2.833333333333333037e+00 2.319724419065387105e-24
2.834808259587020540e+00 1.795042100317810581e-24
2.836283185840708043e+00 1.387927291724023866e-24
2.837758112094395102e+00 1.072289380728544982e-24
2.839233038348082605e+00 8.277703890181469831e-25
2.840707964601770108e+00 6.384982925362345100e-25
2.842182890855457167e+00 4.921085880607170460e-25
2.843657817109144226e+00 3.789770205511538339e-25
2.845132743362831729e+00 2.916183959435180408e-25
2.846607669616519232e+00 2.242159174247252208e-25
2.848082595870206291e+00 1.722530122680745294e-25
2.849557522123893794e+00 1.322255698932349023e-25
2.851032448377581296e+00 1.014172156117298400e-25
2.852507374631268355e+00 7.772395773782430306e-26
2.853982300884955414e+00 5.951747449766962584e-26
2.855457227138643361e+00 4.553861521817872361e-26
2.856932153392330420e+00 3.481450762269279001e-26
2.858407079646017479e+00 2.659409280507589749e-26
2.859882005899704982e+00 2.029803330367081098e-26
2.861356932153392485e+00 1.547982234184671733e-26
2.862831858407079544e+00 1.179561491544194297e-26
2.864306784660767047e+00 8.980844437369966497e-27
2.865781710914454550e+00 6.832114034010268960e-27
2.867256637168141609e+00 5.193184528367444563e-27
2.868731563421828668e+00 3.944141505787441321e-27
2.870206489675516170e+00 2.993027285611160879e-27
2.871681415929203673e+00 2.269382428741013463e-27
2.873156342182890732e+00 1.719265276521159509e-27
2.874631268436578235e+00 1.301414544826174168e-27
2.876106194690265738e+00 9.842951565176729845e-28
2.877581120943952797e+00 7.438259653721650817e-28
2.879056047197639856e+00 5.616334712931119999e-28
2.880530973451327359e+00 4.237109201561789523e-28
2.882005899705014862e+00 3.193895662099667700e-28
2.883480825958701921e+00 2.405501043764398849e-28
2.884955752212389424e+00 1.810187230757562183e-28
2.886430678466076927e+00 1.361049532011769933e-28
2.887905604719763986e+00 1.022483277285884521e-28
2.889380530973451044e+00 7.674846707768755061e-29
2.890855457227138547e+00 5.755907172951910898e-29
2.892330383480826050e+00 4.313082746110217719e-29
2.893805309734513109e+00 3.229171403468445854e-29
2.895280235988200612e+00 2.415589124070218773e-29
2.896755162241888115e+00 1.805439973930180446e-29
2.898230088495575174e+00 1.348249980881906239e-29
2.899705014749262233e+00 1.005968847761458179e-29
2.901179941002949736e+00 7.499369297183218106e-30
2.902654867256637239e+00 5.585864632004527823e-30
2.904129793510324298e+00 4.157008276286229182e-30
2.905604719764011801e+00 3.090975374710563828e-30
2.907079646017699304e+00 2.296326997739816815e-30
2.908554572271386363e+00 1.704491366590907738e-30
2.910029498525073421e+00 1.264090371367054845e-30
2.911504424778760924e+00 9.366622985369567479e-31
2.912979351032448427e+00 6.934400335134962379e-31
2.914454277286135486e+00 5.129264445914514803e-31
2.915929203539822989e+00 3.790713246573372565e-31
2.917404129793510492e+00 2.799018649959530029e-31
2.918879056047197551e+00 2.064947532531600959e-31
2.920353982300884610e+00 1.522053692064110792e-31
2.921828908554572557e+00 1.120902916469870580e-31
2.923303834808259616e+00 8.247502421605413899e-32
2.924778761061946675e+00 6.063071389085302533e-32
2.926253687315634178e+00 4.453259880191486717e-32
2.927728613569321681e+00 3.267968613656129110e-32
2.929203539823008740e+00 2.396026083863883607e-32
2.930678466076696242e+00 1.755166752813508207e-32
2.932153392330383745e+00 1.284569930737474543e-32
2.933628318584070804e+00 9.393101043760721736e-33
2.935103244837757863e+00 6.862327782127131282e-33
2.936578171091445366e+00 5.008924574019768437e-33
2.938053097345132869e+00 3.652813014098261673e-33
2.939528023598819928e+00 2.661458220708855565e-33
2.941002949852507431e+00 1.937405251501802080e-33
2.942477876106194934e+00 1.409059217650679199e-33
2.943952802359881993e+00 1.023871173775888005e-33
2.945427728613569052e+00 7.433066681566216264e-34
2.946902654867256555e+00 5.391340082165125952e-34
2.948377581120944058e+00 3.906886151065319485e-34
2.949852507374631116e+00 2.828586445887494833e-34
2.951327433628318619e+00 2.046030815939042843e-34
2.952802359882006122e+00 1.478625668374674100e-34
2.954277286135693181e+00 1.067596175165001670e-34
2.955752212389380240e+00 7.701189597276529052e-35
2.957227138643067743e+00 5.550217474013277887e-35
2.958702064896755246e+00 3.996344359103019231e-35
2.960176991150442305e+00 2.874854468765409163e-35
2.961651917404129808e+00 2.066180327436262816e-35
2.963126843657817311e+00 1.483608506103175654e-35
2.964601769911504370e+00 1.064310826140559990e-35
2.966076696165191429e+00 7.628076767523347288e-36
2.967551622418878932e+00 5.462084031271194229e-36
2.969026548672566435e+00 3.907489167693777334e-36
2.970501474926253493e+00 2.792753517116383254e-36
2.971976401179940996e+00 1.994170037412027255e-36
2.973451327433628499e+00 1.422609993933525121e-36
2.974926253687315558e+00 1.013918267772278043e-36
2.976401179941002617e+00 7.219594377073743906e-37
2.977876106194690564e+00 5.135878480044833883e-37
2.979351032448377623e+00 3.650128087863916418e-37
2.980825958702064682e+00 2.591744744083799619e-37
2.982300884955752185e+00 1.838511863525892951e-37
2.983775811209439688e+00 1.302956949351734893e-37
2.985250737463126747e+00 9.225341404482885518e-38
2.986725663716813806e+00 6.525636958125966268e-38
2.988200589970501753e+00 4.611590987935198783e-38
2.989675516224188812e+00 3.255857548385205757e-38
2.991150442477875870e+00 2.296498034681106569e-38
2.992625368731563373e+00 1.618274381320379336e-38
2.994100294985250876e+00 1.139260305175225890e-38
2.995575221238937935e+00 8.012680498640732899e-39
2.997050147492625438e+00 5.630099450606686669e-39
2.998525073746312941e+00 3.952182708392767673e-39
3.000000000000000000e+00 2.771660253238994919e-39
