0.000000000000000000e+00
4.460662834823114764e-02
4.414969226960755583e-02
4.422165699784355586e-02
4.456242974112081812e-02
4.465003277119244246e-02
4.421958802613439737e-02
4.430643241765672841e-02
4.407217800949141812e-02
4.438868938047935142e-02
4.379369062825619330e-02
4.413905233889717228e-02
4.334582556886318327e-02
4.487361375714843392e-02
4.490343432078389846e-02
4.587304328696809735e-02
4.499992011292713867e-02
4.498375613365548920e-02
4.595818908239116679e-02
4.581391456586700328e-02
4.503453151245988967e-02
4.495817531369713377e-02
4.521642709687691969e-02
4.429513470039863482e-02
4.329569946015948689e-02
4.349459386994947857e-02
4.339553954427508714e-02
4.419916445764088958e-02
4.518695644603299560e-02
4.469737278960030785e-02
4.348433596373377924e-02
4.571552905854181503e-02
4.674371178228951124e-02
4.633825369207517086e-02
4.748423547073350043e-02
4.713907520143784113e-02
4.698903003958711938e-02
4.663691012998576885e-02
4.647148556639852518e-02
4.647148556639852518e-02
4.630886110434425523e-02
4.661251526482531465e-02
4.502934087998608503e-02
4.422112813773734080e-02
4.422168859845668903e-02
4.354727503878136341e-02
4.334157562352630721e-02
4.337390868492699975e-02
4.288225797096073544e-02
4.288225797096073544e-02
4.279370223907378451e-02
4.298197537425822029e-02
4.291788430468266441e-02
4.294683512605789594e-02
4.320266222679305934e-02
4.308721039581792089e-02
4.309944142981709386e-02
4.321374360017646299e-02
4.286056653863479227e-02
4.286056653863479227e-02
4.266765722493534585e-02
4.322790326678683376e-02
4.327008412831398476e-02
4.352339109712418525e-02
4.352339109712418525e-02
4.352339109712418525e-02
4.336101869126640640e-02
4.336101869126640640e-02
4.477924929825274902e-02
4.486794601032842444e-02
4.452918904141197481e-02
4.452918904141197481e-02
4.287499821155470875e-02
4.287499821155470875e-02
4.280563651953655374e-02
4.280563651953655374e-02
4.280563651953655374e-02
4.283429431977859442e-02
4.284019870036148703e-02
4.263945350516622906e-02
4.263945350516622906e-02
4.263945350516622906e-02
4.277571189732257140e-02
4.273859968098361883e-02
4.265017562365192028e-02
4.281910279893889198e-02
4.291138025381043691e-02
4.291138025381043691e-02
4.291138025381043691e-02
4.266950422718978481e-02
4.266950422718978481e-02
4.274568710560350260e-02
4.274568710560350260e-02
4.274568710560350260e-02
4.274568710560350260e-02
4.274568710560350260e-02
4.274568710560350260e-02
4.274568710560350260e-02
4.274568710560350260e-02
4.274568710560350260e-02
4.343029989811281882e-02
4.343029989811281882e-02
4.343029989811281882e-02
4.343029989811281882e-02
4.343029989811281882e-02
4.343029989811281882e-02
4.341047756717814760e-02
4.341047756717814760e-02
4.341047756717814760e-02
4.341047756717814760e-02
4.341047756717814760e-02
4.341047756717814760e-02
4.341047756717814760e-02
4.513270393706203532e-02
4.513270393706203532e-02
4.513270393706203532e-02
4.513270393706203532e-02
4.513270393706203532e-02
4.513270393706203532e-02
4.513270393706203532e-02
4.513270393706203532e-02
4.513270393706203532e-02
4.513270393706203532e-02
4.516895970665273791e-02
4.516895970665273791e-02
4.516895970665273791e-02
4.516895970665273791e-02
4.516895970665273791e-02
4.516895970665273791e-02
4.516895970665273791e-02
4.516895970665273791e-02
4.516895970665273791e-02
4.516895970665273791e-02
4.516895970665273791e-02
4.516895970665273791e-02
4.516895970665273791e-02
4.516895970665273791e-02
4.516895970665273791e-02
4.516895970665273791e-02
4.516895970665273791e-02
4.516895970665273791e-02
4.516895970665273791e-02
4.345303601057131510e-02
4.336676972483682890e-02
4.336676972483682890e-02
4.336676972483682890e-02
4.336676972483682890e-02
4.336676972483682890e-02
4.336676972483682890e-02
4.336676972483682890e-02
4.336676972483682890e-02
4.336676972483682890e-02
4.336676972483682890e-02
4.336676972483682890e-02
4.336676972483682890e-02
4.336676972483682890e-02
4.336676972483682890e-02
4.336676972483682890e-02
4.336676972483682890e-02
4.336676972483682890e-02
4.336676972483682890e-02
4.336676972483682890e-02
4.336676972483682890e-02
4.336676972483682890e-02
4.336676972483682890e-02
4.336676972483682890e-02
4.336676972483682890e-02
4.336676972483682890e-02
4.336676972483682890e-02
4.336676972483682890e-02
4.336676972483682890e-02
4.336676972483682890e-02
4.336676972483682890e-02
4.336676972483682890e-02
4.336676972483682890e-02
4.336676972483682890e-02
4.336676972483682890e-02
4.336676972483682890e-02
4.336676972483682890e-02
4.336676972483682890e-02
4.336676972483682890e-02
4.336676972483682890e-02
4.336676972483682890e-02
4.336676972483682890e-02
4.336676972483682890e-02
4.336676972483682890e-02
4.336676972483682890e-02
4.336676972483682890e-02
4.336676972483682890e-02
4.336676972483682890e-02
4.336676972483682890e-02
4.336676972483682890e-02
4.336676972483682890e-02
4.336676972483682890e-02
4.336676972483682890e-02
4.336676972483682890e-02
4.336676972483682890e-02
4.336676972483682890e-02
4.336676972483682890e-02
4.336676972483682890e-02
4.336676972483682890e-02
4.336676972483682890e-02
4.336676972483682890e-02
4.336676972483682890e-02
4.336676972483682890e-02
4.336676972483682890e-02
4.336676972483682890e-02
4.336676972483682890e-02
4.336676972483682890e-02
4.336676972483682890e-02
4.336676972483682890e-02
4.336676972483682890e-02
4.336676972483682890e-02
4.336676972483682890e-02
4.336676972483682890e-02
4.336676972483682890e-02
4.336676972483682890e-02
4.336676972483682890e-02
4.336676972483682890e-02
4.336676972483682890e-02
4.336676972483682890e-02
4.336676972483682890e-02
4.336676972483682890e-02
4.336676972483682890e-02
4.336676972483682890e-02
4.336676972483682890e-02
4.336676972483682890e-02
4.336676972483682890e-02
4.336676972483682890e-02
4.336676972483682890e-02
4.336676972483682890e-02
4.336676972483682890e-02
4.336676972483682890e-02
4.336676972483682890e-02
4.336676972483682890e-02
4.336676972483682890e-02
4.336676972483682890e-02
4.336676972483682890e-02
4.336676972483682890e-02
4.336676972483682890e-02
4.336676972483682890e-02
4.336676972483682890e-02
4.336676972483682890e-02
4.336676972483682890e-02
4.336676972483682890e-02
4.336676972483682890e-02
4.336676972483682890e-02
4.336676972483682890e-02
4.336676972483682890e-02
4.336676972483682890e-02
