1.000000000000000000e+00
9.993859977333985345e-01
9.959758011976238556e-01
9.930620616011217594e-01
9.899583718152707990e-01
9.873284966984615663e-01
9.832881399098819530e-01
9.782038943423855271e-01
9.719632583081161403e-01
9.635603384879818378e-01
9.559157223453886854e-01
9.458104880273435766e-01
9.414053824931500891e-01
9.362370247169595761e-01
9.251166634516334586e-01
9.161959303467493987e-01
9.131558733852747078e-01
9.082576551871780479e-01
8.951916443841266835e-01
8.941234683160731445e-01
8.900563889709164345e-01
8.849308742307596676e-01
8.813927707238202736e-01
8.765808324174395594e-01
8.717665870914104165e-01
8.689152308649924494e-01
8.640338687459518940e-01
8.605557648634826196e-01
8.559542556173079797e-01
8.509601199681973149e-01
8.463586339715951645e-01
8.304968020333455270e-01
8.237932090376303140e-01
8.157861405083505213e-01
8.173503013440480691e-01
8.088436867326006530e-01
8.080468355565281202e-01
8.046797135777589149e-01
8.036207038168208250e-01
8.036207038168208250e-01
8.022095876924619784e-01
8.039915495808673818e-01
7.977573386073384398e-01
7.953598428792465480e-01
7.943675683019146838e-01
7.933244911821569767e-01
7.885758548107865140e-01
7.887440514844890060e-01
7.855352430698592237e-01
7.855352430698592237e-01
7.857173506019167197e-01
7.880385460685415122e-01
7.874591178359049426e-01
7.857029558789526691e-01
7.870418503470725247e-01
7.875116653776250697e-01
7.890503827160295636e-01
7.891162835649904173e-01
7.874542240121216174e-01
7.874542240121216174e-01
7.861081113898010786e-01
7.847303048734253217e-01
7.856986316438165918e-01
7.854109159444560007e-01
7.854109159444560007e-01
7.854109159444560007e-01
7.846431990957785096e-01
7.846431990957785096e-01
7.861706714240248584e-01
7.858369111845930899e-01
7.871634072444629870e-01
7.871634072444629870e-01
7.841945337496317725e-01
7.841945337496317725e-01
7.845064807469681600e-01
7.845064807469681600e-01
7.845064807469681600e-01
7.852951276393439484e-01
7.839973287816950354e-01
7.824409650406418670e-01
7.824409650406418670e-01
7.824409650406418670e-01
7.821599570262109946e-01
7.823135898159705448e-01
7.826887113688316688e-01
7.834564282175090488e-01
7.824315292864859606e-01
7.824315292864859606e-01
7.824315292864859606e-01
7.796971265399988971e-01
7.796971265399988971e-01
7.773495808542946195e-01
7.773495808542946195e-01
7.773495808542946195e-01
7.773495808542946195e-01
7.773495808542946195e-01
7.773495808542946195e-01
7.773495808542946195e-01
7.773495808542946195e-01
7.773495808542946195e-01
7.759463434406537186e-01
7.759463434406537186e-01
7.759463434406537186e-01
7.759463434406537186e-01
7.759463434406537186e-01
7.759463434406537186e-01
7.720994205020063061e-01
7.720994205020063061e-01
7.720994205020063061e-01
7.720994205020063061e-01
7.720994205020063061e-01
7.720994205020063061e-01
7.720994205020063061e-01
7.750682939968377427e-01
7.750682939968377427e-01
7.750682939968377427e-01
7.750682939968377427e-01
7.750682939968377427e-01
7.750682939968377427e-01
7.750682939968377427e-01
7.750682939968377427e-01
7.750682939968377427e-01
7.750682939968377427e-01
7.757149712501574257e-01
7.757149712501574257e-01
7.757149712501574257e-01
7.757149712501574257e-01
7.757149712501574257e-01
7.757149712501574257e-01
7.757149712501574257e-01
7.757149712501574257e-01
7.757149712501574257e-01
7.757149712501574257e-01
7.757149712501574257e-01
7.757149712501574257e-01
7.757149712501574257e-01
7.757149712501574257e-01
7.757149712501574257e-01
7.757149712501574257e-01
7.757149712501574257e-01
7.757149712501574257e-01
7.757149712501574257e-01
7.727460977553259891e-01
7.744469661877105837e-01
7.744469661877105837e-01
7.744469661877105837e-01
7.744469661877105837e-01
7.744469661877105837e-01
7.744469661877105837e-01
7.744469661877105837e-01
7.744469661877105837e-01
7.744469661877105837e-01
7.744469661877105837e-01
7.744469661877105837e-01
7.744469661877105837e-01
7.744469661877105837e-01
7.744469661877105837e-01
7.744469661877105837e-01
7.744469661877105837e-01
7.744469661877105837e-01
7.744469661877105837e-01
7.744469661877105837e-01
7.744469661877105837e-01
7.744469661877105837e-01
7.744469661877105837e-01
7.744469661877105837e-01
7.744469661877105837e-01
7.744469661877105837e-01
7.744469661877105837e-01
7.744469661877105837e-01
7.744469661877105837e-01
7.744469661877105837e-01
7.744469661877105837e-01
7.744469661877105837e-01
7.744469661877105837e-01
7.744469661877105837e-01
7.744469661877105837e-01
7.744469661877105837e-01
7.744469661877105837e-01
7.744469661877105837e-01
7.744469661877105837e-01
7.744469661877105837e-01
7.744469661877105837e-01
7.744469661877105837e-01
7.744469661877105837e-01
7.744469661877105837e-01
7.744469661877105837e-01
7.744469661877105837e-01
7.744469661877105837e-01
7.744469661877105837e-01
7.744469661877105837e-01
7.744469661877105837e-01
7.744469661877105837e-01
7.744469661877105837e-01
7.744469661877105837e-01
7.744469661877105837e-01
7.744469661877105837e-01
7.744469661877105837e-01
7.744469661877105837e-01
7.744469661877105837e-01
7.744469661877105837e-01
7.744469661877105837e-01
7.744469661877105837e-01
7.744469661877105837e-01
7.744469661877105837e-01
7.744469661877105837e-01
7.744469661877105837e-01
7.744469661877105837e-01
7.744469661877105837e-01
7.744469661877105837e-01
7.744469661877105837e-01
7.744469661877105837e-01
7.744469661877105837e-01
7.744469661877105837e-01
7.744469661877105837e-01
7.744469661877105837e-01
7.744469661877105837e-01
7.744469661877105837e-01
7.744469661877105837e-01
7.744469661877105837e-01
7.744469661877105837e-01
7.744469661877105837e-01
7.744469661877105837e-01
7.744469661877105837e-01
7.744469661877105837e-01
7.744469661877105837e-01
7.744469661877105837e-01
7.744469661877105837e-01
7.744469661877105837e-01
7.744469661877105837e-01
7.744469661877105837e-01
7.744469661877105837e-01
7.744469661877105837e-01
7.744469661877105837e-01
7.744469661877105837e-01
7.744469661877105837e-01
7.744469661877105837e-01
7.744469661877105837e-01
7.744469661877105837e-01
7.744469661877105837e-01
7.744469661877105837e-01
7.744469661877105837e-01
7.744469661877105837e-01
7.744469661877105837e-01
7.744469661877105837e-01
7.744469661877105837e-01
7.744469661877105837e-01
7.744469661877105837e-01
7.744469661877105837e-01
7.744469661877105837e-01
