-1.899999999999999911e+00 0.000000000000000000e+00
-1.897861356932153409e+00 0.000000000000000000e+00
-1.895722713864306685e+00 0.000000000000000000e+00
-1.893584070796460184e+00 0.000000000000000000e+00
-1.891445427728613460e+00 0.000000000000000000e+00
-1.889306784660766958e+00 0.000000000000000000e+00
-1.887168141592920234e+00 0.000000000000000000e+00
-1.885029498525073732e+00 0.000000000000000000e+00
-1.882890855457227008e+00 0.000000000000000000e+00
-1.880752212389380507e+00 0.000000000000000000e+00
-1.878613569321533783e+00 0.000000000000000000e+00
-1.876474926253687281e+00 0.000000000000000000e+00
-1.874336283185840557e+00 0.000000000000000000e+00
-1.872197640117994055e+00 0.000000000000000000e+00
-1.870058997050147331e+00 0.000000000000000000e+00
-1.867920353982300830e+00 0.000000000000000000e+00
-1.865781710914454106e+00 0.000000000000000000e+00
-1.863643067846607604e+00 0.000000000000000000e+00
-1.861504424778760880e+00 0.000000000000000000e+00
-1.859365781710914378e+00 0.000000000000000000e+00
-1.857227138643067654e+00 0.000000000000000000e+00
-1.855088495575221152e+00 0.000000000000000000e+00
-1.852949852507374651e+00 0.000000000000000000e+00
-1.850811209439527927e+00 0.000000000000000000e+00
-1.848672566371681425e+00 0.000000000000000000e+00
-1.846533923303834701e+00 0.000000000000000000e+00
-1.844395280235988199e+00 0.000000000000000000e+00
-1.842256637168141475e+00 0.000000000000000000e+00
-1.840117994100294974e+00 0.000000000000000000e+00
-1.837979351032448250e+00 0.000000000000000000e+00
-1.835840707964601748e+00 0.000000000000000000e+00
-1.833702064896755024e+00 0.000000000000000000e+00
-1.831563421828908522e+00 0.000000000000000000e+00
-1.829424778761061798e+00 0.000000000000000000e+00
-1.827286135693215297e+00 0.000000000000000000e+00
-1.825147492625368573e+00 0.000000000000000000e+00
-1.823008849557522071e+00 0.000000000000000000e+00
-1.820870206489675347e+00 0.000000000000000000e+00
-1.818731563421828845e+00 0.000000000000000000e+00
-1.816592920353982121e+00 0.000000000000000000e+00
-1.814454277286135619e+00 0.000000000000000000e+00
-1.812315634218288896e+00 0.000000000000000000e+00
-1.810176991150442394e+00 0.000000000000000000e+00
-1.808038348082595892e+00 0.000000000000000000e+00
-1.805899705014749168e+00 0.000000000000000000e+00
-1.803761061946902666e+00 0.000000000000000000e+00
-1.801622418879055942e+00 0.000000000000000000e+00
-1.799483775811209441e+00 0.000000000000000000e+00
-1.797345132743362717e+00 0.000000000000000000e+00
-1.795206489675516215e+00 0.000000000000000000e+00
-1.793067846607669491e+00 0.000000000000000000e+00
-1.790929203539822989e+00 0.000000000000000000e+00
-1.788790560471976265e+00 0.000000000000000000e+00
-1.786651917404129764e+00 0.000000000000000000e+00
-1.784513274336283040e+00 0.000000000000000000e+00
-1.782374631268436538e+00 0.000000000000000000e+00
-1.780235988200589814e+00 0.000000000000000000e+00
-1.778097345132743312e+00 0.000000000000000000e+00
-1.775958702064896588e+00 0.000000000000000000e+00
-1.773820058997050086e+00 0.000000000000000000e+00
-1.771681415929203363e+00 0.000000000000000000e+00
-1.769542772861356861e+00 0.000000000000000000e+00
-1.767404129793510137e+00 0.000000000000000000e+00
-1.765265486725663635e+00 0.000000000000000000e+00
-1.763126843657817133e+00 0.000000000000000000e+00
-1.760988200589970409e+00 0.000000000000000000e+00
-1.758849557522123686e+00 0.000000000000000000e+00
-1.756710914454277184e+00 0.000000000000000000e+00
-1.754572271386430682e+00 0.000000000000000000e+00
-1.752433628318583958e+00 0.000000000000000000e+00
-1.750294985250737456e+00 0.000000000000000000e+00
-1.748156342182890732e+00 0.000000000000000000e+00
-1.746017699115044230e+00 0.000000000000000000e+00
-1.743879056047197507e+00 0.000000000000000000e+00
-1.741740412979351005e+00 0.000000000000000000e+00
-1.739601769911504281e+00 0.000000000000000000e+00
-1.737463126843657779e+00 0.000000000000000000e+00
-1.735324483775811055e+00 0.000000000000000000e+00
-1.733185840707964553e+00 0.000000000000000000e+00
-1.731047197640117830e+00 0.000000000000000000e+00
-1.728908554572271328e+00 0.000000000000000000e+00
-1.726769911504424604e+00 0.000000000000000000e+00
-1.724631268436578102e+00 0.000000000000000000e+00
-1.722492625368731378e+00 0.000000000000000000e+00
-1.720353982300884876e+00 0.000000000000000000e+00
-1.718215339233038375e+00 0.000000000000000000e+00
-1.716076696165191651e+00 0.000000000000000000e+00
-1.713938053097344927e+00 0.000000000000000000e+00
-1.711799410029498425e+00 0.000000000000000000e+00
-1.709660766961651923e+00 0.000000000000000000e+00
-1.707522123893805199e+00 0.000000000000000000e+00
-1.705383480825958697e+00 0.000000000000000000e+00
-1.703244837758111974e+00 0.000000000000000000e+00
-1.701106194690265472e+00 0.000000000000000000e+00
-1.698967551622418748e+00 0.000000000000000000e+00
-1.696828908554572246e+00 0.000000000000000000e+00
-1.694690265486725522e+00 0.000000000000000000e+00
-1.692551622418879020e+00 0.000000000000000000e+00
-1.690412979351032297e+00 0.000000000000000000e+00
-1.688274336283185795e+00 0.000000000000000000e+00
-1.686135693215339071e+00 0.000000000000000000e+00
-1.683997050147492569e+00 0.000000000000000000e+00
-1.681858407079645845e+00 0.000000000000000000e+00
-1.679719764011799343e+00 0.000000000000000000e+00
-1.677581120943952619e+00 0.000000000000000000e+00
-1.675442477876106118e+00 0.000000000000000000e+00
-1.673303834808259616e+00 0.000000000000000000e+00
-1.671165191740412892e+00 0.000000000000000000e+00
-1.669026548672566168e+00 0.000000000000000000e+00
-1.666887905604719666e+00 0.000000000000000000e+00
-1.664749262536873164e+00 0.000000000000000000e+00
-1.662610619469026441e+00 0.000000000000000000e+00
-1.660471976401179939e+00 0.000000000000000000e+00
-1.658333333333333215e+00 0.000000000000000000e+00
-1.656194690265486713e+00 0.000000000000000000e+00
-1.654056047197639989e+00 0.000000000000000000e+00
-1.651917404129793487e+00 0.000000000000000000e+00
-1.649778761061946764e+00 0.000000000000000000e+00
-1.647640117994100262e+00 0.000000000000000000e+00
-1.645501474926253538e+00 0.000000000000000000e+00
-1.643362831858407036e+00 0.000000000000000000e+00
-1.641224188790560312e+00 0.000000000000000000e+00
-1.639085545722713810e+00 0.000000000000000000e+00
-1.636946902654867309e+00 0.000000000000000000e+00
-1.634808259587020585e+00 0.000000000000000000e+00
-1.632669616519173861e+00 0.000000000000000000e+00
-1.630530973451327359e+00 0.000000000000000000e+00
-1.628392330383480857e+00 0.000000000000000000e+00
-1.626253687315634133e+00 0.000000000000000000e+00
-1.624115044247787409e+00 0.000000000000000000e+00
-1.621976401179940908e+00 0.000000000000000000e+00
-1.619837758112094406e+00 0.000000000000000000e+00
-1.617699115044247682e+00 0.000000000000000000e+00
-1.615560471976400958e+00 0.000000000000000000e+00
-1.613421828908554456e+00 0.000000000000000000e+00
-1.611283185840707954e+00 0.000000000000000000e+00
-1.609144542772861231e+00 0.000000000000000000e+00
-1.607005899705014729e+00 0.000000000000000000e+00
-1.604867256637168005e+00 0.000000000000000000e+00
-1.602728613569321503e+00 0.000000000000000000e+00
-1.600589970501474779e+00 0.000000000000000000e+00
-1.598451327433628277e+00 0.000000000000000000e+00
-1.596312684365781553e+00 0.000000000000000000e+00
-1.594174041297935052e+00 0.000000000000000000e+00
-1.592035398230088550e+00 0.000000000000000000e+00
-1.589896755162241826e+00 0.000000000000000000e+00
-1.587758112094395102e+00 0.000000000000000000e+00
-1.585619469026548600e+00 0.000000000000000000e+00
-1.583480825958702098e+00 0.000000000000000000e+00
-1.581342182890855375e+00 0.000000000000000000e+00
-1.579203539823008651e+00 0.000000000000000000e+00
-1.577064896755162149e+00 0.000000000000000000e+00
-1.574926253687315647e+00 0.000000000000000000e+00
-1.572787610619468923e+00 0.000000000000000000e+00
-1.570648967551622199e+00 0.000000000000000000e+00
-1.568510324483775698e+00 0.000000000000000000e+00
-1.566371681415929196e+00 0.000000000000000000e+00
-1.564233038348082472e+00 0.000000000000000000e+00
-1.562094395280235970e+00 0.000000000000000000e+00
-1.559955752212389246e+00 0.000000000000000000e+00
-1.557817109144542744e+00 0.000000000000000000e+00
-1.555678466076696020e+00 0.000000000000000000e+00
-1.553539823008849519e+00 0.000000000000000000e+00
-1.551401179941002795e+00 0.000000000000000000e+00
-1.549262536873156293e+00 0.000000000000000000e+00
-1.547123893805309569e+00 0.000000000000000000e+00
-1.544985250737463067e+00 0.000000000000000000e+00
-1.542846607669616343e+00 0.000000000000000000e+00
-1.540707964601769842e+00 0.000000000000000000e+00
-1.538569321533923340e+00 0.000000000000000000e+00
-1.536430678466076616e+00 0.000000000000000000e+00
-1.534292035398229892e+00 0.000000000000000000e+00
-1.532153392330383390e+00 0.000000000000000000e+00
-1.530014749262536888e+00 0.000000000000000000e+00
-1.527876106194690164e+00 0.000000000000000000e+00
-1.525737463126843441e+00 0.000000000000000000e+00
-1.523598820058996939e+00 0.000000000000000000e+00
-1.521460176991150437e+00 0.000000000000000000e+00
-1.519321533923303713e+00 0.000000000000000000e+00
-1.517182890855457211e+00 0.000000000000000000e+00
-1.515044247787610487e+00 0.000000000000000000e+00
-1.512905604719763986e+00 0.000000000000000000e+00
-1.510766961651917262e+00 0.000000000000000000e+00
-1.508628318584070760e+00 0.000000000000000000e+00
-1.506489675516224036e+00 0.000000000000000000e+00
-1.504351032448377534e+00 0.000000000000000000e+00
-1.502212389380530810e+00 0.000000000000000000e+00
-1.500073746312684309e+00 0.000000000000000000e+00
-1.497935103244837585e+00 0.000000000000000000e+00
-1.495796460176991083e+00 0.000000000000000000e+00
-1.493657817109144581e+00 0.000000000000000000e+00
-1.491519174041297857e+00 0.000000000000000000e+00
-1.489380530973451133e+00 0.000000000000000000e+00
-1.487241887905604631e+00 0.000000000000000000e+00
-1.485103244837758130e+00 0.000000000000000000e+00
-1.482964601769911406e+00 0.000000000000000000e+00
-1.480825958702064682e+00 0.000000000000000000e+00
-1.478687315634218180e+00 0.000000000000000000e+00
-1.476548672566371678e+00 0.000000000000000000e+00
-1.474410029498524954e+00 0.000000000000000000e+00
-1.472271386430678453e+00 0.000000000000000000e+00
-1.470132743362831729e+00 0.000000000000000000e+00
-1.467994100294985227e+00 0.000000000000000000e+00
-1.465855457227138503e+00 0.000000000000000000e+00
-1.463716814159292001e+00 0.000000000000000000e+00
-1.461578171091445277e+00 0.000000000000000000e+00
-1.459439528023598776e+00 0.000000000000000000e+00
-1.457300884955752052e+00 0.000000000000000000e+00
-1.455162241887905550e+00 0.000000000000000000e+00
-1.453023598820058826e+00 0.000000000000000000e+00
-1.450884955752212324e+00 0.000000000000000000e+00
-1.448746312684365822e+00 0.000000000000000000e+00
-1.446607669616519098e+00 0.000000000000000000e+00
-1.444469026548672375e+00 0.000000000000000000e+00
-1.442330383480825873e+00 0.000000000000000000e+00
-1.440191740412979371e+00 0.000000000000000000e+00
-1.438053097345132647e+00 0.000000000000000000e+00
-1.435914454277285923e+00 0.000000000000000000e+00
-1.433775811209439421e+00 0.000000000000000000e+00
-1.431637168141592920e+00 0.000000000000000000e+00
-1.429498525073746196e+00 0.000000000000000000e+00
-1.427359882005899694e+00 0.000000000000000000e+00
-1.425221238938052970e+00 0.000000000000000000e+00
-1.423082595870206468e+00 0.000000000000000000e+00
-1.420943952802359744e+00 0.000000000000000000e+00
-1.418805309734513243e+00 0.000000000000000000e+00
-1.416666666666666519e+00 0.000000000000000000e+00
-1.414528023598820017e+00 0.000000000000000000e+00
-1.412389380530973293e+00 0.000000000000000000e+00
-1.410250737463126791e+00 0.000000000000000000e+00
-1.408112094395280067e+00 0.000000000000000000e+00
-1.405973451327433565e+00 0.000000000000000000e+00
-1.403834808259587064e+00 0.000000000000000000e+00
-1.401696165191740340e+00 0.000000000000000000e+00
-1.399557522123893616e+00 0.000000000000000000e+00
-1.397418879056047114e+00 0.000000000000000000e+00
-1.395280235988200612e+00 0.000000000000000000e+00
-1.393141592920353888e+00 0.000000000000000000e+00
-1.391002949852507165e+00 0.000000000000000000e+00
-1.388864306784660663e+00 0.000000000000000000e+00
-1.386725663716814161e+00 0.000000000000000000e+00
-1.384587020648967437e+00 0.000000000000000000e+00
-1.382448377581120713e+00 0.000000000000000000e+00
-1.380309734513274211e+00 0.000000000000000000e+00
-1.378171091445427709e+00 0.000000000000000000e+00
-1.376032448377580986e+00 0.000000000000000000e+00
-1.373893805309734484e+00 0.000000000000000000e+00
-1.371755162241887760e+00 0.000000000000000000e+00
-1.369616519174041258e+00 0.000000000000000000e+00
-1.367477876106194756e+00 0.000000000000000000e+00
-1.365339233038348032e+00 0.000000000000000000e+00
-1.363200589970501309e+00 0.000000000000000000e+00
-1.361061946902654807e+00 0.000000000000000000e+00
-1.358923303834808305e+00 0.000000000000000000e+00
-1.356784660766961581e+00 0.000000000000000000e+00
-1.354646017699114857e+00 0.000000000000000000e+00
-1.352507374631268355e+00 0.000000000000000000e+00
-1.350368731563421854e+00 0.000000000000000000e+00
-1.348230088495575130e+00 0.000000000000000000e+00
-1.346091445427728406e+00 0.000000000000000000e+00
-1.343952802359881904e+00 0.000000000000000000e+00
-1.341814159292035402e+00 0.000000000000000000e+00
-1.339675516224188678e+00 0.000000000000000000e+00
-1.337536873156341954e+00 0.000000000000000000e+00
-1.335398230088495453e+00 0.000000000000000000e+00
-1.333259587020648951e+00 0.000000000000000000e+00
-1.331120943952802227e+00 0.000000000000000000e+00
-1.328982300884955725e+00 0.000000000000000000e+00
-1.326843657817109001e+00 0.000000000000000000e+00
-1.324705014749262499e+00 0.000000000000000000e+00
-1.322566371681415998e+00 0.000000000000000000e+00
-1.320427728613569274e+00 0.000000000000000000e+00
-1.318289085545722550e+00 0.000000000000000000e+00
-1.316150442477876048e+00 0.000000000000000000e+00
-1.314011799410029546e+00 0.000000000000000000e+00
-1.311873156342182822e+00 0.000000000000000000e+00
-1.309734513274336098e+00 0.000000000000000000e+00
-1.307595870206489597e+00 0.000000000000000000e+00
-1.305457227138643095e+00 0.000000000000000000e+00
-1.303318584070796371e+00 0.000000000000000000e+00
-1.301179941002949647e+00 0.000000000000000000e+00
-1.299041297935103145e+00 0.000000000000000000e+00
-1.296902654867256643e+00 0.000000000000000000e+00
-1.294764011799409920e+00 0.000000000000000000e+00
-1.292625368731563196e+00 0.000000000000000000e+00
-1.290486725663716694e+00 0.000000000000000000e+00
-1.288348082595870192e+00 0.000000000000000000e+00
-1.286209439528023468e+00 0.000000000000000000e+00
-1.284070796460176966e+00 0.000000000000000000e+00
-1.281932153392330243e+00 0.000000000000000000e+00
-1.279793510324483741e+00 0.000000000000000000e+00
-1.277654867256637239e+00 0.000000000000000000e+00
-1.275516224188790515e+00 0.000000000000000000e+00
-1.273377581120943791e+00 0.000000000000000000e+00
-1.271238938053097289e+00 0.000000000000000000e+00
-1.269100294985250788e+00 0.000000000000000000e+00
-1.266961651917404064e+00 0.000000000000000000e+00
-1.264823008849557340e+00 0.000000000000000000e+00
-1.262684365781710838e+00 0.000000000000000000e+00
-1.260545722713864336e+00 0.000000000000000000e+00
-1.258407079646017612e+00 0.000000000000000000e+00
-1.256268436578170888e+00 0.000000000000000000e+00
-1.254129793510324387e+00 0.000000000000000000e+00
-1.251991150442477885e+00 0.000000000000000000e+00
-1.249852507374631161e+00 0.000000000000000000e+00
-1.247713864306784437e+00 0.000000000000000000e+00
-1.245575221238937935e+00 0.000000000000000000e+00
-1.243436578171091433e+00 0.000000000000000000e+00
-1.241297935103244710e+00 0.000000000000000000e+00
-1.239159292035397986e+00 0.000000000000000000e+00
-1.237020648967551484e+00 0.000000000000000000e+00
-1.234882005899704982e+00 0.000000000000000000e+00
-1.232743362831858480e+00 0.000000000000000000e+00
-1.230604719764011756e+00 0.000000000000000000e+00
-1.228466076696165032e+00 0.000000000000000000e+00
-1.226327433628318531e+00 0.000000000000000000e+00
-1.224188790560472029e+00 0.000000000000000000e+00
-1.222050147492625305e+00 0.000000000000000000e+00
-1.219911504424778581e+00 0.000000000000000000e+00
-1.217772861356932079e+00 0.000000000000000000e+00
-1.215634218289085577e+00 0.000000000000000000e+00
-1.213495575221238854e+00 0.000000000000000000e+00
-1.211356932153392130e+00 0.000000000000000000e+00
-1.209218289085545628e+00 0.000000000000000000e+00
-1.207079646017699126e+00 0.000000000000000000e+00
-1.204941002949852402e+00 0.000000000000000000e+00
-1.202802359882005678e+00 0.000000000000000000e+00
-1.200663716814159176e+00 0.000000000000000000e+00
-1.198525073746312675e+00 0.000000000000000000e+00
-1.196386430678465951e+00 0.000000000000000000e+00
-1.194247787610619227e+00 0.000000000000000000e+00
-1.192109144542772725e+00 0.000000000000000000e+00
-1.189970501474926223e+00 0.000000000000000000e+00
-1.187831858407079721e+00 0.000000000000000000e+00
-1.185693215339232998e+00 0.000000000000000000e+00
-1.183554572271386274e+00 0.000000000000000000e+00
-1.181415929203539772e+00 0.000000000000000000e+00
-1.179277286135693270e+00 0.000000000000000000e+00
-1.177138643067846546e+00 0.000000000000000000e+00
-1.174999999999999822e+00 0.000000000000000000e+00
-1.172861356932153321e+00 0.000000000000000000e+00
-1.170722713864306819e+00 0.000000000000000000e+00
-1.168584070796460095e+00 0.000000000000000000e+00
-1.166445427728613371e+00 0.000000000000000000e+00
-1.164306784660766869e+00 0.000000000000000000e+00
-1.162168141592920367e+00 0.000000000000000000e+00
-1.160029498525073643e+00 0.000000000000000000e+00
-1.157890855457226920e+00 0.000000000000000000e+00
-1.155752212389380418e+00 0.000000000000000000e+00
-1.153613569321533916e+00 0.000000000000000000e+00
-1.151474926253687192e+00 0.000000000000000000e+00
-1.149336283185840468e+00 0.000000000000000000e+00
-1.147197640117993966e+00 0.000000000000000000e+00
-1.145058997050147465e+00 0.000000000000000000e+00
-1.142920353982300963e+00 0.000000000000000000e+00
-1.140781710914454239e+00 0.000000000000000000e+00
-1.138643067846607515e+00 0.000000000000000000e+00
-1.136504424778761013e+00 0.000000000000000000e+00
-1.134365781710914511e+00 0.000000000000000000e+00
-1.132227138643067788e+00 0.000000000000000000e+00
-1.130088495575221064e+00 0.000000000000000000e+00
-1.127949852507374562e+00 0.000000000000000000e+00
-1.125811209439528060e+00 0.000000000000000000e+00
-1.123672566371681336e+00 0.000000000000000000e+00
-1.121533923303834612e+00 0.000000000000000000e+00
-1.119395280235988110e+00 0.000000000000000000e+00
-1.117256637168141609e+00 0.000000000000000000e+00
-1.115117994100294885e+00 0.000000000000000000e+00
-1.112979351032448161e+00 0.000000000000000000e+00
-1.110840707964601659e+00 0.000000000000000000e+00
-1.108702064896755157e+00 0.000000000000000000e+00
-1.106563421828908433e+00 0.000000000000000000e+00
-1.104424778761061710e+00 0.000000000000000000e+00
-1.102286135693215208e+00 0.000000000000000000e+00
-1.100147492625368706e+00 0.000000000000000000e+00
-1.098008849557522204e+00 0.000000000000000000e+00
-1.095870206489675480e+00 0.000000000000000000e+00
-1.093731563421828756e+00 0.000000000000000000e+00
-1.091592920353982255e+00 0.000000000000000000e+00
-1.089454277286135753e+00 0.000000000000000000e+00
-1.087315634218289029e+00 0.000000000000000000e+00
-1.085176991150442305e+00 0.000000000000000000e+00
-1.083038348082595803e+00 0.000000000000000000e+00
-1.080899705014749301e+00 0.000000000000000000e+00
-1.078761061946902577e+00 0.000000000000000000e+00
-1.076622418879055854e+00 0.000000000000000000e+00
-1.074483775811209352e+00 0.000000000000000000e+00
-1.072345132743362850e+00 0.000000000000000000e+00
-1.070206489675516126e+00 0.000000000000000000e+00
-1.068067846607669402e+00 0.000000000000000000e+00
-1.065929203539822900e+00 0.000000000000000000e+00
-1.063790560471976399e+00 0.000000000000000000e+00
-1.061651917404129675e+00 0.000000000000000000e+00
-1.059513274336282951e+00 0.000000000000000000e+00
-1.057374631268436449e+00 0.000000000000000000e+00
-1.055235988200589947e+00 0.000000000000000000e+00
-1.053097345132743445e+00 0.000000000000000000e+00
-1.050958702064896721e+00 0.000000000000000000e+00
-1.048820058997049998e+00 0.000000000000000000e+00
-1.046681415929203496e+00 0.000000000000000000e+00
-1.044542772861356994e+00 0.000000000000000000e+00
-1.042404129793510270e+00 0.000000000000000000e+00
-1.040265486725663546e+00 0.000000000000000000e+00
-1.038126843657817044e+00 0.000000000000000000e+00
-1.035988200589970543e+00 0.000000000000000000e+00
-1.033849557522123819e+00 0.000000000000000000e+00
-1.031710914454277095e+00 0.000000000000000000e+00
-1.029572271386430593e+00 0.000000000000000000e+00
-1.027433628318584091e+00 0.000000000000000000e+00
-1.025294985250737367e+00 0.000000000000000000e+00
-1.023156342182890643e+00 0.000000000000000000e+00
-1.021017699115044142e+00 0.000000000000000000e+00
-1.018879056047197640e+00 0.000000000000000000e+00
-1.016740412979350916e+00 0.000000000000000000e+00
-1.014601769911504192e+00 0.000000000000000000e+00
-1.012463126843657690e+00 0.000000000000000000e+00
-1.010324483775811188e+00 0.000000000000000000e+00
-1.008185840707964687e+00 0.000000000000000000e+00
-1.006047197640117963e+00 0.000000000000000000e+00
-1.003908554572271239e+00 0.000000000000000000e+00
-1.001769911504424737e+00 0.000000000000000000e+00
-9.996312684365781243e-01 0.000000000000000000e+00
-9.974926253687315114e-01 0.000000000000000000e+00
-9.953539823008848986e-01 0.000000000000000000e+00
-9.932153392330382857e-01 0.000000000000000000e+00
-9.910766961651916729e-01 0.000000000000000000e+00
-9.889380530973450600e-01 0.000000000000000000e+00
-9.867994100294984472e-01 0.000000000000000000e+00
-9.846607669616518344e-01 0.000000000000000000e+00
-9.825221238938052215e-01 0.000000000000000000e+00
-9.803834808259586087e-01 0.000000000000000000e+00
-9.782448377581119958e-01 0.000000000000000000e+00
-9.761061946902653830e-01 0.000000000000000000e+00
-9.739675516224187701e-01 0.000000000000000000e+00
-9.718289085545721573e-01 0.000000000000000000e+00
-9.696902654867255444e-01 0.000000000000000000e+00
-9.675516224188789316e-01 0.000000000000000000e+00
-9.654129793510323188e-01 0.000000000000000000e+00
-9.632743362831858169e-01 0.000000000000000000e+00
-9.611356932153392041e-01 0.000000000000000000e+00
-9.589970501474925912e-01 0.000000000000000000e+00
-9.568584070796459784e-01 0.000000000000000000e+00
-9.547197640117993656e-01 0.000000000000000000e+00
-9.525811209439527527e-01 0.000000000000000000e+00
-9.504424778761061399e-01 0.000000000000000000e+00
-9.483038348082595270e-01 0.000000000000000000e+00
-9.461651917404129142e-01 0.000000000000000000e+00
-9.440265486725663013e-01 0.000000000000000000e+00
-9.418879056047196885e-01 0.000000000000000000e+00
-9.397492625368730756e-01 0.000000000000000000e+00
-9.376106194690264628e-01 0.000000000000000000e+00
-9.354719764011798500e-01 0.000000000000000000e+00
-9.333333333333332371e-01 0.000000000000000000e+00
-9.311946902654866243e-01 0.000000000000000000e+00
-9.290560471976400114e-01 0.000000000000000000e+00
-9.269174041297933986e-01 0.000000000000000000e+00
-9.247787610619467857e-01 0.000000000000000000e+00
-9.226401179941001729e-01 0.000000000000000000e+00
-9.205014749262535600e-01 0.000000000000000000e+00
-9.183628318584070582e-01 0.000000000000000000e+00
-9.162241887905604454e-01 0.000000000000000000e+00
-9.140855457227138325e-01 0.000000000000000000e+00
-9.119469026548672197e-01 0.000000000000000000e+00
-9.098082595870206069e-01 0.000000000000000000e+00
-9.076696165191739940e-01 0.000000000000000000e+00
-9.055309734513273812e-01 0.000000000000000000e+00
-9.033923303834807683e-01 0.000000000000000000e+00
-9.012536873156341555e-01 0.000000000000000000e+00
-8.991150442477875426e-01 0.000000000000000000e+00
-8.969764011799408188e-01 0.000000000000000000e+00
-8.948377581120943169e-01 0.000000000000000000e+00
-8.926991150442478151e-01 0.000000000000000000e+00
-8.905604719764010913e-01 0.000000000000000000e+00
-8.884218289085545894e-01 0.000000000000000000e+00
-8.862831858407078656e-01 0.000000000000000000e+00
-8.841445427728613637e-01 0.000000000000000000e+00
-8.820058997050146399e-01 0.000000000000000000e+00
-8.798672566371681381e-01 0.000000000000000000e+00
-8.777286135693214142e-01 0.000000000000000000e+00
-8.755899705014749124e-01 0.000000000000000000e+00
-8.734513274336281885e-01 0.000000000000000000e+00
-8.713126843657816867e-01 0.000000000000000000e+00
-8.691740412979349628e-01 0.000000000000000000e+00
-8.670353982300884610e-01 0.000000000000000000e+00
-8.648967551622417371e-01 0.000000000000000000e+00
-8.627581120943952353e-01 0.000000000000000000e+00
-8.606194690265485114e-01 0.000000000000000000e+00
-8.584808259587020096e-01 0.000000000000000000e+00
-8.563421828908552857e-01 0.000000000000000000e+00
-8.542035398230087839e-01 0.000000000000000000e+00
-8.520648967551620601e-01 0.000000000000000000e+00
-8.499262536873155582e-01 0.000000000000000000e+00
-8.477876106194690564e-01 0.000000000000000000e+00
-8.456489675516223326e-01 0.000000000000000000e+00
-8.435103244837758307e-01 0.000000000000000000e+00
-8.413716814159291069e-01 0.000000000000000000e+00
-8.392330383480826050e-01 0.000000000000000000e+00
-8.370943952802358812e-01 0.000000000000000000e+00
-8.349557522123893794e-01 0.000000000000000000e+00
-8.328171091445426555e-01 0.000000000000000000e+00
-8.306784660766961537e-01 0.000000000000000000e+00
-8.285398230088494298e-01 0.000000000000000000e+00
-8.264011799410029280e-01 0.000000000000000000e+00
-8.242625368731562041e-01 0.000000000000000000e+00
-8.221238938053097023e-01 0.000000000000000000e+00
-8.199852507374629784e-01 0.000000000000000000e+00
-8.178466076696164766e-01 0.000000000000000000e+00
-8.157079646017697527e-01 0.000000000000000000e+00
-8.135693215339232509e-01 0.000000000000000000e+00
-8.114306784660765270e-01 0.000000000000000000e+00
-8.092920353982300252e-01 0.000000000000000000e+00
-8.071533923303833014e-01 0.000000000000000000e+00
-8.050147492625367995e-01 0.000000000000000000e+00
-8.028761061946902977e-01 0.000000000000000000e+00
-8.007374631268435738e-01 0.000000000000000000e+00
-7.985988200589970720e-01 0.000000000000000000e+00
-7.964601769911503482e-01 0.000000000000000000e+00
-7.943215339233038463e-01 0.000000000000000000e+00
-7.921828908554571225e-01 0.000000000000000000e+00
-7.900442477876106206e-01 0.000000000000000000e+00
-7.879056047197638968e-01 0.000000000000000000e+00
-7.857669616519173950e-01 0.000000000000000000e+00
-7.836283185840706711e-01 0.000000000000000000e+00
-7.814896755162241693e-01 0.000000000000000000e+00
-7.793510324483774454e-01 0.000000000000000000e+00
-7.772123893805309436e-01 0.000000000000000000e+00
-7.750737463126842197e-01 0.000000000000000000e+00
-7.729351032448377179e-01 0.000000000000000000e+00
-7.707964601769909940e-01 0.000000000000000000e+00
-7.686578171091444922e-01 0.000000000000000000e+00
-7.665191740412977683e-01 0.000000000000000000e+00
-7.643805309734512665e-01 0.000000000000000000e+00
-7.622418879056045427e-01 0.000000000000000000e+00
-7.601032448377580408e-01 0.000000000000000000e+00
-7.579646017699115390e-01 0.000000000000000000e+00
-7.558259587020648151e-01 0.000000000000000000e+00
-7.536873156342183133e-01 0.000000000000000000e+00
-7.515486725663715895e-01 0.000000000000000000e+00
-7.494100294985250876e-01 0.000000000000000000e+00
-7.472713864306783638e-01 0.000000000000000000e+00
-7.451327433628318619e-01 0.000000000000000000e+00
-7.429941002949851381e-01 0.000000000000000000e+00
-7.408554572271386363e-01 0.000000000000000000e+00
-7.387168141592919124e-01 0.000000000000000000e+00
-7.365781710914454106e-01 0.000000000000000000e+00
-7.344395280235986867e-01 0.000000000000000000e+00
-7.323008849557521849e-01 0.000000000000000000e+00
-7.301622418879054610e-01 0.000000000000000000e+00
-7.280235988200589592e-01 0.000000000000000000e+00
-7.258849557522122353e-01 0.000000000000000000e+00
-7.237463126843657335e-01 0.000000000000000000e+00
-7.216076696165190096e-01 0.000000000000000000e+00
-7.194690265486725078e-01 0.000000000000000000e+00
-7.173303834808257839e-01 0.000000000000000000e+00
-7.151917404129792821e-01 0.000000000000000000e+00
-7.130530973451327803e-01 0.000000000000000000e+00
-7.109144542772860564e-01 0.000000000000000000e+00
-7.087758112094395546e-01 0.000000000000000000e+00
-7.066371681415928308e-01 0.000000000000000000e+00
-7.044985250737463289e-01 0.000000000000000000e+00
-7.023598820058996051e-01 0.000000000000000000e+00
-7.002212389380531032e-01 0.000000000000000000e+00
-6.980825958702063794e-01 0.000000000000000000e+00
-6.959439528023598776e-01 0.000000000000000000e+00
-6.938053097345131537e-01 0.000000000000000000e+00
-6.916666666666666519e-01 0.000000000000000000e+00
-6.895280235988199280e-01 0.000000000000000000e+00
-6.873893805309734262e-01 0.000000000000000000e+00
-6.852507374631267023e-01 0.000000000000000000e+00
-6.831120943952802005e-01 0.000000000000000000e+00
-6.809734513274334766e-01 0.000000000000000000e+00
-6.788348082595869748e-01 0.000000000000000000e+00
-6.766961651917402509e-01 0.000000000000000000e+00
-6.745575221238937491e-01 0.000000000000000000e+00
-6.724188790560470252e-01 0.000000000000000000e+00
-6.702802359882005234e-01 0.000000000000000000e+00
-6.681415929203540216e-01 0.000000000000000000e+00
-6.660029498525072977e-01 0.000000000000000000e+00
-6.638643067846607959e-01 0.000000000000000000e+00
-6.617256637168140720e-01 0.000000000000000000e+00
-6.595870206489675702e-01 0.000000000000000000e+00
-6.574483775811208464e-01 0.000000000000000000e+00
-6.553097345132743445e-01 0.000000000000000000e+00
-6.531710914454276207e-01 0.000000000000000000e+00
-6.510324483775811188e-01 0.000000000000000000e+00
-6.488938053097343950e-01 0.000000000000000000e+00
-6.467551622418878932e-01 0.000000000000000000e+00
-6.446165191740411693e-01 0.000000000000000000e+00
-6.424778761061946675e-01 0.000000000000000000e+00
-6.403392330383479436e-01 0.000000000000000000e+00
-6.382005899705014418e-01 0.000000000000000000e+00
-6.360619469026547179e-01 0.000000000000000000e+00
-6.339233038348082161e-01 0.000000000000000000e+00
-6.317846607669614922e-01 0.000000000000000000e+00
-6.296460176991149904e-01 0.000000000000000000e+00
-6.275073746312682665e-01 0.000000000000000000e+00
-6.253687315634217647e-01 0.000000000000000000e+00
-6.232300884955750409e-01 0.000000000000000000e+00
-6.210914454277285390e-01 0.000000000000000000e+00
-6.189528023598820372e-01 0.000000000000000000e+00
-6.168141592920353133e-01 0.000000000000000000e+00
-6.146755162241888115e-01 0.000000000000000000e+00
-6.125368731563420877e-01 0.000000000000000000e+00
-6.103982300884955858e-01 0.000000000000000000e+00
-6.082595870206488620e-01 0.000000000000000000e+00
-6.061209439528023601e-01 0.000000000000000000e+00
-6.039823008849556363e-01 0.000000000000000000e+00
-6.018436578171091345e-01 0.000000000000000000e+00
-5.997050147492624106e-01 0.000000000000000000e+00
-5.975663716814159088e-01 0.000000000000000000e+00
-5.954277286135691849e-01 0.000000000000000000e+00
-5.932890855457226831e-01 0.000000000000000000e+00
-5.911504424778759592e-01 0.000000000000000000e+00
-5.890117994100294574e-01 0.000000000000000000e+00
-5.868731563421827335e-01 0.000000000000000000e+00
-5.847345132743362317e-01 0.000000000000000000e+00
-5.825958702064895078e-01 0.000000000000000000e+00
-5.804572271386430060e-01 0.000000000000000000e+00
-5.783185840707962821e-01 0.000000000000000000e+00
-5.761799410029497803e-01 0.000000000000000000e+00
-5.740412979351032785e-01 0.000000000000000000e+00
-5.719026548672565546e-01 0.000000000000000000e+00
-5.697640117994100528e-01 0.000000000000000000e+00
-5.676253687315633290e-01 0.000000000000000000e+00
-5.654867256637168271e-01 0.000000000000000000e+00
-5.633480825958701033e-01 0.000000000000000000e+00
-5.612094395280236014e-01 0.000000000000000000e+00
-5.590707964601768776e-01 0.000000000000000000e+00
-5.569321533923303758e-01 5.434722104253711986e-323
-5.547935103244836519e-01 1.653577185189920651e-314
-5.526548672566371501e-01 3.001036551824663422e-306
-5.505162241887904262e-01 3.334049117017722666e-298
-5.483775811209439244e-01 2.296025561969978617e-290
-5.462389380530972005e-01 9.921946008076705962e-283
-5.441002949852506987e-01 2.722755309846485395e-275
-5.419616519174039748e-01 4.800167731903338088e-268
-5.398230088495574730e-01 5.498652436354476135e-261
-5.376843657817107491e-01 4.138081450919591217e-254
-5.355457227138642473e-01 2.068014513808195079e-247
-5.334070796460175234e-01 6.935374279757700028e-241
-5.312684365781710216e-01 1.576820026927689756e-234
-5.291297935103245198e-01 2.454773710813463015e-228
-5.269911504424777959e-01 2.642220586856301141e-222
-5.248525073746312941e-01 1.984992438482830922e-216
-5.227138643067845702e-01 1.050461624305920997e-210
-5.205752212389380684e-01 3.951214203772079839e-205
-5.184365781710913446e-01 1.065634365702435761e-199
-5.162979351032448427e-01 2.078330296289385609e-194
-5.141592920353981189e-01 2.955675612493938266e-189
-5.120206489675516170e-01 3.089940014018497897e-184
-5.098820058997048932e-01 2.393426339364421751e-179
-5.077433628318583914e-01 1.384220190749566429e-174
-5.056047197640116675e-01 6.022248438795068326e-170
-5.034660766961651657e-01 1.985413132457223260e-165
-5.013274336283184418e-01 4.995412960593638053e-161
-4.991887905604719400e-01 9.658973572727997835e-157
-4.970501474926252161e-01 1.444986104687000816e-152
-4.949115044247787143e-01 1.683560417312181098e-148
-4.927728613569319904e-01 1.537490396461143905e-144
-4.906342182890854886e-01 1.107465137220562316e-140
-4.884955752212387647e-01 6.330349583459510523e-137
-4.863569321533922629e-01 2.888576342524249992e-133
-4.842182890855457611e-01 1.058306127005787986e-129
-4.820796460176990372e-01 3.130824736235875723e-126
-4.799410029498525354e-01 7.519905826733090097e-123
-4.778023598820058115e-01 1.474339771390819849e-119
-4.756637168141593097e-01 2.371812191583560194e-116
-4.735250737463125859e-01 3.146797017071580601e-113
-4.713864306784660840e-01 3.460307600079599394e-110
-4.692477876106193602e-01 3.168948162936090086e-107
-4.671091445427728583e-01 2.428361841715698475e-104
-4.649705014749261345e-01 1.564230405963770831e-101
-4.628318584070796327e-01 8.507804334807727465e-99
-4.606932153392329088e-01 3.924230906531847081e-96
-4.585545722713864070e-01 1.541538826475881217e-93
-4.564159292035396831e-01 5.178604482655896974e-91
-4.542772861356931813e-01 1.493753824937602211e-88
-4.521386430678464574e-01 3.714140171970272780e-86
-4.499999999999999556e-01 7.991198674369869884e-84
-4.478613569321532317e-01 1.493340710992885536e-81
-4.457227138643067299e-01 2.432634237579365702e-79
-4.435840707964600060e-01 3.466593665321549911e-77
-4.414454277286135042e-01 4.336459264223203249e-75
-4.393067846607670024e-01 4.777861061452885461e-73
-4.371681415929202785e-01 4.651789642437775705e-71
-4.350294985250737767e-01 4.014957495870075617e-69
-4.328908554572270528e-01 3.081532554959399864e-67
-4.307522123893805510e-01 2.109568079539745503e-65
-4.286135693215338272e-01 1.291944042686845160e-63
-4.264749262536873253e-01 7.098503987290364375e-62
-4.243362831858406015e-01 3.508977279474843693e-60
-4.221976401179940996e-01 1.564845115528294790e-58
-4.200589970501473758e-01 6.312412302372144181e-57
-4.179203539823008740e-01 2.309293254515219818e-55
-4.157817109144541501e-01 7.681043922710543038e-54
-4.136430678466076483e-01 2.328565431538605179e-52
-4.115044247787609244e-01 6.449497817339629271e-51
-4.093657817109144226e-01 1.635867586159276782e-49
-4.072271386430676987e-01 3.808418951382956773e-48
-4.050884955752211969e-01 8.156048486304634370e-47
-4.029498525073744730e-01 1.610248417823834793e-45
-4.008112094395279712e-01 2.936969158126813723e-44
-3.986725663716812473e-01 4.958967704846108023e-43
-3.965339233038347455e-01 7.766720426810257300e-42
-3.943952802359880216e-01 1.130538606175334794e-40
-3.922566371681415198e-01 1.532355676921936290e-39
-3.901179941002950180e-01 1.937600319643867852e-38
-3.879793510324482941e-01 2.289721184826194859e-37
-3.858407079646017923e-01 2.533250073825958500e-36
-3.837020648967550684e-01 2.628417031695708261e-35
-3.815634218289085666e-01 2.561862639063620958e-34
-3.794247787610618428e-01 2.349463953510409938e-33
-3.772861356932153409e-01 2.030584246778650818e-32
-3.751474926253686171e-01 1.656466910652424884e-31
-3.730088495575221152e-01 1.277341678431123727e-30
-3.708702064896753914e-01 9.324600623509474243e-30
-3.687315634218288896e-01 6.453156074736776877e-29
-3.665929203539821657e-01 4.239717125437646910e-28
-3.644542772861356639e-01 2.647968848071329928e-27
-3.623156342182889400e-01 1.574249317124182232e-26
-3.601769911504424382e-01 8.920258638533310323e-26
-3.580383480825957143e-01 4.823574065016923841e-25
-3.558997050147492125e-01 2.492173741423365350e-24
-3.537610619469024886e-01 1.231748927239596470e-23
-3.516224188790559868e-01 5.830475137239772177e-23
-3.494837758112092629e-01 2.646147193493526343e-22
-3.473451327433627611e-01 1.152736765223127967e-21
-3.452064896755162593e-01 4.825228576954868077e-21
-3.430678466076695354e-01 1.942811927647938892e-20
-3.409292035398230336e-01 7.532005040772230266e-20
-3.387905604719763097e-01 2.814413363356404511e-19
-3.366519174041298079e-01 1.014569941539884691e-18
-3.345132743362830841e-01 3.531843926074602010e-18
-3.323746312684365822e-01 1.188350281693277684e-17
-3.302359882005898584e-01 3.868108921937290604e-17
-3.280973451327433565e-01 1.219107394318989672e-16
-3.259587020648966327e-01 3.723422696770934330e-16
-3.238200589970501309e-01 1.102956510032783005e-15
-3.216814159292034070e-01 3.171315283791934158e-15
-3.195427728613569052e-01 8.857797357527484474e-15
-3.174041297935101813e-01 2.405187112452121732e-14
-3.152654867256636795e-01 6.353774027627538658e-14
-3.131268436578169556e-01 1.634139222716517078e-13
-3.109882005899704538e-01 4.094748496596437474e-13
-3.088495575221237299e-01 1.000333649931892225e-12
-3.067109144542772281e-01 2.384146047081475200e-12
-3.045722713864305042e-01 5.547208763278172020e-12
-3.024336283185840024e-01 1.260799018662078535e-11
-3.002949852507375006e-01 2.801017309694127205e-11
-2.981563421828907767e-01 6.086200122573549086e-11
-2.960176991150442749e-01 1.294172950529589719e-10
-2.938790560471975510e-01 2.694651511815488772e-10
-2.917404129793510492e-01 5.496917342178414489e-10
-2.896017699115043253e-01 1.099203127173010761e-09
-2.874631268436578235e-01 2.155800582550310779e-09
-2.853244837758110997e-01 4.148918211621198590e-09
-2.831858407079645978e-01 7.839255130010771231e-09
-2.810471976401178740e-01 1.454925269023536077e-08
-2.789085545722713722e-01 2.653623815586473949e-08
-2.767699115044246483e-01 4.758523961870693693e-08
-2.746312684365781465e-01 8.393355633046954020e-08
-2.724926253687314226e-01 1.456869261171347792e-07
-2.703539823008849208e-01 2.489506666727566559e-07
-2.682153392330381969e-01 4.189817405643940098e-07
-2.660766961651916951e-01 6.947724806588571830e-07
-2.639380530973449712e-01 1.135606463731809596e-06
-2.617994100294984694e-01 1.830283624397561656e-06
-2.596607669616517455e-01 2.909895671806031838e-06
-2.575221238938052437e-01 4.565242777744011285e-06
-2.553834808259587419e-01 7.070214401986326373e-06
-2.532448377581120180e-01 1.081270402968294143e-05
-2.511061946902655162e-01 1.633487910499065976e-05
-2.489675516224187923e-01 2.438486951037607313e-05
-2.468289085545722905e-01 3.598215294978839571e-05
-2.446902654867255666e-01 5.249908275911033538e-05
-2.425516224188790648e-01 7.576109978377040712e-05
-2.404129793510323410e-01 1.081681705387486621e-04
-2.382743362831858391e-01 1.528398745961060052e-04
-2.361356932153391153e-01 2.137863026708763611e-04
-2.339970501474926134e-01 2.961065047156349276e-04
-2.318584070796458896e-01 4.062156318591695595e-04
-2.297197640117993878e-01 5.521011423159029232e-04
-2.275811209439526639e-01 7.436074938197442894e-04
-2.254424778761061621e-01 9.927476384825305051e-04
-2.233038348082594382e-01 1.314038395997694933e-03
-2.211651917404129364e-01 1.724855444380923516e-03
-2.190265486725662125e-01 2.245802280493701484e-03
-2.168879056047197107e-01 2.901086120288609571e-03
-2.147492625368729868e-01 3.718892391944234998e-03
-2.126106194690264850e-01 4.731748287881005523e-03
-2.104719764011799832e-01 5.976864848060500432e-03
-2.083333333333332593e-01 7.496446307393633476e-03
-2.061946902654867575e-01 9.337955008012766012e-03
-2.040560471976400336e-01 1.155432009590499562e-02
-2.019174041297935318e-01 1.420407852141505022e-02
-1.997787610619468079e-01 1.735143755991474732e-02
-1.976401179941003061e-01 2.106624916170035319e-02
-1.955014749262535823e-01 2.542388791147044691e-02
-1.933628318584070804e-01 3.050502619371566609e-02
-1.912241887905603566e-01 3.639530227229843817e-02
-1.890855457227138547e-01 4.318487933856591382e-02
-1.869469026548671309e-01 5.096789609059408643e-02
-1.848082595870206291e-01 5.984181199731912482e-02
-1.826696165191739052e-01 6.990665299267172228e-02
-1.805309734513274034e-01 8.126416585324293396e-02
-1.783923303834806795e-01 9.401689185894548939e-02
-1.762536873156341777e-01 1.082671724462331980e-01
-1.741150442477874538e-01 1.241161013738358021e-01
-1.719764011799409520e-01 1.416624393790046899e-01
-1.698377581120942281e-01 1.610015083687207360e-01
-1.676991150442477263e-01 1.822240828395329248e-01
-1.655604719764012245e-01 2.054152964411567750e-01
-1.634218289085545006e-01 2.306535813953745351e-01
-1.612831858407079988e-01 2.580096578700383780e-01
-1.591445427728612749e-01 2.875455894163752579e-01
-1.570058997050147731e-01 3.193139192448561925e-01
-1.548672566371680492e-01 3.533569004882537445e-01
-1.527286135693215474e-01 3.897058317326244081e-01
-1.505899705014748235e-01 4.283805070458759356e-01
-1.484513274336283217e-01 4.693887875576521762e-01
-1.463126843657815979e-01 5.127262994030800103e-01
-1.441740412979350960e-01 5.583762605925904898e-01
-1.420353982300883722e-01 6.063094371646425840e-01
-1.398967551622418704e-01 6.564842268650498136e-01
-1.377581120943951465e-01 7.088468666189833289e-01
-1.356194690265486447e-01 7.633317582542152868e-01
-1.334808259587019208e-01 8.198619053262601319e-01
-1.313421828908554190e-01 8.783494525076467330e-01
-1.292035398230086951e-01 9.386963178500853378e-01
-1.270648967551621933e-01 1.000794907315222471e+00
-1.249262536873154694e-01 1.064528900299297920e+00
-1.227876106194689676e-01 1.129774094442766774e+00
-1.206489675516224658e-01 1.196399297809334294e+00
-1.185103244837757419e-01 1.264267256523710969e+00
-1.163716814159292401e-01 1.333235606157908704e+00
-1.142330383480825162e-01 1.403157835530428610e+00
-1.120943952802360144e-01 1.473884252109274984e+00
-1.099557522123892905e-01 1.545262938866363900e+00
-1.078171091445427887e-01 1.617140693191940093e+00
-1.056784660766960648e-01 1.689363939322387154e+00
-1.035398230088495630e-01 1.761779606638119500e+00
-1.014011799410028392e-01 1.834235967131025991e+00
-9.926253687315633734e-02 1.906583426301700968e+00
-9.712389380530961347e-02 1.978675262708543325e+00
-9.498525073746311165e-02 2.050368312336753984e+00
-9.284660766961638778e-02 2.121523594872638085e+00
-9.070796460176988596e-02 2.192006879843473310e+00
-8.856932153392316209e-02 2.261689191408753352e+00
-8.643067846607666027e-02 2.330447251353946925e+00
-8.429203539822993640e-02 2.398163860540069692e+00
-8.215339233038343458e-02 2.464728219695268230e+00
-8.001474926253671072e-02 2.530036190998020906e+00
-7.787610619469020889e-02 2.593990502392157449e+00
-7.573746312684348503e-02 2.656500896995298344e+00
-7.359882005899698321e-02 2.717484230312958715e+00
-7.146017699115048138e-02 2.776864518255801606e+00
-6.932153392330375752e-02 2.834572939178714002e+00
-6.718289085545725570e-02 2.890547793322522985e+00
-6.504424778761053183e-02 2.944734423146960101e+00
-6.290560471976403001e-02 2.997085098099594003e+00
-6.076696165191730614e-02 3.047558867378465042e+00
-5.862831858407080432e-02 3.096121384216925509e+00
-5.648967551622408045e-02 3.142744705155793739e+00
-5.435103244837757863e-02 3.187407067673651007e+00
-5.221238938053085477e-02 3.230092649426329121e+00
-5.007374631268435294e-02 3.270791312205142631e+00
-4.793510324483762908e-02 3.309498333565212835e+00
-4.579646017699112726e-02 3.346214128903462370e+00
-4.365781710914440339e-02 3.380943966585046923e+00
-4.151917404129790157e-02 3.413697678528799795e+00
-3.938053097345117770e-02 3.444489368471678858e+00
-3.724188790560467588e-02 3.473337119939915674e+00
-3.510324483775795201e-02 3.500262705764316529e+00
-3.296460176991145019e-02 3.525291300789585858e+00
-3.082595870206472632e-02 3.548451199245337140e+00
-2.868731563421822450e-02 3.569773538070800001e+00
-2.654867256637172268e-02 3.589292027316459244e+00
-2.441002949852499881e-02 3.607042688585786916e+00
-2.227138643067849699e-02 3.623063602329398059e+00
-2.013274336283177313e-02 3.637394664662021437e+00
-1.799410029498527130e-02 3.650077354240929051e+00
-1.585545722713854744e-02 3.661154509622540409e+00
-1.371681415929204562e-02 3.670670117401760191e+00
-1.157817109144532175e-02 3.678669111336532183e+00
-9.439528023598819928e-03 3.685197182567185425e+00
-7.300884955752096062e-03 3.690300600957020283e+00
-5.162241887905594240e-03 3.694026047506235866e+00
-3.023598820058870373e-03 3.696420457725114073e+00
-8.849557522123685516e-04 3.697530875795536964e+00
1.253687315634355315e-03 3.697403039939868297e+00
3.392330383480857137e-03 3.696062544225374058e+00
5.530973451327581003e-03 3.693519695787428336e+00
7.669616519174082825e-03 3.689785484492499545e+00
9.808259587020806691e-03 3.684872005485350321e+00
1.194690265486730851e-02 3.678792426226791257e+00
1.408554572271403238e-02 3.671560952199623973e+00
1.622418879056053420e-02 3.663192791384897617e+00
1.836283185840703602e-02 3.653704117612250446e+00
2.050147492625375989e-02 3.643112032887328766e+00
2.264011799410026171e-02 3.631434528800455475e+00
2.477876106194698558e-02 3.618690447119711884e+00
2.691740412979348740e-02 3.604899439671562345e+00
2.905604719764021127e-02 3.590081927610922374e+00
3.119469026548671309e-02 3.574259060181866676e+00
3.333333333333343695e-02 3.557452673068479676e+00
3.547197640117993878e-02 3.539685246433959875e+00
3.761061946902666264e-02 3.520979862743998545e+00
3.974926253687316446e-02 3.501360164468753311e+00
4.188790560471988833e-02 3.480850311754929205e+00
4.402654867256639015e-02 3.459474940157558187e+00
4.616519174041311402e-02 3.437259118517822287e+00
4.830383480825961584e-02 3.414228307071022428e+00
5.044247787610633971e-02 3.390408315865197864e+00
5.258112094395284153e-02 3.365825263568458681e+00
5.471976401179956540e-02 3.340505536739097003e+00
5.685840707964606722e-02 3.314475749629904211e+00
5.899705014749279108e-02 3.287762704594257013e+00
6.113569321533929291e-02 3.260393353157983398e+00
6.327433628318579473e-02 3.232394757817774078e+00
6.541297935103251859e-02 3.203794054623088972e+00
6.755162241887902042e-02 3.174618416594567449e+00
6.969026548672574428e-02 3.144895018028870837e+00
7.182890855457224610e-02 3.114650999735671277e+00
7.396755162241896997e-02 3.083913435248867518e+00
7.610619469026547179e-02 3.052709298050788611e+00
7.824483775811219566e-02 3.021065429844054684e+00
8.038348082595869748e-02 2.989008509902353783e+00
8.252212389380542135e-02 2.956565025527849055e+00
8.466076696165192317e-02 2.923761243639122487e+00
8.679941002949864703e-02 2.890623183510670824e+00
8.893805309734514886e-02 2.857176590680894801e+00
9.107669616519187272e-02 2.823446912042634871e+00
9.321533923303837454e-02 2.789459272127198908e+00
9.535398230088509841e-02 2.755238450589098331e+00
9.749262536873160023e-02 2.720808860896406944e+00
9.963126843657832410e-02 2.686194530228264377e+00
1.017699115044248259e-01 2.651419080578328646e+00
1.039085545722713277e-01 2.616505711060300499e+00
1.060471976401182737e-01 2.581477181409092658e+00
1.081858407079647755e-01 2.546355796668767546e+00
1.103244837758112773e-01 2.511163393055686033e+00
1.124631268436577791e-01 2.475921324983707095e+00
1.146017699115042809e-01 2.440650453235598150e+00
1.167404129793512269e-01 2.405371134263051935e+00
1.188790560471977287e-01 2.370103210595989829e+00
1.210176991150442305e-01 2.334866002339916591e+00
1.231563421828907323e-01 2.299678299738517673e+00
1.252949852507376782e-01 2.264558356777336634e+00
1.274336283185841801e-01 2.229523885802901173e+00
1.295722713864306819e-01 2.194592053130492992e+00
1.317109144542771837e-01 2.159779475612594535e+00
1.338495575221241296e-01 2.125102218139202304e+00
1.359882005899706314e-01 2.090575792040096026e+00
1.381268436578171332e-01 2.056215154358582708e+00
1.402654867256636351e-01 2.022034707965469025e+00
1.424041297935105810e-01 1.988048302481639551e+00
1.445427728613570828e-01 1.954269235976842101e+00
1.466814159292035846e-01 1.920710257412319821e+00
1.488200589970500864e-01 1.887383569794468530e+00
1.509587020648970324e-01 1.854300834006535670e+00
1.530973451327435342e-01 1.821473173285503178e+00
1.552359882005900360e-01 1.788911178310930161e+00
1.573746312684365378e-01 1.756624912873144817e+00
1.595132743362830396e-01 1.724623920087947404e+00
1.616519174041299856e-01 1.692917229125337819e+00
1.637905604719764874e-01 1.661513362420219631e+00
1.659292035398229892e-01 1.630420343333210731e+00
1.680678466076694910e-01 1.599645704230354237e+00
1.702064896755164369e-01 1.569196494950742427e+00
1.723451327433629388e-01 1.539079291631982649e+00
1.744837758112094406e-01 1.509300205863471467e+00
1.766224188790559424e-01 1.479864894138805065e+00
1.787610619469028883e-01 1.450778567578615563e+00
1.808997050147493901e-01 1.422046001896315914e+00
1.830383480825958920e-01 1.393671547579748982e+00
1.851769911504423938e-01 1.365659140262599491e+00
1.873156342182893397e-01 1.338012311260136755e+00
1.894542772861358415e-01 1.310734198244848381e+00
1.915929203539823433e-01 1.283827556037996587e+00
1.937315634218288452e-01 1.257294767494502530e+00
1.958702064896757911e-01 1.231137854458932646e+00
1.980088495575222929e-01 1.205358488771473446e+00
2.001474926253687947e-01 1.179958003303656078e+00
2.022861356932152965e-01 1.154937403004410612e+00
2.044247787610617983e-01 1.130297375937914683e+00
2.065634218289087443e-01 1.106038304295585251e+00
2.087020648967552461e-01 1.082160275365495972e+00
2.108407079646017479e-01 1.058663092443225429e+00
2.129793510324482497e-01 1.035546285669230793e+00
2.151179941002951956e-01 1.012809122778400406e+00
2.172566371681416975e-01 9.904506197486060426e-01
2.193952802359881993e-01 9.684695513355872087e-01
2.215339233038347011e-01 9.468644614825894035e-01
2.236725663716816470e-01 9.256336735937381599e-01
2.258112094395281488e-01 9.047753006611566340e-01
2.279498525073746507e-01 8.842872552363256755e-01
2.300884955752211525e-01 8.641672592371891781e-01
2.322271386430680984e-01 8.444128535830770499e-01
2.343657817109146002e-01 8.250214076502443428e-01
2.365044247787611020e-01 8.059901285415681516e-01
2.386430678466076039e-01 7.873160701645464110e-01
2.407817109144545498e-01 7.689961421124146268e-01
2.429203539823010516e-01 7.510271183438569365e-01
2.450589970501475534e-01 7.334056456571969029e-01
2.471976401179940552e-01 7.161282519558522797e-01
2.493362831858405571e-01 6.991913543020725763e-01
2.514749262536875030e-01 6.825912667566583769e-01
2.536135693215340048e-01 6.663242080028993763e-01
2.557522123893805066e-01 6.503863087533016119e-01
2.578908554572270084e-01 6.347736189383162975e-01
2.600294985250739543e-01 6.194821146765490116e-01
2.621681415929204562e-01 6.045077050264803242e-01
2.643067846607669580e-01 5.898462385199949587e-01
2.664454277286134598e-01 5.754935094785149641e-01
2.685840707964604057e-01 5.614452641127496424e-01
2.707227138643069075e-01 5.476972064075195101e-01
2.728613569321534094e-01 5.342450037933255125e-01
2.749999999999999112e-01 5.210842926066687752e-01
2.771386430678468571e-01 5.082106833413970737e-01
2.792772861356933589e-01 4.956197656935670826e-01
2.814159292035398607e-01 4.833071134025569981e-01
2.835545722713863626e-01 4.712682888913959922e-01
2.856932153392333085e-01 4.594988477094290591e-01
2.878318584070798103e-01 4.479943427806403200e-01
2.899705014749263121e-01 4.367503284611019554e-01
2.921091445427728139e-01 4.257623644091831361e-01
2.942477876106193158e-01 4.150260192722331487e-01
2.963864306784662617e-01 4.045368741936357648e-01
2.985250737463127635e-01 3.942905261441616016e-01
3.006637168141592653e-01 3.842825910816712320e-01
3.028023598820057671e-01 3.745087069433126192e-01
3.049410029498527130e-01 3.649645364743400733e-01
3.070796460176992149e-01 3.556457698978571225e-01
3.092182890855457167e-01 3.465481274296667302e-01
3.113569321533922185e-01 3.376673616425929780e-01
3.134955752212391644e-01 3.289992596845643935e-01
3.156342182890856662e-01 3.205396453547744162e-01
3.177728613569321681e-01 3.122843810422521460e-01
3.199115044247786699e-01 3.042293695311531487e-01
3.220501474926256158e-01 2.963705556770785954e-01
3.241887905604721176e-01 2.887039279586947060e-01
3.263274336283186194e-01 2.812255199088832813e-01
3.284660766961651213e-01 2.739314114296652614e-01
3.306047197640120672e-01 2.668177299950266756e-01
3.327433628318585690e-01 2.598806517458118193e-01
3.348820058997050708e-01 2.531164024806983326e-01
3.370206489675515726e-01 2.465212585473121887e-01
3.391592920353980745e-01 2.400915476374071156e-01
3.412979351032450204e-01 2.338236494899899598e-01
3.434365781710915222e-01 2.277139965062421612e-01
3.455752212389380240e-01 2.217590742799126213e-01
3.477138643067845258e-01 2.159554220469439290e-01
3.498525073746314717e-01 2.102996330578376094e-01
3.519911504424779736e-01 2.047883548763476946e-01
3.541297935103244754e-01 1.994182896078777467e-01
3.562684365781709772e-01 1.941861940609759807e-01
3.584070796460179231e-01 1.890888798451791086e-01
3.605457227138644249e-01 1.841232134084008487e-01
3.626843657817109268e-01 1.792861160169506307e-01
3.648230088495574286e-01 1.745745636812216783e-01
3.669616519174043745e-01 1.699855870299524507e-01
3.691002949852508763e-01 1.655162711359334793e-01
3.712389380530973781e-01 1.611637552958886943e-01
3.733775811209438800e-01 1.569252327672301106e-01
3.755162241887908259e-01 1.527979504642530684e-01
3.776548672566373277e-01 1.487792086162981198e-01
3.797935103244838295e-01 1.448663603902644037e-01
3.819321533923303313e-01 1.410568114798475547e-01
3.840707964601768332e-01 1.373480196637318351e-01
3.862094395280237791e-01 1.337374943349120271e-01
3.883480825958702809e-01 1.302227960032492082e-01
3.904867256637167827e-01 1.268015357732543147e-01
3.926253687315632845e-01 1.234713747990510008e-01
3.947640117994102305e-01 1.202300237183716591e-01
3.969026548672567323e-01 1.170752420673684679e-01
3.990412979351032341e-01 1.140048376779458777e-01
4.011799410029497359e-01 1.110166660592720456e-01
4.033185840707966818e-01 1.081086297650122874e-01
4.054572271386431837e-01 1.052786777478049440e-01
4.075958702064896855e-01 1.025248047023984560e-01
4.097345132743361873e-01 9.984505039882686506e-02
4.118731563421831332e-01 9.723749900692083004e-02
4.140117994100296350e-01 9.470027841340042385e-02
4.161504424778761368e-01 9.223155953272120511e-02
4.182890855457226387e-01 8.982955561281066870e-02
4.204277286135695846e-01 8.749252153674859367e-02
4.225663716814160864e-01 8.521875312140698988e-02
4.247050147492625882e-01 8.300658641400252002e-02
4.268436578171090900e-01 8.085439698747394488e-02
4.289823008849555919e-01 7.876059923552942987e-02
4.311209439528025378e-01 7.672364566817810316e-02
4.332595870206490396e-01 7.474202620850196876e-02
4.353982300884955414e-01 7.281426749138210364e-02
4.375368731563420432e-01 7.093893216485269715e-02
4.396755162241889892e-01 6.911461819470700318e-02
4.418141592920354910e-01 6.733995817295264363e-02
4.439528023598819928e-01 6.561361863065325040e-02
4.460914454277284946e-01 6.393429935568026301e-02
4.482300884955754405e-01 6.230073271584292416e-02
4.503687315634219424e-01 6.071168298784764689e-02
4.525073746312684442e-01 5.916594569248210395e-02
4.546460176991149460e-01 5.766234693641706516e-02
4.567846607669618919e-01 5.619974276095821009e-02
4.589233038348083937e-01 5.477701849807933843e-02
4.610619469026548956e-01 5.339308813401601878e-02
4.632005899705013974e-01 5.204689368068858568e-02
4.653392330383483433e-01 5.073740455519809567e-02
4.674778761061948451e-01 4.946361696759973836e-02
4.696165191740413469e-01 4.822455331715064936e-02
4.717551622418878488e-01 4.701926159720740822e-02
4.738938053097343506e-01 4.584681480891214522e-02
4.760324483775812965e-01 4.470631038380162153e-02
4.781710914454277983e-01 4.359686961545788247e-02
4.803097345132743001e-01 4.251763710027973292e-02
4.824483775811208019e-01 4.146778018745927302e-02
4.845870206489677479e-01 4.044648843823060030e-02
4.867256637168142497e-01 3.945297309442343664e-02
4.888643067846607515e-01 3.848646655636191183e-02
4.910029498525072533e-01 3.754622187012782858e-02
4.931415929203541992e-01 3.663151222419039343e-02
4.952802359882007011e-01 3.574163045539940908e-02
4.974188790560472029e-01 3.487588856432363021e-02
4.995575221238937047e-01 3.403361723991239068e-02
5.016961651917406506e-01 3.321416539343571839e-02
5.038348082595871524e-01 3.241689970166638374e-02
5.059734513274336543e-01 3.164120415924435298e-02
5.081120943952801561e-01 3.088647964016295877e-02
5.102507374631271020e-01 3.015214346831229797e-02
5.123893805309736038e-01 2.943762899699821356e-02
5.145280235988201056e-01 2.874238519735920414e-02
5.166666666666666075e-01 2.806587625559552046e-02
5.188053097345131093e-01 2.740758117891248929e-02
5.209439528023600552e-01 2.676699341008661678e-02
5.230825958702065570e-01 2.614362045055035333e-02
5.252212389380530588e-01 2.553698349189074956e-02
5.273598820058995607e-01 2.494661705565243484e-02
5.294985250737465066e-01 2.437206864133373979e-02
5.316371681415930084e-01 2.381289838246160653e-02
5.337758112094395102e-01 2.326867871062495569e-02
5.359144542772860120e-01 2.273899402735186578e-02
5.380530973451329579e-01 2.222344038370452704e-02
5.401917404129794598e-01 2.172162516747118757e-02
5.423303834808259616e-01 2.123316679783045571e-02
5.444690265486724634e-01 2.075769442736234704e-02
5.466076696165194093e-01 2.029484765127933729e-02
5.487463126843659111e-01 1.984427622375186176e-02
5.508849557522124130e-01 1.940563978119693583e-02
5.530235988200589148e-01 1.897860757240847629e-02
5.551622418879058607e-01 1.856285819539569074e-02
5.573008849557523625e-01 1.815807934080464897e-02
5.594395280235988643e-01 1.776396754179504489e-02
5.615781710914453662e-01 1.738022793024571536e-02
5.637168141592918680e-01 1.700657399916198631e-02
5.658554572271388139e-01 1.664272737115806908e-02
5.679941002949853157e-01 1.628841757289167455e-02
5.701327433628318175e-01 1.594338181532455392e-02
5.722713864306783194e-01 1.560736477968801238e-02
5.744100294985252653e-01 1.528011840902825276e-02
5.765486725663717671e-01 1.496140170521581027e-02
5.786873156342182689e-01 1.465098053129325166e-02
5.808259587020647707e-01 1.434862741904749384e-02
5.829646017699117166e-01 1.405412138168937904e-02
5.851032448377582185e-01 1.376724773152254028e-02
5.872418879056047203e-01 1.348779790249037165e-02
5.893805309734512221e-01 1.321556927748765604e-02
5.915191740412981680e-01 1.295036502032600664e-02
5.936578171091446698e-01 1.269199391224504203e-02
5.957964601769911717e-01 1.244027019286004718e-02
5.979351032448376735e-01 1.219501340544260071e-02
6.000737463126846194e-01 1.195604824642785592e-02
6.022123893805311212e-01 1.172320441904940551e-02
6.043510324483776230e-01 1.149631649099670631e-02
6.064896755162241249e-01 1.127522375600061889e-02
6.086283185840710708e-01 1.105977009924814791e-02
6.107669616519175726e-01 1.084980386653048613e-02
6.129056047197640744e-01 1.064517773703306525e-02
6.150442477876105762e-01 1.044574859967407551e-02
6.171828908554570781e-01 1.025137743290236228e-02
6.193215339233040240e-01 1.006192918786698656e-02
6.214601769911505258e-01 9.877272674872256478e-03
6.235988200589970276e-01 9.697280453032216738e-03
6.257374631268435294e-01 9.521828723044200443e-03
6.278761061946904753e-01 9.350797222998877278e-03
6.300147492625369772e-01 9.184069127147850842e-03
6.321533923303834790e-01 9.021530947551507570e-03
6.342920353982299808e-01 8.863072438531368821e-03
6.364306784660769267e-01 8.708586503852264529e-03
6.385693215339234285e-01 8.557969106562847428e-03
6.407079646017699304e-01 8.411119181422292007e-03
6.428466076696164322e-01 8.267938549845326238e-03
6.449852507374633781e-01 8.128331837297156012e-03
6.471238938053098799e-01 7.992206393072902315e-03
6.492625368731563817e-01 7.859472212396041019e-03
6.514011799410028836e-01 7.730041860774740543e-03
6.535398230088498295e-01 7.603830400553126048e-03
6.556784660766963313e-01 7.480755319598271849e-03
6.578171091445428331e-01 7.360736462064637955e-03
6.599557522123893349e-01 7.243695961178744751e-03
6.620943952802358368e-01 7.129558173988771556e-03
6.642330383480827827e-01 7.018249618024841215e-03
6.663716814159292845e-01 6.909698909817103309e-03
6.685103244837757863e-01 6.803836705220619487e-03
6.706489675516222881e-01 6.700595641496824573e-03
6.727876106194692341e-01 6.599910281102114307e-03
6.749262536873157359e-01 6.501717057137514078e-03
6.770648967551622377e-01 6.405954220411440997e-03
6.792035398230087395e-01 6.312561788072268421e-03
6.813421828908556854e-01 6.221481493765167702e-03
6.834808259587021873e-01 6.132656739271840143e-03
6.856194690265486891e-01 6.046032547591212621e-03
6.877581120943951909e-01 5.961555517420530359e-03
6.898967551622421368e-01 5.879173778997739269e-03
6.920353982300886386e-01 5.798836951266827383e-03
6.941740412979351404e-01 5.720496100329747376e-03
6.963126843657816423e-01 5.644103699146740642e-03
6.984513274336285882e-01 5.569613588453248970e-03
7.005899705014750900e-01 5.496980938855785918e-03
7.027286135693215918e-01 5.426162214075898500e-03
7.048672566371680936e-01 5.357115135309634124e-03
7.070058997050145955e-01 5.289798646670435152e-03
7.091445427728615414e-01 5.224172881685628170e-03
7.112831858407080432e-01 5.160199130817381095e-03
7.134218289085545450e-01 5.097839809978262256e-03
7.155604719764010468e-01 5.037058430015181956e-03
7.176991150442479928e-01 4.977819567133183812e-03
7.198377581120944946e-01 4.920088834234189953e-03
7.219764011799409964e-01 4.863832853144000982e-03
7.241150442477874982e-01 4.809019227704346144e-03
7.262536873156344441e-01 4.755616517704613390e-03
7.283923303834809460e-01 4.703594213631350635e-03
7.305309734513274478e-01 4.652922712211972865e-03
7.326696165191739496e-01 4.603573292731785553e-03
7.348082595870208955e-01 4.555518094102643800e-03
7.369469026548673973e-01 4.508730092663009933e-03
7.390855457227138992e-01 4.463183080689830592e-03
7.412241887905604010e-01 4.418851645602409756e-03
7.433628318584073469e-01 4.375711149840411790e-03
7.455014749262538487e-01 4.333737711397810284e-03
7.476401179941003505e-01 4.292908184995224662e-03
7.497787610619468524e-01 4.253200143874006842e-03
7.519174041297933542e-01 4.214591862195958029e-03
7.540560471976403001e-01 4.177062298032532296e-03
7.561946902654868019e-01 4.140591076929164317e-03
7.583333333333333037e-01 4.105158476028983837e-03
7.604719764011798055e-01 4.070745408743040895e-03
7.626106194690267515e-01 4.037333409952235073e-03
7.647492625368732533e-01 4.004904621728641763e-03
7.668879056047197551e-01 3.973441779563252792e-03
7.690265486725662569e-01 3.942928199087749816e-03
7.711651917404132028e-01 3.913347763278967120e-03
7.733038348082597047e-01 3.884684910134557790e-03
7.754424778761062065e-01 3.856924620808782275e-03
7.775811209439527083e-01 3.830052408198499330e-03
7.797197640117996542e-01 3.804054305968796595e-03
7.818584070796461560e-01 3.778916858009100620e-03
7.839970501474926579e-01 3.754627108310311205e-03
7.861356932153391597e-01 3.731172591254576596e-03
7.882743362831861056e-01 3.708541322308371926e-03
7.904129793510326074e-01 3.686721789112323670e-03
7.925516224188791092e-01 3.665702942958660223e-03
7.946902654867256111e-01 3.645474190650187154e-03
7.968289085545721129e-01 3.626025386733182105e-03
7.989675516224190588e-01 3.607346826097700219e-03
8.011061946902655606e-01 3.589429236940113246e-03
8.032448377581120624e-01 3.572263774080362310e-03
8.053834808259585643e-01 3.555842012629945297e-03
8.075221238938055102e-01 3.540155942005082570e-03
8.096607669616520120e-01 3.525197960279445250e-03
8.117994100294985138e-01 3.510960868873725608e-03
8.139380530973450156e-01 3.497437867576008372e-03
8.160766961651919615e-01 3.484622549890923748e-03
8.182153392330384634e-01 3.472508898712694126e-03
8.203539823008849652e-01 3.461091282320085186e-03
8.224926253687314670e-01 3.450364450689824471e-03
8.246312684365784129e-01 3.440323532126171591e-03
8.267699115044249147e-01 3.430964030205011991e-03
8.289085545722714166e-01 3.422281821029791136e-03
8.310471976401179184e-01 3.414273150798726592e-03
8.331858407079648643e-01 3.406934633681593227e-03
8.353244837758113661e-01 3.400263250005607519e-03
8.374631268436578679e-01 3.394256344749821148e-03
8.396017699115043698e-01 3.388911626347889446e-03
8.417404129793508716e-01 3.384227165799673972e-03
8.438790560471978175e-01 3.380201396091810171e-03
8.460176991150443193e-01 3.376833111928561129e-03
8.481563421828908211e-01 3.374121469774162170e-03
8.502949852507373230e-01 3.372065988207815102e-03
8.524336283185842689e-01 3.370666548594148000e-03
8.545722713864307707e-01 3.369923396070703073e-03
8.567109144542772725e-01 3.369837140855454997e-03
8.588495575221237743e-01 3.370408759877542484e-03
8.609882005899707202e-01 3.371639598734850821e-03
8.631268436578172221e-01 3.373531373981329771e-03
8.652654867256637239e-01 3.376086175750127923e-03
8.674041297935102257e-01 3.379306470714983374e-03
8.695427728613571716e-01 3.383195105397121885e-03
8.716814159292036734e-01 3.387755309821568247e-03
8.738200589970501753e-01 3.392990701529586834e-03
8.759587020648966771e-01 3.398905289953788218e-03
8.780973451327436230e-01 3.405503481162161158e-03
8.802359882005901248e-01 3.412790082979145871e-03
8.823746312684366266e-01 3.420770310490642806e-03
8.845132743362831285e-01 3.429449791942688289e-03
8.866519174041296303e-01 3.438834575040935430e-03
8.887905604719765762e-01 3.448931133662052045e-03
8.909292035398230780e-01 3.459746374985671075e-03
8.930678466076695798e-01 3.471287647058291913e-03
8.952064896755160817e-01 3.483562746799758695e-03
8.973451327433630276e-01 3.496579928464456019e-03
8.994837758112095294e-01 3.510347912568926275e-03
9.016224188790560312e-01 3.524875895300131137e-03
9.037610619469025330e-01 3.540173558416340703e-03
9.058997050147494789e-01 3.556251079657043838e-03
9.080383480825959808e-01 3.573119143675229301e-03
9.101769911504424826e-01 3.590788953509067415e-03
9.123156342182889844e-01 3.609272242609432284e-03
9.144542772861359303e-01 3.628581287440116928e-03
9.165929203539824321e-01 3.648728920670361951e-03
9.187315634218289340e-01 3.669728544977519415e-03
9.208702064896754358e-01 3.691594147481006005e-03
9.230088495575223817e-01 3.714340314828111500e-03
9.251474926253688835e-01 3.737982248953956345e-03
9.272861356932153853e-01 3.762535783538804596e-03
9.294247787610618872e-01 3.788017401186284140e-03
9.315634218289083890e-01 3.814444251348763151e-03
9.337020648967553349e-01 3.841834169025920998e-03
9.358407079646018367e-01 3.870205694263446038e-03
9.379793510324483385e-01 3.899578092482487279e-03
9.401179941002948404e-01 3.929971375667928174e-03
9.422566371681417863e-01 3.961406324449408094e-03
9.443952802359882881e-01 3.993904511106074508e-03
9.465339233038347899e-01 4.027488323531215782e-03
9.486725663716812917e-01 4.062180990191703242e-03
9.508112094395282377e-01 4.098006606120498801e-03
9.529498525073747395e-01 4.134990159981973695e-03
9.550884955752212413e-01 4.173157562250208452e-03
9.572271386430677431e-01 4.212535674544313526e-03
9.593657817109146890e-01 4.253152340165357315e-03
9.615044247787611909e-01 4.295036415881374817e-03
9.636430678466076927e-01 4.338217805010423020e-03
9.657817109144541945e-01 4.382727491852250225e-03
9.679203539823011404e-01 4.428597577522235158e-03
9.700589970501476422e-01 4.475861317244141796e-03
9.721976401179941440e-01 4.524553159158803059e-03
9.743362831858406459e-01 4.574708784711759360e-03
9.764749262536871477e-01 4.626365150681460703e-03
9.786135693215340936e-01 4.679560532916769884e-03
9.807522123893805954e-01 4.734334571851270095e-03
9.828908554572270972e-01 4.790728319869696876e-03
9.850294985250735991e-01 4.848784290600020690e-03
9.871681415929205450e-01 4.908546510212221173e-03
9.893067846607670468e-01 4.970060570806711028e-03
9.914454277286135486e-01 5.033373685978042439e-03
9.935840707964600504e-01 5.098534748646405337e-03
9.957227138643069964e-01 5.165594391249707894e-03
9.978613569321534982e-01 5.234605048397025784e-03
1.000000000000000000e+00 5.305621022086579909e-03
