1.000000000000000000e+00
9.892619485245347510e-01
9.629340723158892335e-01
9.131278197374167460e-01
8.830215532151306501e-01
8.544990704425707850e-01
8.422858379252565753e-01
8.429635613180943565e-01
8.417420694591721819e-01
8.410333459397120182e-01
8.449311687126148662e-01
8.492619486656494132e-01
8.480475345404593357e-01
8.480475345404593357e-01
8.471435471731073585e-01
8.471435471731073585e-01
8.471435471731073585e-01
8.457461969455819517e-01
8.457461969455819517e-01
8.457461969455819517e-01
8.457461969455819517e-01
8.457461969455819517e-01
8.457461969455819517e-01
8.457461969455819517e-01
8.457461969455819517e-01
8.457461969455819517e-01
8.457461969455819517e-01
8.457461969455819517e-01
8.457461969455819517e-01
8.457461969455819517e-01
8.457461969455819517e-01
8.457461969455819517e-01
8.457461969455819517e-01
8.457461969455819517e-01
8.457461969455819517e-01
8.457461969455819517e-01
8.457461969455819517e-01
8.457461969455819517e-01
8.457461969455819517e-01
8.457461969455819517e-01
8.457461969455819517e-01
8.457461969455819517e-01
8.457461969455819517e-01
8.457461969455819517e-01
8.457461969455819517e-01
8.457461969455819517e-01
8.457461969455819517e-01
8.457461969455819517e-01
8.457461969455819517e-01
8.457461969455819517e-01
8.457461969455819517e-01
8.457461969455819517e-01
8.457461969455819517e-01
8.457461969455819517e-01
8.457461969455819517e-01
8.457461969455819517e-01
8.457461969455819517e-01
8.457461969455819517e-01
8.457461969455819517e-01
8.457461969455819517e-01
8.457461969455819517e-01
8.457461969455819517e-01
8.457461969455819517e-01
8.457461969455819517e-01
8.457461969455819517e-01
8.457461969455819517e-01
8.457461969455819517e-01
8.457461969455819517e-01
8.457461969455819517e-01
8.457461969455819517e-01
8.457461969455819517e-01
8.457461969455819517e-01
8.457461969455819517e-01
8.457461969455819517e-01
8.457461969455819517e-01
8.457461969455819517e-01
8.457461969455819517e-01
8.457461969455819517e-01
8.457461969455819517e-01
8.457461969455819517e-01
8.457461969455819517e-01
8.457461969455819517e-01
8.457461969455819517e-01
8.457461969455819517e-01
8.457461969455819517e-01
8.457461969455819517e-01
8.457461969455819517e-01
8.457461969455819517e-01
8.457461969455819517e-01
8.457461969455819517e-01
8.457461969455819517e-01
8.457461969455819517e-01
8.457461969455819517e-01
8.457461969455819517e-01
8.457461969455819517e-01
8.457461969455819517e-01
8.457461969455819517e-01
8.457461969455819517e-01
8.457461969455819517e-01
8.457461969455819517e-01
8.457461969455819517e-01
8.457461969455819517e-01
8.457461969455819517e-01
8.457461969455819517e-01
8.457461969455819517e-01
8.457461969455819517e-01
8.457461969455819517e-01
8.457461969455819517e-01
8.457461969455819517e-01
8.457461969455819517e-01
8.457461969455819517e-01
8.457461969455819517e-01
8.457461969455819517e-01
8.457461969455819517e-01
8.457461969455819517e-01
8.457461969455819517e-01
8.457461969455819517e-01
8.457461969455819517e-01
8.457461969455819517e-01
8.457461969455819517e-01
8.457461969455819517e-01
8.457461969455819517e-01
8.457461969455819517e-01
8.457461969455819517e-01
8.457461969455819517e-01
8.457461969455819517e-01
8.457461969455819517e-01
8.457461969455819517e-01
8.457461969455819517e-01
8.457461969455819517e-01
8.457461969455819517e-01
8.457461969455819517e-01
8.457461969455819517e-01
8.457461969455819517e-01
8.457461969455819517e-01
8.457461969455819517e-01
8.457461969455819517e-01
8.457461969455819517e-01
8.457461969455819517e-01
8.457461969455819517e-01
8.457461969455819517e-01
8.457461969455819517e-01
8.457461969455819517e-01
8.457461969455819517e-01
8.457461969455819517e-01
8.457461969455819517e-01
8.457461969455819517e-01
8.457461969455819517e-01
8.457461969455819517e-01
8.457461969455819517e-01
8.457461969455819517e-01
8.457461969455819517e-01
8.457461969455819517e-01
8.457461969455819517e-01
8.457461969455819517e-01
8.457461969455819517e-01
8.457461969455819517e-01
8.457461969455819517e-01
8.457461969455819517e-01
8.457461969455819517e-01
8.457461969455819517e-01
8.457461969455819517e-01
8.457461969455819517e-01
8.457461969455819517e-01
8.457461969455819517e-01
8.457461969455819517e-01
8.457461969455819517e-01
8.457461969455819517e-01
8.457461969455819517e-01
8.457461969455819517e-01
8.457461969455819517e-01
8.457461969455819517e-01
8.457461969455819517e-01
8.457461969455819517e-01
8.457461969455819517e-01
8.457461969455819517e-01
8.457461969455819517e-01
8.457461969455819517e-01
8.457461969455819517e-01
8.457461969455819517e-01
8.457461969455819517e-01
8.457461969455819517e-01
8.457461969455819517e-01
8.457461969455819517e-01
8.457461969455819517e-01
8.457461969455819517e-01
8.457461969455819517e-01
8.457461969455819517e-01
8.457461969455819517e-01
8.457461969455819517e-01
8.457461969455819517e-01
8.457461969455819517e-01
8.457461969455819517e-01
8.457461969455819517e-01
8.457461969455819517e-01
8.457461969455819517e-01
8.457461969455819517e-01
8.457461969455819517e-01
8.457461969455819517e-01
8.457461969455819517e-01
8.457461969455819517e-01
8.457461969455819517e-01
8.457461969455819517e-01
8.457461969455819517e-01
8.457461969455819517e-01
8.457461969455819517e-01
8.457461969455819517e-01
8.457461969455819517e-01
8.457461969455819517e-01
8.457461969455819517e-01
8.457461969455819517e-01
8.457461969455819517e-01
8.457461969455819517e-01
8.457461969455819517e-01
8.457461969455819517e-01
8.457461969455819517e-01
8.457461969455819517e-01
8.457461969455819517e-01
8.457461969455819517e-01
8.457461969455819517e-01
8.457461969455819517e-01
8.457461969455819517e-01
8.457461969455819517e-01
8.457461969455819517e-01
8.457461969455819517e-01
8.457461969455819517e-01
8.457461969455819517e-01
8.457461969455819517e-01
8.457461969455819517e-01
8.457461969455819517e-01
8.457461969455819517e-01
8.457461969455819517e-01
8.457461969455819517e-01
8.457461969455819517e-01
8.457461969455819517e-01
8.457461969455819517e-01
8.457461969455819517e-01
8.457461969455819517e-01
8.457461969455819517e-01
8.457461969455819517e-01
8.457461969455819517e-01
8.457461969455819517e-01
8.457461969455819517e-01
8.457461969455819517e-01
8.457461969455819517e-01
8.457461969455819517e-01
8.457461969455819517e-01
8.457461969455819517e-01
8.457461969455819517e-01
8.457461969455819517e-01
