0.000000000000000000e+00
8.238298957552847579e-02
8.319875915851938919e-02
7.874491160891788910e-02
8.137071806102898208e-02
7.951154034959817540e-02
8.031485724401450643e-02
8.059072140618289692e-02
8.064101701908921171e-02
8.056722414193004389e-02
8.077574778517288001e-02
8.367274961502384201e-02
8.354619435559550167e-02
8.354619435559550167e-02
8.317652052914283056e-02
8.317652052914283056e-02
8.317652052914283056e-02
8.316010118944268392e-02
8.316010118944268392e-02
8.316010118944268392e-02
8.316010118944268392e-02
8.316010118944268392e-02
8.316010118944268392e-02
8.316010118944268392e-02
8.316010118944268392e-02
8.316010118944268392e-02
8.316010118944268392e-02
8.316010118944268392e-02
8.316010118944268392e-02
8.316010118944268392e-02
8.316010118944268392e-02
8.316010118944268392e-02
8.316010118944268392e-02
8.316010118944268392e-02
8.316010118944268392e-02
8.316010118944268392e-02
8.316010118944268392e-02
8.316010118944268392e-02
8.316010118944268392e-02
8.316010118944268392e-02
8.316010118944268392e-02
8.316010118944268392e-02
8.316010118944268392e-02
8.316010118944268392e-02
8.316010118944268392e-02
8.316010118944268392e-02
8.316010118944268392e-02
8.316010118944268392e-02
8.316010118944268392e-02
8.316010118944268392e-02
8.316010118944268392e-02
8.316010118944268392e-02
8.316010118944268392e-02
8.316010118944268392e-02
8.316010118944268392e-02
8.316010118944268392e-02
8.316010118944268392e-02
8.316010118944268392e-02
8.316010118944268392e-02
8.316010118944268392e-02
8.316010118944268392e-02
8.316010118944268392e-02
8.316010118944268392e-02
8.316010118944268392e-02
8.316010118944268392e-02
8.316010118944268392e-02
8.316010118944268392e-02
8.316010118944268392e-02
8.316010118944268392e-02
8.316010118944268392e-02
8.316010118944268392e-02
8.316010118944268392e-02
8.316010118944268392e-02
8.316010118944268392e-02
8.316010118944268392e-02
8.316010118944268392e-02
8.316010118944268392e-02
8.316010118944268392e-02
8.316010118944268392e-02
8.316010118944268392e-02
8.316010118944268392e-02
8.316010118944268392e-02
8.316010118944268392e-02
8.316010118944268392e-02
8.316010118944268392e-02
8.316010118944268392e-02
8.316010118944268392e-02
8.316010118944268392e-02
8.316010118944268392e-02
8.316010118944268392e-02
8.316010118944268392e-02
8.316010118944268392e-02
8.316010118944268392e-02
8.316010118944268392e-02
8.316010118944268392e-02
8.316010118944268392e-02
8.316010118944268392e-02
8.316010118944268392e-02
8.316010118944268392e-02
8.316010118944268392e-02
8.316010118944268392e-02
8.316010118944268392e-02
8.316010118944268392e-02
8.316010118944268392e-02
8.316010118944268392e-02
8.316010118944268392e-02
8.316010118944268392e-02
8.316010118944268392e-02
8.316010118944268392e-02
8.316010118944268392e-02
8.316010118944268392e-02
8.316010118944268392e-02
8.316010118944268392e-02
8.316010118944268392e-02
8.316010118944268392e-02
8.316010118944268392e-02
8.316010118944268392e-02
8.316010118944268392e-02
8.316010118944268392e-02
8.316010118944268392e-02
8.316010118944268392e-02
8.316010118944268392e-02
8.316010118944268392e-02
8.316010118944268392e-02
8.316010118944268392e-02
8.316010118944268392e-02
8.316010118944268392e-02
8.316010118944268392e-02
8.316010118944268392e-02
8.316010118944268392e-02
8.316010118944268392e-02
8.316010118944268392e-02
8.316010118944268392e-02
8.316010118944268392e-02
8.316010118944268392e-02
8.316010118944268392e-02
8.316010118944268392e-02
8.316010118944268392e-02
8.316010118944268392e-02
8.316010118944268392e-02
8.316010118944268392e-02
8.316010118944268392e-02
8.316010118944268392e-02
8.316010118944268392e-02
8.316010118944268392e-02
8.316010118944268392e-02
8.316010118944268392e-02
8.316010118944268392e-02
8.316010118944268392e-02
8.316010118944268392e-02
8.316010118944268392e-02
8.316010118944268392e-02
8.316010118944268392e-02
8.316010118944268392e-02
8.316010118944268392e-02
8.316010118944268392e-02
8.316010118944268392e-02
8.316010118944268392e-02
8.316010118944268392e-02
8.316010118944268392e-02
8.316010118944268392e-02
8.316010118944268392e-02
8.316010118944268392e-02
8.316010118944268392e-02
8.316010118944268392e-02
8.316010118944268392e-02
8.316010118944268392e-02
8.316010118944268392e-02
8.316010118944268392e-02
8.316010118944268392e-02
8.316010118944268392e-02
8.316010118944268392e-02
8.316010118944268392e-02
8.316010118944268392e-02
8.316010118944268392e-02
8.316010118944268392e-02
8.316010118944268392e-02
8.316010118944268392e-02
8.316010118944268392e-02
8.316010118944268392e-02
8.316010118944268392e-02
8.316010118944268392e-02
8.316010118944268392e-02
8.316010118944268392e-02
8.316010118944268392e-02
8.316010118944268392e-02
8.316010118944268392e-02
8.316010118944268392e-02
8.316010118944268392e-02
8.316010118944268392e-02
8.316010118944268392e-02
8.316010118944268392e-02
8.316010118944268392e-02
8.316010118944268392e-02
8.316010118944268392e-02
8.316010118944268392e-02
8.316010118944268392e-02
8.316010118944268392e-02
8.316010118944268392e-02
8.316010118944268392e-02
8.316010118944268392e-02
8.316010118944268392e-02
8.316010118944268392e-02
8.316010118944268392e-02
8.316010118944268392e-02
8.316010118944268392e-02
8.316010118944268392e-02
8.316010118944268392e-02
8.316010118944268392e-02
8.316010118944268392e-02
8.316010118944268392e-02
8.316010118944268392e-02
8.316010118944268392e-02
8.316010118944268392e-02
8.316010118944268392e-02
8.316010118944268392e-02
8.316010118944268392e-02
8.316010118944268392e-02
8.316010118944268392e-02
8.316010118944268392e-02
8.316010118944268392e-02
8.316010118944268392e-02
8.316010118944268392e-02
8.316010118944268392e-02
8.316010118944268392e-02
8.316010118944268392e-02
8.316010118944268392e-02
8.316010118944268392e-02
8.316010118944268392e-02
8.316010118944268392e-02
8.316010118944268392e-02
8.316010118944268392e-02
8.316010118944268392e-02
8.316010118944268392e-02
8.316010118944268392e-02
8.316010118944268392e-02
8.316010118944268392e-02
8.316010118944268392e-02
8.316010118944268392e-02
8.316010118944268392e-02
8.316010118944268392e-02
8.316010118944268392e-02
8.316010118944268392e-02
8.316010118944268392e-02
8.316010118944268392e-02
8.316010118944268392e-02
8.316010118944268392e-02
8.316010118944268392e-02
8.316010118944268392e-02
8.316010118944268392e-02
