1.000000000000000000e+00
9.788140310567595703e-01
9.154671116514665474e-01
8.396105075923244732e-01
7.602328405264189293e-01
6.883013161657510759e-01
6.145929493295626544e-01
5.437701714560089217e-01
4.909743716216923293e-01
4.455229143664450331e-01
4.144917846404352901e-01
3.852590147187194836e-01
3.580450299951031812e-01
3.458537045083998618e-01
3.308493400039272392e-01
3.282975336726596249e-01
3.321588459961830053e-01
3.265052512216226610e-01
3.215086348574637265e-01
3.173542024598342559e-01
3.137451986409958149e-01
3.064763155899510871e-01
3.024006991620033502e-01
3.032475300701802379e-01
2.996323536428572853e-01
2.996048816298982342e-01
2.961335542981343716e-01
2.895758312188584371e-01
2.832357873960570371e-01
2.772279093612044498e-01
2.729995372497174833e-01
2.709059448949067694e-01
2.697039577309902625e-01
2.661413975148644862e-01
2.669131489313668615e-01
2.652615145028581201e-01
2.594569066578630290e-01
2.587730043217172926e-01
2.593754135867930022e-01
2.601248091301711085e-01
2.600634553486805278e-01
2.619124635015235292e-01
2.597927771722569612e-01
2.615649904812248905e-01
2.606653409642029073e-01
2.581200540607018756e-01
2.543043250281294410e-01
2.504603878452925647e-01
2.525400070269866459e-01
2.499289940424260226e-01
2.468329336122586370e-01
2.440013290878849939e-01
2.423948750280580655e-01
2.432115291688840275e-01
2.397069824058231102e-01
2.415921684140770187e-01
2.404906232795342713e-01
2.388439827711449914e-01
2.388234768781756501e-01
2.397494810576395741e-01
2.316897950768096737e-01
2.311238515569035423e-01
2.297732395977238884e-01
2.304046346537989842e-01
2.307783770516615152e-01
2.312737441364674518e-01
2.300468540022216346e-01
2.294020763341330649e-01
2.270742102358445369e-01
2.287079589053254702e-01
2.266775965216056288e-01
2.268825449924701809e-01
2.275509719347728332e-01
2.236443177166889396e-01
2.228679114934219996e-01
2.224176823730232566e-01
2.250851090370215024e-01
2.223000836262905011e-01
2.232841445934412028e-01
2.255895086445422193e-01
2.227801146140346578e-01
2.210376400284123355e-01
2.212537133773165854e-01
2.219506910158720037e-01
2.211737468490453662e-01
2.213697373004599178e-01
2.222319975654915292e-01
2.195554090136966063e-01
2.178033393489780811e-01
2.184010071648868345e-01
2.177290766203220373e-01
2.170785027418233593e-01
2.167832020838135754e-01
2.147361740305391287e-01
2.169172937875597507e-01
2.157325863816600964e-01
2.162791681802157251e-01
2.141000325746060806e-01
2.153911683957247802e-01
2.163992014099531125e-01
2.159302082614365514e-01
2.155279726175825528e-01
2.161354134877228883e-01
2.156669972628071918e-01
2.174266662047843190e-01
2.176487744112335365e-01
2.184442885736748163e-01
2.184634232529311659e-01
2.177328964047629267e-01
2.197966787258080479e-01
2.209429552221797155e-01
2.205343144246700304e-01
2.156779829952795158e-01
2.145754751901799706e-01
2.134423072833449564e-01
2.142814534525054604e-01
2.150067387887618919e-01
2.159203042310878506e-01
2.174491092189173580e-01
2.161314474499431704e-01
2.141669219557544857e-01
2.167970379600195341e-01
2.145799731965310764e-01
2.148081160681696300e-01
2.148212296734375304e-01
2.129421590450238932e-01
2.124927792043288521e-01
2.102668322572530113e-01
2.098966969072342814e-01
2.098986402392735151e-01
2.107824387206762295e-01
2.105434126935269157e-01
2.106676378334932653e-01
2.106954474273574351e-01
2.112220655733973718e-01
2.119805999424922149e-01
2.102774476120905234e-01
2.105602083308874273e-01
2.102123049943320499e-01
2.104118055288600186e-01
2.123802098234856828e-01
2.122656371984796286e-01
2.108062407255532344e-01
2.112547856134228963e-01
2.123978975502982813e-01
2.117437144361196677e-01
2.126643539719844933e-01
2.126894243822331776e-01
2.133474623774641865e-01
2.126256434731255140e-01
2.122103556338875430e-01
2.109674718430950835e-01
2.120032909745721839e-01
2.114472175705472134e-01
2.111200641852057358e-01
2.101628119755373225e-01
2.107993811248317084e-01
2.116154883529272612e-01
2.108232373477018362e-01
2.106852516224617666e-01
2.108054239092789217e-01
2.116919752500030227e-01
2.117139156204437545e-01
2.112051708878140144e-01
2.107810742658924597e-01
2.116065557248163753e-01
2.119287484033147984e-01
2.137712005014534844e-01
2.133792753754503724e-01
2.133519808428160913e-01
2.119376395666074941e-01
2.116772665750129845e-01
2.116377850004579342e-01
2.105343583668753960e-01
2.106053367812832644e-01
2.115897818201943337e-01
2.108259586919801754e-01
2.125817737955645048e-01
2.139291066011972386e-01
2.137806748828681713e-01
2.139453362329843955e-01
2.146997494009168506e-01
2.138532518053384013e-01
2.127729781745895943e-01
2.138919435807424274e-01
2.122789101077634522e-01
2.120057541419926028e-01
2.121739977831046953e-01
2.116507243625339596e-01
2.096881069134953202e-01
2.098799039530236943e-01
2.092988798276022577e-01
2.094185109225590591e-01
2.112210256373443229e-01
2.115405830553647448e-01
2.110063131675788406e-01
2.095769210955721051e-01
2.092420640801301301e-01
2.088878371448406046e-01
2.095076656654844827e-01
2.084151293910709579e-01
2.089048491400478103e-01
2.075633556625487985e-01
2.073629357169359533e-01
2.068997351902439052e-01
2.071737014852609582e-01
2.060622402528441421e-01
2.073917421488137847e-01
2.069145685513574529e-01
2.063674122958522594e-01
2.073506773530034708e-01
2.075975962955582399e-01
2.076896426590796874e-01
2.087821616732910279e-01
2.084630633452327353e-01
2.086635080317383040e-01
2.090018144049159698e-01
2.075936111222058400e-01
2.080780641525635244e-01
2.079122240400195776e-01
2.077742355409078479e-01
2.078611589805323401e-01
2.070313521298577930e-01
2.066170959484297243e-01
2.061463637851089492e-01
2.072761109731672824e-01
2.065366487259685524e-01
2.073008048722361218e-01
2.060976525647589819e-01
2.056316248213715947e-01
2.058747038815845753e-01
2.066529060490837622e-01
2.076796437711460885e-01
2.078897582082134265e-01
2.084334894863416054e-01
2.086901264935106526e-01
2.085178492635140768e-01
2.080856790471164453e-01
2.075389157378939864e-01
2.080478596728978224e-01
2.077707992272585791e-01
2.077037078040103457e-01
2.065362325380829811e-01
2.059919722379121021e-01
2.052073549953566667e-01
2.039985026340854768e-01
2.049714991055177349e-01
2.048203822032995391e-01
2.037970450685343271e-01
2.045503997801153551e-01
