0.000000000000000000e+00
2.123891769931442186e-02
2.039395825937561496e-02
2.013413911536579212e-02
1.910829339040106753e-02
1.988626559036944103e-02
1.758382925608084624e-02
1.585169160109841172e-02
1.351366550403104889e-02
1.414132194899746404e-02
1.554306776006365159e-02
1.529469974842054096e-02
1.539577804313885419e-02
1.575682381959634185e-02
1.605743994291390642e-02
1.618510057917195433e-02
1.647860760851848835e-02
1.717106782806073623e-02
1.642349212387477636e-02
1.492137663694793372e-02
1.319565127377981921e-02
1.270316939686708287e-02
1.271811116169382742e-02
1.343023835329697213e-02
1.280468603075633933e-02
1.291797800190466923e-02
1.353034320952786924e-02
1.400706045331394888e-02
1.367690555041757051e-02
1.467877989440570519e-02
1.441407795242511530e-02
1.487573334327406231e-02
1.440004645989676445e-02
1.336993211231382768e-02
1.518820446836095274e-02
1.600229943935608037e-02
1.637373121502875076e-02
1.602172434805210557e-02
1.534151147468297040e-02
1.604220138449356098e-02
1.640274733795318851e-02
1.658063522763859529e-02
1.756287677348835133e-02
1.698261544619685329e-02
1.673527873317217848e-02
1.845415091438299890e-02
1.783738820866638888e-02
1.807520624124837189e-02
1.820556297605546020e-02
1.822388175724116988e-02
1.817088604186394701e-02
1.791144079091692640e-02
1.656967139462689823e-02
1.678424119596375400e-02
1.798662744070783984e-02
1.638747411873939935e-02
1.590090215138008009e-02
1.497365542624257834e-02
1.562228852050087137e-02
1.658177356684619255e-02
1.602686921981016574e-02
1.548373945502952952e-02
1.479278660979754800e-02
1.468351731444425372e-02
1.465236947984476651e-02
1.573823210173214485e-02
1.511455487635798151e-02
1.479750937080255395e-02
1.501885991566492655e-02
1.461782619742546530e-02
1.469830070224911744e-02
1.415929744364360920e-02
1.434204084583635443e-02
1.426672614644041749e-02
1.444199993469823945e-02
1.352788052397807528e-02
1.397253660504346219e-02
1.373512685998042743e-02
1.365764466702437153e-02
1.360353474807379955e-02
1.443380846938186433e-02
1.455576425892933512e-02
1.464311043005663004e-02
1.430838118736168889e-02
1.467476063710238844e-02
1.489892844833600773e-02
1.450876816569847405e-02
1.428071555286993671e-02
1.438903185353712470e-02
1.510187320777733010e-02
1.507320347324037774e-02
1.451646334117220362e-02
1.447323669698234727e-02
1.449990407764203439e-02
1.455790752605201632e-02
1.437918178730213103e-02
1.447328238690063183e-02
1.530718770304914482e-02
1.506061326357754394e-02
1.495668849170171677e-02
1.424828343783979961e-02
1.438443299493538489e-02
1.408155019279552604e-02
1.419745183680727434e-02
1.434536706475491967e-02
1.484544379189716747e-02
1.502347835377332123e-02
1.532999486808075441e-02
1.533090771672728642e-02
1.519390568566773847e-02
1.533083170915755002e-02
1.490621722521935470e-02
1.524394791814819884e-02
1.557981950464002070e-02
1.550854192391121038e-02
1.569595160296726605e-02
1.561830545596076640e-02
1.572958665258465324e-02
1.563175294510496180e-02
1.548390178098259240e-02
1.516172351763458992e-02
1.497988633769757431e-02
1.527812075419154349e-02
1.486539747697646942e-02
1.506402593734419530e-02
1.468918789930138101e-02
1.511358016897133318e-02
1.486647739044042078e-02
1.518732096296285944e-02
1.492930749331209533e-02
1.488548038110255704e-02
1.528261978868883375e-02
1.478829396932061259e-02
1.429536561396333415e-02
1.362055783331113899e-02
1.374083531888316105e-02
1.311576742812423785e-02
1.286548701600005208e-02
1.282462855252531307e-02
1.282945269969399012e-02
1.359983437401290039e-02
1.328981905832564946e-02
1.327383125246648331e-02
1.378030437729352471e-02
1.377384002640541331e-02
1.313053909774871374e-02
1.305576415243275834e-02
1.307039724797397912e-02
1.403755553852529397e-02
1.397077299850257165e-02
1.472675765956077930e-02
1.540106065252721396e-02
1.536305574276431579e-02
1.546898388341491799e-02
1.538540022657905286e-02
1.480814517911115298e-02
1.533288315685814307e-02
1.570794573353436613e-02
1.557024075671255281e-02
1.512242566224071723e-02
1.474881792589296213e-02
1.410076786612244303e-02
1.470867392611253238e-02
1.541000727362096950e-02
1.550797330052870217e-02
1.574077966425254174e-02
1.595719955692849121e-02
1.649491675113970088e-02
1.612327251430814914e-02
1.573536402404130188e-02
1.554304679847674092e-02
1.608065907291350918e-02
1.590566682092437248e-02
1.606946371265409457e-02
1.618664612971873820e-02
1.621539204474801640e-02
1.614891011672002497e-02
1.548815569071127461e-02
1.575146439539297505e-02
1.590865850659713490e-02
1.607098132750546179e-02
1.601672552196925503e-02
1.638801217767099638e-02
1.632099023758480996e-02
1.623300445858035998e-02
1.627302347927594636e-02
1.611009300199503155e-02
1.578571663584113147e-02
1.531923397512823665e-02
1.580316397596197298e-02
1.571402791586990963e-02
1.563621054342428582e-02
1.593093826654671738e-02
1.595540149153520243e-02
1.603505467877983440e-02
1.593247568728341224e-02
1.592846424600116370e-02
1.655771537285670100e-02
1.659065133179455157e-02
1.684531644705825407e-02
1.672663832423471747e-02
1.692451836584860786e-02
1.684026200955649963e-02
1.704251437901295810e-02
1.659465057311957856e-02
1.694595708791731339e-02
1.706051874879655275e-02
1.701082101728238274e-02
1.714097631730128815e-02
1.701576680913223852e-02
1.729557590702937922e-02
1.730014328949686098e-02
1.698280480454446295e-02
1.711561530991050767e-02
1.687297305468708417e-02
1.706695597622474858e-02
1.666297964847658630e-02
1.631359093191283097e-02
1.568574079873143526e-02
1.581417803632577737e-02
1.567683427566246221e-02
1.589104925826860179e-02
1.575532529726745776e-02
1.561182452383702568e-02
1.573019203437601293e-02
1.660282162360933803e-02
1.660233206407561377e-02
1.688892554008617278e-02
1.629742510992254409e-02
1.648061109337868937e-02
1.628378612217577792e-02
1.645075350503536968e-02
1.678495799327273455e-02
1.670770044322381076e-02
1.650092851845019748e-02
1.689571716331124407e-02
1.638480813149508289e-02
1.651717064798450055e-02
1.623715586284427137e-02
1.583706769455446584e-02
1.599536302070370467e-02
1.589151690770282052e-02
1.630980199351002649e-02
1.662384730211035125e-02
1.689918021774260495e-02
1.668089236702048270e-02
1.640237990769218349e-02
1.639826166686831829e-02
1.616246757822086336e-02
1.601307193073226581e-02
