1.000000000000000000e+00
1.000000000000000000e+00
1.000000000000000000e+00
1.000000000000000000e+00
1.000000000000000000e+00
1.000000000000000000e+00
1.000000000000000000e+00
1.000000000000000000e+00
1.000000000000000000e+00
9.923834617686669857e-01
9.717668107332659844e-01
9.591545971052857222e-01
9.308976378493661885e-01
8.939852444315560254e-01
8.646118221535480375e-01
8.142441402748245016e-01
7.542793257795150641e-01
7.061817659335810626e-01
6.794815360186255981e-01
6.543848611685463279e-01
6.070769522162621223e-01
5.461943383873333335e-01
5.122848396031590701e-01
4.886532148068108983e-01
4.690368998349687124e-01
4.205958739672894797e-01
3.999575928558154470e-01
3.675071398826078584e-01
3.387695744169283429e-01
3.166817905718282145e-01
3.078138583316500920e-01
2.819484206742300381e-01
2.672095377628298518e-01
2.571164120196968716e-01
2.393845750435888153e-01
2.221568086624004235e-01
2.092373831150418084e-01
2.020114825488473209e-01
1.813294015356853028e-01
1.602654151053842790e-01
1.404700625947699621e-01
1.356167762553729950e-01
1.230743104403786287e-01
1.122380640410117342e-01
1.115976291431984152e-01
9.647827573546050028e-02
8.398931692924511971e-02
8.114904281959128829e-02
7.555975257391117639e-02
7.185646980538275275e-02
5.439569715722982618e-02
6.229567351713407447e-02
5.104854907746841225e-02
3.866631337016982611e-02
4.147044315752684840e-02
4.653746618963280901e-02
4.953419443313369225e-02
4.967845190488675428e-02
5.334675056861021281e-02
5.221289110242152004e-02
4.817409887238277566e-02
4.787733038865495117e-02
4.468410307051538105e-02
4.570159283330949007e-02
3.589365559120420712e-02
2.583625318147721520e-02
1.890614252296771852e-02
1.272342851888164789e-02
1.522781831590234308e-02
1.330987724059035440e-02
6.421247269484872504e-03
1.159068728570313012e-02
7.913233158662403080e-03
5.599300578274261572e-03
9.337876621950493006e-03
6.602745850587631287e-04
-1.088610698960704041e-03
2.281420414985837076e-03
8.067188426248018962e-03
3.904574552551384921e-03
6.392945490948068361e-03
5.574182073599118561e-03
3.962940197086076491e-03
2.361382906594216343e-03
4.715897984791765640e-03
4.820107815361511180e-04
7.684257054772882303e-03
8.104459072140949086e-03
-3.537145228267989366e-03
3.497451837116951658e-03
3.497451837116951658e-03
2.769067527537354134e-03
3.458461821439662298e-03
-1.966530302746407070e-04
-1.637853354821858622e-03
-1.637853354821858622e-03
-3.014812995838535726e-03
-6.076677948078432548e-03
-5.808707903669988425e-03
-3.758327236476876818e-03
-7.474358116687077926e-03
-4.175380394882701428e-04
8.335821568573105900e-04
8.335821568573105900e-04
6.784709317751306049e-03
1.107732333993052473e-02
1.447068123649064911e-02
9.262255943844971418e-03
4.548646244742878680e-03
3.940421236271187018e-03
3.337298590064186575e-03
1.546287697450621484e-03
-3.237093754881063389e-03
-3.237093754881063389e-03
2.790631008658483016e-04
-2.971313502340910896e-04
3.085327176139075940e-05
5.905876910565873361e-04
-8.793403956270887546e-04
-8.793403956270887546e-04
-3.234614181055435207e-03
1.558002111350215244e-03
3.851121149538825651e-03
2.777673863481374978e-03
2.405808916951893486e-03
-2.406831806234229019e-03
-2.932008423619748925e-03
-4.287295878320410321e-03
-5.734471139323019800e-03
-5.734471139323019800e-03
-5.734471139323019800e-03
-1.608309558212043470e-03
-2.771259087470398855e-03
-6.232459931855549411e-03
-6.232459931855549411e-03
-5.604916926419538023e-03
-6.573059149004689683e-03
-6.573059149004689683e-03
-6.573059149004689683e-03
-1.036816609349839116e-02
-7.370574413964107313e-03
-7.370574413964107313e-03
-7.370574413964107313e-03
-7.370574413964107313e-03
-7.829371207676074154e-03
-7.829371207676074154e-03
-9.375916101238637029e-03
-9.375916101238637029e-03
-3.984933422056339061e-03
-3.984933422056339061e-03
-3.984933422056339061e-03
-2.629645967355677665e-03
-2.629645967355677665e-03
-2.629645967355677665e-03
-3.056914605966851769e-03
9.923890374036094947e-05
9.923890374036094947e-05
-5.132336892257552928e-03
-5.132336892257552928e-03
-5.132336892257552928e-03
-5.132336892257552928e-03
-1.051706104212025983e-02
-1.092383386634680591e-02
-4.900827751680874624e-03
-4.900827751680874624e-03
-4.900827751680874624e-03
-5.297474705758893100e-03
-6.086489540348296104e-03
-6.887369264627162153e-03
-6.887369264627162153e-03
-1.025880966326607642e-02
-1.064417987800330909e-02
-7.038842348893513054e-03
-5.028102019111487138e-03
-5.028102019111487138e-03
-5.028102019111487138e-03
-5.028102019111487138e-03
-5.028102019111487138e-03
-7.706025691740609265e-03
-8.074739004572589751e-03
-8.074739004572589751e-03
-8.808415560646579504e-03
-9.170260959052144514e-03
-9.542125905581608225e-03
-1.050571663767798682e-02
-1.121808555940201693e-02
-1.157214301428035295e-02
-1.157214301428035295e-02
-1.192255576550519357e-02
-1.131250824781377361e-02
-1.131250824781377361e-02
-1.025165586525936777e-02
-1.025165586525936777e-02
-1.025165586525936777e-02
-9.879790918729895385e-03
-1.021794028172251165e-02
-1.021794028172251165e-02
-9.590888659891830953e-03
-8.790008935612957097e-03
-8.790008935612957097e-03
-8.790008935612957097e-03
-8.790008935612957097e-03
-8.790008935612957097e-03
-1.014529639031360939e-02
-1.046757712815568793e-02
-1.107762464584711830e-02
-1.107762464584711830e-02
-1.139559131765742472e-02
-1.219647104193630031e-02
-1.461279658909831781e-02
-2.687697090984552881e-02
-2.687697090984552881e-02
-2.749809539685737353e-02
-2.749809539685737353e-02
-2.786400079187035042e-02
-2.786400079187035042e-02
-2.786400079187035042e-02
-2.733018198848684299e-02
-2.733018198848684299e-02
-3.868762001301908476e-02
-3.868762001301908476e-02
-4.553120339359572472e-02
-5.024047321847507214e-02
-5.495726333993495444e-02
-5.525071488168706996e-02
-5.673471488933243961e-02
-5.221364262190696798e-02
-4.990777390962906207e-02
-4.883501872385448417e-02
-5.089051628883590334e-02
-4.644377805173722368e-02
-5.069202895828341798e-02
-4.908052771809817694e-02
-5.136279398496598758e-02
-4.911596877639487491e-02
-4.911596877639487491e-02
-4.421322798592042247e-02
-5.069160528193348420e-02
-5.069160528193348420e-02
-4.589953828786266787e-02
-5.042061055528813257e-02
-6.443849263657401572e-02
-7.038812285795935375e-02
-6.991674579971642045e-02
-7.329539369918360026e-02
-8.374788884119412080e-02
-8.884378162446776583e-02
-9.151941340321746721e-02
-8.977813287376650020e-02
-9.068343961607612524e-02
