0.000000000000000000e+00
6.839636453662092941e-02
6.839636453662092941e-02
6.839636453662092941e-02
6.839636453662092941e-02
6.839636453662092941e-02
6.839636453662092941e-02
6.839636453662092941e-02
6.839636453662092941e-02
6.819305869653229102e-02
7.077035713402440864e-02
7.016509126385915562e-02
7.029212505564966240e-02
7.817482278306410459e-02
7.790708411913650766e-02
8.846690845850552209e-02
8.608870332333083686e-02
8.189537678681353683e-02
8.073910414240521860e-02
7.995901661654124248e-02
8.534940914924692146e-02
9.010061993622958676e-02
9.181704994883137239e-02
9.139221655599916172e-02
9.258950298271291512e-02
9.795932320237936419e-02
9.607215991168367719e-02
1.005908160082254893e-01
9.585903573475113015e-02
9.656560571036214291e-02
9.636871856761995703e-02
9.672942535234314854e-02
9.671087196780453477e-02
9.550785327566325977e-02
9.578985162804248832e-02
9.612963053918104073e-02
9.603148744246263468e-02
9.419559830109852649e-02
9.506330431991127927e-02
9.026695330349221447e-02
9.164559960838197794e-02
9.281240591481722257e-02
9.310833056440324940e-02
9.148075220362363036e-02
9.046841698803763376e-02
9.351690264394107999e-02
9.278406364950857188e-02
9.335768108036655855e-02
9.189771967837363775e-02
9.224102166001374448e-02
8.885930244264216016e-02
8.923335186320231760e-02
8.923666686158004957e-02
8.418519604404473000e-02
8.454397130789732817e-02
8.391859461708683909e-02
8.408456903615146860e-02
8.346479995930149165e-02
8.398967154477228469e-02
8.353752603616121375e-02
8.128326680498065837e-02
8.204655091915795395e-02
7.972232758508143724e-02
7.660879545450059724e-02
7.768373263070295354e-02
7.834586213683965294e-02
7.935487610186102436e-02
7.969574194005121792e-02
7.997246101540569918e-02
8.015432936657508611e-02
8.067684377696324183e-02
7.888143196643181143e-02
7.926632747487956376e-02
7.958195588686212130e-02
7.820402862147050882e-02
8.002044478422376539e-02
-8.047355190344158971e-02
8.044463971853500761e-02
8.073667746288681890e-02
8.026108395963707509e-02
8.213313646069654583e-02
8.238450813146429297e-02
8.155075719361851161e-02
8.154929913021524701e-02
8.259521165191717473e-02
8.100958051487666678e-02
8.187739794886582378e-02
8.389326379289031854e-02
-8.389488270633128908e-02
8.550946111842065711e-02
8.550946111842065711e-02
8.519190117200757528e-02
8.452724000898154122e-02
-8.425957418501484053e-02
-8.392560132537603412e-02
-8.392560132537603412e-02
-8.430141766244757251e-02
-8.419867781004351792e-02
-8.451222715366886462e-02
-8.540343621797079343e-02
-8.523065082877484544e-02
-8.775466493825818948e-02
8.771000983222350389e-02
8.771000983222350389e-02
9.064423735109310154e-02
9.215205809324757136e-02
9.249796593217217422e-02
9.075517914165638633e-02
8.967565572515856509e-02
9.002338824566046005e-02
9.001380515427971629e-02
9.052701617947407631e-02
-8.927182733696209516e-02
-8.927182733696209516e-02
8.743261568980702225e-02
-8.711190483467666501e-02
8.716421990142174392e-02
8.673395171022486860e-02
-8.728490063562943657e-02
-8.728490063562943657e-02
-8.693389420267165490e-02
8.970189969330953639e-02
8.975550439455311225e-02
8.950653951239717632e-02
8.944873549475702845e-02
-8.883811356867109266e-02
-8.912429218161931066e-02
-8.831128849263120140e-02
-8.817389417671195329e-02
-8.817389417671195329e-02
-8.817389417671195329e-02
-8.874518453487141578e-02
-8.939120517925981668e-02
-8.953530818380683876e-02
-8.953530818380683876e-02
-8.930412441540215573e-02
-8.906294676413595290e-02
-8.906294676413595290e-02
-8.906294676413595290e-02
-8.910057290013294329e-02
-8.755427194794862533e-02
-8.755427194794862533e-02
-8.755427194794862533e-02
-8.755427194794862533e-02
-8.781479123468328984e-02
-8.781479123468328984e-02
-8.765126582571565461e-02
-8.765126582571565461e-02
-8.811893349355903737e-02
-8.811893349355903737e-02
-8.811893349355903737e-02
-8.892500984808683617e-02
-8.892500984808683617e-02
-8.892500984808683617e-02
-8.884648059086823479e-02
8.917130770712944354e-02
8.917130770712944354e-02
-8.844372435317171544e-02
-8.844372435317171544e-02
-8.844372435317171544e-02
-8.844372435317171544e-02
-8.851170195179824951e-02
-8.846345622471413206e-02
-8.646435765810008001e-02
-8.646435765810008001e-02
-8.646435765810008001e-02
-8.669588273886036367e-02
-8.642334280651985112e-02
-8.633652584325217372e-02
-8.633652584325217372e-02
-8.616042898948957085e-02
-8.638551271776813423e-02
-8.679747584564018181e-02
-8.895181183489565824e-02
-8.895181183489565824e-02
-8.895181183489565824e-02
-8.895181183489565824e-02
-8.895181183489565824e-02
-8.877626642450259231e-02
-8.889644877421686020e-02
-8.889644877421686020e-02
-8.873026468094034891e-02
-8.871223075590516094e-02
-8.869523534193619885e-02
-8.853953830060651287e-02
-8.846208145936046430e-02
-8.844658082275939914e-02
-8.844658082275939914e-02
-8.841609891366025709e-02
-8.881952032073098247e-02
-8.881952032073098247e-02
-8.845998828711172657e-02
-8.845998828711172657e-02
-8.845998828711172657e-02
-8.847569982048973658e-02
-8.857687680765670424e-02
-8.857687680765670424e-02
-8.839019337527877218e-02
-8.846333362673210188e-02
-8.846333362673210188e-02
-8.846333362673210188e-02
-8.846333362673210188e-02
-8.846333362673210188e-02
-8.757094823845901210e-02
-8.753113129690660854e-02
-8.713293146969409986e-02
-8.713293146969409986e-02
-8.716105678896494957e-02
-8.708421640628609406e-02
-8.637257500514756992e-02
-8.869989582783456561e-02
-8.869989582783456561e-02
-8.876498886863126714e-02
-8.876498886863126714e-02
-8.875449605427247757e-02
-8.875449605427247757e-02
-8.875449605427247757e-02
-8.876850400248420536e-02
-8.876850400248420536e-02
-9.073874211123628131e-02
-9.073874211123628131e-02
-8.662700207795455409e-02
-8.660150440358817259e-02
-8.666155313236213742e-02
-8.667378948992986165e-02
-8.659002465384353642e-02
-8.652036093067995426e-02
-8.784998141704997154e-02
-8.786888118531961667e-02
-8.842460590833028933e-02
-8.916140836847270823e-02
-9.154531843260348134e-02
-9.158377201246119259e-02
-9.159543638275019495e-02
-8.992313391568163006e-02
-8.992313391568163006e-02
-9.021997698714480374e-02
-9.104031188167692468e-02
-9.104031188167692468e-02
-9.036852459755623235e-02
-8.969687560107408864e-02
-8.801661494038853784e-02
-8.906835932656810562e-02
-8.912161049357585074e-02
-8.881375695344186083e-02
-9.048173045872805187e-02
-8.896203908170270680e-02
-8.856897334168790936e-02
-9.093598090647041221e-02
-8.820455638500206141e-02
