-1.899999999999999911e+00 0.000000000000000000e+00
-1.897861356932153409e+00 0.000000000000000000e+00
-1.895722713864306685e+00 0.000000000000000000e+00
-1.893584070796460184e+00 0.000000000000000000e+00
-1.891445427728613460e+00 0.000000000000000000e+00
-1.889306784660766958e+00 0.000000000000000000e+00
-1.887168141592920234e+00 0.000000000000000000e+00
-1.885029498525073732e+00 0.000000000000000000e+00
-1.882890855457227008e+00 0.000000000000000000e+00
-1.880752212389380507e+00 0.000000000000000000e+00
-1.878613569321533783e+00 0.000000000000000000e+00
-1.876474926253687281e+00 0.000000000000000000e+00
-1.874336283185840557e+00 0.000000000000000000e+00
-1.872197640117994055e+00 0.000000000000000000e+00
-1.870058997050147331e+00 0.000000000000000000e+00
-1.867920353982300830e+00 0.000000000000000000e+00
-1.865781710914454106e+00 0.000000000000000000e+00
-1.863643067846607604e+00 0.000000000000000000e+00
-1.861504424778760880e+00 0.000000000000000000e+00
-1.859365781710914378e+00 0.000000000000000000e+00
-1.857227138643067654e+00 0.000000000000000000e+00
-1.855088495575221152e+00 0.000000000000000000e+00
-1.852949852507374651e+00 0.000000000000000000e+00
-1.850811209439527927e+00 0.000000000000000000e+00
-1.848672566371681425e+00 0.000000000000000000e+00
-1.846533923303834701e+00 0.000000000000000000e+00
-1.844395280235988199e+00 0.000000000000000000e+00
-1.842256637168141475e+00 0.000000000000000000e+00
-1.840117994100294974e+00 0.000000000000000000e+00
-1.837979351032448250e+00 0.000000000000000000e+00
-1.835840707964601748e+00 0.000000000000000000e+00
-1.833702064896755024e+00 0.000000000000000000e+00
-1.831563421828908522e+00 0.000000000000000000e+00
-1.829424778761061798e+00 0.000000000000000000e+00
-1.827286135693215297e+00 0.000000000000000000e+00
-1.825147492625368573e+00 0.000000000000000000e+00
-1.823008849557522071e+00 0.000000000000000000e+00
-1.820870206489675347e+00 0.000000000000000000e+00
-1.818731563421828845e+00 0.000000000000000000e+00
-1.816592920353982121e+00 0.000000000000000000e+00
-1.814454277286135619e+00 0.000000000000000000e+00
-1.812315634218288896e+00 0.000000000000000000e+00
-1.810176991150442394e+00 0.000000000000000000e+00
-1.808038348082595892e+00 0.000000000000000000e+00
-1.805899705014749168e+00 0.000000000000000000e+00
-1.803761061946902666e+00 0.000000000000000000e+00
-1.801622418879055942e+00 0.000000000000000000e+00
-1.799483775811209441e+00 0.000000000000000000e+00
-1.797345132743362717e+00 0.000000000000000000e+00
-1.795206489675516215e+00 0.000000000000000000e+00
-1.793067846607669491e+00 0.000000000000000000e+00
-1.790929203539822989e+00 0.000000000000000000e+00
-1.788790560471976265e+00 0.000000000000000000e+00
-1.786651917404129764e+00 0.000000000000000000e+00
-1.784513274336283040e+00 0.000000000000000000e+00
-1.782374631268436538e+00 0.000000000000000000e+00
-1.780235988200589814e+00 0.000000000000000000e+00
-1.778097345132743312e+00 0.000000000000000000e+00
-1.775958702064896588e+00 0.000000000000000000e+00
-1.773820058997050086e+00 0.000000000000000000e+00
-1.771681415929203363e+00 0.000000000000000000e+00
-1.769542772861356861e+00 0.000000000000000000e+00
-1.767404129793510137e+00 0.000000000000000000e+00
-1.765265486725663635e+00 0.000000000000000000e+00
-1.763126843657817133e+00 0.000000000000000000e+00
-1.760988200589970409e+00 0.000000000000000000e+00
-1.758849557522123686e+00 0.000000000000000000e+00
-1.756710914454277184e+00 0.000000000000000000e+00
-1.754572271386430682e+00 0.000000000000000000e+00
-1.752433628318583958e+00 0.000000000000000000e+00
-1.750294985250737456e+00 0.000000000000000000e+00
-1.748156342182890732e+00 0.000000000000000000e+00
-1.746017699115044230e+00 0.000000000000000000e+00
-1.743879056047197507e+00 0.000000000000000000e+00
-1.741740412979351005e+00 0.000000000000000000e+00
-1.739601769911504281e+00 0.000000000000000000e+00
-1.737463126843657779e+00 0.000000000000000000e+00
-1.735324483775811055e+00 0.000000000000000000e+00
-1.733185840707964553e+00 0.000000000000000000e+00
-1.731047197640117830e+00 0.000000000000000000e+00
-1.728908554572271328e+00 0.000000000000000000e+00
-1.726769911504424604e+00 0.000000000000000000e+00
-1.724631268436578102e+00 0.000000000000000000e+00
-1.722492625368731378e+00 0.000000000000000000e+00
-1.720353982300884876e+00 0.000000000000000000e+00
-1.718215339233038375e+00 0.000000000000000000e+00
-1.716076696165191651e+00 0.000000000000000000e+00
-1.713938053097344927e+00 0.000000000000000000e+00
-1.711799410029498425e+00 0.000000000000000000e+00
-1.709660766961651923e+00 0.000000000000000000e+00
-1.707522123893805199e+00 0.000000000000000000e+00
-1.705383480825958697e+00 0.000000000000000000e+00
-1.703244837758111974e+00 0.000000000000000000e+00
-1.701106194690265472e+00 0.000000000000000000e+00
-1.698967551622418748e+00 0.000000000000000000e+00
-1.696828908554572246e+00 0.000000000000000000e+00
-1.694690265486725522e+00 0.000000000000000000e+00
-1.692551622418879020e+00 0.000000000000000000e+00
-1.690412979351032297e+00 0.000000000000000000e+00
-1.688274336283185795e+00 0.000000000000000000e+00
-1.686135693215339071e+00 0.000000000000000000e+00
-1.683997050147492569e+00 0.000000000000000000e+00
-1.681858407079645845e+00 0.000000000000000000e+00
-1.679719764011799343e+00 0.000000000000000000e+00
-1.677581120943952619e+00 0.000000000000000000e+00
-1.675442477876106118e+00 0.000000000000000000e+00
-1.673303834808259616e+00 0.000000000000000000e+00
-1.671165191740412892e+00 0.000000000000000000e+00
-1.669026548672566168e+00 0.000000000000000000e+00
-1.666887905604719666e+00 0.000000000000000000e+00
-1.664749262536873164e+00 0.000000000000000000e+00
-1.662610619469026441e+00 0.000000000000000000e+00
-1.660471976401179939e+00 0.000000000000000000e+00
-1.658333333333333215e+00 0.000000000000000000e+00
-1.656194690265486713e+00 0.000000000000000000e+00
-1.654056047197639989e+00 0.000000000000000000e+00
-1.651917404129793487e+00 0.000000000000000000e+00
-1.649778761061946764e+00 0.000000000000000000e+00
-1.647640117994100262e+00 0.000000000000000000e+00
-1.645501474926253538e+00 0.000000000000000000e+00
-1.643362831858407036e+00 0.000000000000000000e+00
-1.641224188790560312e+00 0.000000000000000000e+00
-1.639085545722713810e+00 0.000000000000000000e+00
-1.636946902654867309e+00 0.000000000000000000e+00
-1.634808259587020585e+00 0.000000000000000000e+00
-1.632669616519173861e+00 0.000000000000000000e+00
-1.630530973451327359e+00 0.000000000000000000e+00
-1.628392330383480857e+00 0.000000000000000000e+00
-1.626253687315634133e+00 0.000000000000000000e+00
-1.624115044247787409e+00 0.000000000000000000e+00
-1.621976401179940908e+00 0.000000000000000000e+00
-1.619837758112094406e+00 0.000000000000000000e+00
-1.617699115044247682e+00 0.000000000000000000e+00
-1.615560471976400958e+00 0.000000000000000000e+00
-1.613421828908554456e+00 0.000000000000000000e+00
-1.611283185840707954e+00 0.000000000000000000e+00
-1.609144542772861231e+00 0.000000000000000000e+00
-1.607005899705014729e+00 0.000000000000000000e+00
-1.604867256637168005e+00 0.000000000000000000e+00
-1.602728613569321503e+00 0.000000000000000000e+00
-1.600589970501474779e+00 0.000000000000000000e+00
-1.598451327433628277e+00 0.000000000000000000e+00
-1.596312684365781553e+00 0.000000000000000000e+00
-1.594174041297935052e+00 0.000000000000000000e+00
-1.592035398230088550e+00 0.000000000000000000e+00
-1.589896755162241826e+00 0.000000000000000000e+00
-1.587758112094395102e+00 0.000000000000000000e+00
-1.585619469026548600e+00 0.000000000000000000e+00
-1.583480825958702098e+00 0.000000000000000000e+00
-1.581342182890855375e+00 0.000000000000000000e+00
-1.579203539823008651e+00 0.000000000000000000e+00
-1.577064896755162149e+00 0.000000000000000000e+00
-1.574926253687315647e+00 0.000000000000000000e+00
-1.572787610619468923e+00 0.000000000000000000e+00
-1.570648967551622199e+00 0.000000000000000000e+00
-1.568510324483775698e+00 0.000000000000000000e+00
-1.566371681415929196e+00 0.000000000000000000e+00
-1.564233038348082472e+00 0.000000000000000000e+00
-1.562094395280235970e+00 0.000000000000000000e+00
-1.559955752212389246e+00 0.000000000000000000e+00
-1.557817109144542744e+00 0.000000000000000000e+00
-1.555678466076696020e+00 0.000000000000000000e+00
-1.553539823008849519e+00 0.000000000000000000e+00
-1.551401179941002795e+00 0.000000000000000000e+00
-1.549262536873156293e+00 0.000000000000000000e+00
-1.547123893805309569e+00 0.000000000000000000e+00
-1.544985250737463067e+00 0.000000000000000000e+00
-1.542846607669616343e+00 0.000000000000000000e+00
-1.540707964601769842e+00 0.000000000000000000e+00
-1.538569321533923340e+00 0.000000000000000000e+00
-1.536430678466076616e+00 0.000000000000000000e+00
-1.534292035398229892e+00 0.000000000000000000e+00
-1.532153392330383390e+00 0.000000000000000000e+00
-1.530014749262536888e+00 0.000000000000000000e+00
-1.527876106194690164e+00 0.000000000000000000e+00
-1.525737463126843441e+00 0.000000000000000000e+00
-1.523598820058996939e+00 0.000000000000000000e+00
-1.521460176991150437e+00 0.000000000000000000e+00
-1.519321533923303713e+00 0.000000000000000000e+00
-1.517182890855457211e+00 0.000000000000000000e+00
-1.515044247787610487e+00 0.000000000000000000e+00
-1.512905604719763986e+00 0.000000000000000000e+00
-1.510766961651917262e+00 0.000000000000000000e+00
-1.508628318584070760e+00 0.000000000000000000e+00
-1.506489675516224036e+00 0.000000000000000000e+00
-1.504351032448377534e+00 0.000000000000000000e+00
-1.502212389380530810e+00 0.000000000000000000e+00
-1.500073746312684309e+00 0.000000000000000000e+00
-1.497935103244837585e+00 0.000000000000000000e+00
-1.495796460176991083e+00 0.000000000000000000e+00
-1.493657817109144581e+00 0.000000000000000000e+00
-1.491519174041297857e+00 0.000000000000000000e+00
-1.489380530973451133e+00 0.000000000000000000e+00
-1.487241887905604631e+00 0.000000000000000000e+00
-1.485103244837758130e+00 0.000000000000000000e+00
-1.482964601769911406e+00 0.000000000000000000e+00
-1.480825958702064682e+00 0.000000000000000000e+00
-1.478687315634218180e+00 0.000000000000000000e+00
-1.476548672566371678e+00 0.000000000000000000e+00
-1.474410029498524954e+00 0.000000000000000000e+00
-1.472271386430678453e+00 0.000000000000000000e+00
-1.470132743362831729e+00 0.000000000000000000e+00
-1.467994100294985227e+00 0.000000000000000000e+00
-1.465855457227138503e+00 0.000000000000000000e+00
-1.463716814159292001e+00 0.000000000000000000e+00
-1.461578171091445277e+00 0.000000000000000000e+00
-1.459439528023598776e+00 0.000000000000000000e+00
-1.457300884955752052e+00 0.000000000000000000e+00
-1.455162241887905550e+00 0.000000000000000000e+00
-1.453023598820058826e+00 0.000000000000000000e+00
-1.450884955752212324e+00 0.000000000000000000e+00
-1.448746312684365822e+00 0.000000000000000000e+00
-1.446607669616519098e+00 0.000000000000000000e+00
-1.444469026548672375e+00 0.000000000000000000e+00
-1.442330383480825873e+00 0.000000000000000000e+00
-1.440191740412979371e+00 0.000000000000000000e+00
-1.438053097345132647e+00 0.000000000000000000e+00
-1.435914454277285923e+00 0.000000000000000000e+00
-1.433775811209439421e+00 0.000000000000000000e+00
-1.431637168141592920e+00 0.000000000000000000e+00
-1.429498525073746196e+00 0.000000000000000000e+00
-1.427359882005899694e+00 0.000000000000000000e+00
-1.425221238938052970e+00 0.000000000000000000e+00
-1.423082595870206468e+00 0.000000000000000000e+00
-1.420943952802359744e+00 0.000000000000000000e+00
-1.418805309734513243e+00 0.000000000000000000e+00
-1.416666666666666519e+00 0.000000000000000000e+00
-1.414528023598820017e+00 0.000000000000000000e+00
-1.412389380530973293e+00 0.000000000000000000e+00
-1.410250737463126791e+00 0.000000000000000000e+00
-1.408112094395280067e+00 0.000000000000000000e+00
-1.405973451327433565e+00 0.000000000000000000e+00
-1.403834808259587064e+00 0.000000000000000000e+00
-1.401696165191740340e+00 0.000000000000000000e+00
-1.399557522123893616e+00 0.000000000000000000e+00
-1.397418879056047114e+00 0.000000000000000000e+00
-1.395280235988200612e+00 0.000000000000000000e+00
-1.393141592920353888e+00 0.000000000000000000e+00
-1.391002949852507165e+00 0.000000000000000000e+00
-1.388864306784660663e+00 0.000000000000000000e+00
-1.386725663716814161e+00 0.000000000000000000e+00
-1.384587020648967437e+00 0.000000000000000000e+00
-1.382448377581120713e+00 0.000000000000000000e+00
-1.380309734513274211e+00 0.000000000000000000e+00
-1.378171091445427709e+00 0.000000000000000000e+00
-1.376032448377580986e+00 0.000000000000000000e+00
-1.373893805309734484e+00 0.000000000000000000e+00
-1.371755162241887760e+00 0.000000000000000000e+00
-1.369616519174041258e+00 0.000000000000000000e+00
-1.367477876106194756e+00 0.000000000000000000e+00
-1.365339233038348032e+00 0.000000000000000000e+00
-1.363200589970501309e+00 0.000000000000000000e+00
-1.361061946902654807e+00 0.000000000000000000e+00
-1.358923303834808305e+00 0.000000000000000000e+00
-1.356784660766961581e+00 0.000000000000000000e+00
-1.354646017699114857e+00 0.000000000000000000e+00
-1.352507374631268355e+00 0.000000000000000000e+00
-1.350368731563421854e+00 0.000000000000000000e+00
-1.348230088495575130e+00 0.000000000000000000e+00
-1.346091445427728406e+00 0.000000000000000000e+00
-1.343952802359881904e+00 0.000000000000000000e+00
-1.341814159292035402e+00 0.000000000000000000e+00
-1.339675516224188678e+00 0.000000000000000000e+00
-1.337536873156341954e+00 0.000000000000000000e+00
-1.335398230088495453e+00 0.000000000000000000e+00
-1.333259587020648951e+00 0.000000000000000000e+00
-1.331120943952802227e+00 0.000000000000000000e+00
-1.328982300884955725e+00 0.000000000000000000e+00
-1.326843657817109001e+00 0.000000000000000000e+00
-1.324705014749262499e+00 0.000000000000000000e+00
-1.322566371681415998e+00 0.000000000000000000e+00
-1.320427728613569274e+00 0.000000000000000000e+00
-1.318289085545722550e+00 0.000000000000000000e+00
-1.316150442477876048e+00 0.000000000000000000e+00
-1.314011799410029546e+00 0.000000000000000000e+00
-1.311873156342182822e+00 0.000000000000000000e+00
-1.309734513274336098e+00 0.000000000000000000e+00
-1.307595870206489597e+00 0.000000000000000000e+00
-1.305457227138643095e+00 0.000000000000000000e+00
-1.303318584070796371e+00 0.000000000000000000e+00
-1.301179941002949647e+00 0.000000000000000000e+00
-1.299041297935103145e+00 0.000000000000000000e+00
-1.296902654867256643e+00 0.000000000000000000e+00
-1.294764011799409920e+00 0.000000000000000000e+00
-1.292625368731563196e+00 0.000000000000000000e+00
-1.290486725663716694e+00 0.000000000000000000e+00
-1.288348082595870192e+00 0.000000000000000000e+00
-1.286209439528023468e+00 0.000000000000000000e+00
-1.284070796460176966e+00 0.000000000000000000e+00
-1.281932153392330243e+00 0.000000000000000000e+00
-1.279793510324483741e+00 0.000000000000000000e+00
-1.277654867256637239e+00 0.000000000000000000e+00
-1.275516224188790515e+00 0.000000000000000000e+00
-1.273377581120943791e+00 0.000000000000000000e+00
-1.271238938053097289e+00 0.000000000000000000e+00
-1.269100294985250788e+00 0.000000000000000000e+00
-1.266961651917404064e+00 0.000000000000000000e+00
-1.264823008849557340e+00 0.000000000000000000e+00
-1.262684365781710838e+00 0.000000000000000000e+00
-1.260545722713864336e+00 0.000000000000000000e+00
-1.258407079646017612e+00 0.000000000000000000e+00
-1.256268436578170888e+00 0.000000000000000000e+00
-1.254129793510324387e+00 0.000000000000000000e+00
-1.251991150442477885e+00 0.000000000000000000e+00
-1.249852507374631161e+00 0.000000000000000000e+00
-1.247713864306784437e+00 0.000000000000000000e+00
-1.245575221238937935e+00 0.000000000000000000e+00
-1.243436578171091433e+00 0.000000000000000000e+00
-1.241297935103244710e+00 0.000000000000000000e+00
-1.239159292035397986e+00 0.000000000000000000e+00
-1.237020648967551484e+00 0.000000000000000000e+00
-1.234882005899704982e+00 0.000000000000000000e+00
-1.232743362831858480e+00 0.000000000000000000e+00
-1.230604719764011756e+00 0.000000000000000000e+00
-1.228466076696165032e+00 0.000000000000000000e+00
-1.226327433628318531e+00 0.000000000000000000e+00
-1.224188790560472029e+00 0.000000000000000000e+00
-1.222050147492625305e+00 0.000000000000000000e+00
-1.219911504424778581e+00 0.000000000000000000e+00
-1.217772861356932079e+00 0.000000000000000000e+00
-1.215634218289085577e+00 0.000000000000000000e+00
-1.213495575221238854e+00 0.000000000000000000e+00
-1.211356932153392130e+00 0.000000000000000000e+00
-1.209218289085545628e+00 0.000000000000000000e+00
-1.207079646017699126e+00 0.000000000000000000e+00
-1.204941002949852402e+00 0.000000000000000000e+00
-1.202802359882005678e+00 0.000000000000000000e+00
-1.200663716814159176e+00 0.000000000000000000e+00
-1.198525073746312675e+00 0.000000000000000000e+00
-1.196386430678465951e+00 0.000000000000000000e+00
-1.194247787610619227e+00 0.000000000000000000e+00
-1.192109144542772725e+00 0.000000000000000000e+00
-1.189970501474926223e+00 0.000000000000000000e+00
-1.187831858407079721e+00 0.000000000000000000e+00
-1.185693215339232998e+00 0.000000000000000000e+00
-1.183554572271386274e+00 0.000000000000000000e+00
-1.181415929203539772e+00 0.000000000000000000e+00
-1.179277286135693270e+00 0.000000000000000000e+00
-1.177138643067846546e+00 0.000000000000000000e+00
-1.174999999999999822e+00 0.000000000000000000e+00
-1.172861356932153321e+00 0.000000000000000000e+00
-1.170722713864306819e+00 0.000000000000000000e+00
-1.168584070796460095e+00 0.000000000000000000e+00
-1.166445427728613371e+00 0.000000000000000000e+00
-1.164306784660766869e+00 0.000000000000000000e+00
-1.162168141592920367e+00 0.000000000000000000e+00
-1.160029498525073643e+00 0.000000000000000000e+00
-1.157890855457226920e+00 0.000000000000000000e+00
-1.155752212389380418e+00 0.000000000000000000e+00
-1.153613569321533916e+00 0.000000000000000000e+00
-1.151474926253687192e+00 0.000000000000000000e+00
-1.149336283185840468e+00 0.000000000000000000e+00
-1.147197640117993966e+00 0.000000000000000000e+00
-1.145058997050147465e+00 0.000000000000000000e+00
-1.142920353982300963e+00 0.000000000000000000e+00
-1.140781710914454239e+00 0.000000000000000000e+00
-1.138643067846607515e+00 0.000000000000000000e+00
-1.136504424778761013e+00 0.000000000000000000e+00
-1.134365781710914511e+00 0.000000000000000000e+00
-1.132227138643067788e+00 0.000000000000000000e+00
-1.130088495575221064e+00 0.000000000000000000e+00
-1.127949852507374562e+00 0.000000000000000000e+00
-1.125811209439528060e+00 0.000000000000000000e+00
-1.123672566371681336e+00 0.000000000000000000e+00
-1.121533923303834612e+00 0.000000000000000000e+00
-1.119395280235988110e+00 0.000000000000000000e+00
-1.117256637168141609e+00 0.000000000000000000e+00
-1.115117994100294885e+00 0.000000000000000000e+00
-1.112979351032448161e+00 0.000000000000000000e+00
-1.110840707964601659e+00 0.000000000000000000e+00
-1.108702064896755157e+00 0.000000000000000000e+00
-1.106563421828908433e+00 0.000000000000000000e+00
-1.104424778761061710e+00 0.000000000000000000e+00
-1.102286135693215208e+00 0.000000000000000000e+00
-1.100147492625368706e+00 0.000000000000000000e+00
-1.098008849557522204e+00 0.000000000000000000e+00
-1.095870206489675480e+00 0.000000000000000000e+00
-1.093731563421828756e+00 0.000000000000000000e+00
-1.091592920353982255e+00 0.000000000000000000e+00
-1.089454277286135753e+00 0.000000000000000000e+00
-1.087315634218289029e+00 0.000000000000000000e+00
-1.085176991150442305e+00 0.000000000000000000e+00
-1.083038348082595803e+00 0.000000000000000000e+00
-1.080899705014749301e+00 0.000000000000000000e+00
-1.078761061946902577e+00 0.000000000000000000e+00
-1.076622418879055854e+00 0.000000000000000000e+00
-1.074483775811209352e+00 0.000000000000000000e+00
-1.072345132743362850e+00 0.000000000000000000e+00
-1.070206489675516126e+00 0.000000000000000000e+00
-1.068067846607669402e+00 0.000000000000000000e+00
-1.065929203539822900e+00 0.000000000000000000e+00
-1.063790560471976399e+00 0.000000000000000000e+00
-1.061651917404129675e+00 0.000000000000000000e+00
-1.059513274336282951e+00 0.000000000000000000e+00
-1.057374631268436449e+00 0.000000000000000000e+00
-1.055235988200589947e+00 0.000000000000000000e+00
-1.053097345132743445e+00 0.000000000000000000e+00
-1.050958702064896721e+00 0.000000000000000000e+00
-1.048820058997049998e+00 0.000000000000000000e+00
-1.046681415929203496e+00 0.000000000000000000e+00
-1.044542772861356994e+00 0.000000000000000000e+00
-1.042404129793510270e+00 0.000000000000000000e+00
-1.040265486725663546e+00 0.000000000000000000e+00
-1.038126843657817044e+00 0.000000000000000000e+00
-1.035988200589970543e+00 0.000000000000000000e+00
-1.033849557522123819e+00 0.000000000000000000e+00
-1.031710914454277095e+00 0.000000000000000000e+00
-1.029572271386430593e+00 0.000000000000000000e+00
-1.027433628318584091e+00 0.000000000000000000e+00
-1.025294985250737367e+00 0.000000000000000000e+00
-1.023156342182890643e+00 0.000000000000000000e+00
-1.021017699115044142e+00 0.000000000000000000e+00
-1.018879056047197640e+00 0.000000000000000000e+00
-1.016740412979350916e+00 0.000000000000000000e+00
-1.014601769911504192e+00 0.000000000000000000e+00
-1.012463126843657690e+00 0.000000000000000000e+00
-1.010324483775811188e+00 0.000000000000000000e+00
-1.008185840707964687e+00 0.000000000000000000e+00
-1.006047197640117963e+00 0.000000000000000000e+00
-1.003908554572271239e+00 0.000000000000000000e+00
-1.001769911504424737e+00 0.000000000000000000e+00
-9.996312684365781243e-01 0.000000000000000000e+00
-9.974926253687315114e-01 0.000000000000000000e+00
-9.953539823008848986e-01 0.000000000000000000e+00
-9.932153392330382857e-01 0.000000000000000000e+00
-9.910766961651916729e-01 0.000000000000000000e+00
-9.889380530973450600e-01 0.000000000000000000e+00
-9.867994100294984472e-01 0.000000000000000000e+00
-9.846607669616518344e-01 0.000000000000000000e+00
-9.825221238938052215e-01 0.000000000000000000e+00
-9.803834808259586087e-01 0.000000000000000000e+00
-9.782448377581119958e-01 0.000000000000000000e+00
-9.761061946902653830e-01 0.000000000000000000e+00
-9.739675516224187701e-01 0.000000000000000000e+00
-9.718289085545721573e-01 0.000000000000000000e+00
-9.696902654867255444e-01 0.000000000000000000e+00
-9.675516224188789316e-01 0.000000000000000000e+00
-9.654129793510323188e-01 0.000000000000000000e+00
-9.632743362831858169e-01 0.000000000000000000e+00
-9.611356932153392041e-01 0.000000000000000000e+00
-9.589970501474925912e-01 0.000000000000000000e+00
-9.568584070796459784e-01 0.000000000000000000e+00
-9.547197640117993656e-01 0.000000000000000000e+00
-9.525811209439527527e-01 0.000000000000000000e+00
-9.504424778761061399e-01 0.000000000000000000e+00
-9.483038348082595270e-01 0.000000000000000000e+00
-9.461651917404129142e-01 0.000000000000000000e+00
-9.440265486725663013e-01 0.000000000000000000e+00
-9.418879056047196885e-01 0.000000000000000000e+00
-9.397492625368730756e-01 0.000000000000000000e+00
-9.376106194690264628e-01 0.000000000000000000e+00
-9.354719764011798500e-01 0.000000000000000000e+00
-9.333333333333332371e-01 0.000000000000000000e+00
-9.311946902654866243e-01 0.000000000000000000e+00
-9.290560471976400114e-01 0.000000000000000000e+00
-9.269174041297933986e-01 0.000000000000000000e+00
-9.247787610619467857e-01 0.000000000000000000e+00
-9.226401179941001729e-01 0.000000000000000000e+00
-9.205014749262535600e-01 0.000000000000000000e+00
-9.183628318584070582e-01 0.000000000000000000e+00
-9.162241887905604454e-01 0.000000000000000000e+00
-9.140855457227138325e-01 0.000000000000000000e+00
-9.119469026548672197e-01 0.000000000000000000e+00
-9.098082595870206069e-01 0.000000000000000000e+00
-9.076696165191739940e-01 0.000000000000000000e+00
-9.055309734513273812e-01 0.000000000000000000e+00
-9.033923303834807683e-01 0.000000000000000000e+00
-9.012536873156341555e-01 0.000000000000000000e+00
-8.991150442477875426e-01 0.000000000000000000e+00
-8.969764011799408188e-01 0.000000000000000000e+00
-8.948377581120943169e-01 0.000000000000000000e+00
-8.926991150442478151e-01 0.000000000000000000e+00
-8.905604719764010913e-01 0.000000000000000000e+00
-8.884218289085545894e-01 0.000000000000000000e+00
-8.862831858407078656e-01 0.000000000000000000e+00
-8.841445427728613637e-01 0.000000000000000000e+00
-8.820058997050146399e-01 0.000000000000000000e+00
-8.798672566371681381e-01 0.000000000000000000e+00
-8.777286135693214142e-01 0.000000000000000000e+00
-8.755899705014749124e-01 0.000000000000000000e+00
-8.734513274336281885e-01 0.000000000000000000e+00
-8.713126843657816867e-01 0.000000000000000000e+00
-8.691740412979349628e-01 0.000000000000000000e+00
-8.670353982300884610e-01 0.000000000000000000e+00
-8.648967551622417371e-01 0.000000000000000000e+00
-8.627581120943952353e-01 0.000000000000000000e+00
-8.606194690265485114e-01 0.000000000000000000e+00
-8.584808259587020096e-01 0.000000000000000000e+00
-8.563421828908552857e-01 0.000000000000000000e+00
-8.542035398230087839e-01 0.000000000000000000e+00
-8.520648967551620601e-01 0.000000000000000000e+00
-8.499262536873155582e-01 0.000000000000000000e+00
-8.477876106194690564e-01 0.000000000000000000e+00
-8.456489675516223326e-01 0.000000000000000000e+00
-8.435103244837758307e-01 0.000000000000000000e+00
-8.413716814159291069e-01 0.000000000000000000e+00
-8.392330383480826050e-01 0.000000000000000000e+00
-8.370943952802358812e-01 0.000000000000000000e+00
-8.349557522123893794e-01 0.000000000000000000e+00
-8.328171091445426555e-01 0.000000000000000000e+00
-8.306784660766961537e-01 0.000000000000000000e+00
-8.285398230088494298e-01 0.000000000000000000e+00
-8.264011799410029280e-01 0.000000000000000000e+00
-8.242625368731562041e-01 0.000000000000000000e+00
-8.221238938053097023e-01 0.000000000000000000e+00
-8.199852507374629784e-01 0.000000000000000000e+00
-8.178466076696164766e-01 0.000000000000000000e+00
-8.157079646017697527e-01 0.000000000000000000e+00
-8.135693215339232509e-01 0.000000000000000000e+00
-8.114306784660765270e-01 0.000000000000000000e+00
-8.092920353982300252e-01 0.000000000000000000e+00
-8.071533923303833014e-01 0.000000000000000000e+00
-8.050147492625367995e-01 0.000000000000000000e+00
-8.028761061946902977e-01 0.000000000000000000e+00
-8.007374631268435738e-01 0.000000000000000000e+00
-7.985988200589970720e-01 0.000000000000000000e+00
-7.964601769911503482e-01 0.000000000000000000e+00
-7.943215339233038463e-01 0.000000000000000000e+00
-7.921828908554571225e-01 0.000000000000000000e+00
-7.900442477876106206e-01 0.000000000000000000e+00
-7.879056047197638968e-01 0.000000000000000000e+00
-7.857669616519173950e-01 0.000000000000000000e+00
-7.836283185840706711e-01 0.000000000000000000e+00
-7.814896755162241693e-01 0.000000000000000000e+00
-7.793510324483774454e-01 0.000000000000000000e+00
-7.772123893805309436e-01 0.000000000000000000e+00
-7.750737463126842197e-01 0.000000000000000000e+00
-7.729351032448377179e-01 0.000000000000000000e+00
-7.707964601769909940e-01 0.000000000000000000e+00
-7.686578171091444922e-01 0.000000000000000000e+00
-7.665191740412977683e-01 0.000000000000000000e+00
-7.643805309734512665e-01 0.000000000000000000e+00
-7.622418879056045427e-01 0.000000000000000000e+00
-7.601032448377580408e-01 0.000000000000000000e+00
-7.579646017699115390e-01 0.000000000000000000e+00
-7.558259587020648151e-01 0.000000000000000000e+00
-7.536873156342183133e-01 0.000000000000000000e+00
-7.515486725663715895e-01 0.000000000000000000e+00
-7.494100294985250876e-01 0.000000000000000000e+00
-7.472713864306783638e-01 0.000000000000000000e+00
-7.451327433628318619e-01 0.000000000000000000e+00
-7.429941002949851381e-01 0.000000000000000000e+00
-7.408554572271386363e-01 0.000000000000000000e+00
-7.387168141592919124e-01 0.000000000000000000e+00
-7.365781710914454106e-01 0.000000000000000000e+00
-7.344395280235986867e-01 0.000000000000000000e+00
-7.323008849557521849e-01 0.000000000000000000e+00
-7.301622418879054610e-01 0.000000000000000000e+00
-7.280235988200589592e-01 0.000000000000000000e+00
-7.258849557522122353e-01 0.000000000000000000e+00
-7.237463126843657335e-01 0.000000000000000000e+00
-7.216076696165190096e-01 0.000000000000000000e+00
-7.194690265486725078e-01 0.000000000000000000e+00
-7.173303834808257839e-01 0.000000000000000000e+00
-7.151917404129792821e-01 0.000000000000000000e+00
-7.130530973451327803e-01 0.000000000000000000e+00
-7.109144542772860564e-01 0.000000000000000000e+00
-7.087758112094395546e-01 0.000000000000000000e+00
-7.066371681415928308e-01 0.000000000000000000e+00
-7.044985250737463289e-01 0.000000000000000000e+00
-7.023598820058996051e-01 0.000000000000000000e+00
-7.002212389380531032e-01 0.000000000000000000e+00
-6.980825958702063794e-01 0.000000000000000000e+00
-6.959439528023598776e-01 0.000000000000000000e+00
-6.938053097345131537e-01 0.000000000000000000e+00
-6.916666666666666519e-01 0.000000000000000000e+00
-6.895280235988199280e-01 0.000000000000000000e+00
-6.873893805309734262e-01 0.000000000000000000e+00
-6.852507374631267023e-01 0.000000000000000000e+00
-6.831120943952802005e-01 0.000000000000000000e+00
-6.809734513274334766e-01 0.000000000000000000e+00
-6.788348082595869748e-01 0.000000000000000000e+00
-6.766961651917402509e-01 0.000000000000000000e+00
-6.745575221238937491e-01 0.000000000000000000e+00
-6.724188790560470252e-01 0.000000000000000000e+00
-6.702802359882005234e-01 0.000000000000000000e+00
-6.681415929203540216e-01 0.000000000000000000e+00
-6.660029498525072977e-01 0.000000000000000000e+00
-6.638643067846607959e-01 0.000000000000000000e+00
-6.617256637168140720e-01 0.000000000000000000e+00
-6.595870206489675702e-01 0.000000000000000000e+00
-6.574483775811208464e-01 0.000000000000000000e+00
-6.553097345132743445e-01 0.000000000000000000e+00
-6.531710914454276207e-01 0.000000000000000000e+00
-6.510324483775811188e-01 0.000000000000000000e+00
-6.488938053097343950e-01 0.000000000000000000e+00
-6.467551622418878932e-01 0.000000000000000000e+00
-6.446165191740411693e-01 0.000000000000000000e+00
-6.424778761061946675e-01 0.000000000000000000e+00
-6.403392330383479436e-01 0.000000000000000000e+00
-6.382005899705014418e-01 0.000000000000000000e+00
-6.360619469026547179e-01 0.000000000000000000e+00
-6.339233038348082161e-01 0.000000000000000000e+00
-6.317846607669614922e-01 0.000000000000000000e+00
-6.296460176991149904e-01 0.000000000000000000e+00
-6.275073746312682665e-01 0.000000000000000000e+00
-6.253687315634217647e-01 0.000000000000000000e+00
-6.232300884955750409e-01 0.000000000000000000e+00
-6.210914454277285390e-01 0.000000000000000000e+00
-6.189528023598820372e-01 0.000000000000000000e+00
-6.168141592920353133e-01 0.000000000000000000e+00
-6.146755162241888115e-01 0.000000000000000000e+00
-6.125368731563420877e-01 0.000000000000000000e+00
-6.103982300884955858e-01 0.000000000000000000e+00
-6.082595870206488620e-01 0.000000000000000000e+00
-6.061209439528023601e-01 0.000000000000000000e+00
-6.039823008849556363e-01 0.000000000000000000e+00
-6.018436578171091345e-01 0.000000000000000000e+00
-5.997050147492624106e-01 0.000000000000000000e+00
-5.975663716814159088e-01 0.000000000000000000e+00
-5.954277286135691849e-01 0.000000000000000000e+00
-5.932890855457226831e-01 0.000000000000000000e+00
-5.911504424778759592e-01 0.000000000000000000e+00
-5.890117994100294574e-01 0.000000000000000000e+00
-5.868731563421827335e-01 0.000000000000000000e+00
-5.847345132743362317e-01 0.000000000000000000e+00
-5.825958702064895078e-01 0.000000000000000000e+00
-5.804572271386430060e-01 0.000000000000000000e+00
-5.783185840707962821e-01 0.000000000000000000e+00
-5.761799410029497803e-01 0.000000000000000000e+00
-5.740412979351032785e-01 0.000000000000000000e+00
-5.719026548672565546e-01 0.000000000000000000e+00
-5.697640117994100528e-01 0.000000000000000000e+00
-5.676253687315633290e-01 0.000000000000000000e+00
-5.654867256637168271e-01 1.679823195860238250e-322
-5.633480825958701033e-01 6.066899062806269738e-314
-5.612094395280236014e-01 1.322898295216438665e-305
-5.590707964601768776e-01 1.754541357722860131e-297
-5.569321533923303758e-01 1.433516240255923635e-289
-5.547935103244836519e-01 7.305118250641394430e-282
-5.526548672566371501e-01 2.350088580041102560e-274
-5.505162241887904262e-01 4.829328175469028462e-267
-5.483775811209439244e-01 6.412356976248326507e-260
-5.462389380530972005e-01 5.563310027644204734e-253
-5.441002949852506987e-01 3.188349319018005366e-246
-5.419616519174039748e-01 1.219909331889972113e-239
-5.398230088495574730e-01 3.148565587819423722e-233
-5.376843657817107491e-01 5.537344199417442718e-227
-5.355457227138642473e-01 6.701351129673928040e-221
-5.334070796460175234e-01 5.634496064699880540e-215
-5.312684365781710216e-01 3.322258717553335079e-209
-5.291297935103245198e-01 1.386270647784802086e-203
-5.269911504424777959e-01 4.129987275576367551e-198
-5.248525073746312941e-01 8.861093483938066833e-193
-5.227138643067845702e-01 1.380765913487026438e-187
-5.205752212389380684e-01 1.575469420341127358e-182
-5.184365781710913446e-01 1.326872912545216809e-177
-5.162979351032448427e-01 8.313078135776269036e-173
-5.141592920353981189e-01 3.903957584996945841e-168
-5.120206489675516170e-01 1.384434678074691864e-163
-5.098820058997048932e-01 3.734182487870234395e-159
-5.077433628318583914e-01 7.714823606204994407e-155
-5.056047197640116675e-01 1.229243031079521095e-150
-5.034660766961651657e-01 1.520648606747780057e-146
-5.013274336283184418e-01 1.470020892824564292e-142
-4.991887905604719400e-01 1.117567628835806095e-138
-4.970501474926252161e-01 6.722978719390253715e-135
-4.949115044247787143e-01 3.219591826061582717e-131
-4.927728613569319904e-01 1.234633118040768660e-127
-4.906342182890854886e-01 3.812895916123028519e-124
-4.884955752212387647e-01 9.536092842107219988e-121
-4.863569321533922629e-01 1.941964746205849472e-117
-4.842182890855457611e-01 3.237160824405972271e-114
-4.820796460176990372e-01 4.439942761315310293e-111
-4.799410029498525354e-01 5.035720300113661614e-108
-4.778023598820058115e-01 4.746158765207919214e-105
-4.756637168141593097e-01 3.734998224463179142e-102
-4.735250737463125859e-01 2.465608844560063136e-99
-4.713864306784660840e-01 1.371545544773501037e-96
-4.692477876106193602e-01 6.457508320938378026e-94
-4.671091445427728583e-01 2.584377004681149307e-91
-4.649705014749261345e-01 8.828820388195735995e-89
-4.628318584070796327e-01 2.585108024901580552e-86
-4.606932153392329088e-01 6.513462050758689128e-84
-4.585545722713864070e-01 1.417705684993287209e-81
-4.564159292035396831e-01 2.675728681400173424e-79
-4.542772861356931813e-01 4.395200886079210295e-77
-4.521386430678464574e-01 6.306001137221725906e-75
-4.499999999999999556e-01 7.930237408998642214e-73
-4.478613569321532317e-01 8.771109221239525201e-71
-4.457227138643067299e-01 8.560528260308145146e-69
-4.435840707964600060e-01 7.396546559455702911e-67
-4.414454277286135042e-01 5.675557810761863718e-65
-4.393067846607670024e-01 3.879475077345240070e-63
-4.371681415929202785e-01 2.369309801956736544e-61
-4.350294985250737767e-01 1.296646427380372404e-59
-4.328908554572270528e-01 6.376848112095607137e-58
-4.307522123893805510e-01 2.826036346905284380e-56
-4.286135693215338272e-01 1.131639714070971976e-54
-4.264749262536873253e-01 4.105244172920349081e-53
-4.243362831858406015e-01 1.352641049285931751e-51
-4.221976401179940996e-01 4.058100386515743659e-50
-4.200589970501473758e-01 1.111260302543603030e-48
-4.179203539823008740e-01 2.784137576026232171e-47
-4.157817109144541501e-01 6.396614579114217566e-46
-4.136430678466076483e-01 1.350738589499511682e-44
-4.115044247787609244e-01 2.627278176480176096e-43
-4.093657817109144226e-01 4.717175475117029465e-42
-4.072271386430676987e-01 7.834351382837325166e-41
-4.050884955752211969e-01 1.206006777028195083e-39
-4.029498525073744730e-01 1.724170470220132582e-38
-4.008112094395279712e-01 2.293667542271548399e-37
-3.986725663716812473e-01 2.844560409199669701e-36
-3.965339233038347455e-01 3.294791942271645579e-35
-3.943952802359880216e-01 3.570609208799708904e-34
-3.922566371681415198e-01 3.626700070896278006e-33
-3.901179941002950180e-01 3.458359348744327954e-32
-3.879793510324482941e-01 3.101223496574612085e-31
-3.858407079646017923e-01 2.619373517837431811e-30
-3.837020648967550684e-01 2.087095232725361099e-29
-3.815634218289085666e-01 1.571191687118837522e-28
-3.794247787610618428e-01 1.119187267189126571e-27
-3.772861356932153409e-01 7.554245145704736764e-27
-3.751474926253686171e-01 4.838447310723729040e-26
-3.730088495575221152e-01 2.944718326438386570e-25
-3.708702064896753914e-01 1.705238572643290335e-24
-3.687315634218288896e-01 9.407973578109303991e-24
-3.665929203539821657e-01 4.951399099329292666e-23
-3.644542772861356639e-01 2.488959595504593895e-22
-3.623156342182889400e-01 1.196435172131580439e-21
-3.601769911504424382e-01 5.506197459938846093e-21
-3.580383480825957143e-01 2.428859669067410134e-20
-3.558997050147492125e-01 1.028075602200805665e-19
-3.537610619469024886e-01 4.180143210404812128e-19
-3.516224188790559868e-01 1.634406544459228071e-18
-3.494837758112092629e-01 6.151476328972562089e-18
-3.473451327433627611e-01 2.230924791477934982e-17
-3.452064896755162593e-01 7.803717624355027085e-17
-3.430678466076695354e-01 2.635378451766954576e-16
-3.409292035398230336e-01 8.600275718998288424e-16
-3.387905604719763097e-01 2.714578533454059317e-15
-3.366519174041298079e-01 8.294604369245840620e-15
-3.345132743362830841e-01 2.455640996357162869e-14
-3.323746312684365822e-01 7.049739810891961951e-14
-3.302359882005898584e-01 1.964147146827205566e-13
-3.280973451327433565e-01 5.315109775374751621e-13
-3.259587020648966327e-01 1.398052265190704814e-12
-3.238200589970501309e-01 3.577128290285203907e-12
-3.216814159292034070e-01 8.909720890410988155e-12
-3.195427728613569052e-01 2.161834560665766994e-11
-3.174041297935101813e-01 5.113424590232882422e-11
-3.152654867256636795e-01 1.179849871361836354e-10
-3.131268436578169556e-01 2.657381858844608381e-10
-3.109882005899704538e-01 5.846189750079813391e-10
-3.088495575221237299e-01 1.257059225810398525e-09
-3.067109144542772281e-01 2.643428568017708273e-09
-3.045722713864305042e-01 5.439596311073751175e-09
-3.024336283185840024e-01 1.095984884866460375e-08
-3.002949852507375006e-01 2.163347515464153307e-08
-2.981563421828907767e-01 4.185723302160806892e-08
-2.960176991150442749e-01 7.942728604800497583e-08
-2.938790560471975510e-01 1.478939321620385465e-07
-2.917404129793510492e-01 2.703541111397739548e-07
-2.896017699115043253e-01 4.854364966396342625e-07
-2.874631268436578235e-01 8.565603148784370272e-07
-2.853244837758110997e-01 1.485981372144837151e-06
-2.831858407079645978e-01 2.535696006960058316e-06
-2.810471976401178740e-01 4.257971635045392766e-06
-2.789085545722713722e-01 7.039120761741811448e-06
-2.767699115044246483e-01 1.146113317905261559e-05
-2.746312684365781465e-01 1.838691352253461904e-05
-2.724926253687314226e-01 2.907610478135232043e-05
-2.703539823008849208e-01 4.533975676279916166e-05
-2.682153392330381969e-01 6.974334113605787811e-05
-2.660766961651916951e-01 1.058687153119146238e-04
-2.639380530973449712e-01 1.586464662751707350e-04
-2.617994100294984694e-01 2.347704740429454719e-04
-2.596607669616517455e-01 3.432063634136088646e-04
-2.575221238938052437e-01 4.958046032250876907e-04
-2.553834808259587419e-01 7.080272197169389407e-04
-2.532448377581120180e-01 9.997942996559274886e-04
-2.511061946902655162e-01 1.396452600111382095e-03
-2.489675516224187923e-01 1.929863646223178245e-03
-2.468289085545722905e-01 2.639602750033591665e-03
-2.446902654867255666e-01 3.574253567654940740e-03
-2.425516224188790648e-01 4.792775357664202929e-03
-2.404129793510323410e-01 6.365912319471296252e-03
-2.382743362831858391e-01 8.377606654283038454e-03
-2.361356932153391153e-01 1.092636973242471117e-02
-2.339970501474926134e-01 1.412655942634515049e-02
-2.318584070796458896e-01 1.810950673598347993e-02
-2.297197640117993878e-01 2.302443171946754255e-02
-2.275811209439526639e-01 2.903908781405521375e-02
-2.254424778761061621e-01 3.634007516767657348e-02
-2.233038348082594382e-01 4.513276776610428837e-02
-2.211651917404129364e-01 5.564080597065626521e-02
-2.190265486725662125e-01 6.810511547411986222e-02
-2.168879056047197107e-01 8.278242539661392896e-02
-2.147492625368729868e-01 9.994327190681448481e-02
-2.126106194690264850e-01 1.198694888819510224e-01
-2.104719764011799832e-01 1.428512031382810077e-01
-2.083333333333332593e-01 1.691833680384642324e-01
-2.061946902654867575e-01 1.991618851539747048e-01
-2.040560471976400336e-01 2.330793784778629196e-01
-2.019174041297935318e-01 2.712206988360477133e-01
-1.997787610619468079e-01 3.138582470968506732e-01
-1.976401179941003061e-01 3.612472130879473831e-01
-1.955014749262535823e-01 4.136208324753867793e-01
-1.933628318584070804e-01 4.711857660459318753e-01
-1.912241887905603566e-01 5.341177048036805930e-01
-1.890855457227138547e-01 6.025573001161699249e-01
-1.869469026548671309e-01 6.766065110212887701e-01
-1.848082595870206291e-01 7.563254510380571505e-01
-1.826696165191739052e-01 8.417298048085266604e-01
-1.805309734513274034e-01 9.327888710957515928e-01
-1.783923303834806795e-01 1.029424273584725213e+00
-1.762536873156341777e-01 1.131509365104827802e+00
-1.741150442477874538e-01 1.238869334843543113e+00
-1.719764011799409520e-01 1.351282012351773032e+00
-1.698377581120942281e-01 1.468479347116618206e+00
-1.676991150442477263e-01 1.590149528600806272e+00
-1.655604719764012245e-01 1.715939699261491924e+00
-1.634218289085545006e-01 1.845459202428296530e+00
-1.612831858407079988e-01 1.978283298230799847e+00
-1.591445427728612749e-01 2.113957274131194719e+00
-1.570058997050147731e-01 2.252000872074868099e+00
-1.548672566371680492e-01 2.391912951793091491e+00
-1.527286135693215474e-01 2.533176309284837835e+00
-1.505899705014748235e-01 2.675262570831698827e+00
-1.484513274336283217e-01 2.817637085876136371e+00
-1.463126843657815979e-01 2.959763746510240878e+00
-1.441740412979350960e-01 3.101109666944573906e+00
-1.420353982300883722e-01 3.241149662914730722e+00
-1.398967551622418704e-01 3.379370478289523749e+00
-1.377581120943951465e-01 3.515274713933612460e+00
-1.356194690265486447e-01 3.648384421920246368e+00
-1.334808259587019208e-01 3.778244336280532689e+00
-1.313421828908554190e-01 3.904424719425770185e+00
-1.292035398230086951e-01 4.026523811029999678e+00
-1.270648967551621933e-01 4.144169873369958346e+00
-1.249262536873154694e-01 4.257022833786070493e+00
-1.227876106194689676e-01 4.364775530961717109e+00
-1.206489675516224658e-01 4.467154577064395227e+00
-1.185103244837757419e-01 4.563920852414756091e+00
-1.163716814159292401e-01 4.654869653234777971e+00
-1.142330383480825162e-01 4.739830516178360043e+00
-1.120943952802360144e-01 4.818666745788067196e+00
-1.099557522123892905e-01 4.891274672783806565e+00
-1.078171091445427887e-01 4.957582672218127762e+00
-1.056784660766960648e-01 5.017549971080022431e+00
-1.035398230088495630e-01 5.071165274953595592e+00
-1.014011799410028392e-01 5.118445242902025072e+00
-9.926253687315633734e-02 5.159432838910318786e+00
-9.712389380530961347e-02 5.194195587050790763e+00
-9.498525073746311165e-02 5.222823756088834202e+00
-9.284660766961638778e-02 5.245428497584994076e+00
-9.070796460176988596e-02 5.262139959726510163e+00
-8.856932153392316209e-02 5.273105397187479504e+00
-8.643067846607666027e-02 5.278487295316861783e+00
-8.429203539822993640e-02 5.278461524930633253e+00
-8.215339233038343458e-02 5.273215541969913822e+00
-8.001474926253671072e-02 5.262946644315345424e+00
-7.787610619469020889e-02 5.247860296142089709e+00
-7.573746312684348503e-02 5.228168528380619406e+00
-7.359882005899698321e-02 5.204088422133552605e+00
-7.146017699115048138e-02 5.175840680298887442e+00
-6.932153392330375752e-02 5.143648291172806530e+00
-6.718289085545725570e-02 5.107735286460227897e+00
-6.504424778761053183e-02 5.068325594903622999e+00
-6.290560471976403001e-02 5.025641991658044816e+00
-6.076696165191730614e-02 4.979905142584242661e+00
-5.862831858407080432e-02 4.931332741801567110e+00
-5.648967551622408045e-02 4.880138740132316855e+00
-5.435103244837757863e-02 4.826532661471399699e+00
-5.221238938053085477e-02 4.770719003623825394e+00
-5.007374631268435294e-02 4.712896719760282238e+00
-4.793510324483762908e-02 4.653258776336506308e+00
-4.579646017699112726e-02 4.591991783102653990e+00
-4.365781710914440339e-02 4.529275690679811284e+00
-4.151917404129790157e-02 4.465283551099531678e+00
-3.938053097345117770e-02 4.400181336677507993e+00
-3.724188790560467588e-02 4.334127812617950326e+00
-3.510324483775795201e-02 4.267274458814537041e+00
-3.296460176991145019e-02 4.199765436418069875e+00
-3.082595870206472632e-02 4.131737594877718855e+00
-2.868731563421822450e-02 4.063320515321453996e+00
-2.654867256637172268e-02 3.994636586321707483e+00
-2.441002949852499881e-02 3.925801108286579577e+00
-2.227138643067849699e-02 3.856922422921949867e+00
-2.013274336283177313e-02 3.788102064421734916e+00
-1.799410029498527130e-02 3.719434929260067690e+00
-1.585545722713854744e-02 3.651009461675391865e+00
-1.371681415929204562e-02 3.582907852152868777e+00
-1.157817109144532175e-02 3.515206246422385217e+00
-9.439528023598819928e-03 3.447974962697919477e+00
-7.300884955752096062e-03 3.381278715083079422e+00
-5.162241887905594240e-03 3.315176841261409546e+00
-3.023598820058870373e-03 3.249723532774168699e+00
-8.849557522123685516e-04 3.184968066363404571e+00
1.253687315634355315e-03 3.120954039409534531e+00
3.392330383480857137e-03 3.057705424419715712e+00
5.530973451327581003e-03 2.995232010142668599e+00
7.669616519174082825e-03 2.933542420752369040e+00
9.808259587020806691e-03 2.872644492371831504e+00
1.194690265486730851e-02 2.812545289460945952e+00
1.408554572271403238e-02 2.753251121609032293e+00
1.622418879056053420e-02 2.694767560692703956e+00
1.836283185840703602e-02 2.637099458361000792e+00
2.050147492625375989e-02 2.580250963810295950e+00
2.264011799410026171e-02 2.524225541812644025e+00
2.477876106194698558e-02 2.469025990961700945e+00
2.691740412979348740e-02 2.414654462101864851e+00
2.905604719764021127e-02 2.361112476906841451e+00
3.119469026548671309e-02 2.308400946575217549e+00
3.333333333333343695e-02 2.256520190611210896e+00
3.547197640117993878e-02 2.205469955660406267e+00
3.761061946902666264e-02 2.155249434370936967e+00
3.974926253687316446e-02 2.105857284251762440e+00
4.188790560471988833e-02 2.057291646501012483e+00
4.402654867256639015e-02 2.009550164778260317e+00
4.616519174041311402e-02 1.962630003895731834e+00
4.830383480825961584e-02 1.916527868404797275e+00
5.044247787610633971e-02 1.871240021054938252e+00
5.258112094395284153e-02 1.826762301103737718e+00
5.471976401179956540e-02 1.783090142457398164e+00
5.685840707964606722e-02 1.740218591622593181e+00
5.899705014749279108e-02 1.698142325451261980e+00
6.113569321533929291e-02 1.656855668661521896e+00
6.327433628318579473e-02 1.616352611118331506e+00
6.541297935103251859e-02 1.576626824859273412e+00
6.755162241887902042e-02 1.537671680851315559e+00
6.969026548672574428e-02 1.499480265465731099e+00
7.182890855457224610e-02 1.462045396659423790e+00
7.396755162241896997e-02 1.425359639851477844e+00
7.610619469026547179e-02 1.389415323485395870e+00
7.824483775811219566e-02 1.354204554267698812e+00
8.038348082595869748e-02 1.319719232075050375e+00
8.252212389380542135e-02 1.285951064522621978e+00
8.466076696165192317e-02 1.252891581187428383e+00
8.679941002949864703e-02 1.220532147481170337e+00
8.893805309734514886e-02 1.188863978167908897e+00
9.107669616519187272e-02 1.157878150522675176e+00
9.321533923303837454e-02 1.127565617127964437e+00
9.535398230088509841e-02 1.097917218305651810e+00
9.749262536873160023e-02 1.068923694182653428e+00
9.963126843657832410e-02 1.040575696389253624e+00
1.017699115044248259e-01 1.012863799389868369e+00
1.039085545722713277e-01 9.857785114461824483e-01
1.060471976401182737e-01 9.593102852137500580e-01
1.081858407079647755e-01 9.334495279732073492e-01
1.103244837758112773e-01 9.081866114980431393e-01
1.124631268436577791e-01 8.835118815613114407e-01
1.146017699115042809e-01 8.594156670840700230e-01
1.167404129793512269e-01 8.358882889288732354e-01
1.188790560471977287e-01 8.129200683419957052e-01
1.210176991150442305e-01 7.905013350484123569e-01
1.231563421828907323e-01 7.686224350040244957e-01
1.252949852507376782e-01 7.472737378099324479e-01
1.274336283185841801e-01 7.264456437937364397e-01
1.295722713864306819e-01 7.061285907633064740e-01
1.317109144542771837e-01 6.863130604386377120e-01
1.338495575221241296e-01 6.669895845676585555e-01
1.359882005899706314e-01 6.481487507320677910e-01
1.381268436578171332e-01 6.297812078494614552e-01
1.402654867256636351e-01 6.118776713782569932e-01
1.424041297935105810e-01 5.944289282319862311e-01
1.445427728613570828e-01 5.774258414096965497e-01
1.466814159292035846e-01 5.608593543493169964e-01
1.488200589970500864e-01 5.447204950109829635e-01
1.509587020648970324e-01 5.290003796972967409e-01
1.530973451327435342e-01 5.136902166176962048e-01
1.552359882005900360e-01 4.987813092039740659e-01
1.573746312684365378e-01 4.842650591842664332e-01
1.595132743362830396e-01 4.701329694225709899e-01
1.616519174041299856e-01 4.563766465311195897e-01
1.637905604719764874e-01 4.429878032627153628e-01
1.659292035398229892e-01 4.299582606902336290e-01
1.680678466076694910e-01 4.172799501804850819e-01
1.702064896755164369e-01 4.049449151694475835e-01
1.723451327433629388e-01 3.929453127460180717e-01
1.744837758112094406e-01 3.812734150511734588e-01
1.766224188790559424e-01 3.699216104995480259e-01
1.787610619469028883e-01 3.588824048301898495e-01
1.808997050147493901e-01 3.481484219933176361e-01
1.830383480825958920e-01 3.377124048796527611e-01
1.851769911504423938e-01 3.275672158989572647e-01
1.873156342182893397e-01 3.177058374141748520e-01
1.894542772861358415e-01 3.081213720375561849e-01
1.915929203539823433e-01 2.988070427949347518e-01
1.937315634218288452e-01 2.897561931643058419e-01
1.958702064896757911e-01 2.809622869946423185e-01
1.980088495575222929e-01 2.724189083108344844e-01
2.001474926253687947e-01 2.641197610104060178e-01
2.022861356932152965e-01 2.560586684576430239e-01
2.044247787610617983e-01 2.482295729805672757e-01
2.065634218289087443e-01 2.406265352760127152e-01
2.087020648967552461e-01 2.332437337280491296e-01
2.108407079646017479e-01 2.260754636446881682e-01
2.129793510324482497e-01 2.191161364178302873e-01
2.151179941002951956e-01 2.123602786111470353e-01
2.172566371681416975e-01 2.058025309805103231e-01
2.193952802359881993e-01 1.994376474314218661e-01
2.215339233038347011e-01 1.932604939177635650e-01
2.236725663716816470e-01 1.872660472860258885e-01
2.258112094395281488e-01 1.814493940690732054e-01
2.279498525073746507e-01 1.758057292333017330e-01
2.300884955752211525e-01 1.703303548829781244e-01
2.322271386430680984e-01 1.650186789253604291e-01
2.343657817109146002e-01 1.598662137000987082e-01
2.365044247787611020e-01 1.548685745762342914e-01
2.386430678466076039e-01 1.500214785200621181e-01
2.407817109144545498e-01 1.453207426369079458e-01
2.429203539823010516e-01 1.407622826898083657e-01
2.450589970501475534e-01 1.363421115979120968e-01
2.471976401179940552e-01 1.320563379173343987e-01
2.493362831858405571e-01 1.279011643070571969e-01
2.514749262536875030e-01 1.238728859823437917e-01
2.536135693215340048e-01 1.199678891580512607e-01
2.557522123893805066e-01 1.161826494840704077e-01
2.578908554572270084e-01 1.125137304750532113e-01
2.600294985250739543e-01 1.089577819364593858e-01
2.621681415929204562e-01 1.055115383888519803e-01
2.643067846607669580e-01 1.021718174922719991e-01
2.664454277286134598e-01 9.893551847243191311e-02
2.685840707964604057e-01 9.579962055036085611e-02
2.707227138643069075e-01 9.276118137705222089e-02
2.728613569321534094e-01 8.981733547455549027e-02
2.749999999999999112e-01 8.696529268490521547e-02
2.771386430678468571e-01 8.420233662814656517e-02
2.792772861356933589e-01 8.152582317068152173e-02
2.814159292035398607e-01 7.893317890504561452e-02
2.835545722713863626e-01 7.642189964217431519e-02
2.856932153392333085e-01 7.398954891713339921e-02
2.878318584070798103e-01 7.163375650921761928e-02
2.899705014749263121e-01 6.935221697725339751e-02
2.921091445427728139e-01 6.714268821088845152e-02
2.942477876106193158e-01 6.500298999856779503e-02
2.963864306784662617e-01 6.293100261285441976e-02
2.985250737463127635e-01 6.092466541368535965e-02
3.006637168141592653e-01 5.898197547009937508e-02
3.028023598820057671e-01 5.710098620092581012e-02
3.049410029498527130e-01 5.527980603486371686e-02
3.070796460176992149e-01 5.351659709034588264e-02
3.092182890855457167e-01 5.180957387551755888e-02
3.113569321533922185e-01 5.015700200863643099e-02
3.134955752212391644e-01 4.855719695914521850e-02
3.156342182890856662e-01 4.700852280963066510e-02
3.177728613569321681e-01 4.550939103884731052e-02
3.199115044247786699e-01 4.405825932595101163e-02
3.220501474926256158e-01 4.265363037604548435e-02
3.241887905604721176e-01 4.129405076712173300e-02
3.263274336283186194e-01 3.997810981843171602e-02
3.284660766961651213e-01 3.870443848031820261e-02
3.306047197640120672e-01 3.747170824548437529e-02
3.327433628318585690e-01 3.627863008167562381e-02
3.348820058997050708e-01 3.512395338570425962e-02
3.370206489675515726e-01 3.400646495874411201e-02
3.391592920353980745e-01 3.292498800278773063e-02
3.412979351032450204e-01 3.187838113814357721e-02
3.434365781710915222e-01 3.086553744183471309e-02
3.455752212389380240e-01 2.988538350673816332e-02
3.477138643067845258e-01 2.893687852129507923e-02
3.498525073746314717e-01 2.801901336959958591e-02
3.519911504424779736e-01 2.713080975166893768e-02
3.541297935103244754e-01 2.627131932367505335e-02
3.562684365781709772e-01 2.543962285791876929e-02
3.584070796460179231e-01 2.463482942230436207e-02
3.605457227138644249e-01 2.385607557907432758e-02
3.626843657817109268e-01 2.310252460254512419e-02
3.648230088495574286e-01 2.237336571558715820e-02
3.669616519174043745e-01 2.166781334457604929e-02
3.691002949852508763e-01 2.098510639254361904e-02
3.712389380530973781e-01 2.032450753024489173e-02
3.733775811209438800e-01 1.968530250485957256e-02
3.755162241887908259e-01 1.906679946603665604e-02
3.776548672566373277e-01 1.846832830899032898e-02
3.797935103244838295e-01 1.788924003435159865e-02
3.819321533923303313e-01 1.732890612447817585e-02
3.840707964601768332e-01 1.678671793592369579e-02
3.862094395280237791e-01 1.626208610776544786e-02
3.883480825958702809e-01 1.575443998548813757e-02
3.904867256637167827e-01 1.526322706012397945e-02
3.926253687315632845e-01 1.478791242234564832e-02
3.947640117994102305e-01 1.432797823121256808e-02
3.969026548672567323e-01 1.388292319726950469e-02
3.990412979351032341e-01 1.345226207969745999e-02
4.011799410029497359e-01 1.303552519722139466e-02
4.033185840707966818e-01 1.263225795247695758e-02
4.054572271386431837e-01 1.224202036954426601e-02
4.075958702064896855e-01 1.186438664435550579e-02
4.097345132743361873e-01 1.149894470768924454e-02
4.118731563421831332e-01 1.114529580046406780e-02
4.140117994100296350e-01 1.080305406105024936e-02
4.161504424778761368e-01 1.047184612431660555e-02
4.182890855457226387e-01 1.015131073213945342e-02
4.204277286135695846e-01 9.841098355097827391e-03
4.225663716814160864e-01 9.540870825087267512e-03
4.247050147492625882e-01 9.250300978584813372e-03
4.268436578171090900e-01 8.969072310305059234e-03
4.289823008849555919e-01 8.696878636987792274e-03
4.311209439528025378e-01 8.433423771064246094e-03
4.332595870206490396e-01 8.178421203951813725e-03
4.353982300884955414e-01 7.931593798731137457e-03
4.375368731563420432e-01 7.692673491964957186e-03
4.396755162241889892e-01 7.461401004420899728e-03
4.418141592920354910e-01 7.237525560465492454e-03
4.439528023598819928e-01 7.020804615900831484e-03
4.460914454277284946e-01 6.811003594019571748e-03
4.482300884955754405e-01 6.607895629658635042e-03
4.503687315634219424e-01 6.411261321035943185e-03
4.525073746312684442e-01 6.220888489158733423e-03
4.546460176991149460e-01 6.036571944597227818e-03
4.567846607669618919e-01 5.858113261420584694e-03
4.589233038348083937e-01 5.685320558097792590e-03
4.610619469026548956e-01 5.518008285168357271e-03
4.632005899705013974e-01 5.355997019494612883e-03
4.653392330383483433e-01 5.199113264909304560e-03
4.674778761061948451e-01 5.047189259077857794e-03
4.696165191740413469e-01 4.900062786397790804e-03
4.717551622418878488e-01 4.757576996762989327e-03
4.738938053097343506e-01 4.619580230023733435e-03
4.760324483775812965e-01 4.485925845977690660e-03
4.781710914454277983e-01 4.356472059731065702e-03
4.803097345132743001e-01 4.231081782273216942e-03
4.824483775811208019e-01 4.109622466111514244e-03
4.845870206489677479e-01 3.991965955817475611e-03
4.867256637168142497e-01 3.877988343338527495e-03
4.888643067846607515e-01 3.767569827933538260e-03
4.910029498525072533e-01 3.660594580594669217e-03
4.931415929203541992e-01 3.556950612820061752e-03
4.952802359882007011e-01 3.456529649607243283e-03
4.974188790560472029e-01 3.359227006538885105e-03
4.995575221238937047e-01 3.264941470837372500e-03
5.016961651917406506e-01 3.173575186266915614e-03
5.038348082595871524e-01 3.085033541765891743e-03
5.059734513274336543e-01 2.999225063694557335e-03
5.081120943952801561e-01 2.916061311587328161e-03
5.102507374631271020e-01 2.835456777301301537e-03
5.123893805309736038e-01 2.757328787455341681e-03
5.145280235988201056e-01 2.681597409058170123e-03
5.166666666666666075e-01 2.608185358225436571e-03
5.188053097345131093e-01 2.537017911889472271e-03
5.209439528023600552e-01 2.468022822407833078e-03
5.230825958702065570e-01 2.401130234979346762e-03
5.252212389380530588e-01 2.336272607779142467e-03
5.273598820058995607e-01 2.273384634726845124e-03
5.294985250737465066e-01 2.212403170804041856e-03
5.316371681415930084e-01 2.153267159840465024e-03
5.337758112094395102e-01 2.095917564689679224e-03
5.359144542772860120e-01 2.040297299718383302e-03
5.380530973451329579e-01 1.986351165534891265e-03
5.401917404129794598e-01 1.934025785885161008e-03
5.423303834808259616e-01 1.883269546646208900e-03
5.444690265486724634e-01 1.834032536849992175e-03
5.466076696165194093e-01 1.786266491671214054e-03
5.487463126843659111e-01 1.739924737316361292e-03
5.508849557522124130e-01 1.694962137751530396e-03
5.530235988200589148e-01 1.651335043209797588e-03
5.551622418879058607e-01 1.609001240419687942e-03
5.573008849557523625e-01 1.567919904499092461e-03
5.594395280235988643e-01 1.528051552459582527e-03
5.615781710914453662e-01 1.489357998268905220e-03
5.637168141592918680e-01 1.451802309420170559e-03
5.658554572271388139e-01 1.415348764958292540e-03
5.679941002949853157e-01 1.379962814915922705e-03
5.701327433628318175e-01 1.345611041111956750e-03
5.722713864306783194e-01 1.312261119268088357e-03
5.744100294985252653e-01 1.279881782399477745e-03
5.765486725663717671e-01 1.248442785437485448e-03
5.786873156342182689e-01 1.217914871043568282e-03
5.808259587020647707e-01 1.188269736574793173e-03
5.829646017699117166e-01 1.159480002162589394e-03
5.851032448377582185e-01 1.131519179867857688e-03
5.872418879056047203e-01 1.104361643876247559e-03
5.893805309734512221e-01 1.077982601699184950e-03
5.915191740412981680e-01 1.052358066346859630e-03
5.936578171091446698e-01 1.027464829440712579e-03
5.957964601769911717e-01 1.003280435233909950e-03
5.979351032448376735e-01 9.797831555094459449e-04
6.000737463126846194e-01 9.569519653263521041e-04
6.022123893805311212e-01 9.347665195855275585e-04
6.043510324483776230e-01 9.132071303876736126e-04
6.064896755162241249e-01 8.922547451565899547e-04
6.086283185840710708e-01 8.718909255022071550e-04
6.107669616519175726e-01 8.520978267982429449e-04
6.129056047197640744e-01 8.328581784504793424e-04
6.150442477876105762e-01 8.141552648323365079e-04
6.171828908554570781e-01 7.959729068651292573e-04
6.193215339233040240e-01 7.782954442213256595e-04
6.214601769911505258e-01 7.611077181296567766e-04
6.235988200589970276e-01 7.443950547616483586e-04
6.257374631268435294e-01 7.281432491800459523e-04
6.278761061946904753e-01 7.123385498299144225e-04
6.300147492625369772e-01 6.969676435541505592e-04
6.321533923303834790e-01 6.820176411155249663e-04
6.342920353982299808e-01 6.674760632080890084e-04
6.364306784660769267e-01 6.533308269413797735e-04
6.385693215339234285e-01 6.395702327812770056e-04
6.407079646017699304e-01 6.261829519320854338e-04
6.428466076696164322e-01 6.131580141447621167e-04
6.449852507374633781e-01 6.004847959368454910e-04
6.471238938053098799e-01 5.881530092101160730e-04
6.492625368731563817e-01 5.761526902523753536e-04
6.514011799410028836e-01 5.644741891102989569e-04
6.535398230088498295e-01 5.531081593208452170e-04
6.556784660766963313e-01 5.420455479888123184e-04
6.578171091445428331e-01 5.312775861989448836e-04
6.599557522123893349e-01 5.207957797510925826e-04
6.620943952802358368e-01 5.105919002074536285e-04
6.642330383480827827e-01 5.006579762413083338e-04
6.663716814159292845e-01 4.909862852769060525e-04
6.685103244837757863e-01 4.815693454106471840e-04
6.706489675516222881e-01 4.723999076039753480e-04
6.727876106194692341e-01 4.634709481386849205e-04
6.749262536873157359e-01 4.547756613258145675e-04
6.770648967551622377e-01 4.463074524593273369e-04
6.792035398230087395e-01 4.380599310064293679e-04
6.813421828908556854e-01 4.300269040263301600e-04
6.834808259587021873e-01 4.222023698097819122e-04
6.856194690265486891e-01 4.145805117317774005e-04
6.877581120943951909e-01 4.071556923102778182e-04
6.898967551622421368e-01 3.999224474638424383e-04
6.920353982300886386e-01 3.928754809615325316e-04
6.941740412979351404e-01 3.860096590584406718e-04
6.963126843657816423e-01 3.793200053105986883e-04
6.984513274336285882e-01 3.728016955631887220e-04
7.005899705014750900e-01 3.664500531061337923e-04
7.027286135693215918e-01 3.602605439914066589e-04
7.048672566371680936e-01 3.542287725066129290e-04
7.070058997050145955e-01 3.483504767994914197e-04
7.091445427728615414e-01 3.426215246482666558e-04
7.112831858407080432e-01 3.370379093729092691e-04
7.134218289085545450e-01 3.315957458825198232e-04
7.155604719764010468e-01 3.262912668542577500e-04
7.176991150442479928e-01 3.211208190393669698e-04
7.198377581120944946e-01 3.160808596920144584e-04
7.219764011799409964e-01 3.111679531167762017e-04
7.241150442477874982e-01 3.063787673308140686e-04
7.262536873156344441e-01 3.017100708368255645e-04
7.283923303834809460e-01 2.971587295031391063e-04
7.305309734513274478e-01 2.927217035472184947e-04
7.326696165191739496e-01 2.883960446192147982e-04
7.348082595870208955e-01 2.841788929821964906e-04
7.369469026548673973e-01 2.800674747857607831e-04
7.390855457227138992e-01 2.760590994299541730e-04
7.412241887905604010e-01 2.721511570164869337e-04
7.433628318584073469e-01 2.683411158842863905e-04
7.455014749262538487e-01 2.646265202266206897e-04
7.476401179941003505e-01 2.610049877870692183e-04
7.497787610619468524e-01 2.574742076316831633e-04
7.519174041297933542e-01 2.540319379948725235e-04
7.540560471976403001e-01 2.506760041965219515e-04
7.561946902654868019e-01 2.474042966279991866e-04
7.583333333333333037e-01 2.442147688047840255e-04
7.604719764011798055e-01 2.411054354835246783e-04
7.626106194690267515e-01 2.380743708413904304e-04
7.647492625368732533e-01 2.351197067156903322e-04
7.668879056047197551e-01 2.322396309017538238e-04
7.690265486725662569e-01 2.294323855072210433e-04
7.711651917404132028e-01 2.266962653608491248e-04
7.733038348082597047e-01 2.240296164740815735e-04
7.754424778761062065e-01 2.214308345536981741e-04
7.775811209439527083e-01 2.188983635638196243e-04
7.797197640117996542e-01 2.164306943357580104e-04
7.818584070796461560e-01 2.140263632241191309e-04
7.839970501474926579e-01 2.116839508076596012e-04
7.861356932153391597e-01 2.094020806335481768e-04
7.882743362831861056e-01 2.071794180035452595e-04
7.904129793510326074e-01 2.050146688008416926e-04
7.925516224188791092e-01 2.029065783562311370e-04
7.946902654867256111e-01 2.008539303524138923e-04
7.968289085545721129e-01 1.988555457651877147e-04
7.989675516224190588e-01 1.969102818404096092e-04
8.011061946902655606e-01 1.950170311056037900e-04
8.032448377581120624e-01 1.931747204151448068e-04
8.053834808259585643e-01 1.913823100279716974e-04
8.075221238938055102e-01 1.896387927168633727e-04
8.096607669616520120e-01 1.879431929082803730e-04
8.117994100294985138e-01 1.862945658518649190e-04
8.139380530973450156e-01 1.846919968187271546e-04
8.160766961651919615e-01 1.831346003276108903e-04
8.182153392330384634e-01 1.816215193981572434e-04
8.203539823008849652e-01 1.801519248304485820e-04
8.224926253687314670e-01 1.787250145100595703e-04
8.246312684365784129e-01 1.773400127378909350e-04
8.267699115044249147e-01 1.759961695840832536e-04
8.289085545722714166e-01 1.746927602652816112e-04
8.310471976401179184e-01 1.734290845446711052e-04
8.331858407079648643e-01 1.722044661540615251e-04
8.353244837758113661e-01 1.710182522374979731e-04
8.374631268436578679e-01 1.698698128157512385e-04
8.396017699115043698e-01 1.687585402711643944e-04
8.417404129793508716e-01 1.676838488523056257e-04
8.438790560471978175e-01 1.666451741979072801e-04
8.460176991150443193e-01 1.656419728796059050e-04
8.481563421828908211e-01 1.646737219630072272e-04
8.502949852507373230e-01 1.637399185866158288e-04
8.524336283185842689e-01 1.628400795582180926e-04
8.545722713864307707e-01 1.619737409682641923e-04
8.567109144542772725e-01 1.611404578198838834e-04
8.588495575221237743e-01 1.603398036751587687e-04
8.609882005899707202e-01 1.595713703172833289e-04
8.631268436578172221e-01 1.588347674282476632e-04
8.652654867256637239e-01 1.581296222817719997e-04
8.674041297935102257e-01 1.574555794511163509e-04
8.695427728613571716e-01 1.568123005315319950e-04
8.716814159292036734e-01 1.561994638770447270e-04
8.738200589970501753e-01 1.556167643512939777e-04
8.759587020648966771e-01 1.550639130922295010e-04
8.780973451327436230e-01 1.545406372903872314e-04
8.802359882005901248e-01 1.540466799805451190e-04
8.823746312684366266e-01 1.535817998465514509e-04
8.845132743362831285e-01 1.531457710391578798e-04
8.866519174041296303e-01 1.527383830066391811e-04
8.887905604719765762e-01 1.523594403380744303e-04
8.909292035398230780e-01 1.520087626191391427e-04
8.930678466076695798e-01 1.516861843002503785e-04
8.952064896755160817e-01 1.513915545769688078e-04
8.973451327433630276e-01 1.511247372825431890e-04
8.994837758112095294e-01 1.508856107924846674e-04
9.016224188790560312e-01 1.506740679411222388e-04
9.037610619469025330e-01 1.504900159500471412e-04
9.058997050147494789e-01 1.503333763683904181e-04
9.080383480825959808e-01 1.502040850249002882e-04
9.101769911504424826e-01 1.501020919917874451e-04
9.123156342182889844e-01 1.500273615603218351e-04
9.144542772861359303e-01 1.499798722281564631e-04
9.165929203539824321e-01 1.499596166984228703e-04
9.187315634218289340e-01 1.499666018905937827e-04
9.208702064896754358e-01 1.500008489631463244e-04
9.230088495575223817e-01 1.500623933480823376e-04
9.251474926253688835e-01 1.501512847973704261e-04
9.272861356932153853e-01 1.502675874413769990e-04
9.294247787610618872e-01 1.504113798593473804e-04
9.315634218289083890e-01 1.505827551621048753e-04
9.337020648967553349e-01 1.507818210870095056e-04
9.358407079646018367e-01 1.510087001053361192e-04
9.379793510324483385e-01 1.512635295422377283e-04
9.401179941002948404e-01 1.515464617093846892e-04
9.422566371681417863e-01 1.518576640505478730e-04
9.443952802359882881e-01 1.521973193001906915e-04
9.465339233038347899e-01 1.525656256554035846e-04
9.486725663716812917e-01 1.529627969612719904e-04
9.508112094395282377e-01 1.533890629100175863e-04
9.529498525073747395e-01 1.538446692540826669e-04
9.550884955752212413e-01 1.543298780334614547e-04
9.572271386430677431e-01 1.548449678175575241e-04
9.593657817109146890e-01 1.553902339618628648e-04
9.615044247787611909e-01 1.559659888797686677e-04
9.636430678466076927e-01 1.565725623298494377e-04
9.657817109144541945e-01 1.572103017189831794e-04
9.679203539823011404e-01 1.578795724216750396e-04
9.700589970501476422e-01 1.585807581159628726e-04
9.721976401179941440e-01 1.593142611363512306e-04
9.743362831858406459e-01 1.600805028441757479e-04
9.764749262536871477e-01 1.608799240158900366e-04
9.786135693215340936e-01 1.617129852497158505e-04
9.807522123893805954e-01 1.625801673911906491e-04
9.828908554572270972e-01 1.634819719781293733e-04
9.850294985250735991e-01 1.644189217055418021e-04
9.871681415929205450e-01 1.653915609111089851e-04
9.893067846607670468e-01 1.664004560817882003e-04
9.914454277286135486e-01 1.674461963822015118e-04
9.935840707964600504e-01 1.685293942054712972e-04
9.957227138643069964e-01 1.696506857471712093e-04
9.978613569321534982e-01 1.708107316031236766e-04
1.000000000000000000e+00 1.720102173917990895e-04
