0.000000000000000000e+00
4.022147789141181096e-02
4.017621028766699132e-02
4.068589244121905563e-02
4.217908106625720827e-02
4.307259167670744043e-02
4.244808342120865580e-02
4.167142526275882664e-02
4.223358903727750940e-02
4.108978108672341895e-02
4.102040325686285432e-02
4.128896598450756267e-02
4.175719853599868525e-02
4.238586870998841544e-02
4.251749506790906269e-02
4.112117257464857623e-02
4.096625777311602851e-02
4.115622633469306207e-02
4.073677576347559115e-02
4.107875481556957920e-02
4.062800523142360426e-02
4.049585640538896913e-02
4.061432027830083613e-02
4.061432027830083613e-02
4.061432027830083613e-02
4.071592275309902226e-02
4.071592275309902226e-02
4.071592275309902226e-02
4.076429193058422884e-02
4.076429193058422884e-02
4.076429193058422884e-02
4.066944683924408194e-02
4.066944683924408194e-02
4.066944683924408194e-02
4.066944683924408194e-02
4.066944683924408194e-02
4.066944683924408194e-02
4.066944683924408194e-02
4.066944683924408194e-02
4.066944683924408194e-02
4.066944683924408194e-02
4.066944683924408194e-02
4.066944683924408194e-02
4.066944683924408194e-02
4.066944683924408194e-02
4.066944683924408194e-02
4.066944683924408194e-02
4.066944683924408194e-02
4.066944683924408194e-02
4.066944683924408194e-02
4.066944683924408194e-02
4.066944683924408194e-02
4.066944683924408194e-02
4.066944683924408194e-02
4.076429193058422884e-02
4.076429193058422884e-02
4.076429193058422884e-02
4.076429193058422884e-02
4.076429193058422884e-02
4.076429193058422884e-02
4.076429193058422884e-02
4.076429193058422884e-02
4.076429193058422884e-02
4.076429193058422884e-02
4.070819239792330263e-02
4.070819239792330263e-02
4.070819239792330263e-02
4.070819239792330263e-02
4.070819239792330263e-02
4.070819239792330263e-02
4.070819239792330263e-02
4.052748013497609741e-02
4.052748013497609741e-02
4.052748013497609741e-02
4.052748013497609741e-02
4.052748013497609741e-02
4.052748013497609741e-02
4.052748013497609741e-02
4.052748013497609741e-02
4.052748013497609741e-02
4.052748013497609741e-02
4.052748013497609741e-02
4.052748013497609741e-02
4.052748013497609741e-02
4.052748013497609741e-02
4.052748013497609741e-02
4.052748013497609741e-02
4.052748013497609741e-02
4.052748013497609741e-02
4.052748013497609741e-02
4.052748013497609741e-02
4.052748013497609741e-02
4.052748013497609741e-02
4.052748013497609741e-02
4.052748013497609741e-02
4.052748013497609741e-02
4.052748013497609741e-02
4.052748013497609741e-02
4.052748013497609741e-02
4.052748013497609741e-02
4.052748013497609741e-02
4.052748013497609741e-02
4.052748013497609741e-02
4.052748013497609741e-02
4.052748013497609741e-02
4.052748013497609741e-02
4.052748013497609741e-02
4.052748013497609741e-02
4.052748013497609741e-02
4.052748013497609741e-02
4.052748013497609741e-02
4.052748013497609741e-02
4.052748013497609741e-02
4.052748013497609741e-02
4.052748013497609741e-02
4.052748013497609741e-02
4.052748013497609741e-02
4.052748013497609741e-02
4.052748013497609741e-02
4.052748013497609741e-02
4.052748013497609741e-02
4.052748013497609741e-02
4.052748013497609741e-02
4.052748013497609741e-02
4.052748013497609741e-02
4.052748013497609741e-02
4.052748013497609741e-02
4.052748013497609741e-02
4.052748013497609741e-02
4.052748013497609741e-02
4.052748013497609741e-02
4.052748013497609741e-02
4.052748013497609741e-02
4.052748013497609741e-02
4.052748013497609741e-02
4.052748013497609741e-02
4.052748013497609741e-02
4.052748013497609741e-02
4.052748013497609741e-02
4.052748013497609741e-02
4.052748013497609741e-02
4.052748013497609741e-02
4.052748013497609741e-02
4.052748013497609741e-02
4.052748013497609741e-02
4.052748013497609741e-02
4.052748013497609741e-02
4.052748013497609741e-02
4.052748013497609741e-02
4.052748013497609741e-02
4.052748013497609741e-02
4.052748013497609741e-02
4.052748013497609741e-02
4.052748013497609741e-02
4.052748013497609741e-02
4.052748013497609741e-02
4.052748013497609741e-02
4.052748013497609741e-02
4.052748013497609741e-02
4.052748013497609741e-02
4.052748013497609741e-02
4.052748013497609741e-02
4.052748013497609741e-02
4.052748013497609741e-02
4.052748013497609741e-02
4.052748013497609741e-02
4.052748013497609741e-02
4.052748013497609741e-02
4.052748013497609741e-02
4.052748013497609741e-02
4.052748013497609741e-02
4.052748013497609741e-02
4.052748013497609741e-02
4.052748013497609741e-02
4.052748013497609741e-02
4.052748013497609741e-02
4.052748013497609741e-02
4.052748013497609741e-02
4.052748013497609741e-02
4.052748013497609741e-02
4.052748013497609741e-02
4.052748013497609741e-02
4.052748013497609741e-02
4.052748013497609741e-02
4.052748013497609741e-02
4.052748013497609741e-02
4.052748013497609741e-02
4.052748013497609741e-02
4.052748013497609741e-02
4.052748013497609741e-02
4.052748013497609741e-02
4.052748013497609741e-02
4.052748013497609741e-02
4.052748013497609741e-02
4.052748013497609741e-02
4.052748013497609741e-02
4.052748013497609741e-02
4.052748013497609741e-02
4.052748013497609741e-02
4.052748013497609741e-02
4.052748013497609741e-02
4.052748013497609741e-02
4.052748013497609741e-02
4.052748013497609741e-02
4.052748013497609741e-02
4.052748013497609741e-02
4.052748013497609741e-02
4.052748013497609741e-02
4.052748013497609741e-02
4.052748013497609741e-02
4.052748013497609741e-02
4.052748013497609741e-02
4.052748013497609741e-02
4.052748013497609741e-02
4.052748013497609741e-02
4.052748013497609741e-02
4.052748013497609741e-02
4.052748013497609741e-02
4.052748013497609741e-02
4.052748013497609741e-02
4.052748013497609741e-02
4.052748013497609741e-02
4.052748013497609741e-02
4.052748013497609741e-02
4.052748013497609741e-02
4.052748013497609741e-02
4.052748013497609741e-02
4.052748013497609741e-02
4.052748013497609741e-02
4.052748013497609741e-02
4.052748013497609741e-02
4.052748013497609741e-02
4.052748013497609741e-02
4.052748013497609741e-02
4.052748013497609741e-02
4.052748013497609741e-02
4.052748013497609741e-02
4.052748013497609741e-02
4.052748013497609741e-02
4.052748013497609741e-02
4.052748013497609741e-02
4.052748013497609741e-02
4.052748013497609741e-02
4.052748013497609741e-02
4.052748013497609741e-02
4.052748013497609741e-02
4.052748013497609741e-02
4.052748013497609741e-02
4.052748013497609741e-02
4.052748013497609741e-02
