0.000000000000000000e+00
6.787703410295159445e-02
6.787703410295159445e-02
6.787703410295159445e-02
6.787703410295159445e-02
6.787703410295159445e-02
6.787703410295159445e-02
6.787703410295159445e-02
6.787703410295159445e-02
6.787703410295159445e-02
6.787703410295159445e-02
6.787703410295159445e-02
6.787703410295159445e-02
6.787703410295159445e-02
6.933610231207468222e-02
6.614142955745343222e-02
6.375164402781670347e-02
6.218312940805725136e-02
6.027125571446232538e-02
5.967855483962006963e-02
5.928440352132476748e-02
5.918711048312198103e-02
6.043884935578305168e-02
6.408699667933269450e-02
6.564801452409972649e-02
6.657907140414852376e-02
6.783345186871360399e-02
6.882170409698069868e-02
7.205099677889152676e-02
7.496516143727480208e-02
7.582101340209380924e-02
7.454687595596477812e-02
7.030491603822215663e-02
7.437028539423026774e-02
7.675460411177405240e-02
7.621454069258433439e-02
7.737254076096565514e-02
7.819641297624951859e-02
7.741040844655762421e-02
7.713160118978423796e-02
7.891938535734929761e-02
7.916569750832881669e-02
7.553075041429355152e-02
7.686007168224376351e-02
7.570185626121000988e-02
6.973286886993602940e-02
6.915287290383485830e-02
6.955739364553846504e-02
6.860978696909338093e-02
6.913165018457408106e-02
6.865287546101513094e-02
6.755040232392406363e-02
6.717972530408940213e-02
6.467932417562434477e-02
6.362980412871176161e-02
6.878569096799623528e-02
6.820068857122181527e-02
6.730184828562370269e-02
6.765369759387608595e-02
7.009571579669783559e-02
7.118628701813325965e-02
7.197384278114182798e-02
7.501855845743829465e-02
7.824693289175467525e-02
7.841288823714070988e-02
8.139006814441014648e-02
8.178125570630685737e-02
8.081434631882421227e-02
8.265953363832545531e-02
8.553126210834081922e-02
8.254999697627037059e-02
8.277183938757938508e-02
8.397883766375807690e-02
8.382100371518158566e-02
8.605901512472845238e-02
8.605901512472845238e-02
8.506665614941244513e-02
8.481983251963852444e-02
8.219967995743433786e-02
8.239102477483760401e-02
8.153150450169485697e-02
8.066725094305650379e-02
7.933286092106965615e-02
7.933286092106965615e-02
7.863234402168596537e-02
7.856812098480961404e-02
7.959483198472191989e-02
7.904544435601962293e-02
7.485620226227389373e-02
7.528460264521807943e-02
7.490435160682587523e-02
7.310575578245097350e-02
7.330930992501095977e-02
7.377176142251055946e-02
7.454139142984184119e-02
7.343595337308277127e-02
7.329556261972516862e-02
7.300721253576090974e-02
7.366413184016946947e-02
7.371321469300583240e-02
7.412468752892691082e-02
7.476584691215566736e-02
7.187439418248628420e-02
7.262223030187482664e-02
7.253438816475582529e-02
7.338408311563114628e-02
7.255887345832415236e-02
7.391835449352439358e-02
7.447185426246784312e-02
7.471703802392772042e-02
7.458486078082403326e-02
7.446449425930229404e-02
7.664721806964638895e-02
7.534442797283573412e-02
7.928612928895810430e-02
7.928612928895810430e-02
7.642041648908637352e-02
7.644333917404262657e-02
7.724402988700503070e-02
7.900802005020722552e-02
7.897394431256819780e-02
7.897394431256819780e-02
7.812878047028581907e-02
7.941248962761286723e-02
7.941248962761286723e-02
7.910150792240344675e-02
8.200891716622261962e-02
8.588316731484944844e-02
8.645624519082979742e-02
8.623766873487920259e-02
8.590141945271066726e-02
8.571412858009863633e-02
8.609889681970345210e-02
8.609889681970345210e-02
8.608535068275173507e-02
8.691780369998024225e-02
8.689437142904667122e-02
8.689437142904667122e-02
8.723056143946232577e-02
8.983591567987929405e-02
8.592987487161508897e-02
8.579691164494673838e-02
8.468403701559384933e-02
8.490496237393707624e-02
8.465565968488591997e-02
8.465565968488591997e-02
8.369785707119896390e-02
8.332125125044721747e-02
8.531413724142583588e-02
8.506555833034940006e-02
8.565679747219266671e-02
8.565679747219266671e-02
8.492270448566661967e-02
8.511120561254838235e-02
8.552923577987786574e-02
8.578935084841983472e-02
8.578935084841983472e-02
8.524211844291133822e-02
8.524211844291133822e-02
8.561051807785995116e-02
8.561051807785995116e-02
8.528798707844868765e-02
8.541873993356595418e-02
8.910655181817783710e-02
8.929218574231563565e-02
8.948444343777638144e-02
9.034634991966161710e-02
9.034634991966161710e-02
8.940838995584543536e-02
8.846277527234090721e-02
8.835907724100634797e-02
8.737369299293890057e-02
8.791273302236006504e-02
8.767148789144667276e-02
8.786143489637020243e-02
8.795156872820431015e-02
8.835388393948023777e-02
8.747500521107005877e-02
8.777437957595914109e-02
8.798441577701819616e-02
8.791331688792836108e-02
8.942724067846036240e-02
8.989430247843954724e-02
8.975008813230976601e-02
9.045648403085897182e-02
8.940443390460617312e-02
8.973840799488556896e-02
8.936357078917454844e-02
8.909835453081514645e-02
8.840370206825848287e-02
8.987747764327520816e-02
8.944134374045292768e-02
8.944134374045292768e-02
8.797869285005055495e-02
8.797869285005055495e-02
8.861139353429275944e-02
8.670563272704466529e-02
8.754147166441379746e-02
8.754147166441379746e-02
8.744953550466323666e-02
8.744953550466323666e-02
8.731323164872960285e-02
8.694482601621965345e-02
8.523612772512999258e-02
8.523612772512999258e-02
8.454858458834428603e-02
8.423289346135376388e-02
8.591021188382046148e-02
8.595223463765229444e-02
8.594012122842896451e-02
8.637848357332740534e-02
8.533596042084969080e-02
8.429118048731852608e-02
8.375433801268482303e-02
8.374724353200030391e-02
8.578872553580117744e-02
8.517010998884938511e-02
8.459258141801428987e-02
8.652877333853688235e-02
8.648410967122503734e-02
8.640995393556678839e-02
8.613569181422825460e-02
8.613569181422825460e-02
8.452688273065410429e-02
8.403094710819992985e-02
8.551222152247688058e-02
8.471163640328727151e-02
8.382466629515099299e-02
8.427641415414936776e-02
8.964698730796445691e-02
8.742900846717188701e-02
8.692569932901045293e-02
8.550942584263605817e-02
8.093485233763132725e-02
8.138061750473785105e-02
8.232128985063123794e-02
8.367062821793670724e-02
8.411579839822574955e-02
8.489487781737047045e-02
8.436617249925792983e-02
8.391823113747226559e-02
8.315940911264542434e-02
8.156828085264891670e-02
8.228879682191338196e-02
8.358081061235343723e-02
8.323227335708142938e-02
8.253424667897649170e-02
8.367082929560358540e-02
8.674093884108180497e-02
8.741343700745118905e-02
