1.000000000000000000e+00
1.000000000000000000e+00
1.000000000000000000e+00
1.000000000000000000e+00
1.000000000000000000e+00
1.000000000000000000e+00
1.000000000000000000e+00
1.000000000000000000e+00
1.000000000000000000e+00
1.000000000000000000e+00
1.000000000000000000e+00
1.000000000000000000e+00
1.000000000000000000e+00
1.000000000000000000e+00
9.809360227507570862e-01
9.628569894422480679e-01
9.571020493871170709e-01
9.303585895587458410e-01
9.057206843803925489e-01
8.632887127471070565e-01
8.498947737875733877e-01
8.199675820168419449e-01
7.958037988025326026e-01
7.764412581317454709e-01
7.504087881241169322e-01
7.147326597896965783e-01
6.871596549670264675e-01
6.574970804369110189e-01
6.290109131782283258e-01
6.166532030549920496e-01
5.931062153778778878e-01
5.787691336918048268e-01
5.593588461016200108e-01
5.379307218654304501e-01
5.222837331546127393e-01
5.121391862934303596e-01
5.022634596714513622e-01
4.831863862290976530e-01
4.645531966355523346e-01
4.532826437095193728e-01
4.466899981289457200e-01
4.316109000819453034e-01
4.121083656116522054e-01
4.038522812083813474e-01
3.838343640653302247e-01
3.580557378718308148e-01
3.450673107126896455e-01
3.338142157561157508e-01
3.165773458564599685e-01
3.036378197873504936e-01
2.931034300571903062e-01
2.844768952791909555e-01
2.691322139540017755e-01
2.592585138966030933e-01
2.543648005968046077e-01
2.439975481362952059e-01
2.392814162656168586e-01
2.405680711032803787e-01
2.375284864494126846e-01
2.429012395379035738e-01
2.341685106328436072e-01
2.281823295816016728e-01
2.278705710085707492e-01
2.253056814447042810e-01
2.156357956089803296e-01
2.177688762149977419e-01
2.166832108419542713e-01
2.181316231115361104e-01
2.170709840688208325e-01
2.147628101876447315e-01
2.033653896246501447e-01
1.966840744769499938e-01
1.954772918725843078e-01
1.968764161750180264e-01
2.067417718784085312e-01
2.067417718784085312e-01
2.032826897155121104e-01
1.981252032714636846e-01
1.911534906808090573e-01
1.880476614438853777e-01
1.859398271187968910e-01
1.838095811854005557e-01
1.892852113505703315e-01
1.892852113505703315e-01
1.849242183512656013e-01
1.784998597080843241e-01
1.779399886302192868e-01
1.785875858127739524e-01
1.845218369056047247e-01
1.807230906607287801e-01
1.778082603830559716e-01
1.718688605764205068e-01
1.699628699863804659e-01
1.712388194134670805e-01
1.685454116788688561e-01
1.578950426123847950e-01
1.603383806213804219e-01
1.594319759315270535e-01
1.573691977264327635e-01
1.564892465905717567e-01
1.531887950572211610e-01
1.555519927346064035e-01
1.508207160501727762e-01
1.475448052450551717e-01
1.509659170216437474e-01
1.492116116590781194e-01
1.386107338254082832e-01
1.413758468416992931e-01
1.405690506341671642e-01
1.397705768150429573e-01
1.372289014844627342e-01
1.364423816384583155e-01
1.307314035335666591e-01
1.331984660472211868e-01
1.434586799687838365e-01
1.434586799687838365e-01
1.392919600894692300e-01
1.365878372776703487e-01
1.378013763331901176e-01
1.441924460890395832e-01
1.420112745710612467e-01
1.420112745710612467e-01
1.423901333861305463e-01
1.383698206152365051e-01
1.383698206152365051e-01
1.369741619899949581e-01
1.416229310014106846e-01
1.502679956101715397e-01
1.515696903236398718e-01
1.525979033778268878e-01
1.519516511981771345e-01
1.496051484901387563e-01
1.460783696090955375e-01
1.460783696090955375e-01
1.448506953469390346e-01
1.365685937624294410e-01
1.374847688908124310e-01
1.374847688908124310e-01
1.415748143638086987e-01
1.415884193624463716e-01
1.354657272333359419e-01
1.348100452798698945e-01
1.316036440770119165e-01
1.323901639230163074e-01
1.305516472441271003e-01
1.305516472441271003e-01
1.229078015141855107e-01
1.247257199101889785e-01
1.290234641465608234e-01
1.278541331559605865e-01
1.250696297203872376e-01
1.250696297203872376e-01
1.285964086014304841e-01
1.291729538713473069e-01
1.299995171188008114e-01
1.248965039746997435e-01
1.248965039746997435e-01
1.232073232926332446e-01
1.232073232926332446e-01
1.238692727407142979e-01
1.238692727407142979e-01
1.242062731388223207e-01
1.248999133804677003e-01
1.275005532165597866e-01
1.269992115045617542e-01
1.241906341734017455e-01
1.195873592253049594e-01
1.195873592253049594e-01
1.240197828849821937e-01
1.247785636246171864e-01
1.242669084770498117e-01
1.309424791344421801e-01
1.316769301565787476e-01
1.303735587521768213e-01
1.298724934610953341e-01
1.293756643860728972e-01
1.247971716448888629e-01
1.196555365628649559e-01
1.191656831337468553e-01
1.172896616783538765e-01
1.181758660941492900e-01
1.142525183415389611e-01
1.119714063456949127e-01
1.114969607832011905e-01
1.156276716609207916e-01
1.175918663939461151e-01
1.174328288347960547e-01
1.212020167793090436e-01
1.207382723148950482e-01
1.227241002223977001e-01
1.252576913118619018e-01
1.273309892752270134e-01
1.273309892752270134e-01
1.276662293590061781e-01
1.276662293590061781e-01
1.235651184458329832e-01
1.212901836277142098e-01
1.194190927335445629e-01
1.194190927335445629e-01
1.185434947404483408e-01
1.185434947404483408e-01
1.220856514586514119e-01
1.218640411893922859e-01
1.268880212328996893e-01
1.268880212328996893e-01
1.239861120879832829e-01
1.286819168045068851e-01
1.343424657270856082e-01
1.333345591792964857e-01
1.336170998061694537e-01
1.298137751140183982e-01
1.231043138534986953e-01
1.147615872612058885e-01
1.175386950407427550e-01
1.186800927737806377e-01
1.230774965193626586e-01
1.207287000907274477e-01
1.159195316492977884e-01
1.144825189368662149e-01
1.135414354564995010e-01
1.131466840026474907e-01
1.051397762297944377e-01
1.051397762297944377e-01
1.026061851403302638e-01
1.017649215293408155e-01
9.792443087986757444e-02
9.533503485169382563e-02
9.520022750796759692e-02
9.314693230087071896e-02
1.065151520722202455e-01
1.102072110487560402e-01
1.024128562344389370e-01
1.045458087720784884e-01
1.028773967562480324e-01
1.104590837551278487e-01
1.187242873848886049e-01
1.232155581320130144e-01
1.224087619244808578e-01
1.236904797298515463e-01
1.286553841940540344e-01
1.298176936952528671e-01
1.285049312442101410e-01
1.369968939228461968e-01
1.388093703906319032e-01
1.350532330674312775e-01
1.377764471262276635e-01
1.352085340271967362e-01
1.369043581593639425e-01
1.464907723590578859e-01
1.445659741932799058e-01
