1.000000000000000000e+00
9.994891055487186149e-01
9.973049642968102591e-01
9.960822079931533901e-01
9.928157255990234242e-01
9.890613215203954978e-01
9.882298381450305147e-01
9.878404985456188392e-01
9.872944658280333741e-01
9.872944658280333741e-01
9.866594528489166516e-01
9.866594528489166516e-01
9.866594528489166516e-01
9.866594528489166516e-01
9.866594528489166516e-01
9.866594528489166516e-01
9.866594528489166516e-01
9.866594528489166516e-01
9.866594528489166516e-01
9.866594528489166516e-01
9.866594528489166516e-01
9.866594528489166516e-01
9.866594528489166516e-01
9.866594528489166516e-01
9.866594528489166516e-01
9.866594528489166516e-01
9.866594528489166516e-01
9.866594528489166516e-01
9.866594528489166516e-01
9.866594528489166516e-01
9.866594528489166516e-01
9.866594528489166516e-01
9.866594528489166516e-01
9.866594528489166516e-01
9.866594528489166516e-01
9.866594528489166516e-01
9.866594528489166516e-01
9.866594528489166516e-01
9.866594528489166516e-01
9.866594528489166516e-01
9.866594528489166516e-01
9.866594528489166516e-01
9.866594528489166516e-01
9.866594528489166516e-01
9.866594528489166516e-01
9.866594528489166516e-01
9.866594528489166516e-01
9.866594528489166516e-01
9.866594528489166516e-01
9.866594528489166516e-01
9.866594528489166516e-01
9.866594528489166516e-01
9.866594528489166516e-01
9.866594528489166516e-01
9.866594528489166516e-01
9.866594528489166516e-01
9.866594528489166516e-01
9.866594528489166516e-01
9.866594528489166516e-01
9.866594528489166516e-01
9.866594528489166516e-01
9.866594528489166516e-01
9.866594528489166516e-01
9.866594528489166516e-01
9.866594528489166516e-01
9.866594528489166516e-01
9.866594528489166516e-01
9.866594528489166516e-01
9.866594528489166516e-01
9.866594528489166516e-01
9.866594528489166516e-01
9.866594528489166516e-01
9.866594528489166516e-01
9.866594528489166516e-01
9.866594528489166516e-01
9.866594528489166516e-01
9.866594528489166516e-01
9.866594528489166516e-01
9.866594528489166516e-01
9.866594528489166516e-01
9.866594528489166516e-01
9.866594528489166516e-01
9.866594528489166516e-01
9.866594528489166516e-01
9.866594528489166516e-01
9.866594528489166516e-01
9.866594528489166516e-01
9.866594528489166516e-01
9.866594528489166516e-01
9.866594528489166516e-01
9.866594528489166516e-01
9.866594528489166516e-01
9.866594528489166516e-01
9.866594528489166516e-01
9.866594528489166516e-01
9.866594528489166516e-01
9.866594528489166516e-01
9.866594528489166516e-01
9.866594528489166516e-01
9.866594528489166516e-01
9.866594528489166516e-01
9.866594528489166516e-01
9.866594528489166516e-01
9.866594528489166516e-01
9.866594528489166516e-01
9.866594528489166516e-01
9.866594528489166516e-01
9.866594528489166516e-01
9.866594528489166516e-01
9.866594528489166516e-01
9.866594528489166516e-01
9.866594528489166516e-01
9.866594528489166516e-01
9.866594528489166516e-01
9.866594528489166516e-01
9.866594528489166516e-01
9.866594528489166516e-01
9.866594528489166516e-01
9.866594528489166516e-01
9.866594528489166516e-01
9.866594528489166516e-01
9.866594528489166516e-01
9.866594528489166516e-01
9.866594528489166516e-01
9.866594528489166516e-01
9.866594528489166516e-01
9.866594528489166516e-01
9.866594528489166516e-01
9.866594528489166516e-01
9.866594528489166516e-01
9.866594528489166516e-01
9.866594528489166516e-01
9.866594528489166516e-01
9.866594528489166516e-01
9.866594528489166516e-01
9.866594528489166516e-01
9.866594528489166516e-01
9.866594528489166516e-01
9.866594528489166516e-01
9.866594528489166516e-01
9.866594528489166516e-01
9.866594528489166516e-01
9.866594528489166516e-01
9.866594528489166516e-01
9.866594528489166516e-01
9.866594528489166516e-01
9.866594528489166516e-01
9.866594528489166516e-01
9.866594528489166516e-01
9.866594528489166516e-01
9.866594528489166516e-01
9.866594528489166516e-01
9.866594528489166516e-01
9.866594528489166516e-01
9.866594528489166516e-01
9.866594528489166516e-01
9.866594528489166516e-01
9.866594528489166516e-01
9.866594528489166516e-01
9.866594528489166516e-01
9.866594528489166516e-01
9.866594528489166516e-01
9.866594528489166516e-01
9.866594528489166516e-01
9.866594528489166516e-01
9.866594528489166516e-01
9.866594528489166516e-01
9.866594528489166516e-01
9.866594528489166516e-01
9.866594528489166516e-01
9.866594528489166516e-01
9.866594528489166516e-01
9.866594528489166516e-01
9.866594528489166516e-01
9.866594528489166516e-01
9.866594528489166516e-01
9.866594528489166516e-01
9.866594528489166516e-01
9.866594528489166516e-01
9.866594528489166516e-01
9.866594528489166516e-01
9.866594528489166516e-01
9.866594528489166516e-01
9.866594528489166516e-01
9.866594528489166516e-01
9.866594528489166516e-01
9.866594528489166516e-01
9.866594528489166516e-01
9.866594528489166516e-01
9.866594528489166516e-01
9.866594528489166516e-01
9.866594528489166516e-01
9.866594528489166516e-01
9.866594528489166516e-01
9.866594528489166516e-01
9.866594528489166516e-01
9.866594528489166516e-01
9.866594528489166516e-01
9.866594528489166516e-01
9.866594528489166516e-01
9.866594528489166516e-01
9.866594528489166516e-01
9.866594528489166516e-01
9.866594528489166516e-01
9.866594528489166516e-01
9.866594528489166516e-01
9.866594528489166516e-01
9.866594528489166516e-01
9.866594528489166516e-01
9.866594528489166516e-01
9.866594528489166516e-01
9.866594528489166516e-01
9.866594528489166516e-01
9.866594528489166516e-01
9.866594528489166516e-01
9.866594528489166516e-01
9.866594528489166516e-01
9.866594528489166516e-01
9.866594528489166516e-01
9.866594528489166516e-01
9.866594528489166516e-01
9.866594528489166516e-01
9.866594528489166516e-01
9.866594528489166516e-01
9.866594528489166516e-01
9.866594528489166516e-01
9.866594528489166516e-01
9.866594528489166516e-01
9.866594528489166516e-01
9.866594528489166516e-01
9.866594528489166516e-01
9.866594528489166516e-01
9.866594528489166516e-01
9.866594528489166516e-01
9.866594528489166516e-01
9.866594528489166516e-01
9.866594528489166516e-01
9.866594528489166516e-01
9.866594528489166516e-01
9.866594528489166516e-01
9.866594528489166516e-01
9.866594528489166516e-01
9.866594528489166516e-01
9.866594528489166516e-01
9.866594528489166516e-01
9.866594528489166516e-01
9.866594528489166516e-01
9.866594528489166516e-01
9.866594528489166516e-01
9.866594528489166516e-01
