0.000000000000000000e+00
8.897325165768055211e-02
8.906708055484631459e-02
8.903438452194506469e-02
8.898073513766074916e-02
8.880999147959518780e-02
8.850413737572286610e-02
8.835843082549869887e-02
8.838654552952891763e-02
8.838654552952891763e-02
8.835131358031315940e-02
8.835131358031315940e-02
8.835131358031315940e-02
8.835131358031315940e-02
8.835131358031315940e-02
8.835131358031315940e-02
8.835131358031315940e-02
8.835131358031315940e-02
8.835131358031315940e-02
8.835131358031315940e-02
8.835131358031315940e-02
8.835131358031315940e-02
8.835131358031315940e-02
8.835131358031315940e-02
8.835131358031315940e-02
8.835131358031315940e-02
8.835131358031315940e-02
8.835131358031315940e-02
8.835131358031315940e-02
8.835131358031315940e-02
8.835131358031315940e-02
8.835131358031315940e-02
8.835131358031315940e-02
8.835131358031315940e-02
8.835131358031315940e-02
8.835131358031315940e-02
8.835131358031315940e-02
8.835131358031315940e-02
8.835131358031315940e-02
8.835131358031315940e-02
8.835131358031315940e-02
8.835131358031315940e-02
8.835131358031315940e-02
8.835131358031315940e-02
8.835131358031315940e-02
8.835131358031315940e-02
8.835131358031315940e-02
8.835131358031315940e-02
8.835131358031315940e-02
8.835131358031315940e-02
8.835131358031315940e-02
8.835131358031315940e-02
8.835131358031315940e-02
8.835131358031315940e-02
8.835131358031315940e-02
8.835131358031315940e-02
8.835131358031315940e-02
8.835131358031315940e-02
8.835131358031315940e-02
8.835131358031315940e-02
8.835131358031315940e-02
8.835131358031315940e-02
8.835131358031315940e-02
8.835131358031315940e-02
8.835131358031315940e-02
8.835131358031315940e-02
8.835131358031315940e-02
8.835131358031315940e-02
8.835131358031315940e-02
8.835131358031315940e-02
8.835131358031315940e-02
8.835131358031315940e-02
8.835131358031315940e-02
8.835131358031315940e-02
8.835131358031315940e-02
8.835131358031315940e-02
8.835131358031315940e-02
8.835131358031315940e-02
8.835131358031315940e-02
8.835131358031315940e-02
8.835131358031315940e-02
8.835131358031315940e-02
8.835131358031315940e-02
8.835131358031315940e-02
8.835131358031315940e-02
8.835131358031315940e-02
8.835131358031315940e-02
8.835131358031315940e-02
8.835131358031315940e-02
8.835131358031315940e-02
8.835131358031315940e-02
8.835131358031315940e-02
8.835131358031315940e-02
8.835131358031315940e-02
8.835131358031315940e-02
8.835131358031315940e-02
8.835131358031315940e-02
8.835131358031315940e-02
8.835131358031315940e-02
8.835131358031315940e-02
8.835131358031315940e-02
8.835131358031315940e-02
8.835131358031315940e-02
8.835131358031315940e-02
8.835131358031315940e-02
8.835131358031315940e-02
8.835131358031315940e-02
8.835131358031315940e-02
8.835131358031315940e-02
8.835131358031315940e-02
8.835131358031315940e-02
8.835131358031315940e-02
8.835131358031315940e-02
8.835131358031315940e-02
8.835131358031315940e-02
8.835131358031315940e-02
8.835131358031315940e-02
8.835131358031315940e-02
8.835131358031315940e-02
8.835131358031315940e-02
8.835131358031315940e-02
8.835131358031315940e-02
8.835131358031315940e-02
8.835131358031315940e-02
8.835131358031315940e-02
8.835131358031315940e-02
8.835131358031315940e-02
8.835131358031315940e-02
8.835131358031315940e-02
8.835131358031315940e-02
8.835131358031315940e-02
8.835131358031315940e-02
8.835131358031315940e-02
8.835131358031315940e-02
8.835131358031315940e-02
8.835131358031315940e-02
8.835131358031315940e-02
8.835131358031315940e-02
8.835131358031315940e-02
8.835131358031315940e-02
8.835131358031315940e-02
8.835131358031315940e-02
8.835131358031315940e-02
8.835131358031315940e-02
8.835131358031315940e-02
8.835131358031315940e-02
8.835131358031315940e-02
8.835131358031315940e-02
8.835131358031315940e-02
8.835131358031315940e-02
8.835131358031315940e-02
8.835131358031315940e-02
8.835131358031315940e-02
8.835131358031315940e-02
8.835131358031315940e-02
8.835131358031315940e-02
8.835131358031315940e-02
8.835131358031315940e-02
8.835131358031315940e-02
8.835131358031315940e-02
8.835131358031315940e-02
8.835131358031315940e-02
8.835131358031315940e-02
8.835131358031315940e-02
8.835131358031315940e-02
8.835131358031315940e-02
8.835131358031315940e-02
8.835131358031315940e-02
8.835131358031315940e-02
8.835131358031315940e-02
8.835131358031315940e-02
8.835131358031315940e-02
8.835131358031315940e-02
8.835131358031315940e-02
8.835131358031315940e-02
8.835131358031315940e-02
8.835131358031315940e-02
8.835131358031315940e-02
8.835131358031315940e-02
8.835131358031315940e-02
8.835131358031315940e-02
8.835131358031315940e-02
8.835131358031315940e-02
8.835131358031315940e-02
8.835131358031315940e-02
8.835131358031315940e-02
8.835131358031315940e-02
8.835131358031315940e-02
8.835131358031315940e-02
8.835131358031315940e-02
8.835131358031315940e-02
8.835131358031315940e-02
8.835131358031315940e-02
8.835131358031315940e-02
8.835131358031315940e-02
8.835131358031315940e-02
8.835131358031315940e-02
8.835131358031315940e-02
8.835131358031315940e-02
8.835131358031315940e-02
8.835131358031315940e-02
8.835131358031315940e-02
8.835131358031315940e-02
8.835131358031315940e-02
8.835131358031315940e-02
8.835131358031315940e-02
8.835131358031315940e-02
8.835131358031315940e-02
8.835131358031315940e-02
8.835131358031315940e-02
8.835131358031315940e-02
8.835131358031315940e-02
8.835131358031315940e-02
8.835131358031315940e-02
8.835131358031315940e-02
8.835131358031315940e-02
8.835131358031315940e-02
8.835131358031315940e-02
8.835131358031315940e-02
8.835131358031315940e-02
8.835131358031315940e-02
8.835131358031315940e-02
8.835131358031315940e-02
8.835131358031315940e-02
8.835131358031315940e-02
8.835131358031315940e-02
8.835131358031315940e-02
8.835131358031315940e-02
8.835131358031315940e-02
8.835131358031315940e-02
8.835131358031315940e-02
8.835131358031315940e-02
8.835131358031315940e-02
8.835131358031315940e-02
8.835131358031315940e-02
8.835131358031315940e-02
8.835131358031315940e-02
8.835131358031315940e-02
8.835131358031315940e-02
8.835131358031315940e-02
8.835131358031315940e-02
8.835131358031315940e-02
8.835131358031315940e-02
8.835131358031315940e-02
8.835131358031315940e-02
8.835131358031315940e-02
8.835131358031315940e-02
8.835131358031315940e-02
8.835131358031315940e-02
8.835131358031315940e-02
