-7.000000000000000888e+00 9.439599011957281235e-48
-6.987389829497858251e+00 1.695001971666184043e-47
-6.974779658995713838e+00 3.038738799636896257e-47
-6.962169488493571201e+00 5.439049883313697024e-47
-6.949559317991428564e+00 9.719842455460190302e-47
-6.936949147489284151e+00 1.734210966414623621e-46
-6.924338976987141514e+00 3.089236482706408510e-46
-6.911728806484998877e+00 5.494230962144989586e-46
-6.899118635982854464e+00 9.755941888997201700e-46
-6.886508465480711827e+00 1.729569583899095426e-45
-6.873898294978569190e+00 3.061353075656626450e-45
-6.861288124476424777e+00 5.409976220983160548e-45
-6.848677953974282140e+00 9.545174020651346749e-45
-6.836067783472139503e+00 1.681430457446979619e-44
-6.823457612969995090e+00 2.957198930350073306e-44
-6.810847442467852453e+00 5.192646378257699575e-44
-6.798237271965709816e+00 9.103398167937362743e-44
-6.785627101463565403e+00 1.593400386370549676e-43
-6.773016930961422766e+00 2.784536358557581727e-43
-6.760406760459280129e+00 4.858335127982920969e-43
-6.747796589957135716e+00 8.463084025315926826e-43
-6.735186419454993079e+00 1.471893712302880975e-42
-6.722576248952850442e+00 2.555823548460640044e-42
-6.709966078450706028e+00 4.430899611981781008e-42
-6.697355907948563392e+00 7.669368165544353227e-42
-6.684745737446420755e+00 1.325360127641401933e-41
-6.672135566944276341e+00 2.286729849856476789e-41
-6.659525396442133705e+00 3.939149578459254370e-41
-6.646915225939991068e+00 6.774804100501154101e-41
-6.634305055437846654e+00 1.163315931338595574e-40
-6.621694884935704017e+00 1.994367924307335364e-40
-6.609084714433561381e+00 3.413654498844433980e-40
-6.596474543931416967e+00 5.833652162365723321e-40
-6.583864373429274330e+00 9.953325068749969556e-40
-6.571254202927131693e+00 1.695518541398801321e-39
-6.558644032424987280e+00 2.883657010176704673e-39
-6.546033861922844643e+00 4.896563304798223680e-39
-6.533423691420702006e+00 8.301295279088697973e-39
-6.520813520918557593e+00 1.405099487121463081e-38
-6.508203350416414956e+00 2.374515560901251975e-38
-6.495593179914272319e+00 4.006357528111557737e-38
-6.482983009412127906e+00 6.748871076283527800e-38
-6.470372838909985269e+00 1.135061290633057682e-37
-6.457762668407842632e+00 1.905962070388053644e-37
-6.445152497905698219e+00 3.195331795987262579e-37
-6.432542327403555582e+00 5.348406919651036921e-37
-6.419932156901412945e+00 8.937986697709630882e-37
-6.407321986399268532e+00 1.491288792717709021e-36
-6.394711815897125895e+00 2.484223121556261728e-36
-6.382101645394983258e+00 4.131675908763593181e-36
-6.369491474892838845e+00 6.860704375603672035e-36
-6.356881304390696208e+00 1.137412461350795369e-35
-6.344271133888551795e+00 1.882669482056540327e-35
-6.331660963386409158e+00 3.111265089746796087e-35
-6.319050792884266521e+00 5.133419891461336165e-35
-6.306440622382123884e+00 8.456358959336367617e-35
-6.293830451879979471e+00 1.390807057197807649e-34
-6.281220281377836834e+00 2.283795560812957036e-34
-6.268610110875692421e+00 3.744160297624906240e-34
-6.255999940373549784e+00 6.128561117479270905e-34
-6.243389769871407147e+00 1.001542758900382832e-33
-6.230779599369264510e+00 1.634132860844903842e-33
-6.218169428867120097e+00 2.662025021412440027e-33
-6.205559258364977460e+00 4.329560504261549996e-33
-6.192949087862833046e+00 7.030438459466293022e-33
-6.180338917360690409e+00 1.139798116415233736e-32
-6.167728746858547773e+00 1.844932124691555837e-32
-6.155118576356405136e+00 2.981534187285564318e-32
-6.142508405854260722e+00 4.810676403564320838e-32
-6.129898235352118085e+00 7.749602991512045878e-32
-6.117288064849973672e+00 1.246406575376425683e-31
-6.104677894347831035e+00 2.001460318471649567e-31
-6.092067723845688398e+00 3.208789447390725056e-31
-6.079457553343545761e+00 5.136206189737093468e-31
-6.066847382841401348e+00 8.208251979811718560e-31
-6.054237212339258711e+00 1.309682184747538145e-30
-6.041627041837114298e+00 2.086354861486990704e-30
-6.029016871334971661e+00 3.318313877852342346e-30
-6.016406700832829024e+00 5.269310424191664582e-30
-6.003796530330684611e+00 8.354051534280354452e-30
-5.991186359828541974e+00 1.322353500313101561e-29
-5.978576189326399337e+00 2.089801568298983897e-29
-5.965966018824254924e+00 3.297384588855203395e-29
-5.953355848322112287e+00 5.194469940276907604e-29
-5.940745677819969650e+00 8.169960571688297259e-29
-5.928135507317827013e+00 1.282938336029322460e-28
-5.915525336815682600e+00 2.011401236477317647e-28
-5.902915166313539963e+00 3.148464205526882144e-28
-5.890304995811395550e+00 4.920462592007917918e-28
-5.877694825309252913e+00 7.677507418412706304e-28
-5.865084654807110276e+00 1.196028974259980572e-27
-5.852474484304965863e+00 1.860245710999871072e-27
-5.839864313802823226e+00 2.888724254351368696e-27
-5.827254143300680589e+00 4.478669738564797632e-27
-5.814643972798536176e+00 6.932648370970405827e-27
-5.802033802296393539e+00 1.071411988939099129e-26
-5.789423631794250902e+00 1.653183394766985303e-26
-5.776813461292106489e+00 2.546787918116443177e-26
-5.764203290789963852e+00 3.917163970736922840e-26
-5.751593120287821215e+00 6.015309195915345579e-26
-5.738982949785676801e+00 9.222558189368646532e-26
-5.726372779283534165e+00 1.411731505120519162e-25
-5.713762608781391528e+00 2.157546051172958661e-25
-5.701152438279247114e+00 3.292117417529653631e-25
-5.688542267777104477e+00 5.015310715114420097e-25
-5.675932097274961841e+00 7.628298303890616701e-25
-5.663321926772818315e+00 1.158416667994671839e-24
-5.650711756270674790e+00 1.756342639148289743e-24
-5.638101585768532154e+00 2.658649092884113526e-24
-5.625491415266388628e+00 4.018094379074381969e-24
-5.612881244764245103e+00 6.062986434385716417e-24
-5.600271074262102466e+00 9.133987648906539134e-24
-5.587660903759958941e+00 1.373857265971238723e-23
-5.575050733257815416e+00 2.063147093648374908e-23
-5.562440562755672779e+00 3.093329359901283901e-23
-5.549830392253529254e+00 4.630517606274034284e-23
-5.537220221751385729e+00 6.920545563884295439e-23
-5.524610051249243092e+00 1.032662847555908271e-22
-5.511999880747099567e+00 1.538452925540744849e-22
-5.499389710244956042e+00 2.288322981668371700e-22
-5.486779539742813405e+00 3.398270104834366266e-22
-5.474169369240669880e+00 5.038554283614060330e-22
-5.461559198738526355e+00 7.458671409379383158e-22
-5.448949028236382830e+00 1.102362689419760361e-21
-5.436338857734240193e+00 1.626653479472123113e-21
-5.423728687232096668e+00 2.396476139705924821e-21
-5.411118516729953143e+00 3.524996631973874573e-21
-5.398508346227810506e+00 5.176686320577861993e-21
-5.385898175725666981e+00 7.590188334972148023e-21
-5.373288005223523456e+00 1.111119643837968937e-20
-5.360677834721380819e+00 1.623965067269377848e-20
-5.348067664219237294e+00 2.369736930279860581e-20
-5.335457493717093769e+00 3.452480223273586313e-20
-5.322847323214951132e+00 5.021921088937184493e-20
-5.310237152712807607e+00 7.293167764746912103e-20
-5.297626982210664082e+00 1.057475151408843393e-19
-5.285016811708520557e+00 1.530847041945596653e-19
-5.272406641206377920e+00 2.212590797138227745e-19
-5.259796470704234395e+00 3.192846879470191451e-19
-5.247186300202090870e+00 4.600052432657531013e-19
-5.234576129699948233e+00 6.616909376136795615e-19
-5.221965959197804708e+00 9.502881622315831842e-19
-5.209355788695661182e+00 1.362583712753516757e-18
-5.196745618193518546e+00 1.950647623216867651e-18
-5.184135447691375020e+00 2.788060679940707296e-18
-5.171525277189231495e+00 3.978628630740512927e-18
-5.158915106687088858e+00 5.668555235393939806e-18
-5.146304936184945333e+00 8.063417997843105078e-18
-5.133694765682801808e+00 1.145180094249481690e-17
-5.121084595180659171e+00 1.623813873060653166e-17
-5.108474424678515646e+00 2.298828429599044593e-17
-5.095864254176372121e+00 3.249262069916503698e-17
-5.083254083674229484e+00 4.585332216252886218e-17
-5.070643913172085959e+00 6.460479780026473386e-17
-5.058033742669942434e+00 9.087965102498278687e-17
-5.045423572167799797e+00 1.276369621472494511e-16
-5.032813401665656272e+00 1.789757586838109470e-16
-5.020203231163512747e+00 2.505647220071649285e-16
-5.007593060661370110e+00 3.502302169420324533e-16
-4.994982890159226585e+00 4.887595905653206539e-16
-4.982372719657083060e+00 6.809966541810879640e-16
-4.969762549154940423e+00 9.473330446936602611e-16
-4.957152378652796898e+00 1.315735017725243126e-15
-4.944542208150653373e+00 1.824493140277708244e-15
-4.931932037648510736e+00 2.525946262727643008e-15
-4.919321867146367211e+00 3.491516240626959699e-15
-4.906711696644223686e+00 4.818502953433923318e-15
-4.894101526142081049e+00 6.639239154284548456e-15
-4.881491355639937524e+00 9.133403258806263209e-15
-4.868881185137793999e+00 1.254455058891016241e-14
-4.856271014635651362e+00 1.720226969919051218e-14
-4.843660844133507837e+00 2.355182607074697147e-14
-4.831050673631364312e+00 3.219375420096455502e-14
-4.818440503129221675e+00 4.393664439441180239e-14
-4.805830332627078150e+00 5.986739853187842412e-14
-4.793220162124934625e+00 8.144457221466365734e-14
-4.780609991622791988e+00 1.106221722259801745e-13
-4.767999821120648463e+00 1.500135580606484716e-13
-4.755389650618504938e+00 2.031080579964448386e-13
-4.742779480116362301e+00 2.745567504050789241e-13
-4.730169309614218776e+00 3.705488307325632900e-13
-4.717559139112075250e+00 4.993064036336296061e-13
-4.704948968609932614e+00 6.717338147559901076e-13
-4.692338798107789088e+00 9.022682835649666948e-13
-4.679728627605645563e+00 1.209992270585396926e-12
-4.667118457103502926e+00 1.620085534776315038e-12
-4.654508286601359401e+00 2.165717249828607826e-12
-4.641898116099215876e+00 2.890507160758145792e-12
-4.629287945597073239e+00 3.851721217080893480e-12
-4.616677775094929714e+00 5.124413473732427257e-12
-4.604067604592786189e+00 6.806784877289037955e-12
-4.591457434090643552e+00 9.027104059656550588e-12
-4.578847263588500027e+00 1.195262943413563290e-11
-4.566237093086356502e+00 1.580109068283056349e-11
-4.553626922584213865e+00 2.085543727513478832e-11
-4.541016752082070340e+00 2.748274954675074483e-11
-4.528406581579926815e+00 3.615844344654504665e-11
-4.515796411077784178e+00 4.749719482562783276e-11
-4.503186240575640653e+00 6.229237721497571844e-11
-4.490576070073497128e+00 8.156626569864623683e-11
-4.477965899571354491e+00 1.066338298525519008e-10
-4.465355729069210966e+00 1.391836465137669731e-10
-4.452745558567067441e+00 1.813803396529978758e-10
-4.440135388064924804e+00 2.359940377792950767e-10
-4.427525217562781279e+00 3.065636750059086619e-10
-4.414915047060637754e+00 3.976026055365420450e-10
-4.402304876558495117e+00 5.148570195629125735e-10
-4.389694706056351592e+00 6.656301214540015609e-10
-4.377084535554208067e+00 8.591880545413513334e-10
-4.364474365052065430e+00 1.107267245290585317e-09
-4.351864194549921905e+00 1.424707329645849684e-09
-4.339254024047778380e+00 1.830239277965330678e-09
-4.326643853545635743e+00 2.347464944352540177e-09
-4.314033683043492218e+00 3.006072258355473413e-09
-4.301423512541348693e+00 3.843339919492548415e-09
-4.288813342039206056e+00 4.905997062242638789e-09
-4.276203171537062531e+00 6.252517299344415319e-09
-4.263593001034919006e+00 7.955943254782642014e-09
-4.250982830532776369e+00 1.010735766586376223e-08
-4.238372660030632844e+00 1.282014094821162666e-08
-4.225762489528489319e+00 1.623518345185077613e-08
-4.213152319026346682e+00 2.052725426792025744e-08
-4.200542148524203157e+00 2.591276826749484174e-08
-4.187931978022059631e+00 3.265924009060256014e-08
-4.175321807519916995e+00 4.109676922423612714e-08
-4.162711637017773469e+00 5.163196544388373898e-08
-4.150101466515629944e+00 6.476480025227100247e-08
-4.137491296013487307e+00 8.110895923567143149e-08
-4.124881125511343782e+00 1.014163743882459884e-07
-4.112270955009200257e+00 1.266067365752229451e-07
-4.099660784507057620e+00 1.578029288095583076e-07
-4.087050614004914095e+00 1.963734835617270375e-07
-4.074440443502770570e+00 2.439833548433157254e-07
-4.061830273000627933e+00 3.026545115291020742e-07
-4.049220102498484408e+00 3.748381058356001679e-07
-4.036609931996340883e+00 4.635002538892668628e-07
-4.023999761494198246e+00 5.722237880346354960e-07
-4.011389590992054721e+00 7.053287073900936106e-07
-3.998779420489911196e+00 8.680144688830897203e-07
-3.986169249987768559e+00 1.066527730579697788e-06
-3.973559079485625034e+00 1.308359687779730065e-06
-3.960948908983481509e+00 1.602477735486661644e-06
-3.948338738481338872e+00 1.959596853997806682e-06
-3.935728567979194459e+00 2.392496853063787387e-06
-3.923118397477051822e+00 2.916392429839707066e-06
-3.910508226974909185e+00 3.549363902040311972e-06
-3.897898056472764772e+00 4.312857475314269381e-06
-3.885287885970622135e+00 5.232264997427418592e-06
-3.872677715468479498e+00 6.337594345231130118e-06
-3.860067544966335085e+00 7.664242886549002881e-06
-3.847457374464192448e+00 9.253887859853609878e-06
-3.834847203962049811e+00 1.115550902030092483e-05
-3.822237033459905398e+00 1.342656050993452564e-05
-3.809626862957762761e+00 1.613431061925007327e-05
-3.797016692455620124e+00 1.935736991083844558e-05
-3.784406521953475711e+00 2.318743006475627158e-05
-3.771796351451333074e+00 2.773123776749301047e-05
-3.759186180949190437e+00 3.311282998620323044e-05
-3.746576010447046023e+00 3.947605902715800493e-05
-3.733965839944903387e+00 4.698743784774332124e-05
-3.721355669442760750e+00 5.583933814499471683e-05
-3.708745498940616336e+00 6.625357574555945422e-05
-3.696135328438473699e+00 7.848541973096923789e-05
-3.683525157936331063e+00 9.282806350118491436e-05
-3.670914987434186649e+00 1.096175975541104319e-04
-3.658304816932044012e+00 1.292385250792882074e-04
-3.645694646429901375e+00 1.521298624622502242e-04
-3.633084475927756962e+00 1.787918673977595787e-04
-3.620474305425614325e+00 2.097934374345644573e-04
-3.607864134923471688e+00 2.457802213335667850e-04
-3.595253964421327275e+00 2.874834845220079088e-04
-3.582643793919184638e+00 3.357297680702714979e-04
-3.570033623417041113e+00 3.914513779013272725e-04
-3.557423452914897588e+00 4.556977372612505011e-04
-3.544813282412754951e+00 5.296476307231419607e-04
-3.532203111910611426e+00 6.146223620612477345e-04
-3.519592941408467901e+00 7.120998411089443213e-04
-3.506982770906325264e+00 8.237296061063444086e-04
-3.494372600404181739e+00 9.513487779534588948e-04
-3.481762429902038214e+00 1.096998931132710502e-03
-3.469152259399895577e+00 1.262943852778442575e-03
-3.456542088897752052e+00 1.451688146397173487e-03
-3.443931918395608527e+00 1.665996620048427416e-03
-3.431321747893465890e+00 1.908914380372868022e-03
-3.418711577391322365e+00 2.183787533718178995e-03
-3.406101406889178840e+00 2.494284373819270935e-03
-3.393491236387036203e+00 2.844416912117920474e-03
-3.380881065884892678e+00 3.238562581987962982e-03
-3.368270895382749153e+00 3.681485922031063444e-03
-3.355660724880606516e+00 4.178360016436219460e-03
-3.343050554378462991e+00 4.734787442425792900e-03
-3.330440383876319466e+00 5.356820446330796091e-03
-3.317830213374176829e+00 6.050980041245278968e-03
-3.305220042872033304e+00 6.824273690882183552e-03
-3.292609872369889779e+00 7.684211216685262434e-03
-3.279999701867747142e+00 8.638818538940891412e-03
-3.267389531365603617e+00 9.696648838150717653e-03
-3.254779360863460091e+00 1.086679070085915313e-02
-3.242169190361317455e+00 1.215887279514685573e-02
-3.229559019859173929e+00 1.358306460571809780e-02
-3.216948849357030404e+00 1.515007274768285540e-02
-3.204338678854887767e+00 1.687113237237325078e-02
-3.191728508352744242e+00 1.875799317864984203e-02
-3.179118337850600717e+00 2.082289954966762627e-02
-3.166508167348458080e+00 2.307856434882351107e-02
-3.153897996846314555e+00 2.553813593003510449e-02
-3.141287826344171030e+00 2.821515794725391879e-02
-3.128677655842028393e+00 3.112352158663801716e-02
-3.116067485339884868e+00 3.427740989245926101e-02
-3.103457314837741343e+00 3.769123391487183561e-02
-3.090847144335598706e+00 4.137956047430203788e-02
-3.078236973833455181e+00 4.535703141333285310e-02
-3.065626803331311656e+00 4.963827429247161249e-02
-3.053016632829169019e+00 5.423780458077621935e-02
-3.040406462327025494e+00 5.916991949530921169e-02
-3.027796291824881969e+00 6.444858375436625375e-02
-3.015186121322739332e+00 7.008730762708274831e-02
-3.002575950820595807e+00 7.609901778571954989e-02
-2.989965780318452282e+00 8.249592159490327925e-02
-2.977355609816309645e+00 8.928936560323784410e-02
-2.964745439314166120e+00 9.648968913510679035e-02
-2.952135268812022595e+00 1.041060740123691125e-01
-2.939525098309879958e+00 1.121463915650818682e-01
-2.926914927807736433e+00 1.206170482152342099e-01
-2.914304757305592908e+00 1.295228310353557788e-01
-2.901694586803450271e+00 1.388667547928771062e-01
-2.889084416301306746e+00 1.486499120886007053e-01
-2.876474245799163221e+00 1.588713282813485062e-01
-2.863864075297020584e+00 1.695278229589856078e-01
-2.851253904794877059e+00 1.806138797655392758e-01
-2.838643734292733534e+00 1.921215264241160625e-01
-2.826033563790590897e+00 2.040402268030698796e-01
-2.813423393288447372e+00 2.163567868571803776e-01
-2.800813222786303847e+00 2.290552762353092187e-01
-2.788203052284161210e+00 2.421169672796429084e-01
-2.775592881782017685e+00 2.555202930492433411e-01
-2.762982711279874160e+00 2.692408258810060073e-01
-2.750372540777731523e+00 2.832512778557405020e-01
-2.737762370275587998e+00 2.975215243651083141e-01
-2.725152199773444472e+00 3.120186517789362846e-01
-2.712542029271301836e+00 3.267070299924810239e-01
-2.699931858769158310e+00 3.415484103921352932e-01
-2.687321688267014785e+00 3.565020495182651961e-01
-2.674711517764872148e+00 3.715248584274482568e-01
-2.662101347262728623e+00 3.865715774678255556e-01
-2.649491176760585098e+00 4.015949758829221450e-01
-2.636881006258442461e+00 4.165460753560439322e-01
-2.624270835756298936e+00 4.313743963025253314e-01
-2.611660665254155411e+00 4.460282254158410287e-01
-2.599050494752012774e+00 4.604549026796324607e-01
-2.586440324249869249e+00 4.746011257762508539e-01
-2.573830153747725724e+00 4.884132695570956861e-01
-2.561219983245583087e+00 5.018377179963596779e-01
-2.548609812743439562e+00 5.148212058307333194e-01
-2.535999642241296037e+00 5.273111668979509892e-01
-2.523389471739152512e+00 5.392560860301581771e-01
-2.510779301237009875e+00 5.506058512366451829e-01
-2.498169130734866350e+00 5.613121028278597047e-01
-2.485558960232722825e+00 5.713285760904741606e-01
-2.472948789730580188e+00 5.806114341230047549e-01
-2.460338619228436663e+00 5.891195874847323655e-01
-2.447728448726293138e+00 5.968149973964158583e-01
-2.435118278224150501e+00 6.036629593605311594e-01
-2.422508107722006976e+00 6.096323642389535058e-01
-2.409897937219863451e+00 6.146959340364908098e-01
-2.397287766717720814e+00 6.188304298860727304e-01
-2.384677596215577289e+00 6.220168300132109529e-01
-2.372067425713433764e+00 6.242404757699970830e-01
-2.359457255211291127e+00 6.254911841670337536e-01
-2.346847084709147602e+00 6.257633256928861742e-01
-2.334236914207004077e+00 6.250558665872312236e-01
-2.321626743704861440e+00 6.233723751231461385e-01
-2.309016573202717915e+00 6.207209918485080413e-01
-2.296406402700574390e+00 6.171143641314528194e-01
-2.283796232198431753e+00 6.125695457455991866e-01
-2.271186061696288228e+00 6.071078626094453812e-01
-2.258575891194144702e+00 6.007547461585059922e-01
-2.245965720692002066e+00 5.935395361712536566e-01
-2.233355550189858540e+00 5.854952551869995192e-01
-2.220745379687715015e+00 5.766583569412246923e-01
-2.208135209185572378e+00 5.670684514978207025e-01
-2.195525038683428853e+00 5.567680099747225331e-01
-2.182914868181285328e+00 5.458020519375690327e-01
-2.170304697679142691e+00 5.342178186729558131e-01
-2.157694527176999166e+00 5.220644356475075964e-01
-2.145084356674855641e+00 5.093925675109083340e-01
-2.132474186172713004e+00 4.962540690100777918e-01
-2.119864015670569479e+00 4.827016351491650870e-01
-2.107253845168425954e+00 4.687884538565216808e-01
-2.094643674666283317e+00 4.545678643084314352e-01
-2.082033504164139792e+00 4.400930239116189191e-01
-2.069423333661996267e+00 4.254165867661717781e-01
-2.056813163159853630e+00 4.105903962206499669e-01
-2.044202992657710105e+00 3.956651938958501979e-01
-2.031592822155566580e+00 3.806903472965414426e-01
-2.018982651653423943e+00 3.657135978565834167e-01
-2.006372481151280418e+00 3.507808309757163845e-01
-1.993762310649136893e+00 3.359358693110339744e-01
-1.981152140146994256e+00 3.212202902868070420e-01
-1.968541969644850731e+00 3.066732684872219283e-01
-1.955931799142707206e+00 2.923314433021131364e-01
-1.943321628640564569e+00 2.782288119092522494e-01
-1.930711458138421044e+00 2.643966474023438651e-01
-1.918101287636277519e+00 2.508634416144377433e-01
-1.905491117134134882e+00 2.376548719448912383e-01
-1.892880946631991357e+00 2.247937912769932267e-01
-1.880270776129847832e+00 2.123002398744305297e-01
-1.867660605627705195e+00 2.001914779701071123e-01
-1.855050435125561670e+00 1.884820376108348461e-01
-1.842440264623418145e+00 1.771837921975872587e-01
-1.829830094121275508e+00 1.663060420626908675e-01
-1.817219923619131983e+00 1.558556143532464910e-01
-1.804609753116988458e+00 1.458369754429399978e-01
-1.791999582614845821e+00 1.362523540718972026e-01
-1.779389412112702296e+00 1.271018734146990570e-01
-1.766779241610558771e+00 1.183836902990617890e-01
-1.754169071108415245e+00 1.100941398397892040e-01
-1.741558900606272609e+00 1.022278838130499939e-01
-1.728948730104129083e+00 9.477806117232472072e-02
-1.716338559601985558e+00 8.773643919767494526e-02
-1.703728389099842921e+00 8.109356387186004989e-02
-1.691118218597699396e+00 7.483890818831163971e-02
-1.678508048095555871e+00 6.896101721455027977e-02
-1.665897877593413234e+00 6.344764885848713787e-02
-1.653287707091269709e+00 5.828590941179910556e-02
-1.640677536589126184e+00 5.346238307258201206e-02
-1.628067366086983547e+00 4.896325477663784204e-02
-1.615457195584840022e+00 4.477442579169416820e-02
-1.602847025082696497e+00 4.088162164983127206e-02
-1.590236854580553860e+00 3.727049210932836115e-02
-1.577626684078410335e+00 3.392670294672803927e-02
-1.565016513576266810e+00 3.083601948240769983e-02
-1.552406343074124173e+00 2.798438183743084604e-02
-1.539796172571980648e+00 2.535797200551706890e-02
-1.527186002069837123e+00 2.294327290114621040e-02
-1.514575831567694486e+00 2.072711961292717994e-02
-1.501965661065550961e+00 1.869674315034370107e-02
-1.489355490563407436e+00 1.683980702192947043e-02
-1.476745320061264799e+00 1.514443702402022869e-02
-1.464135149559121274e+00 1.359924465180602053e-02
-1.451524979056977749e+00 1.219334456887976627e-02
-1.438914808554835112e+00 1.091636658832725870e-02
-1.426304638052691587e+00 9.758462628195508498e-03
-1.413694467550548062e+00 8.710309107505986165e-03
-1.401084297048405425e+00 7.763105246477508721e-03
-1.388474126546261900e+00 6.908567726949195291e-03
-1.375863956044118375e+00 6.138922156797148831e-03
-1.363253785541975738e+00 5.446891766080154754e-03
-1.350643615039832213e+00 4.825683743362780935e-03
-1.338033444537688688e+00 4.268973598764761422e-03
-1.325423274035546051e+00 3.770887916355707570e-03
-1.312813103533402526e+00 3.325985833106201266e-03
-1.300202933031259001e+00 2.929239555215454489e-03
-1.287592762529116364e+00 2.576014195732591328e-03
-1.274982592026972839e+00 2.262047190381299804e-03
-1.262372421524829313e+00 1.983427521753113217e-03
-1.249762251022686677e+00 1.736574955871755289e-03
-1.237152080520543151e+00 1.518219469819703880e-03
-1.224541910018399626e+00 1.325381024883434330e-03
-1.211931739516256989e+00 1.155349816696653407e-03
-1.199321569014113464e+00 1.005667112281744035e-03
-1.186711398511969939e+00 8.741067638110526375e-04
-1.174101228009827302e+00 7.586574703967918689e-04
-1.161491057507683777e+00 6.575058423098911753e-04
-1.148880887005540252e+00 5.690203067298658414e-04
-1.136270716503397615e+00 4.917358804239414143e-04
-1.123660546001254090e+00 4.243398226078095377e-04
-1.111050375499110565e+00 3.656581705974255511e-04
-1.098440204996967928e+00 3.146431516521502316e-04
-1.085830034494824403e+00 2.703614565558411969e-04
-1.073219863992680878e+00 2.319833538947380905e-04
-1.060609693490538241e+00 1.987726185760067149e-04
-1.047999522988394716e+00 1.700772437913942493e-04
-1.035389352486251191e+00 1.453209022675246078e-04
-1.022779181984108554e+00 1.239951201595767953e-04
-1.010169011481965029e+00 1.056521252421375404e-04
-9.975588409798215039e-01 8.989833003595787159e-05
-9.849486704776788670e-01 7.638841009304642290e-05
-9.723384999755353419e-01 6.481993776033916619e-05
-9.597283294733918169e-01 5.492853227493976119e-05
-9.471181589712491800e-01 4.648348793850568949e-05
-9.345079884691056549e-01 3.928384330762068493e-05
-9.218978179669621298e-01 3.315485576003375300e-05
-9.092876474648186047e-01 2.794484739878280231e-05
-8.966774769626759678e-01 2.352238998889115572e-05
-8.840673064605324427e-01 1.977379844170649076e-05
-8.714571359583889176e-01 1.660090423299418274e-05
-8.588469654562462807e-01 1.391908203064039640e-05
-8.462367949541027556e-01 1.165550468940779470e-05
-8.336266244519592306e-01 9.747603621111980264e-06
-8.210164539498165936e-01 8.141713350598813172e-06
-8.084062834476730686e-01 6.791880806429251072e-06
-7.957961129455295435e-01 5.658821558962644042e-06
-7.831859424433869066e-01 4.709006799292398242e-06
-7.705757719412433815e-01 3.913866344495137992e-06
-7.579656014390998564e-01 3.249094354401936619e-06
-7.453554309369572195e-01 2.694045750969154030e-06
-7.327452604348136944e-01 2.231212543296329599e-06
-7.201350899326701693e-01 1.845770380690263764e-06
-7.075249194305275324e-01 1.525186685252698416e-06
-6.949147489283840073e-01 1.258882657463605918e-06
-6.823045784262404823e-01 1.037942306961015831e-06
-6.696944079240978454e-01 8.548624404729990565e-07
-6.570842374219543203e-01 7.033382442470742495e-07
-6.444740669198107952e-01 5.780797341392520976e-07
-6.318638964176681583e-01 4.746549176483240215e-07
-6.192537259155246332e-01 3.893560234806537825e-07
-6.066435554133811081e-01 3.190856104950296562e-07
-5.940333849112384712e-01 2.612597737582764628e-07
-5.814232144090949461e-01 2.137260254099187383e-07
-5.688130439069514210e-01 1.746937463415512601e-07
-5.562028734048087841e-01 1.426753853589514061e-07
-5.435927029026652590e-01 1.164368292741459331e-07
-5.309825324005217340e-01 9.495558377019397243e-08
-5.183723618983790971e-01 7.738559413003725098e-08
-5.057621913962355720e-01 6.302769999823025433e-08
-4.931520208940920469e-01 5.130486197173360810e-08
-4.805418503919494100e-01 4.174142246981110423e-08
-4.679316798898058849e-01 3.394577125610316594e-08
-4.553215093876623598e-01 2.759587920059186985e-08
-4.427113388855197229e-01 2.242724419125683129e-08
-4.301011683833761978e-01 1.822286215884590126e-08
-4.174909978812326727e-01 1.480489541014689120e-08
-4.048808273790900358e-01 1.202776115974693819e-08
-3.922706568769465107e-01 9.772406443568820737e-09
-3.796604863748029857e-01 7.941572490845408815e-09
-3.670503158726603488e-01 6.455883004589126868e-09
-3.544401453705168237e-01 5.250617424743312845e-09
-3.418299748683732986e-01 4.273052796026050533e-09
-3.292198043662306617e-01 3.480276919923952149e-09
-3.166096338640871366e-01 2.837391545988742652e-09
-3.039994633619436115e-01 2.316037891839888848e-09
-2.913892928598009746e-01 1.893188154207164656e-09
-2.787791223576574495e-01 1.550156212253319421e-09
-2.661689518555139244e-01 1.271788710373498777e-09
-2.535587813533712875e-01 1.045804381446730534e-09
-2.409486108512277625e-01 8.622550388650154614e-10
-2.283384403490842374e-01 7.130863019651212195e-10
-2.157282698469416005e-01 5.917799738976568156e-10
-2.031180993447980754e-01 4.930631900428947894e-10
-1.907296212577645478e-01 4.139478726273578831e-10
-1.790751809198734557e-01 3.527264280429254643e-10
-1.681328766829025823e-01 3.048622700245152032e-10
-1.578591939883211837e-01 2.670077740946597689e-10
-1.482132772030496648e-01 2.367503981714197082e-10
-1.391567671477560997e-01 2.123287178691632157e-10
-1.306536485528615454e-01 1.924406520453579818e-10
-1.226701068356443602e-01 1.761122371303293288e-10
-1.151743936288669723e-01 1.626066983672915225e-10
-1.081367005261812397e-01 1.513606822449106284e-10
-1.015290405422311915e-01 1.419390203199626693e-10
-9.532513681604738720e-02 1.340022847116312902e-10
-8.950031811513789459e-02 1.272832723707054124e-10
-8.403142072473115953e-02 1.215697886778654457e-10
-7.889669633199995757e-02 1.166919209257522202e-10
-7.407572553895482026e-02 1.125125434440447397e-10
-6.954933666007066806e-02 1.089201706130714686e-10
-6.529952948172380867e-02 1.058235310550967870e-10
-6.130940368025181858e-02 1.031474144701148215e-10
-5.756309161397969026e-02 1.008294672658941690e-10
-5.404569522193657799e-02 9.881770117679186340e-11
-5.074322677833183887e-02 9.706854178244146190e-11
-4.764255326718694339e-02 9.554528888662366239e-11
-4.473134415591366320e-02 9.421689333523296848e-11
-4.199802236014917034e-02 9.305697865182076549e-11
-3.943171820485173729e-02 9.204305336202585506e-11
-3.702222619856760516e-02 9.115587282602648249e-11
-3.475996444897584692e-02 9.037891904677323005e-11
-3.263593655831751456e-02 8.969797415830655387e-11
-3.064169584717604811e-02 8.910076875987920617e-11
-2.876931176433708895e-02 8.857669040807202435e-11
-2.701133834915109624e-02 8.811654074550245432e-11
-2.536078462097863737e-02 8.771233217642689924e-11
-2.381108677796769241e-02 8.735711687720320836e-11
-2.235608209460499679e-02 8.704484238736478492e-11
-2.098998441423788677e-02 8.677022916471449563e-11
-1.970736113910750986e-02 8.652866638042080599e-11
-1.850311162639044910e-02 8.631612293396291152e-11
-1.737244690433337180e-02 8.612907122566513739e-11
-1.631087062781888183e-02 8.596442166904121090e-11
-1.531416119762810286e-02 8.581946628107037188e-11
-1.437835497229224616e-02 8.569182997496488762e-11
-1.349973050577157364e-02 8.557942841164061194e-11
-1.267479374828037013e-02 8.548043145443773386e-11
-1.190026415140387275e-02 8.539323142546860635e-11
-1.117306162225225469e-02 8.531641548823527946e-11
-1.049029427477177374e-02 8.524874158533309277e-11
-9.849246929502866038e-03 8.518911744633092221e-11
-9.247370316051994887e-03 8.513658225278215010e-11
-8.682270935339195597e-03 8.509029060736320645e-11
-8.151701541304996398e-03 8.504949850456925300e-11
-7.653552204225974771e-03 8.501355104289501491e-11
-7.185841920100037063e-03 8.498187165440190606e-11
-6.746710732733945948e-03 8.495395265810081908e-11
-6.334412337204842376e-03 8.492934696962695106e-11
-5.947307135282262590e-03 8.490766082191125285e-11
-5.583855715193143839e-03 8.488854737062633695e-11
-5.242612729801200168e-03 8.487170107459635581e-11
-4.922221148855803613e-03 8.485685275546649318e-11
-4.621406862452884928e-03 8.484376525315190242e-11
-4.338973614247355545e-03 8.483222960414321892e-11
-4.073798244268176869e-03 8.482206167889897995e-11
-3.824826222417472815e-03 8.481309922253800406e-11
-3.591067454892035368e-03 8.480519924994182770e-11
-3.371592346850472034e-03 8.479823575243574796e-11
-3.165528105668122608e-03 8.479209767847613163e-11
-2.972055270078842893e-03 8.478668715535742350e-11
-2.790404451401243442e-03 8.478191792299593353e-11
-2.619853273889739126e-03 8.477771395435076051e-11
-2.459723502043294555e-03 8.477400824012436213e-11
-2.309378343447928035e-03 8.477074171810489638e-11
-2.168219916426995363e-03 8.476786232985618469e-11
-2.035686872428882702e-03 8.476532418956086813e-11
-1.911252163696946192e-03 8.476308685164459324e-11
-1.794420947344431763e-03 8.476111466540156861e-11
-1.684728617499294890e-03 8.475937620626909371e-11
-1.581738957693386684e-03 8.475784377462469912e-11
-1.485042406148618429e-03 8.475649295407723115e-11
-1.394254427061488973e-03 8.475530222217144764e-11
-1.309013981409089993e-03 8.475425260728835033e-11
-1.228982091195453740e-03 8.475332738624231228e-11
-1.153840491428526288e-03 8.475251181775027545e-11
-1.083290364467113165e-03 8.475179290750524472e-11
-1.017051151704679570e-03 8.475115920111427860e-11
-9.548594378642998991e-04 8.475060060158090605e-11
-8.964679034679587247e-04 8.475010820843109900e-11
-8.416443413144891576e-04 8.474967417590876927e-11
-7.901707330548732918e-04 8.474929158798222526e-11
-7.418423821927417998e-04 8.474895434816249942e-11
-6.964671000622763746e-04 8.474865708238845399e-11
-6.538644415463101345e-04 8.474839505341498347e-11
-6.138649874953195544e-04 8.474816408534966340e-11
-5.763096709937077546e-04 8.474796049713711517e-11
-5.410491447940707658e-04 8.474778104391884117e-11
-5.079431874039339089e-04 8.474762286534760678e-11
-4.768601454631505969e-04 8.474748344002312690e-11
-4.476764101943878299e-04 8.474736054533137445e-11
-4.202759258447686459e-04 8.474725222203889785e-11
-3.945497281637799845e-04 8.474715674308365844e-11
-3.703955110821903832e-04 8.474707258606419235e-11
-3.477172198687347553e-04 8.474699840899075912e-11
-3.264246691466341703e-04 8.474693302890417050e-11
-3.064331842509692436e-04 8.474687540303472275e-11
-2.876632645006474724e-04 8.474682461219039373e-11
-2.700402670458676067e-04 8.474677984611033061e-11
-2.534941100338807115e-04 8.474674039056300362e-11
-2.379589939125882462e-04 8.474670561595908270e-11
-2.233731397636618432e-04 8.474667496733038990e-11
-2.096785436246481258e-04 8.474664795548030764e-11
-1.968207458230403738e-04 8.474662414919309440e-11
-1.847486144050079770e-04 8.474660316836405926e-11
-1.734141417975726429e-04 8.474658467794043809e-11
-1.627722538955931274e-04 8.474656838258373919e-11
-1.527806308143372189e-04 8.474655402196335708e-11
-1.433995385948514170e-04 8.474654136660791269e-11
-1.345916711928507147e-04 8.474653021424890831e-11
-1.263220021227506255e-04 8.474652038659542113e-11
-1.185576451668948804e-04 8.474651172649282829e-11
-1.112677235960431003e-04 8.474650409541924136e-11
-1.044232473810362147e-04 8.474649737127588720e-11
-9.799699790736354202e-05 8.474649144644060985e-11
-9.196341973416139544e-05 8.474648622605224619e-11
-8.629851896719176359e-05 8.474648162649896630e-11
-8.097976784167412539e-05 8.474647757408379852e-11
-7.598601513551331310e-05 8.474647400384959352e-11
-7.129740205665540287e-05 8.474647085854321321e-11
-6.689528327009240302e-05 8.474646808770300840e-11
-6.276215275045356852e-05 8.474646564685221425e-11
-5.888157416531500463e-05 8.474646349679109050e-11
-5.523811551239205268e-05 8.474646160296951789e-11
-5.181728775067791524e-05 8.474645993493683256e-11
-4.860548718147756638e-05 8.474645846585717581e-11
-4.558994135021126844e-05 8.474645717207740847e-11
-4.275865825384858419e-05 8.474645603275254035e-11
-4.010037865198160146e-05 8.474645502951129071e-11
-3.760453129189908716e-05 8.474645414616517918e-11
-3.526119086959958525e-05 8.474645336844512050e-11
-3.306103855956327154e-05 8.474645268377803397e-11
-3.099532495632644548e-05 8.474645208108414547e-11
-2.905583528048395544e-05 8.474645155059887223e-11
-2.723485671075096226e-05 8.474645108371792028e-11
-2.552514771217800657e-05 8.474645067285980449e-11
-2.391990923854284747e-05 8.474645031134416254e-11
-2.241275769439721272e-05 8.474644999328459624e-11
-2.099769954925015053e-05 8.474644971349377842e-11
-1.966910750293300909e-05 8.474644946740223414e-11
-1.842169810736080741e-05 8.474644925098451478e-11
-1.725051075570132930e-05 8.474644906069179581e-11
-1.615088795539561633e-05 8.474644889340099219e-11
-1.511845680657980123e-05 8.474644874635779929e-11
-1.414911161225593266e-05 8.474644861713822894e-11
-1.323899755105558475e-05 8.474644850360462671e-11
-1.238449534766613459e-05 8.474644840387703080e-11
-1.158220687996078599e-05 8.474644831629712502e-11
-1.082894166559426607e-05 8.474644823940643486e-11
-1.012170417432434343e-05 8.474644817191817747e-11
-9.457681915605696142e-06 8.474644811270119630e-11
-8.834234254082606896e-06 8.474644806075828634e-11
-8.248881908502043135e-06 8.474644801521213207e-11
-7.699297092288845179e-06 8.474644797529075427e-11
-7.183294256573823982e-06 8.474644794031280168e-11
-6.698821398861734940e-06 8.474644790967942139e-11
-6.243951902777456888e-06 8.474644788286465578e-11
-5.816876876438485798e-06 8.474644785940391368e-11
-5.415897958985060038e-06 8.474644783888863249e-11
-5.039420566662596439e-06 8.474644782096022942e-11
-4.685947551597296836e-06 8.474644780530226911e-11
-4.354073248047161842e-06 8.474644779163774945e-11
-4.042477882453245495e-06 8.474644777972071346e-11
-3.749922325059951160e-06 8.474644776933737373e-11
-3.475243162234227762e-06 8.474644776029804739e-11
-3.217348069887064443e-06 8.474644775243654870e-11
-2.975211469598384632e-06 8.474644774560716462e-11
-2.747870450171603521e-06 8.474644773968101006e-11
-2.534420938398601179e-06 8.474644773454518781e-11
-2.334014103807039897e-06 8.474644773010154771e-11
-2.145852983093271333e-06 8.474644772626217598e-11
-1.969189310816785935e-06 8.474644772295089444e-11
-1.803320543752548581e-06 8.474644772010057222e-11
-1.647587067068355029e-06 8.474644771765309988e-11
-1.501369571216668681e-06 8.474644771555577051e-11
-1.364086589109387048e-06 8.474644771376404561e-11
-1.235192183781944781e-06 8.474644771223818172e-11
-1.114173777351006344e-06 8.474644771094293320e-11
-1.000550112631961414e-06 8.474644770984910316e-11
-8.938693393104654022e-07 8.474644770892810218e-11
-7.937072170570570337e-07 8.474644770815824260e-11
-6.996654284390261791e-07 8.474644770751875443e-11
-6.113699949207071113e-07 8.474644770699125877e-11
-5.284697896529079203e-07 8.474644770656102146e-11
-4.506351411371571005e-07 8.474644770621386409e-11
-3.775565222121384326e-07 8.474644770593838710e-11
-3.089433191486484405e-07 8.474644770572401807e-11
-2.445226759580218821e-07 8.474644770556142538e-11
-1.840384093183425875e-07 8.474644770544309978e-11
-1.272499898032904365e-07 8.474644770536241090e-11
-7.393158536218592144e-08 8.474644770531394328e-11
-2.387116324756687046e-08 8.474644770529136384e-11
2.387116324756687046e-08 8.474644770529136384e-11
7.393158536217865548e-08 8.474644770531394328e-11
1.272499898032904365e-07 8.474644770536241090e-11
1.840384093183425875e-07 8.474644770544309978e-11
2.445226759580130942e-07 8.474644770556142538e-11
3.089433191486484405e-07 8.474644770572401807e-11
3.775565222121384326e-07 8.474644770593838710e-11
4.506351411371465126e-07 8.474644770621386409e-11
5.284697896529079203e-07 8.474644770656102146e-11
6.113699949207071113e-07 8.474644770699125877e-11
6.996654284390133677e-07 8.474644770751875443e-11
7.937072170570570337e-07 8.474644770815824260e-11
8.938693393104654022e-07 8.474644770892810218e-11
1.000550112631946167e-06 8.474644770984910316e-11
1.114173777351006344e-06 8.474644771094293320e-11
1.235192183781944781e-06 8.474644771223818172e-11
1.364086589109368413e-06 8.474644771376404561e-11
1.501369571216668681e-06 8.474644771555577051e-11
1.647587067068355029e-06 8.474644771765309988e-11
1.803320543752526134e-06 8.474644772010057222e-11
1.969189310816785935e-06 8.474644772295089444e-11
2.145852983093271333e-06 8.474644772626217598e-11
2.334014103807012369e-06 8.474644773010154771e-11
2.534420938398601179e-06 8.474644773454518781e-11
2.747870450171603521e-06 8.474644773968101006e-11
2.975211469598351597e-06 8.474644774560716462e-11
3.217348069887064443e-06 8.474644775243654870e-11
3.475243162234227762e-06 8.474644776029804739e-11
3.749922325059911349e-06 8.474644776933737373e-11
4.042477882453245495e-06 8.474644777972071346e-11
4.354073248047161842e-06 8.474644779163774945e-11
4.685947551597248555e-06 8.474644780530226911e-11
5.039420566662596439e-06 8.474644782096022942e-11
5.415897958985004981e-06 8.474644783888863249e-11
5.816876876438427352e-06 8.474644785940391368e-11
6.243951902777456888e-06 8.474644788286465578e-11
6.698821398861668871e-06 8.474644790967942139e-11
7.183294256573753678e-06 8.474644794031280168e-11
7.699297092288845179e-06 8.474644797529075427e-11
8.248881908501963514e-06 8.474644801521213207e-11
8.834234254082522193e-06 8.474644806075828634e-11
9.457681915605696142e-06 8.474644811270119630e-11
1.012170417432424687e-05 8.474644817191817747e-11
1.082894166559416273e-05 8.474644823940643486e-11
1.158220687996078599e-05 8.474644831629712502e-11
1.238449534766601939e-05 8.474644840387703080e-11
1.323899755105545939e-05 8.474644850360462671e-11
1.414911161225593266e-05 8.474644861713822894e-11
1.511845680657965724e-05 8.474644874635779929e-11
1.615088795539546725e-05 8.474644889340099219e-11
1.725051075570132930e-05 8.474644906069179581e-11
1.842169810736063801e-05 8.474644925098451478e-11
1.966910750293282952e-05 8.474644946740223414e-11
2.099769954925015053e-05 8.474644971349377842e-11
2.241275769439700604e-05 8.474644999328459624e-11
2.391990923854262385e-05 8.474645031134416254e-11
2.552514771217800657e-05 8.474645067285980449e-11
2.723485671075071492e-05 8.474645108371792028e-11
2.905583528048369117e-05 8.474645155059887223e-11
3.099532495632644548e-05 8.474645208108414547e-11
3.306103855956297338e-05 8.474645268377803397e-11
3.526119086959926676e-05 8.474645336844512050e-11
3.760453129189908716e-05 8.474645414616517918e-11
4.010037865198123555e-05 8.474645502951129071e-11
4.275865825384819795e-05 8.474645603275254035e-11
4.558994135021126844e-05 8.474645717207740847e-11
4.860548718147712592e-05 8.474645846585717581e-11
5.181728775067744768e-05 8.474645993493683256e-11
5.523811551239205268e-05 8.474646160296951789e-11
5.888157416531447608e-05 8.474646349679109050e-11
6.276215275045299931e-05 8.474646564685221425e-11
6.689528327009240302e-05 8.474646808770300840e-11
7.129740205665476590e-05 8.474647085854321321e-11
7.598601513551263547e-05 8.474647400384959352e-11
8.097976784167412539e-05 8.474647757408379852e-11
8.629851896719099109e-05 8.474648162649896630e-11
9.196341973416056873e-05 8.474648622605224619e-11
9.799699790736354202e-05 8.474649144644060985e-11
1.044232473810352796e-04 8.474649737127588720e-11
1.112677235960420974e-04 8.474650409541924136e-11
1.185576451668948804e-04 8.474651172649282829e-11
1.263220021227494871e-04 8.474652038659542113e-11
1.345916711928494950e-04 8.474653021424890831e-11
1.433995385948514170e-04 8.474654136660791269e-11
1.527806308143358637e-04 8.474655402196335708e-11
1.627722538955916909e-04 8.474656838258373919e-11
1.734141417975726429e-04 8.474658467794043809e-11
1.847486144050063236e-04 8.474660316836405926e-11
1.968207458230386390e-04 8.474662414919309440e-11
2.096785436246481258e-04 8.474664795548030764e-11
2.233731397636598375e-04 8.474667496733038990e-11
2.379589939125861320e-04 8.474670561595908270e-11
2.534941100338807115e-04 8.474674039056300362e-11
2.700402670458652214e-04 8.474677984611033061e-11
2.876632645006474724e-04 8.474682461219039373e-11
3.064331842509692436e-04 8.474687540303472275e-11
3.264246691466312429e-04 8.474693302890417050e-11
3.477172198687347553e-04 8.474699840899075912e-11
3.703955110821903832e-04 8.474707258606419235e-11
3.945497281637764609e-04 8.474715674308365844e-11
4.202759258447686459e-04 8.474725222203889785e-11
4.476764101943878299e-04 8.474736054533137445e-11
4.768601454631463685e-04 8.474748344002312690e-11
5.079431874039339089e-04 8.474762286534760678e-11
5.410491447940683806e-04 8.474778104391884117e-11
5.763096709937052609e-04 8.474796049713711517e-11
6.138649874953195544e-04 8.474816408534966340e-11
6.538644415463072072e-04 8.474839505341498347e-11
6.964671000622733388e-04 8.474865708238845399e-11
7.418423821927417998e-04 8.474895434816249942e-11
7.901707330548697139e-04 8.474929158798222526e-11
8.416443413144852545e-04 8.474967417590876927e-11
8.964679034679587247e-04 8.475010820843109900e-11
9.548594378642956708e-04 8.475060060158090605e-11
1.017051151704675017e-03 8.475115920111427860e-11
1.083290364467113165e-03 8.475179290750524472e-11
1.153840491428521084e-03 8.475251181775027545e-11
1.228982091195448319e-03 8.475332738624231228e-11
1.309013981409089993e-03 8.475425260728835033e-11
1.394254427061482901e-03 8.475530222217144764e-11
1.485042406148611707e-03 8.475649295407723115e-11
1.581738957693386684e-03 8.475784377462469912e-11
1.684728617499287517e-03 8.475937620626909371e-11
1.794420947344423523e-03 8.476111466540156861e-11
1.911252163696946192e-03 8.476308685164459324e-11
2.035686872428873594e-03 8.476532418956086813e-11
2.168219916426985822e-03 8.476786232985618469e-11
2.309378343447928035e-03 8.477074171810489638e-11
2.459723502043281544e-03 8.477400824012436213e-11
2.619853273889716141e-03 8.477771395435076051e-11
2.790404451401243442e-03 8.478191792299593353e-11
2.972055270078832485e-03 8.478668715535742350e-11
3.165528105668094852e-03 8.479209767847613163e-11
3.371592346850472034e-03 8.479823575243574796e-11
3.591067454892016286e-03 8.480519924994182770e-11
3.824826222417438987e-03 8.481309922253800406e-11
4.073798244268176869e-03 8.482206167889897995e-11
4.338973614247340800e-03 8.483222960414321892e-11
4.621406862452843295e-03 8.484376525315190242e-11
4.922221148855803613e-03 8.485685275546649318e-11
5.242612729801172412e-03 8.487170107459635581e-11
5.583855715193094399e-03 8.488854737062633695e-11
5.947307135282262590e-03 8.490766082191125285e-11
6.334412337204820692e-03 8.492934696962695106e-11
6.746710732733886100e-03 8.495395265810081908e-11
7.185841920100037063e-03 8.498187165440190606e-11
7.653552204225934005e-03 8.501355104289501491e-11
8.151701541304925275e-03 8.504949850456925300e-11
8.682270935339195597e-03 8.509029060736320645e-11
9.247370316051963662e-03 8.513658225278215010e-11
9.849246929502777567e-03 8.518911744633092221e-11
1.049029427477177374e-02 8.524874158533309277e-11
1.117306162225219397e-02 8.531641548823527946e-11
1.190026415140376694e-02 8.539323142546860635e-11
1.267479374828037013e-02 8.548043145443773386e-11
1.349973050577152334e-02 8.557942841164061194e-11
1.437835497229211779e-02 8.569182997496488762e-11
1.531416119762810286e-02 8.581946628107037188e-11
1.631087062781879510e-02 8.596442166904121090e-11
1.737244690433321567e-02 8.612907122566482719e-11
1.850311162639044910e-02 8.631612293396291152e-11
1.970736113910743700e-02 8.652866638042080599e-11
2.098998441423769942e-02 8.677022916471449563e-11
2.235608209460499679e-02 8.704484238736478492e-11
2.381108677796757098e-02 8.735711687720320836e-11
2.536078462097841185e-02 8.771233217642658905e-11
2.701133834915109624e-02 8.811654074550245432e-11
2.876931176433698834e-02 8.857669040807170124e-11
3.064169584717577749e-02 8.910076875987920617e-11
3.263593655831751456e-02 8.969797415830655387e-11
3.475996444897566651e-02 9.037891904677323005e-11
3.702222619856727903e-02 9.115587282602615938e-11
3.943171820485173729e-02 9.204305336202585506e-11
4.199802236014902462e-02 9.305697865182076549e-11
4.473134415591326768e-02 9.421689333523296848e-11
4.764255326718694339e-02 9.554528888662366239e-11
5.074322677833156825e-02 9.706854178244112586e-11
5.404569522193609227e-02 9.881770117679186340e-11
5.756309161397969026e-02 1.008294672658941690e-10
6.130940368025160347e-02 1.031474144701148215e-10
6.529952948172323968e-02 1.058235310550964122e-10
6.954933666007066806e-02 1.089201706130714686e-10
7.407572553895443168e-02 1.125125434440443391e-10
7.889669633199926368e-02 1.166919209257518066e-10
8.403142072473115953e-02 1.215697886778654457e-10
8.950031811513757540e-02 1.272832723707049730e-10
9.532513681604654066e-02 1.340022847116298685e-10
1.015290405422311915e-01 1.419390203199626693e-10
1.081367005261806707e-01 1.513606822449095686e-10
1.151743936288659592e-01 1.626066983672903593e-10
1.226701068356443602e-01 1.761122371303293288e-10
1.306536485528610736e-01 1.924406520453566118e-10
1.391567671477548507e-01 2.123287178691609668e-10
1.482132772030496648e-01 2.367503981714197082e-10
1.578591939883203232e-01 2.670077740946569255e-10
1.681328766829011112e-01 3.048622700245097748e-10
1.790751809198728173e-01 3.527264280429229311e-10
1.907296212577638539e-01 4.139478726273534370e-10
2.031180993447962990e-01 4.930631900428808307e-10
2.157282698469407123e-01 5.917799738976484404e-10
2.283384403490833492e-01 7.130863019651110865e-10
2.409486108512259861e-01 8.622550388649909561e-10
2.535587813533703994e-01 1.045804381446723090e-09
2.661689518555130363e-01 1.271788710373480579e-09
2.787791223576556732e-01 1.550156212253275374e-09
2.913892928598000864e-01 1.893188154207124124e-09
3.039994633619427233e-01 2.316037891839864446e-09
3.166096338640853602e-01 2.837391545988662002e-09
3.292198043662297735e-01 3.480276919923902931e-09
3.418299748683724104e-01 4.273052796025974433e-09
3.544401453705150473e-01 5.250617424743144927e-09
3.670503158726594606e-01 6.455883004589035051e-09
3.796604863748020975e-01 7.941572490845268194e-09
3.922706568769447344e-01 9.772406443568577546e-09
4.048808273790891477e-01 1.202776115974672478e-08
4.174909978812317846e-01 1.480489541014673403e-08
4.301011683833744215e-01 1.822286215884544796e-08
4.427113388855188347e-01 2.242724419125635153e-08
4.553215093876614716e-01 2.759587920059147942e-08
4.679316798898041085e-01 3.394577125610208068e-08
4.805418503919485218e-01 4.174142246981051528e-08
4.931520208940911587e-01 5.130486197173269490e-08
5.057621913962337956e-01 6.302769999822869261e-08
5.183723618983782089e-01 7.738559413003641719e-08
5.309825324005208458e-01 9.495558377019262248e-08
5.435927029026652590e-01 1.164368292741459331e-07
5.562028734048078960e-01 1.426753853589493944e-07
5.688130439069505329e-01 1.746937463415490896e-07
5.814232144090949461e-01 2.137260254099187383e-07
5.940333849112375830e-01 2.612597737582718042e-07
6.066435554133802199e-01 3.190856104950239917e-07
6.192537259155246332e-01 3.893560234806537825e-07
6.318638964176672701e-01 4.746549176483189393e-07
6.444740669198099070e-01 5.780797341392450037e-07
6.570842374219543203e-01 7.033382442470742495e-07
6.696944079240969572e-01 8.548624404729883627e-07
6.823045784262395941e-01 1.037942306961001008e-06
6.949147489283840073e-01 1.258882657463605918e-06
7.075249194305266442e-01 1.525186685252682110e-06
7.201350899326692812e-01 1.845770380690250635e-06
7.327452604348136944e-01 2.231212543296329599e-06
7.453554309369563313e-01 2.694045750969115914e-06
7.579656014390989682e-01 3.249094354401890456e-06
7.705757719412433815e-01 3.913866344495137992e-06
7.831859424433860184e-01 4.709006799292338950e-06
7.957961129455286553e-01 5.658821558962604232e-06
8.084062834476730686e-01 6.791880806429251072e-06
8.210164539498157055e-01 8.141713350598682729e-06
8.336266244519583424e-01 9.747603621111824410e-06
8.462367949541027556e-01 1.165550468940779470e-05
8.588469654562453925e-01 1.391908203064022360e-05
8.714571359583880295e-01 1.660090423299394896e-05
8.840673064605324427e-01 1.977379844170649076e-05
8.966774769626750796e-01 2.352238998889082030e-05
9.092876474648177165e-01 2.794484739878270405e-05
9.218978179669621298e-01 3.315485576003375300e-05
9.345079884691047667e-01 3.928384330762054941e-05
9.471181589712474036e-01 4.648348793850486278e-05
9.597283294733918169e-01 5.492853227493976119e-05
9.723384999755344538e-01 6.481993776033870541e-05
9.849486704776770907e-01 7.638841009304424094e-05
9.975588409798215039e-01 8.989833003595787159e-05
1.010169011481964141e+00 1.056521252421367950e-04
1.022779181984106778e+00 1.239951201595734884e-04
1.035389352486251191e+00 1.453209022675246078e-04
1.047999522988393828e+00 1.700772437913933277e-04
1.060609693490536465e+00 1.987726185760031912e-04
1.073219863992680878e+00 2.319833538947380905e-04
1.085830034494823515e+00 2.703614565558383237e-04
1.098440204996966152e+00 3.146431516521424254e-04
1.111050375499110565e+00 3.656581705974255511e-04
1.123660546001253202e+00 4.243398226078031409e-04
1.136270716503395839e+00 4.917358804239269944e-04
1.148880887005540252e+00 5.690203067298658414e-04
1.161491057507682889e+00 6.575058423098888985e-04
1.174101228009825526e+00 7.586574703967783164e-04
1.186711398511969939e+00 8.741067638110526375e-04
1.199321569014112576e+00 1.005667112281725169e-03
1.211931739516255213e+00 1.155349816696625651e-03
1.224541910018399626e+00 1.325381024883434330e-03
1.237152080520542263e+00 1.518219469819682196e-03
1.249762251022684900e+00 1.736574955871724281e-03
1.262372421524829313e+00 1.983427521753113217e-03
1.274982592026971950e+00 2.262047190381273783e-03
1.287592762529114587e+00 2.576014195732545357e-03
1.300202933031259001e+00 2.929239555215454489e-03
1.312813103533401637e+00 3.325985833106189556e-03
1.325423274035544274e+00 3.770887916355650758e-03
1.338033444537688688e+00 4.268973598764761422e-03
1.350643615039831325e+00 4.825683743362764455e-03
1.363253785541973961e+00 5.446891766080033323e-03
1.375863956044118375e+00 6.138922156797148831e-03
1.388474126546261012e+00 6.908567726949145851e-03
1.401084297048403648e+00 7.763105246477336983e-03
1.413694467550548062e+00 8.710309107505986165e-03
1.426304638052690699e+00 9.758462628195369720e-03
1.438914808554833336e+00 1.091636658832701758e-02
1.451524979056977749e+00 1.219334456887976627e-02
1.464135149559120386e+00 1.359924465180592339e-02
1.476745320061263023e+00 1.514443702402012114e-02
1.489355490563407436e+00 1.683980702192947043e-02
1.501965661065550073e+00 1.869674315034342699e-02
1.514575831567692710e+00 2.072711961292687810e-02
1.527186002069837123e+00 2.294327290114621040e-02
1.539796172571979760e+00 2.535797200551669767e-02
1.552406343074122397e+00 2.798438183743064828e-02
1.565016513576266810e+00 3.083601948240769983e-02
1.577626684078409447e+00 3.392670294672756048e-02
1.590236854580552084e+00 3.727049210932784767e-02
1.602847025082696497e+00 4.088162164983127206e-02
1.615457195584839134e+00 4.477442579169350900e-02
1.628067366086981771e+00 4.896325477663753672e-02
1.640677536589126184e+00 5.346238307258201206e-02
1.653287707091268821e+00 5.828590941179954271e-02
1.665897877593411458e+00 6.344764885848575009e-02
1.678508048095555871e+00 6.896101721455027977e-02
1.691118218597698508e+00 7.483890818831054337e-02
1.703728389099841145e+00 8.109356387186061887e-02
1.716338559601985558e+00 8.773643919767494526e-02
1.728948730104128195e+00 9.477806117232538685e-02
1.741558900606270832e+00 1.022278838130485368e-01
1.754169071108415245e+00 1.100941398397892040e-01
1.766779241610557882e+00 1.183836902990609008e-01
1.779389412112700519e+00 1.271018734146971974e-01
1.791999582614844932e+00 1.362523540718951764e-01
1.804609753116987569e+00 1.458369754429389153e-01
1.817219923619130206e+00 1.558556143532442984e-01
1.829830094121274620e+00 1.663060420626883418e-01
1.842440264623417256e+00 1.771837921975846220e-01
1.855050435125559893e+00 1.884820376108334583e-01
1.867660605627704307e+00 2.001914779701057245e-01
1.880270776129846944e+00 2.123002398744306407e-01
1.892880946631989580e+00 2.247937912769882862e-01
1.905491117134133994e+00 2.376548719448929592e-01
1.918101287636276631e+00 2.508634416144339685e-01
1.930711458138419268e+00 2.643966474023420332e-01
1.943321628640563681e+00 2.782288119092503065e-01
1.955931799142706318e+00 2.923314433021110270e-01
1.968541969644848955e+00 3.066732684872219283e-01
1.981152140146993368e+00 3.212202902868070420e-01
1.993762310649136005e+00 3.359358693110314764e-01
2.006372481151278642e+00 3.507808309757138310e-01
2.018982651653423055e+00 3.657135978565834167e-01
2.031592822155565692e+00 3.806903472965414426e-01
2.044202992657708329e+00 3.956651938958475334e-01
2.056813163159852742e+00 4.105903962206499669e-01
2.069423333661995379e+00 4.254165867661686695e-01
2.082033504164138016e+00 4.400930239116189191e-01
2.094643674666282429e+00 4.545678643084281045e-01
2.107253845168425066e+00 4.687884538565216808e-01
2.119864015670569479e+00 4.827016351491650870e-01
2.132474186172712116e+00 4.962540690100777918e-01
2.145084356674854753e+00 5.093925675109045592e-01
2.157694527176999166e+00 5.220644356475075964e-01
2.170304697679141803e+00 5.342178186729519274e-01
2.182914868181284440e+00 5.458020519375690327e-01
2.195525038683428853e+00 5.567680099747225331e-01
2.208135209185571490e+00 5.670684514978164836e-01
2.220745379687714127e+00 5.766583569412204735e-01
2.233355550189858540e+00 5.854952551869995192e-01
2.245965720692001177e+00 5.935395361712536566e-01
2.258575891194143814e+00 6.007547461585103221e-01
2.271186061696288228e+00 6.071078626094453812e-01
2.283796232198430864e+00 6.125695457456035165e-01
2.296406402700573501e+00 6.171143641314572603e-01
2.309016573202717915e+00 6.207209918485080413e-01
2.321626743704860552e+00 6.233723751231505794e-01
2.334236914207003188e+00 6.250558665872312236e-01
2.346847084709147602e+00 6.257633256928861742e-01
2.359457255211290239e+00 6.254911841670383055e-01
2.372067425713432876e+00 6.242404757699970830e-01
2.384677596215577289e+00 6.220168300132109529e-01
2.397287766717719926e+00 6.188304298860775043e-01
2.409897937219862563e+00 6.146959340364952507e-01
2.422508107722006976e+00 6.096323642389535058e-01
2.435118278224149613e+00 6.036629593605267186e-01
2.447728448726292250e+00 5.968149973964154142e-01
2.460338619228436663e+00 5.891195874847323655e-01
2.472948789730579300e+00 5.806114341230089737e-01
2.485558960232721937e+00 5.713285760904747157e-01
2.498169130734866350e+00 5.613121028278597047e-01
2.510779301237008987e+00 5.506058512366455160e-01
2.523389471739151624e+00 5.392560860301622849e-01
2.535999642241296037e+00 5.273111668979509892e-01
2.548609812743438674e+00 5.148212058307338745e-01
2.561219983245581311e+00 5.018377179963633417e-01
2.573830153747725724e+00 4.884132695570956861e-01
2.586440324249868361e+00 4.746011257762547952e-01
2.599050494752010998e+00 4.604549026796391775e-01
2.611660665254155411e+00 4.460282254158410287e-01
2.624270835756298048e+00 4.313743963025316597e-01
2.636881006258440685e+00 4.165460753560441542e-01
2.649491176760585098e+00 4.015949758829221450e-01
2.662101347262727735e+00 3.865715774678255556e-01
2.674711517764870372e+00 3.715248584274563615e-01
2.687321688267014785e+00 3.565020495182651961e-01
2.699931858769157422e+00 3.415484103921377912e-01
2.712542029271300059e+00 3.267070299924839660e-01
2.725152199773444472e+00 3.120186517789362846e-01
2.737762370275587109e+00 2.975215243651126440e-01
2.750372540777729746e+00 2.832512778557398914e-01
2.762982711279874160e+00 2.692408258810060073e-01
2.775592881782016796e+00 2.555202930492391222e-01
2.788203052284159433e+00 2.421169672796464611e-01
2.800813222786303847e+00 2.290552762353092187e-01
2.813423393288446483e+00 2.163567868571835140e-01
2.826033563790589120e+00 2.040402268030728772e-01
2.838643734292733534e+00 1.921215264241160625e-01
2.851253904794876171e+00 1.806138797655392758e-01
2.863864075297018807e+00 1.695278229589878005e-01
2.876474245799163221e+00 1.588713282813485062e-01
2.889084416301305858e+00 1.486499120886006220e-01
2.901694586803448495e+00 1.388667547928790769e-01
2.914304757305592908e+00 1.295228310353557788e-01
2.926914927807735545e+00 1.206170482152360834e-01
2.939525098309878182e+00 1.121463915650831589e-01
2.952135268812022595e+00 1.041060740123691125e-01
2.964745439314165232e+00 9.648968913510830303e-02
2.977355609816307869e+00 8.928936560323923188e-02
2.989965780318452282e+00 8.249592159490327925e-02
3.002575950820594919e+00 7.609901778572053521e-02
3.015186121322737556e+00 7.008730762708377526e-02
3.027796291824881969e+00 6.444858375436625375e-02
3.040406462327024606e+00 5.916991949531094641e-02
3.053016632829167243e+00 5.423780458077706590e-02
3.065626803331311656e+00 4.963827429247161249e-02
3.078236973833454293e+00 4.535703141333218696e-02
3.090847144335596930e+00 4.137956047430264156e-02
3.103457314837741343e+00 3.769123391487183561e-02
3.116067485339883980e+00 3.427740989246023245e-02
3.128677655842026617e+00 3.112352158663895738e-02
3.141287826344171030e+00 2.821515794725391879e-02
3.153897996846313667e+00 2.553813593003510449e-02
3.166508167348456304e+00 2.307856434882389271e-02
3.179118337850600717e+00 2.082289954966762627e-02
3.191728508352743354e+00 1.875799317865011612e-02
3.204338678854885991e+00 1.687113237237329588e-02
3.216948849357030404e+00 1.515007274768285540e-02
3.229559019859173041e+00 1.358306460571851934e-02
3.242169190361315678e+00 1.215887279514686614e-02
3.254779360863460091e+00 1.086679070085915313e-02
3.267389531365602728e+00 9.696648838150735000e-03
3.279999701867745365e+00 8.638818538941160294e-03
3.292609872369889779e+00 7.684211216685262434e-03
3.305220042872032415e+00 6.824273690882183552e-03
3.317830213374175052e+00 6.050980041245289376e-03
3.330440383876319466e+00 5.356820446330796091e-03
3.343050554378462103e+00 4.734787442425788563e-03
3.355660724880604739e+00 4.178360016436274971e-03
3.368270895382749153e+00 3.681485922031063444e-03
3.380881065884891790e+00 3.238562581987959946e-03
3.393491236387034427e+00 2.844416912118006343e-03
3.406101406889178840e+00 2.494284373819270935e-03
3.418711577391321477e+00 2.183787533718182898e-03
3.431321747893464114e+00 1.908914380372923967e-03
3.443931918395608527e+00 1.665996620048427416e-03
3.456542088897751164e+00 1.451688146397173487e-03
3.469152259399893801e+00 1.262943852778479438e-03
3.481762429902038214e+00 1.096998931132710502e-03
3.494372600404180851e+00 9.513487779534605211e-04
3.506982770906323488e+00 8.237296061063428907e-04
3.519592941408467901e+00 7.120998411089443213e-04
3.532203111910610538e+00 6.146223620612646481e-04
3.544813282412753175e+00 5.296476307231575732e-04
3.557423452914897588e+00 4.556977372612505011e-04
3.570033623417040225e+00 3.914513779013272725e-04
3.582643793919182862e+00 3.357297680702720942e-04
3.595253964421327275e+00 2.874834845220079088e-04
3.607864134923469912e+00 2.457802213335667850e-04
3.620474305425612549e+00 2.097934374345704204e-04
3.633084475927756962e+00 1.787918673977595787e-04
3.645694646429899599e+00 1.521298624622521216e-04
3.658304816932042236e+00 1.292385250792921106e-04
3.670914987434186649e+00 1.096175975541104319e-04
3.683525157936329286e+00 9.282806350118771974e-05
3.696135328438471923e+00 7.848541973097132498e-05
3.708745498940616336e+00 6.625357574555945422e-05
3.721355669442758973e+00 5.583933814499719695e-05
3.733965839944901610e+00 4.698743784774399209e-05
3.746576010447046023e+00 3.947605902715800493e-05
3.759186180949188660e+00 3.311282998620428754e-05
3.771796351451333074e+00 2.773123776749301047e-05
3.784406521953475711e+00 2.318743006475627158e-05
3.797016692455618347e+00 1.935736991083906222e-05
3.809626862957762761e+00 1.613431061925007327e-05
3.822237033459905398e+00 1.342656050993452564e-05
3.834847203962048034e+00 1.115550902030122299e-05
3.847457374464192448e+00 9.253887859853609878e-06
3.860067544966335085e+00 7.664242886549002881e-06
3.872677715468477722e+00 6.337594345231400321e-06
3.885287885970622135e+00 5.232264997427418592e-06
3.897898056472764772e+00 4.312857475314269381e-06
3.910508226974907409e+00 3.549363902040419122e-06
3.923118397477051822e+00 2.916392429839707066e-06
3.935728567979194459e+00 2.392496853063787387e-06
3.948338738481337096e+00 1.959596853997890114e-06
3.960948908983481509e+00 1.602477735486661644e-06
3.973559079485624146e+00 1.308359687779753359e-06
3.986169249987766783e+00 1.066527730579714729e-06
3.998779420489911196e+00 8.680144688830897203e-07
4.011389590992053833e+00 7.053287073901148923e-07
4.023999761494196470e+00 5.722237880346609070e-07
4.036609931996340883e+00 4.635002538892668628e-07
4.049220102498483520e+00 3.748381058356001679e-07
4.061830273000626157e+00 3.026545115291096445e-07
4.074440443502770570e+00 2.439833548433157254e-07
4.087050614004913207e+00 1.963734835617298168e-07
4.099660784507055844e+00 1.578029288095622252e-07
4.112270955009200257e+00 1.266067365752229451e-07
4.124881125511342894e+00 1.014163743882485030e-07
4.137491296013485531e+00 8.110895923567287409e-08
4.150101466515629944e+00 6.476480025227100247e-08
4.162711637017772581e+00 5.163196544388373898e-08
4.175321807519915218e+00 4.109676922423758297e-08
4.187931978022059631e+00 3.265924009060256014e-08
4.200542148524202268e+00 2.591276826749613214e-08
4.213152319026344905e+00 2.052725426792047581e-08
4.225762489528489319e+00 1.623518345185077613e-08
4.238372660030631955e+00 1.282014094821194596e-08
4.250982830532774592e+00 1.010735766586408649e-08
4.263593001034919006e+00 7.955943254782642014e-09
4.276203171537061642e+00 6.252517299344704005e-09
4.288813342039204279e+00 4.905997062242778582e-09
4.301423512541348693e+00 3.843339919492548415e-09
4.314033683043491330e+00 3.006072258355526766e-09
4.326643853545633966e+00 2.347464944352598494e-09
4.339254024047778380e+00 1.830239277965330678e-09
4.351864194549921017e+00 1.424707329645849684e-09
4.364474365052063654e+00 1.107267245290612820e-09
4.377084535554208067e+00 8.591880545413513334e-10
4.389694706056350704e+00 6.656301214540228608e-10
4.402304876558493341e+00 5.148570195629272560e-10
4.414915047060635978e+00 3.976026055365660850e-10
4.427525217562778614e+00 3.065636750059228274e-10
4.440135388064924804e+00 2.359940377792950767e-10
4.452745558567067441e+00 1.813803396529978758e-10
4.465355729069210078e+00 1.391836465137689376e-10
4.477965899571352715e+00 1.066338298525583373e-10
4.490576070073495352e+00 8.156626569865087680e-11
4.503186240575637989e+00 6.229237721497858772e-11
4.515796411077784178e+00 4.749719482562783276e-11
4.528406581579926815e+00 3.615844344654504665e-11
4.541016752082069452e+00 2.748274954675142984e-11
4.553626922584212089e+00 2.085543727513508558e-11
4.566237093086354726e+00 1.580109068283078644e-11
4.578847263588500915e+00 1.195262943413546327e-11
4.591457434090643552e+00 9.027104059656550588e-12
4.604067604592786189e+00 6.806784877289037955e-12
4.616677775094928826e+00 5.124413473732809343e-12
4.629287945597071463e+00 3.851721217081003339e-12
4.641898116099214100e+00 2.890507160758351376e-12
4.654508286601360290e+00 2.165717249828584804e-12
4.667118457103502926e+00 1.620085534776315038e-12
4.679728627605645563e+00 1.209992270585396926e-12
4.692338798107788200e+00 9.022682835649795185e-13
4.704948968609930837e+00 6.717338147560115141e-13
4.717559139112073474e+00 4.993064036336509116e-13
4.730169309614219664e+00 3.705488307325566762e-13
4.742779480116362301e+00 2.745567504050789241e-13
4.755389650618504938e+00 2.031080579964448386e-13
4.767999821120647574e+00 1.500135580606527378e-13
4.780609991622790211e+00 1.106221722259880379e-13
4.793220162124932848e+00 8.144457221466481855e-14
4.805830332627079038e+00 5.986739853187842412e-14
4.818440503129221675e+00 4.393664439441180239e-14
4.831050673631364312e+00 3.219375420096455502e-14
4.843660844133506949e+00 2.355182607074739114e-14
4.856271014635649586e+00 1.720226969919124740e-14
4.868881185137792222e+00 1.254455058891114218e-14
4.881491355639938412e+00 9.133403258806133836e-15
4.894101526142081049e+00 6.639239154284548456e-15
4.906711696644223686e+00 4.818502953433923318e-15
4.919321867146366323e+00 3.491516240627009397e-15
4.931932037648508960e+00 2.525946262727678902e-15
4.944542208150651597e+00 1.824493140277838012e-15
4.957152378652797786e+00 1.315735017725224391e-15
4.969762549154940423e+00 9.473330446936602611e-16
4.982372719657083060e+00 6.809966541810879640e-16
4.994982890159225697e+00 4.887595905653414602e-16
5.007593060661368334e+00 3.502302169420473924e-16
5.020203231163510971e+00 2.505647220071755782e-16
5.032813401665657160e+00 1.789757586837944055e-16
5.045423572167799797e+00 1.276369621472494511e-16
5.058033742669942434e+00 9.087965102498278687e-17
5.070643913172085071e+00 6.460479780026749488e-17
5.083254083674227708e+00 4.585332216253244904e-17
5.095864254176370345e+00 3.249262069916595526e-17
5.108474424678516534e+00 2.298828429598930270e-17
5.121084595180659171e+00 1.623813873060653166e-17
5.133694765682801808e+00 1.145180094249481690e-17
5.146304936184944445e+00 8.063417997843448664e-18
5.158915106687087082e+00 5.668555235394342710e-18
5.171525277189229719e+00 3.978628630740710913e-18
5.184135447691375909e+00 2.788060679940667622e-18
5.196745618193518546e+00 1.950647623216867651e-18
5.209355788695661182e+00 1.362583712753516757e-18
5.221965959197803819e+00 9.502881622315966657e-19
5.234576129699946456e+00 6.616909376137265542e-19
5.247186300202089093e+00 4.600052432657825680e-19
5.259796470704235283e+00 3.192846879470100932e-19
5.272406641206377920e+00 2.212590797138227745e-19
5.285016811708520557e+00 1.530847041945596653e-19
5.297626982210663193e+00 1.057475151408858439e-19
5.310237152712805830e+00 7.293167764747429697e-20
5.322847323214948467e+00 5.021921088937647920e-20
5.335457493717094657e+00 3.452480223273536961e-20
5.348067664219237294e+00 2.369736930279860581e-20
5.360677834721379931e+00 1.623965067269400718e-20
5.373288005223522568e+00 1.111119643838016333e-20
5.385898175725665205e+00 7.590188334972525686e-21
5.398508346227807841e+00 5.176686320578302850e-21
5.411118516729954031e+00 3.524996631973874573e-21
5.423728687232096668e+00 2.396476139705924821e-21
5.436338857734239305e+00 1.626653479472203987e-21
5.448949028236381942e+00 1.102362689419799481e-21
5.461559198738524579e+00 7.458671409380072468e-22
5.474169369240667216e+00 5.038554283614490091e-22
5.486779539742813405e+00 3.398270104834366266e-22
5.499389710244956042e+00 2.288322981668371700e-22
5.511999880747098679e+00 1.538452925540788577e-22
5.524610051249241316e+00 1.032662847555937541e-22
5.537220221751383953e+00 6.920545563884492922e-23
5.549830392253526590e+00 4.630517606274297595e-23
5.562440562755672779e+00 3.093329359901283901e-23
5.575050733257815416e+00 2.063147093648374908e-23
5.587660903759958053e+00 1.373857265971238723e-23
5.600271074262100690e+00 9.133987648907123942e-24
5.612881244764243327e+00 6.062986434385888333e-24
5.625491415266385964e+00 4.018094379074639109e-24
5.638101585768532154e+00 2.658649092884113526e-24
5.650711756270674790e+00 1.756342639148289743e-24
5.663321926772817427e+00 1.158416667994704716e-24
5.675932097274960064e+00 7.628298303891050164e-25
5.688542267777102701e+00 5.015310715114420097e-25
5.701152438279245338e+00 3.292117417529653631e-25
5.713762608781391528e+00 2.157546051172958661e-25
5.726372779283534165e+00 1.411731505120519162e-25
5.738982949785676801e+00 9.222558189368646532e-26
5.751593120287819438e+00 6.015309195915730140e-26
5.764203290789962075e+00 3.917163970737145541e-26
5.776813461292104712e+00 2.546787918116678506e-26
5.789423631794250902e+00 1.653183394766985303e-26
5.802033802296393539e+00 1.071411988939099129e-26
5.814643972798536176e+00 6.932648370970405827e-27
5.827254143300678813e+00 4.478669738565179323e-27
5.839864313802821449e+00 2.888724254351450846e-27
5.852474484304964086e+00 1.860245710999976898e-27
5.865084654807110276e+00 1.196028974259980572e-27
5.877694825309252913e+00 7.677507418412706304e-28
5.890304995811395550e+00 4.920462592007917918e-28
5.902915166313538187e+00 3.148464205526971827e-28
5.915525336815680824e+00 2.011401236477431993e-28
5.928135507317823460e+00 1.282938336029486580e-28
5.940745677819969650e+00 8.169960571688297259e-29
5.953355848322112287e+00 5.194469940276907604e-29
5.965966018824254924e+00 3.297384588855203395e-29
5.978576189326397561e+00 2.089801568299161862e-29
5.991186359828540198e+00 1.322353500313176951e-29
6.003796530330682835e+00 8.354051534280948603e-30
6.016406700832829024e+00 5.269310424191664582e-30
6.029016871334971661e+00 3.318313877852342346e-30
6.041627041837114298e+00 2.086354861486990704e-30
6.054237212339256935e+00 1.309682184747612414e-30
6.066847382841399572e+00 8.208251979812184491e-31
6.079457553343542209e+00 5.136206189737604942e-31
6.092067723845688398e+00 3.208789447390725056e-31
6.104677894347831035e+00 2.001460318471649567e-31
6.117288064849973672e+00 1.246406575376425683e-31
6.129898235352116309e+00 7.749602991512485973e-32
6.142508405854258946e+00 4.810676403564593982e-32
6.155118576356401583e+00 2.981534187285860451e-32
6.167728746858547773e+00 1.844932124691555837e-32
6.180338917360690409e+00 1.139798116415233736e-32
6.192949087862833046e+00 7.030438459466293022e-33
6.205559258364975683e+00 4.329560504261795633e-33
6.218169428867118320e+00 2.662025021412666849e-33
6.230779599369264510e+00 1.634132860844903842e-33
6.243389769871407147e+00 1.001542758900382832e-33
6.255999940373549784e+00 6.128561117479270905e-34
6.268610110875692421e+00 3.744160297624906240e-34
6.281220281377835057e+00 2.283795560813152041e-34
6.293830451879977694e+00 1.390807057197886762e-34
6.306440622382123884e+00 8.456358959336367617e-35
6.319050792884266521e+00 5.133419891461336165e-35
6.331660963386409158e+00 3.111265089746796087e-35
6.344271133888551795e+00 1.882669482056540327e-35
6.356881304390694432e+00 1.137412461350860050e-35
6.369491474892837068e+00 6.860704375604550038e-36
6.382101645394983258e+00 4.131675908763593181e-36
6.394711815897125895e+00 2.484223121556261728e-36
6.407321986399268532e+00 1.491288792717709021e-36
6.419932156901411169e+00 8.937986697710519577e-37
6.432542327403553806e+00 5.348406919651796989e-37
6.445152497905696443e+00 3.195331795987489346e-37
6.457762668407842632e+00 1.905962070388053644e-37
6.470372838909985269e+00 1.135061290633057682e-37
6.482983009412127906e+00 6.748871076283527800e-38
6.495593179914270543e+00 4.006357528111671538e-38
6.508203350416413180e+00 2.374515560901387179e-38
6.520813520918555817e+00 1.405099487121542950e-38
6.533423691420702006e+00 8.301295279088697973e-39
6.546033861922844643e+00 4.896563304798223680e-39
6.558644032424987280e+00 2.883657010176704673e-39
6.571254202927129917e+00 1.695518541398897896e-39
6.583864373429272554e+00 9.953325068750817845e-40
6.596474543931415191e+00 5.833652162366054481e-40
6.609084714433561381e+00 3.413654498844433980e-40
6.621694884935704017e+00 1.994367924307335364e-40
6.634305055437846654e+00 1.163315931338595574e-40
6.646915225939989291e+00 6.774804100501346801e-41
6.659525396442131928e+00 3.939149578459590321e-41
6.672135566944274565e+00 2.286729849856671784e-41
6.684745737446420755e+00 1.325360127641401933e-41
6.697355907948563392e+00 7.669368165544353227e-42
6.709966078450706028e+00 4.430899611981781008e-42
6.722576248952848665e+00 2.555823548460930624e-42
6.735186419454991302e+00 1.471893712302964772e-42
6.747796589957133939e+00 8.463084025316407940e-43
6.760406760459280129e+00 4.858335127982920969e-43
6.773016930961422766e+00 2.784536358557581727e-43
6.785627101463565403e+00 1.593400386370549676e-43
6.798237271965708040e+00 9.103398167938139375e-44
6.810847442467850676e+00 5.192646378257846936e-44
6.823457612969993313e+00 2.957198930350325712e-44
6.836067783472139503e+00 1.681430457446979619e-44
6.848677953974282140e+00 9.545174020651346749e-45
6.861288124476424777e+00 5.409976220983160548e-45
6.873898294978567414e+00 3.061353075656887817e-45
6.886508465480710051e+00 1.729569583899341235e-45
6.899118635982852688e+00 9.755941888997755549e-46
6.911728806484998877e+00 5.494230962144989586e-46
6.924338976987141514e+00 3.089236482706408510e-46
6.936949147489284151e+00 1.734210966414623621e-46
6.949559317991426788e+00 9.719842455460742595e-47
6.962169488493569425e+00 5.439049883314470039e-47
6.974779658995712062e+00 3.038738799637371249e-47
6.987389829497858251e+00 1.695001971666184043e-47
7.000000000000000888e+00 9.439599011957281235e-48
