1.000000000000000000e+00 1.357991631241296168e-06
1.001474926253687281e+00 1.365655465431765967e-06
1.002949852507374562e+00 1.373477958481028044e-06
1.004424778761061843e+00 1.381461335928932201e-06
1.005899705014749346e+00 1.389607875430086360e-06
1.007374631268436627e+00 1.397919907790948454e-06
1.008849557522123908e+00 1.406399818033392761e-06
1.010324483775811188e+00 1.415050046485888873e-06
1.011799410029498469e+00 1.423873089902678498e-06
1.013274336283185750e+00 1.432871502611892407e-06
1.014749262536873253e+00 1.442047897692911617e-06
1.016224188790560534e+00 1.451404948184180474e-06
1.017699115044247815e+00 1.460945388321822719e-06
1.019174041297935096e+00 1.470672014809997358e-06
1.020648967551622377e+00 1.480587688123796912e-06
1.022123893805309658e+00 1.490695333845428970e-06
1.023598820058996939e+00 1.500997944034477060e-06
1.025073746312684442e+00 1.511498578633350230e-06
1.026548672566371723e+00 1.522200366908147290e-06
1.028023598820059004e+00 1.533106508926879865e-06
1.029498525073746285e+00 1.544220277074896498e-06
1.030973451327433565e+00 1.555545017609177102e-06
1.032448377581120846e+00 1.567084152252200990e-06
1.033923303834808349e+00 1.578841179826341001e-06
1.035398230088495630e+00 1.590819677930048734e-06
1.036873156342182911e+00 1.603023304656683029e-06
1.038348082595870192e+00 1.615455800357101678e-06
1.039823008849557473e+00 1.628120989447262339e-06
1.041297935103244754e+00 1.641022782261717398e-06
1.042772861356932257e+00 1.654165176954715259e-06
1.044247787610619538e+00 1.667552261449287738e-06
1.045722713864306819e+00 1.681188215436588963e-06
1.047197640117994100e+00 1.695077312425825643e-06
1.048672566371681381e+00 1.709223921846689407e-06
1.050147492625368661e+00 1.723632511205584835e-06
1.051622418879055942e+00 1.738307648296757938e-06
1.053097345132743445e+00 1.753254003470051321e-06
1.054572271386430726e+00 1.768476351956627115e-06
1.056047197640118007e+00 1.783979576254300693e-06
1.057522123893805288e+00 1.799768668573798502e-06
1.058997050147492569e+00 1.815848733347838005e-06
1.060471976401179850e+00 1.832224989804566868e-06
1.061946902654867353e+00 1.848902774606697827e-06
1.063421828908554634e+00 1.865887544559075334e-06
1.064896755162241915e+00 1.883184879384994390e-06
1.066371681415929196e+00 1.900800484574664351e-06
1.067846607669616477e+00 1.918740194306502528e-06
1.069321533923303758e+00 1.937009974443796365e-06
1.070796460176991260e+00 1.955615925608840955e-06
1.072271386430678541e+00 1.974564286335887478e-06
1.073746312684365822e+00 1.993861436306192626e-06
1.075221238938053103e+00 2.013513899666008868e-06
1.076696165191740384e+00 2.033528348430898380e-06
1.078171091445427665e+00 2.053911605977983392e-06
1.079646017699114946e+00 2.074670650628736738e-06
1.081120943952802449e+00 2.095812619324782550e-06
1.082595870206489730e+00 2.117344811399030936e-06
1.084070796460177011e+00 2.139274692444989280e-06
1.085545722713864292e+00 2.161609898286642612e-06
1.087020648967551573e+00 2.184358239051848605e-06
1.088495575221238854e+00 2.207527703351708250e-06
1.089970501474926134e+00 2.231126462569309662e-06
1.091445427728613637e+00 2.255162875260352655e-06
1.092920353982300918e+00 2.279645491668753380e-06
1.094395280235988199e+00 2.304583058360809019e-06
1.095870206489675480e+00 2.329984522980481402e-06
1.097345132743362761e+00 2.355859039129598511e-06
1.098820058997050264e+00 2.382215971376353099e-06
1.100294985250737545e+00 2.409064900395025343e-06
1.101769911504424826e+00 2.436415628241738145e-06
1.103244837758112107e+00 2.464278183768436351e-06
1.104719764011799388e+00 2.492662828180394853e-06
1.106194690265486669e+00 2.521580060739810657e-06
1.107669616519173950e+00 2.551040624620849520e-06
1.109144542772861453e+00 2.581055512919172339e-06
1.110619469026548733e+00 2.611635974820867635e-06
1.112094395280236014e+00 2.642793521935062570e-06
1.113569321533923295e+00 2.674539934794705149e-06
1.115044247787610576e+00 2.706887269530083549e-06
1.116519174041297857e+00 2.739847864719933953e-06
1.117994100294985138e+00 2.773434348425230097e-06
1.119469026548672641e+00 2.807659645410694372e-06
1.120943952802359922e+00 2.842536984558772607e-06
1.122418879056047203e+00 2.878079906482356230e-06
1.123893805309734484e+00 2.914302271340665716e-06
1.125368731563421765e+00 2.951218266865301108e-06
1.126843657817109268e+00 2.988842416600832019e-06
1.128318584070796549e+00 3.027189588367215813e-06
1.129793510324483830e+00 3.066275002949802535e-06
1.131268436578171110e+00 3.106114243022861311e-06
1.132743362831858391e+00 3.146723262313886882e-06
1.134218289085545672e+00 3.188118395014888660e-06
1.135693215339232953e+00 3.230316365448473220e-06
1.137168141592920456e+00 3.273334297994400024e-06
1.138643067846607737e+00 3.317189727285814204e-06
1.140117994100295018e+00 3.361900608680816320e-06
1.141592920353982299e+00 3.407485329019117981e-06
1.143067846607669580e+00 3.453962717670125936e-06
1.144542772861356861e+00 3.501352057881864312e-06
1.146017699115044142e+00 3.549673098438981293e-06
1.147492625368731645e+00 3.598946065637718072e-06
1.148967551622418926e+00 3.649191675588388594e-06
1.150442477876106206e+00 3.700431146853839576e-06
1.151917404129793487e+00 3.752686213432869778e-06
1.153392330383480768e+00 3.805979138099837644e-06
1.154867256637168049e+00 3.860332726109314301e-06
1.156342182890855330e+00 3.915770339277181297e-06
1.157817109144542833e+00 3.972315910447745398e-06
1.159292035398230114e+00 4.029993958359443362e-06
1.160766961651917395e+00 4.088829602919558607e-06
1.162241887905604676e+00 4.148848580899259756e-06
1.163716814159291957e+00 4.210077262062341239e-06
1.165191740412979460e+00 4.272542665739060216e-06
1.166666666666666741e+00 4.336272477857804979e-06
1.168141592920354022e+00 4.401295068449123981e-06
1.169616519174041303e+00 4.467639509633277692e-06
1.171091445427728583e+00 4.535335594108267497e-06
1.172566371681415864e+00 4.604413854149436073e-06
1.174041297935103145e+00 4.674905581139007995e-06
1.175516224188790648e+00 4.746842845637020774e-06
1.176991150442477929e+00 4.820258518013096733e-06
1.178466076696165210e+00 4.895186289652111899e-06
1.179941002949852491e+00 4.971660694752305984e-06
1.181415929203539772e+00 5.049717132732471750e-06
1.182890855457227053e+00 5.129391891265650588e-06
1.184365781710914334e+00 5.210722169957422717e-06
1.185840707964601837e+00 5.293746104688496524e-06
1.187315634218289118e+00 5.378502792639354243e-06
1.188790560471976399e+00 5.465032318018627001e-06
1.190265486725663679e+00 5.553375778513662027e-06
1.191740412979350960e+00 5.643575312485995182e-06
1.193215339233038463e+00 5.735674126932704764e-06
1.194690265486725744e+00 5.829716526236518152e-06
1.196165191740413025e+00 5.925747941726461217e-06
1.197640117994100306e+00 6.023814962074180280e-06
1.199115044247787587e+00 6.123965364550010126e-06
1.200589970501474868e+00 6.226248147163417272e-06
1.202064896755162149e+00 6.330713561713962981e-06
1.203539823008849652e+00 6.437413147780061359e-06
1.205014749262536933e+00 6.546399767672369053e-06
1.206489675516224214e+00 6.657727642379994137e-06
1.207964601769911495e+00 6.771452388539786108e-06
1.209439528023598776e+00 6.887631056457794124e-06
1.210914454277286056e+00 7.006322169213490843e-06
1.212389380530973337e+00 7.127585762880499192e-06
1.213864306784660840e+00 7.251483427894341502e-06
1.215339233038348121e+00 7.378078351603420828e-06
1.216814159292035402e+00 7.507435362035826590e-06
1.218289085545722683e+00 7.639620972919216181e-06
1.219764011799409964e+00 7.774703429991947494e-06
1.221238938053097467e+00 7.912752758639653676e-06
1.222713864306784748e+00 8.053840812902222332e-06
1.224188790560472029e+00 8.198041325885740648e-06
1.225663716814159310e+00 8.345429961626217721e-06
1.227138643067846591e+00 8.496084368444050991e-06
1.228613569321533872e+00 8.650084233836978950e-06
1.230088495575221152e+00 8.807511340953466880e-06
1.231563421828908655e+00 8.968449626697977802e-06
1.233038348082595936e+00 9.132985241511306978e-06
1.234513274336283217e+00 9.301206610880857550e-06
1.235988200589970498e+00 9.473204498628643504e-06
1.237463126843657779e+00 9.649072072032937713e-06
1.238938053097345060e+00 9.828904968833899122e-06
1.240412979351032341e+00 1.001280136618554274e-05
1.241887905604719844e+00 1.020086205160617205e-05
1.243362831858407125e+00 1.039319049598978659e-05
1.244837758112094406e+00 1.058989292874034555e-05
1.246312684365781687e+00 1.079107841509039880e-05
1.247787610619468968e+00 1.099685893567215147e-05
1.249262536873156249e+00 1.120734946840450961e-05
1.250737463126843529e+00 1.142266807276896376e-05
1.252212389380531032e+00 1.164293597654560188e-05
1.253687315634218313e+00 1.186827766507733085e-05
1.255162241887905594e+00 1.209882097314792822e-05
1.256637168141592875e+00 1.233469717954295899e-05
1.258112094395280156e+00 1.257604110438044949e-05
1.259587020648967659e+00 1.282299120928870320e-05
1.261061946902654940e+00 1.307568970052325495e-05
1.262536873156342221e+00 1.333428263510619609e-05
1.264011799410029502e+00 1.359892003007981461e-05
1.265486725663716783e+00 1.386975597497028167e-05
1.266961651917404064e+00 1.414694874755436351e-05
1.268436578171091345e+00 1.443066093303314209e-05
1.269911504424778848e+00 1.472105954671039549e-05
1.271386430678466128e+00 1.501831616028266254e-05
1.272861356932153409e+00 1.532260703185454808e-05
1.274336283185840690e+00 1.563411323978251721e-05
1.275811209439527971e+00 1.595302082047206344e-05
1.277286135693215474e+00 1.627952091023862399e-05
1.278761061946902533e+00 1.661380989136300746e-05
1.280235988200590036e+00 1.695608954246167333e-05
1.281710914454277317e+00 1.730656719330493390e-05
1.283185840707964598e+00 1.766545588421743521e-05
1.284660766961651879e+00 1.803297453019822404e-05
1.286135693215339160e+00 1.840934808990379382e-05
1.287610619469026663e+00 1.879480773964106274e-05
1.289085545722713722e+00 1.918959105252220787e-05
1.290560471976401224e+00 1.959394218293370268e-05
1.292035398230088505e+00 2.000811205648839202e-05
1.293510324483775786e+00 2.043235856561613999e-05
1.294985250737463067e+00 2.086694677097327907e-05
1.296460176991150348e+00 2.131214910884103966e-05
1.297935103244837851e+00 2.176824560469497026e-05
1.299410029498525132e+00 2.223552409313554477e-05
1.300884955752212413e+00 2.271428044436849591e-05
1.302359882005899694e+00 2.320481879743610640e-05
1.303834808259586975e+00 2.370745180040301667e-05
1.305309734513274256e+00 2.422250085770774494e-05
1.306784660766961537e+00 2.475029638489643151e-05
1.308259587020649040e+00 2.529117807096126176e-05
1.309734513274336321e+00 2.584549514851930055e-05
1.311209439528023601e+00 2.641360667206630859e-05
1.312684365781710882e+00 2.699588180454372635e-05
1.314159292035398163e+00 2.759270011248800923e-05
1.315634218289085666e+00 2.820445187000161446e-05
1.317109144542772725e+00 2.883153837183231275e-05
1.318584070796460228e+00 2.947437225582649501e-05
1.320058997050147509e+00 3.013337783503654052e-05
1.321533923303834790e+00 3.080899143979516413e-05
1.323008849557522071e+00 3.150166177003383420e-05
1.324483775811209352e+00 3.221185025817663056e-05
1.325958702064896855e+00 3.294003144291627033e-05
1.327433628318584136e+00 3.368669335421142275e-05
1.328908554572271417e+00 3.445233790984799244e-05
1.330383480825958697e+00 3.523748132390015151e-05
1.331858407079645978e+00 3.604265452747108626e-05
1.333333333333333259e+00 3.686840360207544631e-05
1.334808259587020540e+00 3.771529022605065796e-05
1.336283185840708043e+00 3.858389213438703525e-05
1.337758112094395324e+00 3.947480359239286630e-05
1.339233038348082605e+00 4.038863588361169639e-05
1.340707964601769886e+00 4.132601781241353525e-05
1.342182890855457167e+00 4.228759622172704942e-05
1.343657817109144670e+00 4.327403652634511928e-05
1.345132743362831729e+00 4.428602326230085415e-05
1.346607669616519232e+00 4.532426065278813269e-05
1.348082595870206513e+00 4.638947319112704152e-05
1.349557522123893794e+00 4.748240624129983326e-05
1.351032448377581074e+00 4.860382665658466504e-05
1.352507374631268355e+00 4.975452341683438893e-05
1.353982300884955858e+00 5.093530828496617153e-05
1.355457227138643139e+00 5.214701648325436440e-05
1.356932153392330420e+00 5.339050739000366486e-05
1.358407079646017701e+00 5.466666525724359489e-05
1.359882005899704982e+00 5.597639995006892049e-05
1.361356932153392263e+00 5.732064770827851837e-05
1.362831858407079544e+00 5.870037193100061617e-05
1.364306784660767047e+00 6.011656398498100933e-05
1.365781710914454328e+00 6.157024403726544745e-05
1.367256637168141609e+00 6.306246191301058109e-05
1.368731563421828890e+00 6.459429797917815518e-05
1.370206489675516170e+00 6.616686405489478895e-05
1.371681415929203673e+00 6.778130434929025678e-05
1.373156342182890732e+00 6.943879642762795703e-05
1.374631268436578235e+00 7.114055220661723799e-05
1.376106194690265516e+00 7.288781897972432396e-05
1.377581120943952797e+00 7.468188047346036116e-05
1.379056047197640078e+00 7.652405793552801252e-05
1.380530973451327359e+00 7.841571125580348129e-05
1.382005899705014862e+00 8.035824012114665884e-05
1.383480825958701921e+00 8.235308520505410144e-05
1.384955752212389424e+00 8.440172939320161980e-05
1.386430678466076705e+00 8.650569904594957035e-05
1.387905604719763986e+00 8.866656529894381244e-05
1.389380530973451267e+00 9.088594540293074031e-05
1.390855457227138547e+00 9.316550410397909335e-05
1.392330383480826050e+00 9.550695506530894644e-05
1.393805309734513331e+00 9.791206233199897162e-05
1.395280235988200612e+00 1.003826418398217989e-04
1.396755162241887893e+00 1.029205629695665236e-04
1.398230088495575174e+00 1.055277501481783915e-04
1.399705014749262455e+00 1.082061844981384470e-04
1.401179941002949736e+00 1.109579055365051976e-04
1.402654867256637239e+00 1.137850129251304033e-04
1.404129793510324520e+00 1.166896682735353525e-04
1.405604719764011801e+00 1.196740969960652119e-04
1.407079646017699082e+00 1.227405902248954682e-04
1.408554572271386363e+00 1.258915067805909803e-04
1.410029498525073866e+00 1.291292752018950620e-04
1.411504424778760924e+00 1.324563958365407171e-04
1.412979351032448427e+00 1.358754429949006459e-04
1.414454277286135708e+00 1.393890671682688478e-04
1.415929203539822989e+00 1.429999973138103026e-04
1.417404129793510270e+00 1.467110432080758419e-04
1.418879056047197551e+00 1.505250978710739429e-04
1.420353982300885054e+00 1.544451400631314652e-04
1.421828908554572335e+00 1.584742368565247915e-04
1.423303834808259616e+00 1.626155462841881471e-04
1.424778761061946897e+00 1.668723200678014836e-04
1.426253687315634178e+00 1.712479064274563631e-04
1.427728613569321459e+00 1.757457529754675053e-04
1.429203539823008740e+00 1.803694096966986795e-04
1.430678466076696242e+00 1.851225320179600623e-04
1.432153392330383523e+00 1.900088839691356024e-04
1.433628318584070804e+00 1.950323414386780703e-04
1.435103244837758085e+00 2.001968955262475641e-04
1.436578171091445366e+00 2.055066559953492352e-04
1.438053097345132869e+00 2.109658548289029996e-04
1.439528023598819928e+00 2.165788498906638258e-04
1.441002949852507431e+00 2.223501286957278863e-04
1.442477876106194712e+00 2.282843122931215503e-04
1.443952802359881993e+00 2.343861592638901096e-04
1.445427728613569274e+00 2.406605698379242595e-04
1.446902654867256555e+00 2.471125901330243312e-04
1.448377581120944058e+00 2.537474165197431430e-04
1.449852507374631339e+00 2.605704001155788600e-04
1.451327433628318619e+00 2.675870514123474268e-04
1.452802359882005900e+00 2.748030450405236700e-04
1.454277286135693181e+00 2.822242246744440615e-04
1.455752212389380462e+00 2.898566080825198412e-04
1.457227138643067743e+00 2.977063923265794391e-04
1.458702064896755246e+00 3.057799591145536210e-04
1.460176991150442527e+00 3.140838803109814942e-04
1.461651917404129808e+00 3.226249236098193557e-04
1.463126843657817089e+00 3.314100583741129706e-04
1.464601769911504370e+00 3.404464616474371283e-04
1.466076696165191873e+00 3.497415243417269768e-04
1.467551622418878932e+00 3.593028576068670152e-04
1.469026548672566435e+00 3.691382993868009697e-04
1.470501474926253715e+00 3.792559211677207155e-04
1.471976401179940996e+00 3.896640349236474309e-04
1.473451327433628277e+00 4.003712002649248208e-04
1.474926253687315558e+00 4.113862317953974053e-04
1.476401179941003061e+00 4.227182066841350715e-04
1.477876106194690120e+00 4.343764724576658072e-04
1.479351032448377623e+00 4.463706550189150543e-04
1.480825958702064904e+00 4.587106668990841105e-04
1.482300884955752185e+00 4.714067157491394879e-04
1.483775811209439466e+00 4.844693130775184586e-04
1.485250737463126747e+00 4.979092832405085682e-04
1.486725663716814250e+00 5.117377726930115271e-04
1.488200589970501531e+00 5.259662595061695900e-04
1.489675516224188812e+00 5.406065631596627908e-04
1.491150442477876092e+00 5.556708546160082484e-04
1.492625368731563373e+00 5.711716666846237229e-04
1.494100294985250654e+00 5.871219046837134869e-04
1.495575221238937935e+00 6.035348574079043042e-04
1.497050147492625438e+00 6.204242084100485043e-04
1.498525073746312719e+00 6.378040476057827675e-04
1.500000000000000000e+00 6.556888832095209008e-04
1.501474926253687281e+00 6.740936540107499196e-04
1.502949852507374562e+00 6.930337420000473592e-04
1.504424778761062065e+00 7.125249853538454707e-04
1.505899705014749124e+00 7.325836917879548042e-04
1.507374631268436627e+00 7.532266522894970080e-04
1.508849557522123908e+00 7.744711552372056775e-04
1.510324483775811188e+00 7.963350009206782588e-04
1.511799410029498469e+00 8.188365164690578199e-04
1.513274336283185750e+00 8.419945711998830630e-04
1.514749262536873253e+00 8.658285923992433937e-04
1.516224188790560312e+00 8.903585815444129423e-04
1.517699115044247815e+00 9.156051309810591147e-04
1.519174041297935096e+00 9.415894410660576464e-04
1.520648967551622377e+00 9.683333377887892767e-04
1.522123893805309880e+00 9.958592908828542423e-04
1.523598820058996939e+00 1.024190432441081768e-03
1.525073746312684442e+00 1.053350576046862760e-03
1.526548672566371723e+00 1.083364236434673561e-03
1.528023598820059004e+00 1.114256649693775008e-03
1.529498525073746285e+00 1.146053794028816181e-03
1.530973451327433565e+00 1.178782411090997144e-03
1.532448377581121068e+00 1.212470027895288507e-03
1.533923303834808127e+00 1.247144979336936793e-03
1.535398230088495630e+00 1.282836431324121907e-03
1.536873156342182911e+00 1.319574404540302306e-03
1.538348082595870192e+00 1.357389798853473901e-03
1.539823008849557473e+00 1.396314418387380792e-03
1.541297935103244754e+00 1.436380997271591168e-03
1.542772861356932257e+00 1.477623226086546577e-03
1.544247787610619316e+00 1.520075779021560656e-03
1.545722713864306819e+00 1.563774341761862930e-03
1.547197640117994100e+00 1.608755640123403193e-03
1.548672566371681381e+00 1.655057469453148156e-03
1.550147492625368884e+00 1.702718724812934481e-03
1.551622418879055942e+00 1.751779431966137739e-03
1.553097345132743445e+00 1.802280779186113922e-03
1.554572271386430726e+00 1.854265149905205776e-03
1.556047197640118007e+00 1.907776156225491010e-03
1.557522123893805288e+00 1.962858673309906578e-03
1.558997050147492569e+00 2.019558874675719731e-03
1.560471976401180072e+00 2.077924268409927621e-03
1.561946902654867131e+00 2.138003734328677592e-03
1.563421828908554634e+00 2.199847562102395012e-03
1.564896755162241915e+00 2.263507490367913915e-03
1.566371681415929196e+00 2.329036746850810403e-03
1.567846607669616477e+00 2.396490089520125072e-03
1.569321533923303758e+00 2.465923848798276096e-03
1.570796460176991260e+00 2.537395970850967342e-03
1.572271386430678319e+00 2.610966061979180190e-03
1.573746312684365822e+00 2.686695434138993647e-03
1.575221238938053103e+00 2.764647151612109870e-03
1.576696165191740384e+00 2.844886078854191869e-03
1.578171091445427665e+00 2.927478929544186266e-03
1.579646017699114946e+00 3.012494316861074814e-03
1.581120943952802449e+00 3.100002805015148865e-03
1.582595870206489508e+00 3.190076962057206492e-03
1.584070796460177011e+00 3.282791413996726405e-03
1.585545722713864292e+00 3.378222900250514062e-03
1.587020648967551573e+00 3.476450330454245851e-03
1.588495575221239076e+00 3.577554842662449084e-03
1.589970501474926134e+00 3.681619862962616854e-03
1.591445427728613637e+00 3.788731166537163443e-03
1.592920353982300918e+00 3.898976940195207457e-03
1.594395280235988199e+00 4.012447846408771779e-03
1.595870206489675480e+00 4.129237088880167994e-03
1.597345132743362761e+00 4.249440479666828988e-03
1.598820058997050264e+00 4.373156507900888453e-03
1.600294985250737323e+00 4.500486410125130628e-03
1.601769911504424826e+00 4.631534242280214639e-03
1.603244837758112107e+00 4.766406953373028901e-03
1.604719764011799388e+00 4.905214460855383991e-03
1.606194690265486669e+00 5.048069727743974972e-03
1.607669616519173950e+00 5.195088841513448817e-03
1.609144542772861453e+00 5.346391094792579853e-03
1.610619469026548511e+00 5.502099067895054041e-03
1.612094395280236014e+00 5.662338713216016894e-03
1.613569321533923295e+00 5.827239441524821595e-03
1.615044247787610576e+00 5.996934210187990916e-03
1.616519174041298079e+00 6.171559613350143317e-03
1.617994100294985138e+00 6.351255974105203712e-03
1.619469026548672641e+00 6.536167438692144956e-03
1.620943952802359922e+00 6.726442072743130107e-03
1.622418879056047203e+00 6.922231959615648272e-03
1.623893805309734484e+00 7.123693300840308780e-03
1.625368731563421765e+00 7.330986518716385222e-03
1.626843657817109268e+00 7.544276361083678516e-03
1.628318584070796327e+00 7.763732008301600478e-03
1.629793510324483830e+00 7.989527182466399369e-03
1.631268436578171110e+00 8.221840258896270098e-03
1.632743362831858391e+00 8.460854379911638898e-03
1.634218289085545672e+00 8.706757570944745339e-03
1.635693215339232953e+00 8.959742858999437259e-03
1.637168141592920456e+00 9.220008393499016380e-03
1.638643067846607515e+00 9.487757569539199964e-03
1.640117994100295018e+00 9.763199153581888709e-03
1.641592920353982299e+00 1.004654741160927386e-02
1.643067846607669580e+00 1.033802223977170476e-02
1.644542772861357083e+00 1.063784929754436198e-02
1.646017699115044142e+00 1.094626014342325523e-02
1.647492625368731645e+00 1.126349237318627523e-02
1.648967551622418926e+00 1.158978976072686483e-02
1.650442477876106206e+00 1.192540240150416486e-02
1.651917404129793487e+00 1.227058685860842220e-02
1.653392330383480768e+00 1.262560631146908592e-02
1.654867256637168271e+00 1.299073070722763651e-02
1.656342182890855330e+00 1.336623691478258658e-02
1.657817109144542833e+00 1.375240888152418767e-02
1.659292035398230114e+00 1.414953779277864331e-02
1.660766961651917395e+00 1.455792223395992700e-02
1.662241887905604676e+00 1.497786835545264310e-02
1.663716814159291957e+00 1.540969004022508908e-02
1.665191740412979460e+00 1.585370907418458611e-02
1.666666666666666519e+00 1.631025531927323899e-02
1.668141592920354022e+00 1.677966688931156747e-02
1.669616519174041303e+00 1.726229032858666787e-02
1.671091445427728583e+00 1.775848079318811945e-02
1.672566371681415864e+00 1.826860223507412520e-02
1.674041297935103145e+00 1.879302758887997984e-02
1.675516224188790648e+00 1.933213896143790717e-02
1.676991150442477707e+00 1.988632782401091731e-02
1.678466076696165210e+00 2.045599520722652526e-02
1.679941002949852491e+00 2.104155189866880465e-02
1.681415929203539772e+00 2.164341864314132599e-02
1.682890855457227275e+00 2.226202634554938151e-02
1.684365781710914334e+00 2.289781627638119016e-02
1.685840707964601837e+00 2.355124027976769271e-02
1.687315634218289118e+00 2.422276098405810874e-02
1.688790560471976399e+00 2.491285201491388532e-02
1.690265486725663679e+00 2.562199821082160323e-02
1.691740412979350960e+00 2.635069584103983190e-02
1.693215339233038463e+00 2.709945282587871915e-02
1.694690265486725522e+00 2.786878895927610497e-02
1.696165191740413025e+00 2.865923613362022712e-02
1.697640117994100306e+00 2.947133856672565916e-02
1.699115044247787587e+00 3.030565303092340110e-02
1.700589970501474868e+00 3.116274908416363093e-02
1.702064896755162149e+00 3.204320930306968351e-02
1.703539823008849652e+00 3.294762951784355187e-02
1.705014749262536711e+00 3.387661904893850273e-02
1.706489675516224214e+00 3.483080094540962068e-02
1.707964601769911495e+00 3.581081222480763521e-02
1.709439528023598776e+00 3.681730411455939184e-02
1.710914454277286278e+00 3.785094229465581911e-02
1.712389380530973337e+00 3.891240714158841763e-02
1.713864306784660840e+00 4.000239397335339508e-02
1.715339233038348121e+00 4.112161329542361743e-02
1.716814159292035402e+00 4.227079104752147487e-02
1.718289085545722683e+00 4.345066885106291243e-02
1.719764011799409964e+00 4.466200425710226130e-02
1.721238938053097467e+00 4.590557099461756163e-02
1.722713864306784526e+00 4.718215921895266979e-02
1.724188790560472029e+00 4.849257576027660166e-02
1.725663716814159310e+00 4.983764437179374202e-02
1.727138643067846591e+00 5.121820597760860100e-02
1.728613569321533872e+00 5.263511891994193670e-02
1.730088495575221152e+00 5.408925920554771838e-02
1.731563421828908655e+00 5.558152075109342588e-02
1.733038348082595714e+00 5.711281562725460670e-02
1.734513274336283217e+00 5.868407430130066077e-02
1.735988200589970498e+00 6.029624587791505841e-02
1.737463126843657779e+00 6.195029833797800756e-02
1.738938053097345282e+00 6.364721877506737679e-02
1.740412979351032341e+00 6.538801362938072292e-02
1.741887905604719844e+00 6.717370891876596473e-02
1.743362831858407125e+00 6.900535046662531480e-02
1.744837758112094406e+00 7.088400412629269898e-02
1.746312684365781687e+00 7.281075600166043993e-02
1.747787610619468968e+00 7.478671266361379411e-02
1.749262536873156471e+00 7.681300136204841089e-02
1.750737463126843529e+00 7.889077023301840907e-02
1.752212389380531032e+00 8.102118850069107980e-02
1.753687315634218313e+00 8.320544667374776826e-02
1.755162241887905594e+00 8.544475673580623210e-02
1.756637168141592875e+00 8.774035232948582119e-02
1.758112094395280156e+00 9.009348893370332234e-02
1.759587020648967659e+00 9.250544403378678504e-02
1.761061946902654718e+00 9.497751728392948845e-02
1.762536873156342221e+00 9.751103066160676791e-02
1.764011799410029502e+00 1.001073286134245843e-01
1.765486725663716783e+00 1.027677781920106337e-01
1.766961651917404064e+00 1.054937691833723601e-01
1.768436578171091345e+00 1.082867142243067043e-01
1.769911504424778848e+00 1.111480489093390894e-01
1.771386430678465906e+00 1.140792318866461763e-01
1.772861356932153409e+00 1.170817449424328138e-01
1.774336283185840690e+00 1.201570930732966808e-01
1.775811209439527971e+00 1.233068045459173034e-01
1.777286135693215474e+00 1.265324309436045291e-01
1.778761061946902533e+00 1.298355471990533527e-01
1.780235988200590036e+00 1.332177516127913686e-01
1.781710914454277317e+00 1.366806658566456500e-01
1.783185840707964598e+00 1.402259349617187567e-01
1.784660766961651879e+00 1.438552272901242879e-01
1.786135693215339160e+00 1.475702344899806340e-01
1.787610619469026663e+00 1.513726714329452494e-01
1.789085545722713722e+00 1.552642761336759103e-01
1.790560471976401224e+00 1.592468096505423036e-01
1.792035398230088505e+00 1.633220559668801530e-01
1.793510324483775786e+00 1.674918218522414015e-01
1.794985250737463067e+00 1.717579367028211623e-01
1.796460176991150348e+00 1.761222523603680479e-01
1.797935103244837851e+00 1.805866429089957870e-01
1.799410029498524910e+00 1.851530044490684590e-01
1.800884955752212413e+00 1.898232548475089765e-01
1.802359882005899694e+00 1.945993334637802219e-01
1.803834808259586975e+00 1.994832008507629595e-01
1.805309734513274478e+00 2.044768384299809616e-01
1.806784660766961537e+00 2.095822481401598270e-01
1.808259587020649040e+00 2.148014520586070675e-01
1.809734513274336321e+00 2.201364919946023901e-01
1.811209439528023601e+00 2.255894290539574576e-01
1.812684365781710882e+00 2.311623431741532952e-01
1.814159292035398163e+00 2.368573326291954495e-01
1.815634218289085666e+00 2.426765135035062748e-01
1.817109144542772725e+00 2.486220191339652552e-01
1.818584070796460228e+00 2.546959995196259041e-01
1.820058997050147509e+00 2.609006206980742926e-01
1.821533923303834790e+00 2.672380640879004066e-01
1.823008849557522071e+00 2.737105257963430294e-01
1.824483775811209352e+00 2.803202158916791586e-01
1.825958702064896855e+00 2.870693576393270052e-01
1.827433628318583914e+00 2.939601867011696346e-01
1.828908554572271417e+00 3.009949502972357194e-01
1.830383480825958697e+00 3.081759063292130452e-01
1.831858407079645978e+00 3.155053224649838062e-01
1.833333333333333481e+00 3.229854751835627424e-01
1.834808259587020540e+00 3.306186487798017937e-01
1.836283185840708043e+00 3.384071343282493705e-01
1.837758112094395324e+00 3.463532286054286091e-01
1.839233038348082605e+00 3.544592329701085620e-01
1.840707964601769886e+00 3.627274522008467339e-01
1.842182890855457167e+00 3.711601932904380341e-01
1.843657817109144670e+00 3.797597641963638138e-01
1.845132743362831729e+00 3.885284725473061029e-01
1.846607669616519232e+00 3.974686243046628431e-01
1.848082595870206513e+00 4.065825223790891507e-01
1.849557522123893794e+00 4.158724652012840139e-01
1.851032448377581074e+00 4.253407452470188144e-01
1.852507374631268355e+00 4.349896475155108355e-01
1.853982300884955858e+00 4.448214479615791861e-01
1.855457227138642917e+00 4.548384118805338105e-01
1.856932153392330420e+00 4.650427922461664032e-01
1.858407079646017701e+00 4.754368280012181702e-01
1.859882005899704982e+00 4.860227423005111791e-01
1.861356932153392263e+00 4.968027407064927181e-01
1.862831858407079544e+00 5.077790093369474178e-01
1.864306784660767047e+00 5.189537129653430947e-01
1.865781710914454106e+00 5.303289930733932067e-01
1.867256637168141609e+00 5.419069658561320724e-01
1.868731563421828890e+00 5.536897201796959767e-01
1.870206489675516170e+00 5.656793154919940170e-01
1.871681415929203673e+00 5.778777796864624783e-01
1.873156342182890732e+00 5.902871069193671438e-01
1.874631268436578235e+00 6.029092553808927946e-01
1.876106194690265516e+00 6.157461450206693776e-01
1.877581120943952797e+00 6.287996552281122087e-01
1.879056047197640078e+00 6.420716224683167273e-01
1.880530973451327359e+00 6.555638378739634398e-01
1.882005899705014862e+00 6.692780447942917599e-01
1.883480825958701921e+00 6.832159363017575870e-01
1.884955752212389424e+00 6.973791526570952692e-01
1.886430678466076705e+00 7.117692787344139793e-01
1.887905604719763986e+00 7.263878414064476319e-01
1.889380530973451267e+00 7.412363068920686526e-01
1.890855457227138547e+00 7.563160780665306726e-01
1.892330383480826050e+00 7.716284917361033724e-01
1.893805309734513109e+00 7.871748158786012750e-01
1.895280235988200612e+00 8.029562468509027218e-01
1.896755162241887893e+00 8.189739065654370043e-01
1.898230088495575174e+00 8.352288396372568036e-01
1.899705014749262677e+00 8.517220105029235100e-01
1.901179941002949736e+00 8.684543005138701810e-01
1.902654867256637239e+00 8.854265050058015563e-01
1.904129793510324520e+00 9.026393303457916906e-01
1.905604719764011801e+00 9.200933909600907956e-01
1.907079646017699082e+00 9.377892063441745085e-01
1.908554572271386363e+00 9.557271980572431547e-01
1.910029498525073866e+00 9.739076867048662711e-01
1.911504424778760924e+00 9.923308889103181762e-01
1.912979351032448427e+00 1.010996914278969649e+00
1.914454277286135708e+00 1.029905762357792964e+00
1.915929203539822989e+00 1.049057319592343829e+00
1.917404129793510270e+00 1.068451356285261555e+00
1.918879056047197551e+00 1.088087523558081582e+00
1.920353982300885054e+00 1.107965350320366804e+00
1.921828908554572113e+00 1.128084240249258352e+00
1.923303834808259616e+00 1.148443468781942478e+00
1.924778761061946897e+00 1.169042180125629660e+00
1.926253687315634178e+00 1.189879384287972464e+00
1.927728613569321681e+00 1.210953954131020138e+00
1.929203539823008740e+00 1.232264622453438152e+00
1.930678466076696242e+00 1.253809979103850392e+00
1.932153392330383523e+00 1.275588468129835062e+00
1.933628318584070804e+00 1.297598384965543694e+00
1.935103244837758085e+00 1.319837873663528116e+00
1.936578171091445366e+00 1.342304924173268965e+00
1.938053097345132869e+00 1.364997369671234528e+00
1.939528023598819928e+00 1.387912883947027387e+00
1.941002949852507431e+00 1.411048978849666291e+00
1.942477876106194712e+00 1.434403001797663224e+00
1.943952802359881993e+00 1.457972133358871325e+00
1.945427728613569274e+00 1.481753384902946058e+00
1.946902654867256555e+00 1.505743596332142165e+00
1.948377581120944058e+00 1.529939433894794476e+00
1.949852507374631116e+00 1.554337388084864102e+00
1.951327433628318619e+00 1.578933771634584593e+00
1.952802359882005900e+00 1.603724717602790450e+00
1.954277286135693181e+00 1.628706177564515301e+00
1.955752212389380462e+00 1.653873919906914125e+00
1.957227138643067743e+00 1.679223528235187279e+00
1.958702064896755246e+00 1.704750399894675361e+00
1.960176991150442305e+00 1.730449744612704510e+00
1.961651917404129808e+00 1.756316583265361331e+00
1.963126843657817089e+00 1.782345746774733453e+00
1.964601769911504370e+00 1.808531875139485434e+00
1.966076696165191873e+00 1.834869416604998138e+00
1.967551622418878932e+00 1.861352626977936797e+00
1.969026548672566435e+00 1.887975569088662819e+00
1.970501474926253715e+00 1.914732112406005937e+00
1.971976401179940996e+00 1.941615932811332268e+00
1.973451327433628277e+00 1.968620512532900158e+00
1.974926253687315558e+00 1.995739140246671761e+00
1.976401179941003061e+00 2.022964911349477202e+00
1.977876106194690120e+00 2.050290728404556173e+00
1.979351032448377623e+00 2.077709301767778349e+00
1.980825958702064904e+00 2.105213150395792709e+00
1.982300884955752185e+00 2.132794602841735276e+00
1.983775811209439466e+00 2.160445798440675969e+00
1.985250737463126747e+00 2.188158688689083142e+00
1.986725663716814250e+00 2.215925038822749826e+00
1.988200589970501309e+00 2.243736429594679560e+00
1.989675516224188812e+00 2.271584259257176885e+00
1.991150442477876092e+00 2.299459745750714657e+00
1.992625368731563373e+00 2.327353929102580654e+00
1.994100294985250876e+00 2.355257674037891658e+00
1.995575221238937935e+00 2.383161672804866793e+00
1.997050147492625438e+00 2.411056448216735149e+00
1.998525073746312719e+00 2.438932356913189547e+00
2.000000000000000000e+00 2.466779592840862012e+00
2.001474926253687059e+00 2.494588190956785745e+00
2.002949852507374562e+00 2.522348031154365788e+00
2.004424778761062065e+00 2.550048842413328742e+00
2.005899705014749124e+00 2.577680207174052995e+00
2.007374631268436627e+00 2.605231565938161520e+00
2.008849557522124130e+00 2.632692222093172330e+00
2.010324483775811188e+00 2.660051346961366026e+00
2.011799410029498247e+00 2.687297985076795293e+00
2.013274336283185750e+00 2.714421059681375148e+00
2.014749262536873253e+00 2.741409378446763245e+00
2.016224188790560312e+00 2.768251639418057408e+00
2.017699115044247815e+00 2.794936437173952903e+00
2.019174041297935318e+00 2.821452269207953556e+00
2.020648967551622377e+00 2.847787542522628890e+00
2.022123893805309436e+00 2.873930580436887539e+00
2.023598820058996939e+00 2.899869629602977561e+00
2.025073746312684442e+00 2.925592867229593885e+00
2.026548672566371501e+00 2.951088408505846417e+00
2.028023598820059004e+00 2.976344314225070509e+00
2.029498525073746507e+00 3.001348598600105611e+00
2.030973451327433565e+00 3.026089237271575083e+00
2.032448377581120624e+00 3.050554175492907305e+00
2.033923303834808571e+00 3.074731336500046819e+00
2.035398230088495630e+00 3.098608630048753199e+00
2.036873156342182689e+00 3.122173961119971697e+00
2.038348082595870192e+00 3.145415238783778378e+00
2.039823008849557695e+00 3.168320385213835966e+00
2.041297935103244754e+00 3.190877344849620822e+00
2.042772861356931813e+00 3.213074093693266242e+00
2.044247787610619760e+00 3.234898648735245796e+00
2.045722713864306819e+00 3.256339077503146218e+00
2.047197640117993878e+00 3.277383507719240363e+00
2.048672566371681381e+00 3.298020137063588209e+00
2.050147492625368884e+00 3.318237243026665784e+00
2.051622418879055942e+00 3.338023192850531284e+00
2.053097345132743445e+00 3.357366453540176376e+00
2.054572271386430948e+00 3.376255601937979023e+00
2.056047197640118007e+00 3.394679334854816766e+00
2.057522123893805066e+00 3.412626479237010901e+00
2.058997050147492569e+00 3.430086002369163722e+00
2.060471976401180072e+00 3.447047022093968849e+00
2.061946902654867131e+00 3.463498817038830335e+00
2.063421828908554634e+00 3.479430836841598484e+00
2.064896755162242137e+00 3.494832712354614568e+00
2.066371681415929196e+00 3.509694265826026172e+00
2.067846607669616255e+00 3.524005521035121546e+00
2.069321533923303758e+00 3.537756713377892215e+00
2.070796460176991260e+00 3.550938299882959726e+00
2.072271386430678319e+00 3.563540969149848081e+00
2.073746312684365822e+00 3.575555651194658235e+00
2.075221238938053325e+00 3.586973527189681210e+00
2.076696165191740384e+00 3.597786039085038912e+00
2.078171091445427443e+00 3.607984899097429921e+00
2.079646017699114946e+00 3.617562099054021374e+00
2.081120943952802449e+00 3.626509919579302910e+00
2.082595870206489508e+00 3.634820939107575644e+00
2.084070796460177011e+00 3.642488042712196616e+00
2.085545722713864514e+00 3.649504430735702520e+00
2.087020648967551573e+00 3.655863627209975153e+00
2.088495575221238632e+00 3.661559488050340150e+00
2.089970501474926134e+00 3.666586209013632303e+00
2.091445427728613637e+00 3.670938333406068121e+00
2.092920353982300696e+00 3.674610759527959125e+00
2.094395280235988199e+00 3.677598747844403437e+00
2.095870206489675702e+00 3.679897927868833296e+00
2.097345132743362761e+00 3.681504304746407552e+00
2.098820058997049820e+00 3.682414265528985098e+00
2.100294985250737767e+00 3.682624585125764849e+00
2.101769911504424826e+00 3.682132431921453009e+00
2.103244837758111885e+00 3.680935373053018100e+00
2.104719764011799388e+00 3.679031379327966089e+00
2.106194690265486891e+00 3.676418829783168807e+00
2.107669616519173950e+00 3.673096515864554323e+00
2.109144542772861453e+00 3.669063645231374071e+00
2.110619469026548956e+00 3.664319845161237321e+00
2.112094395280236014e+00 3.658865165559080257e+00
2.113569321533923073e+00 3.652700081560200651e+00
2.115044247787610576e+00 3.645825495714608344e+00
2.116519174041298079e+00 3.638242739752389543e+00
2.117994100294985138e+00 3.629953575920598752e+00
2.119469026548672641e+00 3.620960197887605592e+00
2.120943952802360144e+00 3.611265231207058779e+00
2.122418879056047203e+00 3.600871733342133396e+00
2.123893805309734262e+00 3.589783193240398074e+00
2.125368731563421765e+00 3.578003530460473147e+00
2.126843657817109268e+00 3.565537093844993954e+00
2.128318584070796327e+00 3.552388659741903432e+00
2.129793510324483830e+00 3.538563429766123924e+00
2.131268436578171332e+00 3.524067028109301614e+00
2.132743362831858391e+00 3.508905498390082034e+00
2.134218289085545450e+00 3.493085300051824937e+00
2.135693215339232953e+00 3.476613304303823870e+00
2.137168141592920456e+00 3.459496789612659828e+00
2.138643067846607515e+00 3.441743436745244633e+00
2.140117994100295018e+00 3.423361323364642050e+00
2.141592920353982521e+00 3.404358918185839578e+00
2.143067846607669580e+00 3.384745074695993061e+00
2.144542772861356639e+00 3.364529024442860283e+00
2.146017699115044142e+00 3.343720369901576728e+00
2.147492625368731645e+00 3.322329076920699897e+00
2.148967551622418704e+00 3.300365466762879674e+00
2.150442477876106206e+00 3.277840207742322320e+00
2.151917404129793709e+00 3.254764306469957624e+00
2.153392330383480768e+00 3.231149098718072654e+00
2.154867256637167827e+00 3.207006239912487455e+00
2.156342182890855330e+00 3.182347695262583098e+00
2.157817109144542833e+00 3.157185729545207042e+00
2.159292035398229892e+00 3.131532896547013056e+00
2.160766961651917395e+00 3.105402028187252306e+00
2.162241887905604898e+00 3.078806223325487590e+00
2.163716814159291957e+00 3.051758836275809017e+00
2.165191740412979016e+00 3.024273465034835962e+00
2.166666666666666963e+00 2.996363939244354846e+00
2.168141592920354022e+00 2.968044307901236412e+00
2.169616519174041080e+00 2.939328826828941033e+00
2.171091445427728583e+00 2.910231945930839448e+00
2.172566371681416086e+00 2.880768296237815829e+00
2.174041297935103145e+00 2.850952676770285077e+00
2.175516224188790648e+00 2.820800041229652333e+00
2.176991150442478151e+00 2.790325484537831802e+00
2.178466076696165210e+00 2.759544229245221914e+00
2.179941002949852269e+00 2.728471611817565812e+00
2.181415929203539772e+00 2.697123068831403181e+00
2.182890855457227275e+00 2.665514123085019005e+00
2.184365781710914334e+00 2.633660369653438416e+00
2.185840707964601837e+00 2.601577461898739507e+00
2.187315634218289340e+00 2.569281097458644414e+00
2.188790560471976399e+00 2.536787004232079479e+00
2.190265486725663457e+00 2.504110926378873003e+00
2.191740412979350960e+00 2.471268610354131035e+00
2.193215339233038463e+00 2.438275790994322456e+00
2.194690265486725522e+00 2.405148177676240451e+00
2.196165191740413025e+00 2.371901440565573616e+00
2.197640117994100528e+00 2.338551196973837953e+00
2.199115044247787587e+00 2.305112997842017730e+00
2.200589970501474646e+00 2.271602314370000375e+00
2.202064896755162149e+00 2.238034524807158920e+00
2.203539823008849652e+00 2.204424901424853367e+00
2.205014749262536711e+00 2.170788597683074528e+00
2.206489675516224214e+00 2.137140635614368733e+00
2.207964601769911717e+00 2.103495893435634922e+00
2.209439528023598776e+00 2.069869093406415672e+00
2.210914454277285834e+00 2.036274789949733321e+00
2.212389380530973337e+00 2.002727358048383088e+00
2.213864306784660840e+00 1.969240981933106482e+00
2.215339233038347899e+00 1.935829644074783973e+00
2.216814159292035402e+00 1.902507114496554630e+00
2.218289085545722905e+00 1.869286940415353593e+00
2.219764011799409964e+00 1.836182436228070536e+00
2.221238938053097023e+00 1.803206673852678632e+00
2.222713864306784970e+00 1.770372473433734273e+00
2.224188790560472029e+00 1.737692394426233689e+00
2.225663716814159088e+00 1.705178727063497268e+00
2.227138643067846591e+00 1.672843484220279509e+00
2.228613569321534094e+00 1.640698393678592382e+00
2.230088495575221152e+00 1.608754890803667070e+00
2.231563421828908211e+00 1.577024111637042258e+00
2.233038348082596158e+00 1.545516886412074742e+00
2.234513274336283217e+00 1.514243733498168432e+00
2.235988200589970276e+00 1.483214853777079734e+00
2.237463126843657779e+00 1.452440125455735975e+00
2.238938053097345282e+00 1.421929099318630652e+00
2.240412979351032341e+00 1.391690994420963001e+00
2.241887905604719844e+00 1.361734694225034570e+00
2.243362831858407347e+00 1.332068743180741199e+00
2.244837758112094406e+00 1.302701343748035923e+00
2.246312684365781465e+00 1.273640353864071484e+00
2.247787610619468968e+00 1.244893284849789339e+00
2.249262536873156471e+00 1.216467299755728204e+00
2.250737463126843529e+00 1.188369212144361864e+00
2.252212389380531032e+00 1.160605485303618956e+00
2.253687315634218535e+00 1.133182231888371527e+00
2.255162241887905594e+00 1.106105213984739599e+00
2.256637168141592653e+00 1.079379843591218302e+00
2.258112094395280156e+00 1.053011183509794391e+00
2.259587020648967659e+00 1.027003948641311615e+00
2.261061946902654718e+00 1.001362507676039515e+00
2.262536873156342221e+00 9.760908851721264989e-01
2.264011799410029724e+00 9.511927640133950312e-01
2.265486725663716783e+00 9.266714882360738148e-01
2.266961651917403842e+00 9.025300662160454790e-01
2.268436578171091345e+00 8.787711742050101638e-01
2.269911504424778848e+00 8.553971602066077207e-01
2.271386430678465906e+00 8.324100481789104000e-01
2.272861356932153409e+00 8.098115425540075574e-01
2.274336283185840912e+00 7.876030330616018427e-01
2.275811209439527971e+00 7.657855998443924284e-01
2.277286135693215030e+00 7.443600188528385342e-01
2.278761061946902533e+00 7.233267675065704339e-01
2.280235988200590036e+00 7.026860306088585917e-01
2.281710914454277095e+00 6.824377065013771393e-01
2.283185840707964598e+00 6.625814134450443982e-01
2.284660766961652101e+00 6.431164962138012919e-01
2.286135693215339160e+00 6.240420328873224065e-01
2.287610619469026219e+00 6.053568418280292907e-01
2.289085545722714166e+00 5.870594888297542280e-01
2.290560471976401224e+00 5.691482944226791130e-01
2.292035398230088283e+00 5.516213413208786998e-01
2.293510324483775786e+00 5.344764819988094828e-01
2.294985250737463289e+00 5.177113463821715333e-01
2.296460176991150348e+00 5.013233496391800159e-01
2.297935103244837851e+00 4.853097000588552090e-01
2.299410029498525354e+00 4.696674070021780167e-01
2.300884955752212413e+00 4.543932889123512009e-01
2.302359882005899472e+00 4.394839813714075394e-01
2.303834808259586975e+00 4.249359451891663864e-01
2.305309734513274478e+00 4.107454745121810746e-01
2.306784660766961537e+00 3.969087049394404709e-01
2.308259587020649040e+00 3.834216216324792814e-01
2.309734513274336543e+00 3.702800674080105048e-01
2.311209439528023601e+00 3.574797508005541635e-01
2.312684365781710660e+00 3.450162540840568948e-01
2.314159292035398163e+00 3.328850412408205228e-01
2.315634218289085666e+00 3.210814658673653565e-01
2.317109144542772725e+00 3.096007790061061082e-01
2.318584070796460228e+00 2.984381368932114698e-01
2.320058997050147731e+00 2.875886086127046326e-01
2.321533923303834790e+00 2.770471836473917815e-01
2.323008849557521849e+00 2.668087793180510259e-01
2.324483775811209352e+00 2.568682481020357344e-01
2.325958702064896855e+00 2.472203848234676982e-01
2.327433628318583914e+00 2.378599337073007969e-01
2.328908554572271417e+00 2.287815952903749228e-01
2.330383480825958920e+00 2.199800331822344690e-01
2.331858407079645978e+00 2.114498806701701483e-01
2.333333333333333037e+00 2.031857471619548661e-01
2.334808259587020540e+00 1.951822244615209478e-01
2.336283185840708043e+00 1.874338928723727760e-01
2.337758112094395102e+00 1.799353271244710228e-01
2.339233038348082605e+00 1.726811021204562313e-01
2.340707964601770108e+00 1.656657984978502918e-01
2.342182890855457167e+00 1.588840080040065939e-01
2.343657817109144226e+00 1.523303386812432936e-01
2.345132743362831729e+00 1.459994198599516013e-01
2.346607669616519232e+00 1.398859069577595149e-01
2.348082595870206291e+00 1.339844860835018026e-01
2.349557522123893794e+00 1.282898784449642837e-01
2.351032448377581296e+00 1.227968445597858033e-01
2.352507374631268355e+00 1.175001882693838817e-01
2.353982300884955414e+00 1.123947605560045165e-01
2.355457227138643361e+00 1.074754631635270880e-01
2.356932153392330420e+00 1.027372520228828356e-01
2.358407079646017479e+00 9.817514048312191155e-02
2.359882005899704982e+00 9.378420235010209716e-02
2.361356932153392485e+00 8.955957473416593928e-02
2.362831858407079544e+00 8.549646070938959896e-02
2.364306784660767047e+00 8.159013178650710574e-02
2.365781710914454550e+00 7.783593020246666605e-02
2.367256637168141609e+00 7.422927102941595523e-02
2.368731563421828668e+00 7.076564410638594427e-02
2.370206489675516170e+00 6.744061579712347376e-02
2.371681415929203673e+00 6.424983057758565375e-02
2.373156342182890732e+00 6.118901245709278819e-02
2.374631268436578235e+00 5.825396623694542586e-02
2.376106194690265738e+00 5.544057861084433075e-02
2.377581120943952797e+00 5.274481911130188272e-02
2.379056047197639856e+00 5.016274090660027829e-02
2.380530973451327359e+00 4.769048145271118089e-02
2.382005899705014862e+00 4.532426300503675232e-02
2.383480825958701921e+00 4.306039299455002162e-02
2.384955752212389424e+00 4.089526427331199171e-02
2.386430678466076927e+00 3.882535523417241646e-02
2.387905604719763986e+00 3.684722980964730971e-02
2.389380530973451044e+00 3.495753735495261971e-02
2.390855457227138547e+00 3.315301242019578348e-02
2.392330383480826050e+00 3.143047441676984771e-02
2.393805309734513109e+00 2.978682718291842529e-02
2.395280235988200612e+00 2.821905845357369769e-02
2.396755162241888115e+00 2.672423923935677084e-02
2.398230088495575174e+00 2.529952311979895979e-02
2.399705014749262233e+00 2.394214545560374718e-02
2.401179941002949736e+00 2.264942252490760241e-02
2.402654867256637239e+00 2.141875058827249698e-02
2.404129793510324298e+00 2.024760488721480747e-02
2.405604719764011801e+00 1.913353858085658360e-02
2.407079646017699304e+00 1.807418162536264181e-02
2.408554572271386363e+00 1.706723960059445405e-02
2.410029498525073421e+00 1.611049248839615394e-02
2.411504424778761368e+00 1.520179340679696581e-02
2.412979351032448427e+00 1.433906730433440017e-02
2.414454277286135486e+00 1.352030961852866350e-02
2.415929203539822989e+00 1.274358490251476309e-02
2.417404129793510492e+00 1.200702542363058997e-02
2.418879056047197551e+00 1.130882973768408684e-02
2.420353982300884610e+00 1.064726124249146776e-02
2.421828908554572557e+00 1.002064671413128993e-02
2.423303834808259616e+00 9.427374829256877226e-03
2.424778761061946675e+00 8.865894676637325195e-03
2.426253687315634178e+00 8.334714261011575212e-03
2.427728613569321681e+00 7.832399002168940680e-03
2.429203539823008740e+00 7.357570232046651768e-03
2.430678466076696242e+00 6.908903692509817812e-03
2.432153392330383745e+00 6.485128036326760770e-03
2.433628318584070804e+00 6.085023333743418486e-03
2.435103244837757863e+00 5.707419586897427392e-03
2.436578171091445366e+00 5.351195254215786873e-03
2.438053097345132869e+00 5.015275786780801562e-03
2.439528023598819928e+00 4.698632178536883523e-03
2.441002949852507431e+00 4.400279532088813110e-03
2.442477876106194934e+00 4.119275641703389577e-03
2.443952802359881993e+00 3.854719595023282756e-03
2.445427728613569052e+00 3.605750394866349268e-03
2.446902654867256555e+00 3.371545602391910323e-03
2.448377581120944058e+00 3.151320002776019855e-03
2.449852507374631116e+00 2.944324294452078505e-03
2.451327433628318619e+00 2.749843802855249375e-03
2.452802359882006122e+00 2.567197219513158747e-03
2.454277286135693181e+00 2.395735367222930415e-03
2.455752212389380240e+00 2.234839991960676543e-03
2.457227138643067743e+00 2.083922582084031354e-03
2.458702064896755246e+00 1.942423215290292300e-03
2.460176991150442305e+00 1.809809433720449643e-03
2.461651917404129808e+00 1.685575147510434127e-03
2.463126843657817311e+00 1.569239567021477781e-03
2.464601769911504370e+00 1.460346163902925473e-03
2.466076696165191429e+00 1.358461661078895228e-03
2.467551622418878932e+00 1.263175051680030542e-03
2.469026548672566435e+00 1.174096646882432076e-03
2.470501474926253493e+00 1.090857152559121784e-03
2.471976401179940996e+00 1.013106774593146731e-03
2.473451327433628499e+00 9.405143526545087186e-04
2.474926253687315558e+00 8.727665221912823739e-04
2.476401179941002617e+00 8.095669043481480785e-04
2.477876106194690564e+00 7.506353234787944625e-04
2.479351032448377623e+00 6.957070518856006865e-04
2.480825958702064682e+00 6.445320813862444927e-04
2.482300884955752185e+00 5.968744212736846154e-04
2.483775811209439688e+00 5.525114222093670735e-04
2.485250737463126747e+00 5.112331255666005634e-04
2.486725663716814250e+00 4.728416377133065271e-04
2.488200589970501753e+00 4.371505287101851438e-04
2.489675516224188812e+00 4.039842548782246186e-04
2.491150442477875870e+00 3.731776046767823680e-04
2.492625368731563373e+00 3.445751673215567430e-04
2.494100294985250876e+00 3.180308235600425525e-04
2.495575221238937935e+00 2.934072580141797691e-04
2.497050147492625438e+00 2.705754924955298219e-04
2.498525073746312941e+00 2.494144396909547551e-04
2.500000000000000000e+00 2.298104766169296225e-04
2.501474926253687059e+00 2.116570372375465930e-04
2.502949852507374562e+00 1.948542236435986505e-04
2.504424778761062065e+00 1.793084351908659946e-04
2.505899705014749124e+00 1.649320149998024924e-04
2.507374631268436627e+00 1.516429132230239310e-04
2.508849557522124130e+00 1.393643664931521538e-04
2.510324483775811188e+00 1.280245929698960779e-04
2.511799410029498247e+00 1.175565024134343393e-04
2.513274336283185750e+00 1.078974207194633643e-04
2.514749262536873253e+00 9.898882836088038607e-05
2.516224188790560312e+00 9.077611219116404624e-05
2.517699115044247815e+00 8.320833007512315178e-05
2.519174041297935318e+00 7.623798782425968243e-05
2.520648967551622377e+00 6.982082792556287062e-05
2.522123893805309436e+00 6.391562956469884894e-05
2.523598820058996939e+00 5.848401945764604984e-05
2.525073746312684442e+00 5.349029301679756389e-05
2.526548672566371501e+00 4.890124539156988918e-05
2.528023598820059004e+00 4.468601193615245036e-05
2.529498525073746507e+00 4.081591767090202394e-05
2.530973451327433565e+00 3.726433531694773899e-05
2.532448377581120624e+00 3.400655149753575548e-05
2.533923303834808127e+00 3.101964071287064626e-05
2.535398230088495630e+00 2.828234670875628338e-05
2.536873156342182689e+00 2.577497087286745992e-05
2.538348082595870192e+00 2.347926730564211547e-05
2.539823008849557695e+00 2.137834422601750655e-05
2.541297935103244754e+00 1.945657138525176366e-05
2.542772861356931813e+00 1.769949317481936686e-05
2.544247787610619760e+00 1.609374712699701858e-05
2.545722713864306819e+00 1.462698751919204019e-05
2.547197640117993878e+00 1.328781380499998482e-05
2.548672566371681381e+00 1.206570360708959958e-05
2.550147492625368884e+00 1.095095001832707289e-05
2.551622418879055942e+00 9.934602969039701921e-06
2.553097345132743445e+00 9.008414429179390298e-06
2.554572271386430948e+00 8.164787224934523383e-06
2.556047197640118007e+00 7.396727259589826036e-06
2.557522123893805066e+00 6.697798938606968372e-06
2.558997050147492569e+00 6.062083608536612937e-06
2.560471976401180072e+00 5.484140828851647600e-06
2.561946902654867131e+00 4.958972304827384100e-06
2.563421828908554634e+00 4.481988318395125419e-06
2.564896755162242137e+00 4.048976502322749411e-06
2.566371681415929196e+00 3.656072811190483072e-06
2.567846607669616255e+00 3.299734550459115689e-06
2.569321533923303758e+00 2.976715332404959620e-06
2.570796460176991260e+00 2.684041834889791145e-06
2.572271386430678319e+00 2.418992245819673123e-06
2.573746312684365822e+00 2.179076282724655494e-06
2.575221238938053325e+00 1.962016683209812258e-06
2.576696165191740384e+00 1.765732068010502739e-06
2.578171091445427443e+00 1.588321084153028929e-06
2.579646017699114946e+00 1.428047741163926489e-06
2.581120943952802449e+00 1.283327858492592119e-06
2.582595870206489508e+00 1.152716547251534251e-06
2.584070796460177011e+00 1.034896654091447128e-06
2.585545722713864514e+00 9.286680994908571842e-07
2.587020648967551573e+00 8.329380469754242412e-07
2.588495575221238632e+00 7.467118438021290401e-07
2.589970501474926134e+00 6.690846774380422203e-07
2.591445427728613637e+00 5.992338957648164823e-07
2.592920353982300696e+00 5.364119423338637278e-07
2.594395280235988199e+00 4.799398612106171977e-07
2.595870206489675702e+00 4.292013289693416511e-07
2.597345132743362761e+00 3.836371742581850444e-07
2.598820058997049820e+00 3.427403480381144203e-07
2.600294985250737767e+00 3.060513101342044345e-07
2.601769911504424826e+00 2.731538001108351093e-07
2.603244837758111885e+00 2.436709627216651424e-07
2.604719764011799388e+00 2.172618002807562099e-07
2.606194690265486891e+00 1.936179262694825560e-07
2.607669616519173950e+00 1.724605963389104175e-07
2.609144542772861008e+00 1.535379945930856003e-07
2.610619469026548956e+00 1.366227546559594663e-07
2.612094395280236014e+00 1.215096965350252541e-07
2.613569321533923073e+00 1.080137617063974831e-07
2.615044247787610576e+00 9.596813016421346805e-08
2.616519174041298079e+00 8.522250440604495887e-08
2.617994100294985138e+00 7.564154647209062769e-08
2.619469026548672641e+00 6.710345522247885310e-08
2.620943952802360144e+00 5.949867203075584269e-08
2.622418879056047203e+00 5.272870399418984382e-08
2.623893805309734262e+00 4.670505462058794430e-08
2.625368731563421765e+00 4.134825274719741720e-08
2.626843657817109268e+00 3.658697118708757108e-08
2.628318584070796327e+00 3.235722728348180319e-08
2.629793510324483830e+00 2.860165818760744528e-08
2.631268436578171332e+00 2.526886426333462468e-08
2.632743362831858391e+00 2.231281456572211500e-08
2.634218289085545450e+00 1.969230884306601154e-08
2.635693215339232953e+00 1.737049097658516421e-08
2.637168141592920456e+00 1.531440920011942380e-08
2.638643067846607515e+00 1.349461883774910060e-08
2.640117994100295018e+00 1.188482366137330602e-08
2.641592920353982521e+00 1.046155230591464665e-08
2.643067846607669580e+00 9.203866488584445673e-09
2.644542772861356639e+00 8.093098062659644311e-09
2.646017699115044142e+00 7.112612197223656148e-09
2.647492625368731645e+00 6.247594214004273263e-09
2.648967551622418704e+00 5.484857832425022728e-09
2.650442477876106206e+00 4.812672775725555832e-09
2.651917404129793709e+00 4.220609875795495799e-09
2.653392330383480768e+00 3.699401983725198371e-09
2.654867256637167827e+00 3.240819147929572842e-09
2.656342182890855330e+00 2.837556663363130546e-09
2.657817109144542833e+00 2.483134724803743275e-09
2.659292035398229892e+00 2.171808535355295536e-09
2.660766961651917395e+00 1.898487829188761823e-09
2.662241887905604898e+00 1.658664865894015770e-09
2.663716814159291957e+00 1.448350043428161996e-09
2.665191740412979016e+00 1.264014358252245375e-09
2.666666666666666963e+00 1.102538015507554248e-09
2.668141592920354022e+00 9.611645596021654824e-10
2.669616519174041080e+00 8.374599569374046745e-10
2.671091445427728583e+00 7.292761182139137491e-10
2.672566371681416086e+00 6.347183983126410543e-10
2.674041297935103145e+00 5.521166575891231292e-10
2.675516224188790648e+00 4.799995099560789696e-10
2.676991150442478151e+00 4.170714207462815792e-10
2.678466076696165210e+00 3.621923513813436898e-10
2.679941002949852269e+00 3.143596786526470758e-10
2.681415929203539772e+00 2.726921442299723023e-10
2.682890855457227275e+00 2.364156151295402626e-10
2.684365781710914334e+00 2.048504585334431047e-10
2.685840707964601837e+00 1.774003547912444877e-10
2.687315634218289340e+00 1.535423908473903834e-10
2.688790560471976399e+00 1.328182929232076313e-10
2.690265486725663457e+00 1.148266722044212585e-10
2.691740412979350960e+00 9.921617070578639708e-11
2.693215339233038463e+00 8.567940654358843579e-11
2.694690265486725522e+00 7.394762867689160299e-11
2.696165191740413025e+00 6.378600089750551604e-11
2.697640117994100528e+00 5.498944356400887158e-11
2.699115044247787587e+00 4.737896938646355932e-11
2.700589970501474646e+00 4.079845656300015776e-11
2.702064896755162149e+00 3.511180882981565987e-11
2.703539823008849652e+00 3.020045758461829435e-11
2.705014749262536711e+00 2.596116624685740473e-11
2.706489675516224214e+00 2.230410148664905198e-11
2.707964601769911717e+00 1.915113994234922263e-11
2.709439528023598776e+00 1.643438260337289517e-11
2.710914454277285834e+00 1.409485220490404479e-11
2.712389380530973337e+00 1.208135180436188679e-11
2.713864306784660840e+00 1.034946522216638537e-11
2.715339233038347899e+00 8.860682264279118336e-12
2.716814159292035402e+00 7.581633630264894688e-12
2.718289085545722905e+00 6.483422174870209685e-12
2.719764011799409964e+00 5.541038756914120488e-12
2.721238938053097023e+00 4.732852298204630014e-12
2.722713864306784526e+00 4.040164906158035356e-12
2.724188790560472029e+00 3.446824004150586261e-12
2.725663716814159088e+00 2.938884378727735268e-12
2.727138643067846591e+00 2.504313906429905616e-12
2.728613569321534094e+00 2.132737477523499256e-12
2.730088495575221152e+00 1.815214300401920875e-12
2.731563421828908211e+00 1.544044358708039935e-12
2.733038348082596158e+00 1.312600312141881948e-12
2.734513274336283217e+00 1.115181589311921368e-12
2.735988200589970276e+00 9.468878239081710423e-13
2.737463126843657779e+00 8.035091401162967318e-13
2.738938053097345282e+00 6.814311051718502328e-13
2.740412979351032341e+00 5.775524411726084017e-13
2.741887905604719844e+00 4.892138291648023616e-13
2.743362831858407347e+00 4.141363499656847310e-13
2.744837758112094406e+00 3.503682916750267483e-13
2.746312684365781465e+00 2.962392164268787101e-13
2.747787610619468968e+00 2.503203213623551907e-13
2.749262536873156471e+00 2.113902534889630194e-13
2.750737463126843529e+00 1.784056471590692214e-13
2.752212389380531032e+00 1.504757482414318409e-13
2.753687315634218535e+00 1.268405723487033952e-13
2.755162241887905594e+00 1.068521171858146442e-13
2.756637168141592653e+00 8.995821250856067358e-14
2.758112094395280156e+00 7.568864646736471510e-14
2.759587020648967659e+00 6.364325527372930202e-14
2.761061946902654718e+00 5.348170505084443179e-14
2.762536873156342221e+00 4.491473120132604503e-14
2.764011799410029724e+00 3.769663232799584378e-14
2.765486725663716783e+00 3.161884328403281024e-14
2.766961651917403842e+00 2.650443583630203817e-14
2.768436578171091345e+00 2.220341616372335375e-14
2.769911504424778848e+00 1.858870639028543880e-14
2.771386430678465906e+00 1.555271292513422361e-14
2.772861356932153409e+00 1.300439786261081568e-14
2.774336283185840912e+00 1.086678135628569654e-14
2.775811209439527971e+00 9.074812961058623622e-15
2.777286135693215030e+00 7.573558644721224637e-15
2.778761061946902533e+00 6.316657686587093476e-15
2.780235988200590036e+00 5.265010164169972295e-15
2.781710914454277095e+00 4.385661317510663540e-15
2.783185840707964598e+00 3.650853894687065032e-15
2.784660766961652101e+00 3.037223725590943393e-15
2.786135693215339160e+00 2.525117335303636098e-15
2.787610619469026219e+00 2.098013471919430039e-15
2.789085545722714166e+00 1.742033055098380688e-15
2.790560471976401224e+00 1.445524310222611697e-15
2.792035398230088283e+00 1.198711790271622343e-15
2.793510324483775786e+00 9.933996479570411538e-16
2.794985250737463289e+00 8.227209427815268195e-16
2.796460176991150348e+00 6.809259848787745969e-16
2.797935103244837407e+00 5.632037585078747987e-16
2.799410029498525354e+00 4.655313577989003293e-16
2.800884955752212413e+00 3.845471272090583670e-16
2.802359882005899472e+00 3.174438476471764326e-16
2.803834808259586975e+00 2.618788622780625485e-16
2.805309734513274478e+00 2.158985073406402515e-16
2.806784660766961537e+00 1.778746146885380685e-16
2.808259587020649040e+00 1.464511943324721391e-16
2.809734513274336543e+00 1.204996957216250738e-16
2.811209439528023601e+00 9.908149332677124523e-17
2.812684365781710660e+00 8.141645167570932752e-17
2.814159292035398163e+00 6.685660283733817163e-17
2.815634218289085666e+00 5.486412014862578582e-17
2.817109144542772725e+00 4.499289975181221854e-17
2.818584070796460228e+00 3.687316969428925554e-17
2.820058997050147731e+00 3.019863787609377671e-17
2.821533923303834790e+00 2.471576751869580810e-17
2.823008849557521849e+00 2.021483420986871243e-17
2.824483775811209352e+00 1.652247377711916419e-17
2.825958702064896855e+00 1.349547680770700922e-17
2.827433628318583914e+00 1.101562488879235407e-17
2.828908554572271417e+00 8.985396709084876747e-18
2.830383480825958920e+00 7.324399999631507301e-18
2.831858407079645978e+00 5.966408705614965396e-18
2.833333333333333037e+00 4.856904461874105986e-18
2.834808259587020540e+00 3.951037975253621319e-18
2.836283185840708043e+00 3.211939790891334638e-18
2.837758112094395102e+00 2.609321555626453117e-18
2.839233038348082605e+00 2.118318643504429358e-18
2.840707964601770108e+00 1.718533175096764272e-18
2.842182890855457167e+00 1.393243296519586052e-18
2.843657817109144226e+00 1.128750298929002829e-18
2.845132743362831729e+00 9.138399345934095964e-19
2.846607669616519232e+00 7.393382729657904249e-19
2.848082595870206291e+00 5.977457670138484884e-19
2.849557522123893794e+00 4.829359738136450553e-19
2.851032448377581296e+00 3.899076842456975228e-19
2.852507374631268355e+00 3.145811404268066725e-19
2.853982300884955414e+00 2.536306198588149632e-19
2.855457227138643361e+00 2.043469955894133087e-19
2.856932153392330420e+00 1.645249866793349552e-19
2.858407079646017479e+00 1.323707304439152988e-19
2.859882005899704982e+00 1.064260686313301139e-19
2.861356932153392485e+00 8.550657014360763584e-20
2.862831858407079544e+00 6.865083500628692515e-20
2.864306784660767047e+00 5.507905634616771249e-20
2.865781710914454550e+00 4.415917440160568622e-20
2.867256637168141609e+00 3.537925179102285737e-20
2.868731563421828668e+00 2.832494300079737836e-20
2.870206489675516170e+00 2.266113214199099206e-20
2.871681415929203673e+00 1.811697880567384512e-20
2.873156342182890732e+00 1.447374841227571131e-20
2.874631268436578235e+00 1.155491586643187810e-20
2.876106194690265738e+00 9.218123794143118627e-21
2.877581120943952797e+00 7.348652637381029505e-21
2.879056047197639856e+00 5.854122296847290285e-21
2.880530973451327359e+00 4.660196235607943996e-21
2.882005899705014862e+00 3.707100959516096871e-21
2.883480825958701921e+00 2.946808207980581964e-21
2.884955752212389424e+00 2.340755368804470189e-21
2.886430678466076927e+00 1.858002686323504042e-21
2.887905604719763986e+00 1.473744680386346669e-21
2.889380530973451044e+00 1.168108590677700687e-21
2.890855457227138547e+00 9.251852288375036658e-22
2.892330383480826050e+00 7.322478716431327100e-22
2.893805309734513109e+00 5.791231829577086746e-22
2.895280235988200612e+00 4.576849557778431107e-22
2.896755162241888115e+00 3.614470021088488648e-22
2.898230088495575174e+00 2.852360201115053782e-22
2.899705014749262233e+00 2.249289255195062237e-22
2.901179941002949736e+00 1.772421037182897727e-22
2.902654867256637239e+00 1.395624476957019802e-22
2.904129793510324298e+00 1.098119996386016012e-22
2.905604719764011801e+00 8.633959543288032047e-23
2.907079646017699304e+00 6.783419125628996048e-23
2.908554572271386363e+00 5.325558652001258854e-23
2.910029498525073421e+00 4.177909380584663487e-23
2.911504424778760924e+00 3.275138176807100488e-23
2.912979351032448427e+00 2.565526180978355960e-23
2.914454277286135486e+00 2.008162857001250203e-23
2.915929203539822989e+00 1.570711806303188754e-23
2.917404129793510492e+00 1.227633208357246345e-23
2.918879056047197551e+00 9.587706519595177288e-24
2.920353982300884610e+00 7.482285263988834513e-24
2.921828908554572557e+00 5.834809204556268504e-24
2.923303834808259616e+00 4.546648347756519234e-24
2.924778761061946675e+00 3.540200194726301869e-24
2.926253687315634178e+00 2.754453639951555180e-24
2.927728613569321681e+00 2.141478617108843506e-24
2.929203539823008740e+00 1.663650467190131063e-24
2.930678466076696242e+00 1.291456963269116100e-24
2.932153392330383745e+00 1.001767035723380367e-24
2.933628318584070804e+00 7.764650632543871527e-25
2.935103244837757863e+00 6.013743836374344672e-25
2.936578171091445366e+00 4.654094416775243105e-25
2.938053097345132869e+00 3.599085389212292044e-25
2.939528023598819928e+00 2.781091285844025071e-25
2.941002949852507431e+00 2.147355291336349909e-25
2.942477876106194934e+00 1.656752266421752565e-25
2.943952802359881993e+00 1.277249317750123311e-25
2.945427728613569052e+00 9.839151763752954314e-26
2.946902654867256555e+00 7.573610176526581916e-26
2.948377581120944058e+00 5.825201840059572502e-26
2.949852507374631116e+00 4.476939070793793862e-26
2.951327433628318619e+00 3.438056410262376440e-26
2.952802359882006122e+00 2.638188685246478840e-26
2.954277286135693181e+00 2.022829048955690135e-26
2.955752212389380240e+00 1.549788431665104109e-26
2.957227138643067743e+00 1.186437824516631896e-26
2.958702064896755246e+00 9.075620339768126605e-27
2.960176991150442305e+00 6.936906691821090273e-27
2.961651917404129808e+00 5.298012920624033388e-27
2.963126843657817311e+00 4.043125573133993888e-27
2.964601769911504370e+00 3.083031292357080464e-27
2.966076696165191429e+00 2.349062381255121910e-27
2.967551622418878932e+00 1.788407612740744680e-27
2.969026548672566435e+00 1.360483378676862098e-27
2.970501474926253493e+00 1.034127693692244477e-27
2.971976401179940996e+00 7.854322359489168977e-28
2.973451327433628499e+00 5.960687123186191810e-28
2.974926253687315558e+00 4.519978908730225410e-28
2.976401179941002617e+00 3.424746207776376138e-28
2.977876106194690564e+00 2.592816053502473267e-28
2.979351032448377623e+00 1.961398205829981105e-28
2.980825958702064682e+00 1.482552283158741396e-28
2.982300884955752185e+00 1.119705634861115518e-28
2.983775811209439688e+00 8.449805933130928481e-29
2.985250737463126747e+00 6.371446688073300632e-29
2.986725663716813806e+00 4.800397969037602774e-29
2.988200589970501753e+00 3.613796776059160205e-29
2.989675516224188812e+00 2.718297112014371850e-29
2.991150442477875870e+00 2.043037120558233250e-29
2.992625368731563373e+00 1.534267722230943598e-29
2.994100294985250876e+00 1.151253642055588145e-29
2.995575221238937935e+00 8.631480296851772521e-30
2.997050147492625438e+00 6.466114151622153629e-30
2.998525073746312941e+00 4.839992489643593326e-30
3.000000000000000000e+00 3.619834072531147851e-30
