-1.899999999999999911e+00 0.000000000000000000e+00
-1.897861356932153409e+00 0.000000000000000000e+00
-1.895722713864306685e+00 0.000000000000000000e+00
-1.893584070796460184e+00 0.000000000000000000e+00
-1.891445427728613460e+00 0.000000000000000000e+00
-1.889306784660766958e+00 0.000000000000000000e+00
-1.887168141592920234e+00 0.000000000000000000e+00
-1.885029498525073732e+00 0.000000000000000000e+00
-1.882890855457227008e+00 0.000000000000000000e+00
-1.880752212389380507e+00 0.000000000000000000e+00
-1.878613569321533783e+00 0.000000000000000000e+00
-1.876474926253687281e+00 0.000000000000000000e+00
-1.874336283185840557e+00 0.000000000000000000e+00
-1.872197640117994055e+00 0.000000000000000000e+00
-1.870058997050147331e+00 0.000000000000000000e+00
-1.867920353982300830e+00 0.000000000000000000e+00
-1.865781710914454106e+00 0.000000000000000000e+00
-1.863643067846607604e+00 0.000000000000000000e+00
-1.861504424778760880e+00 0.000000000000000000e+00
-1.859365781710914378e+00 0.000000000000000000e+00
-1.857227138643067654e+00 0.000000000000000000e+00
-1.855088495575221152e+00 0.000000000000000000e+00
-1.852949852507374651e+00 0.000000000000000000e+00
-1.850811209439527927e+00 0.000000000000000000e+00
-1.848672566371681425e+00 0.000000000000000000e+00
-1.846533923303834701e+00 0.000000000000000000e+00
-1.844395280235988199e+00 0.000000000000000000e+00
-1.842256637168141475e+00 0.000000000000000000e+00
-1.840117994100294974e+00 0.000000000000000000e+00
-1.837979351032448250e+00 0.000000000000000000e+00
-1.835840707964601748e+00 0.000000000000000000e+00
-1.833702064896755024e+00 0.000000000000000000e+00
-1.831563421828908522e+00 0.000000000000000000e+00
-1.829424778761061798e+00 0.000000000000000000e+00
-1.827286135693215297e+00 0.000000000000000000e+00
-1.825147492625368573e+00 0.000000000000000000e+00
-1.823008849557522071e+00 0.000000000000000000e+00
-1.820870206489675347e+00 0.000000000000000000e+00
-1.818731563421828845e+00 0.000000000000000000e+00
-1.816592920353982121e+00 0.000000000000000000e+00
-1.814454277286135619e+00 0.000000000000000000e+00
-1.812315634218288896e+00 0.000000000000000000e+00
-1.810176991150442394e+00 0.000000000000000000e+00
-1.808038348082595892e+00 0.000000000000000000e+00
-1.805899705014749168e+00 0.000000000000000000e+00
-1.803761061946902666e+00 0.000000000000000000e+00
-1.801622418879055942e+00 0.000000000000000000e+00
-1.799483775811209441e+00 0.000000000000000000e+00
-1.797345132743362717e+00 0.000000000000000000e+00
-1.795206489675516215e+00 0.000000000000000000e+00
-1.793067846607669491e+00 0.000000000000000000e+00
-1.790929203539822989e+00 0.000000000000000000e+00
-1.788790560471976265e+00 0.000000000000000000e+00
-1.786651917404129764e+00 0.000000000000000000e+00
-1.784513274336283040e+00 0.000000000000000000e+00
-1.782374631268436538e+00 0.000000000000000000e+00
-1.780235988200589814e+00 0.000000000000000000e+00
-1.778097345132743312e+00 0.000000000000000000e+00
-1.775958702064896588e+00 0.000000000000000000e+00
-1.773820058997050086e+00 0.000000000000000000e+00
-1.771681415929203363e+00 0.000000000000000000e+00
-1.769542772861356861e+00 0.000000000000000000e+00
-1.767404129793510137e+00 0.000000000000000000e+00
-1.765265486725663635e+00 0.000000000000000000e+00
-1.763126843657817133e+00 0.000000000000000000e+00
-1.760988200589970409e+00 0.000000000000000000e+00
-1.758849557522123686e+00 0.000000000000000000e+00
-1.756710914454277184e+00 0.000000000000000000e+00
-1.754572271386430682e+00 0.000000000000000000e+00
-1.752433628318583958e+00 0.000000000000000000e+00
-1.750294985250737456e+00 0.000000000000000000e+00
-1.748156342182890732e+00 0.000000000000000000e+00
-1.746017699115044230e+00 0.000000000000000000e+00
-1.743879056047197507e+00 0.000000000000000000e+00
-1.741740412979351005e+00 0.000000000000000000e+00
-1.739601769911504281e+00 0.000000000000000000e+00
-1.737463126843657779e+00 0.000000000000000000e+00
-1.735324483775811055e+00 0.000000000000000000e+00
-1.733185840707964553e+00 0.000000000000000000e+00
-1.731047197640117830e+00 0.000000000000000000e+00
-1.728908554572271328e+00 0.000000000000000000e+00
-1.726769911504424604e+00 0.000000000000000000e+00
-1.724631268436578102e+00 0.000000000000000000e+00
-1.722492625368731378e+00 0.000000000000000000e+00
-1.720353982300884876e+00 0.000000000000000000e+00
-1.718215339233038375e+00 0.000000000000000000e+00
-1.716076696165191651e+00 0.000000000000000000e+00
-1.713938053097344927e+00 0.000000000000000000e+00
-1.711799410029498425e+00 0.000000000000000000e+00
-1.709660766961651923e+00 0.000000000000000000e+00
-1.707522123893805199e+00 0.000000000000000000e+00
-1.705383480825958697e+00 0.000000000000000000e+00
-1.703244837758111974e+00 0.000000000000000000e+00
-1.701106194690265472e+00 0.000000000000000000e+00
-1.698967551622418748e+00 0.000000000000000000e+00
-1.696828908554572246e+00 0.000000000000000000e+00
-1.694690265486725522e+00 0.000000000000000000e+00
-1.692551622418879020e+00 0.000000000000000000e+00
-1.690412979351032297e+00 0.000000000000000000e+00
-1.688274336283185795e+00 0.000000000000000000e+00
-1.686135693215339071e+00 0.000000000000000000e+00
-1.683997050147492569e+00 0.000000000000000000e+00
-1.681858407079645845e+00 0.000000000000000000e+00
-1.679719764011799343e+00 0.000000000000000000e+00
-1.677581120943952619e+00 0.000000000000000000e+00
-1.675442477876106118e+00 0.000000000000000000e+00
-1.673303834808259616e+00 0.000000000000000000e+00
-1.671165191740412892e+00 0.000000000000000000e+00
-1.669026548672566168e+00 0.000000000000000000e+00
-1.666887905604719666e+00 0.000000000000000000e+00
-1.664749262536873164e+00 0.000000000000000000e+00
-1.662610619469026441e+00 0.000000000000000000e+00
-1.660471976401179939e+00 0.000000000000000000e+00
-1.658333333333333215e+00 0.000000000000000000e+00
-1.656194690265486713e+00 0.000000000000000000e+00
-1.654056047197639989e+00 0.000000000000000000e+00
-1.651917404129793487e+00 0.000000000000000000e+00
-1.649778761061946764e+00 0.000000000000000000e+00
-1.647640117994100262e+00 0.000000000000000000e+00
-1.645501474926253538e+00 0.000000000000000000e+00
-1.643362831858407036e+00 0.000000000000000000e+00
-1.641224188790560312e+00 0.000000000000000000e+00
-1.639085545722713810e+00 0.000000000000000000e+00
-1.636946902654867309e+00 0.000000000000000000e+00
-1.634808259587020585e+00 0.000000000000000000e+00
-1.632669616519173861e+00 0.000000000000000000e+00
-1.630530973451327359e+00 0.000000000000000000e+00
-1.628392330383480857e+00 0.000000000000000000e+00
-1.626253687315634133e+00 0.000000000000000000e+00
-1.624115044247787409e+00 0.000000000000000000e+00
-1.621976401179940908e+00 0.000000000000000000e+00
-1.619837758112094406e+00 0.000000000000000000e+00
-1.617699115044247682e+00 0.000000000000000000e+00
-1.615560471976400958e+00 0.000000000000000000e+00
-1.613421828908554456e+00 0.000000000000000000e+00
-1.611283185840707954e+00 0.000000000000000000e+00
-1.609144542772861231e+00 0.000000000000000000e+00
-1.607005899705014729e+00 0.000000000000000000e+00
-1.604867256637168005e+00 0.000000000000000000e+00
-1.602728613569321503e+00 0.000000000000000000e+00
-1.600589970501474779e+00 0.000000000000000000e+00
-1.598451327433628277e+00 0.000000000000000000e+00
-1.596312684365781553e+00 0.000000000000000000e+00
-1.594174041297935052e+00 0.000000000000000000e+00
-1.592035398230088550e+00 0.000000000000000000e+00
-1.589896755162241826e+00 0.000000000000000000e+00
-1.587758112094395102e+00 0.000000000000000000e+00
-1.585619469026548600e+00 0.000000000000000000e+00
-1.583480825958702098e+00 0.000000000000000000e+00
-1.581342182890855375e+00 0.000000000000000000e+00
-1.579203539823008651e+00 0.000000000000000000e+00
-1.577064896755162149e+00 0.000000000000000000e+00
-1.574926253687315647e+00 0.000000000000000000e+00
-1.572787610619468923e+00 0.000000000000000000e+00
-1.570648967551622199e+00 0.000000000000000000e+00
-1.568510324483775698e+00 0.000000000000000000e+00
-1.566371681415929196e+00 0.000000000000000000e+00
-1.564233038348082472e+00 0.000000000000000000e+00
-1.562094395280235970e+00 0.000000000000000000e+00
-1.559955752212389246e+00 0.000000000000000000e+00
-1.557817109144542744e+00 0.000000000000000000e+00
-1.555678466076696020e+00 0.000000000000000000e+00
-1.553539823008849519e+00 0.000000000000000000e+00
-1.551401179941002795e+00 0.000000000000000000e+00
-1.549262536873156293e+00 0.000000000000000000e+00
-1.547123893805309569e+00 0.000000000000000000e+00
-1.544985250737463067e+00 0.000000000000000000e+00
-1.542846607669616343e+00 0.000000000000000000e+00
-1.540707964601769842e+00 0.000000000000000000e+00
-1.538569321533923340e+00 0.000000000000000000e+00
-1.536430678466076616e+00 0.000000000000000000e+00
-1.534292035398229892e+00 0.000000000000000000e+00
-1.532153392330383390e+00 0.000000000000000000e+00
-1.530014749262536888e+00 0.000000000000000000e+00
-1.527876106194690164e+00 0.000000000000000000e+00
-1.525737463126843441e+00 0.000000000000000000e+00
-1.523598820058996939e+00 0.000000000000000000e+00
-1.521460176991150437e+00 0.000000000000000000e+00
-1.519321533923303713e+00 0.000000000000000000e+00
-1.517182890855457211e+00 0.000000000000000000e+00
-1.515044247787610487e+00 0.000000000000000000e+00
-1.512905604719763986e+00 0.000000000000000000e+00
-1.510766961651917262e+00 0.000000000000000000e+00
-1.508628318584070760e+00 0.000000000000000000e+00
-1.506489675516224036e+00 0.000000000000000000e+00
-1.504351032448377534e+00 0.000000000000000000e+00
-1.502212389380530810e+00 0.000000000000000000e+00
-1.500073746312684309e+00 0.000000000000000000e+00
-1.497935103244837585e+00 0.000000000000000000e+00
-1.495796460176991083e+00 0.000000000000000000e+00
-1.493657817109144581e+00 0.000000000000000000e+00
-1.491519174041297857e+00 0.000000000000000000e+00
-1.489380530973451133e+00 0.000000000000000000e+00
-1.487241887905604631e+00 0.000000000000000000e+00
-1.485103244837758130e+00 0.000000000000000000e+00
-1.482964601769911406e+00 0.000000000000000000e+00
-1.480825958702064682e+00 0.000000000000000000e+00
-1.478687315634218180e+00 0.000000000000000000e+00
-1.476548672566371678e+00 0.000000000000000000e+00
-1.474410029498524954e+00 0.000000000000000000e+00
-1.472271386430678453e+00 0.000000000000000000e+00
-1.470132743362831729e+00 0.000000000000000000e+00
-1.467994100294985227e+00 0.000000000000000000e+00
-1.465855457227138503e+00 0.000000000000000000e+00
-1.463716814159292001e+00 0.000000000000000000e+00
-1.461578171091445277e+00 0.000000000000000000e+00
-1.459439528023598776e+00 0.000000000000000000e+00
-1.457300884955752052e+00 0.000000000000000000e+00
-1.455162241887905550e+00 0.000000000000000000e+00
-1.453023598820058826e+00 0.000000000000000000e+00
-1.450884955752212324e+00 0.000000000000000000e+00
-1.448746312684365822e+00 0.000000000000000000e+00
-1.446607669616519098e+00 0.000000000000000000e+00
-1.444469026548672375e+00 0.000000000000000000e+00
-1.442330383480825873e+00 0.000000000000000000e+00
-1.440191740412979371e+00 0.000000000000000000e+00
-1.438053097345132647e+00 0.000000000000000000e+00
-1.435914454277285923e+00 0.000000000000000000e+00
-1.433775811209439421e+00 0.000000000000000000e+00
-1.431637168141592920e+00 0.000000000000000000e+00
-1.429498525073746196e+00 0.000000000000000000e+00
-1.427359882005899694e+00 0.000000000000000000e+00
-1.425221238938052970e+00 0.000000000000000000e+00
-1.423082595870206468e+00 0.000000000000000000e+00
-1.420943952802359744e+00 0.000000000000000000e+00
-1.418805309734513243e+00 0.000000000000000000e+00
-1.416666666666666519e+00 0.000000000000000000e+00
-1.414528023598820017e+00 0.000000000000000000e+00
-1.412389380530973293e+00 0.000000000000000000e+00
-1.410250737463126791e+00 0.000000000000000000e+00
-1.408112094395280067e+00 0.000000000000000000e+00
-1.405973451327433565e+00 0.000000000000000000e+00
-1.403834808259587064e+00 0.000000000000000000e+00
-1.401696165191740340e+00 0.000000000000000000e+00
-1.399557522123893616e+00 0.000000000000000000e+00
-1.397418879056047114e+00 0.000000000000000000e+00
-1.395280235988200612e+00 0.000000000000000000e+00
-1.393141592920353888e+00 0.000000000000000000e+00
-1.391002949852507165e+00 0.000000000000000000e+00
-1.388864306784660663e+00 0.000000000000000000e+00
-1.386725663716814161e+00 0.000000000000000000e+00
-1.384587020648967437e+00 0.000000000000000000e+00
-1.382448377581120713e+00 0.000000000000000000e+00
-1.380309734513274211e+00 0.000000000000000000e+00
-1.378171091445427709e+00 0.000000000000000000e+00
-1.376032448377580986e+00 0.000000000000000000e+00
-1.373893805309734484e+00 0.000000000000000000e+00
-1.371755162241887760e+00 0.000000000000000000e+00
-1.369616519174041258e+00 0.000000000000000000e+00
-1.367477876106194756e+00 0.000000000000000000e+00
-1.365339233038348032e+00 0.000000000000000000e+00
-1.363200589970501309e+00 0.000000000000000000e+00
-1.361061946902654807e+00 0.000000000000000000e+00
-1.358923303834808305e+00 0.000000000000000000e+00
-1.356784660766961581e+00 0.000000000000000000e+00
-1.354646017699114857e+00 0.000000000000000000e+00
-1.352507374631268355e+00 0.000000000000000000e+00
-1.350368731563421854e+00 0.000000000000000000e+00
-1.348230088495575130e+00 0.000000000000000000e+00
-1.346091445427728406e+00 0.000000000000000000e+00
-1.343952802359881904e+00 0.000000000000000000e+00
-1.341814159292035402e+00 0.000000000000000000e+00
-1.339675516224188678e+00 0.000000000000000000e+00
-1.337536873156341954e+00 0.000000000000000000e+00
-1.335398230088495453e+00 0.000000000000000000e+00
-1.333259587020648951e+00 0.000000000000000000e+00
-1.331120943952802227e+00 0.000000000000000000e+00
-1.328982300884955725e+00 0.000000000000000000e+00
-1.326843657817109001e+00 0.000000000000000000e+00
-1.324705014749262499e+00 0.000000000000000000e+00
-1.322566371681415998e+00 0.000000000000000000e+00
-1.320427728613569274e+00 0.000000000000000000e+00
-1.318289085545722550e+00 0.000000000000000000e+00
-1.316150442477876048e+00 0.000000000000000000e+00
-1.314011799410029546e+00 0.000000000000000000e+00
-1.311873156342182822e+00 0.000000000000000000e+00
-1.309734513274336098e+00 0.000000000000000000e+00
-1.307595870206489597e+00 0.000000000000000000e+00
-1.305457227138643095e+00 0.000000000000000000e+00
-1.303318584070796371e+00 0.000000000000000000e+00
-1.301179941002949647e+00 0.000000000000000000e+00
-1.299041297935103145e+00 0.000000000000000000e+00
-1.296902654867256643e+00 0.000000000000000000e+00
-1.294764011799409920e+00 0.000000000000000000e+00
-1.292625368731563196e+00 0.000000000000000000e+00
-1.290486725663716694e+00 0.000000000000000000e+00
-1.288348082595870192e+00 0.000000000000000000e+00
-1.286209439528023468e+00 0.000000000000000000e+00
-1.284070796460176966e+00 0.000000000000000000e+00
-1.281932153392330243e+00 0.000000000000000000e+00
-1.279793510324483741e+00 0.000000000000000000e+00
-1.277654867256637239e+00 0.000000000000000000e+00
-1.275516224188790515e+00 0.000000000000000000e+00
-1.273377581120943791e+00 0.000000000000000000e+00
-1.271238938053097289e+00 0.000000000000000000e+00
-1.269100294985250788e+00 0.000000000000000000e+00
-1.266961651917404064e+00 0.000000000000000000e+00
-1.264823008849557340e+00 0.000000000000000000e+00
-1.262684365781710838e+00 0.000000000000000000e+00
-1.260545722713864336e+00 0.000000000000000000e+00
-1.258407079646017612e+00 0.000000000000000000e+00
-1.256268436578170888e+00 0.000000000000000000e+00
-1.254129793510324387e+00 0.000000000000000000e+00
-1.251991150442477885e+00 0.000000000000000000e+00
-1.249852507374631161e+00 0.000000000000000000e+00
-1.247713864306784437e+00 0.000000000000000000e+00
-1.245575221238937935e+00 0.000000000000000000e+00
-1.243436578171091433e+00 0.000000000000000000e+00
-1.241297935103244710e+00 0.000000000000000000e+00
-1.239159292035397986e+00 0.000000000000000000e+00
-1.237020648967551484e+00 0.000000000000000000e+00
-1.234882005899704982e+00 0.000000000000000000e+00
-1.232743362831858480e+00 0.000000000000000000e+00
-1.230604719764011756e+00 0.000000000000000000e+00
-1.228466076696165032e+00 0.000000000000000000e+00
-1.226327433628318531e+00 0.000000000000000000e+00
-1.224188790560472029e+00 0.000000000000000000e+00
-1.222050147492625305e+00 0.000000000000000000e+00
-1.219911504424778581e+00 0.000000000000000000e+00
-1.217772861356932079e+00 0.000000000000000000e+00
-1.215634218289085577e+00 0.000000000000000000e+00
-1.213495575221238854e+00 0.000000000000000000e+00
-1.211356932153392130e+00 0.000000000000000000e+00
-1.209218289085545628e+00 0.000000000000000000e+00
-1.207079646017699126e+00 0.000000000000000000e+00
-1.204941002949852402e+00 0.000000000000000000e+00
-1.202802359882005678e+00 0.000000000000000000e+00
-1.200663716814159176e+00 0.000000000000000000e+00
-1.198525073746312675e+00 0.000000000000000000e+00
-1.196386430678465951e+00 0.000000000000000000e+00
-1.194247787610619227e+00 0.000000000000000000e+00
-1.192109144542772725e+00 0.000000000000000000e+00
-1.189970501474926223e+00 0.000000000000000000e+00
-1.187831858407079721e+00 0.000000000000000000e+00
-1.185693215339232998e+00 0.000000000000000000e+00
-1.183554572271386274e+00 0.000000000000000000e+00
-1.181415929203539772e+00 0.000000000000000000e+00
-1.179277286135693270e+00 0.000000000000000000e+00
-1.177138643067846546e+00 0.000000000000000000e+00
-1.174999999999999822e+00 0.000000000000000000e+00
-1.172861356932153321e+00 0.000000000000000000e+00
-1.170722713864306819e+00 0.000000000000000000e+00
-1.168584070796460095e+00 0.000000000000000000e+00
-1.166445427728613371e+00 0.000000000000000000e+00
-1.164306784660766869e+00 0.000000000000000000e+00
-1.162168141592920367e+00 0.000000000000000000e+00
-1.160029498525073643e+00 0.000000000000000000e+00
-1.157890855457226920e+00 0.000000000000000000e+00
-1.155752212389380418e+00 0.000000000000000000e+00
-1.153613569321533916e+00 0.000000000000000000e+00
-1.151474926253687192e+00 0.000000000000000000e+00
-1.149336283185840468e+00 0.000000000000000000e+00
-1.147197640117993966e+00 0.000000000000000000e+00
-1.145058997050147465e+00 0.000000000000000000e+00
-1.142920353982300963e+00 0.000000000000000000e+00
-1.140781710914454239e+00 0.000000000000000000e+00
-1.138643067846607515e+00 0.000000000000000000e+00
-1.136504424778761013e+00 0.000000000000000000e+00
-1.134365781710914511e+00 0.000000000000000000e+00
-1.132227138643067788e+00 0.000000000000000000e+00
-1.130088495575221064e+00 0.000000000000000000e+00
-1.127949852507374562e+00 0.000000000000000000e+00
-1.125811209439528060e+00 0.000000000000000000e+00
-1.123672566371681336e+00 0.000000000000000000e+00
-1.121533923303834612e+00 0.000000000000000000e+00
-1.119395280235988110e+00 0.000000000000000000e+00
-1.117256637168141609e+00 0.000000000000000000e+00
-1.115117994100294885e+00 0.000000000000000000e+00
-1.112979351032448161e+00 0.000000000000000000e+00
-1.110840707964601659e+00 0.000000000000000000e+00
-1.108702064896755157e+00 0.000000000000000000e+00
-1.106563421828908433e+00 0.000000000000000000e+00
-1.104424778761061710e+00 0.000000000000000000e+00
-1.102286135693215208e+00 0.000000000000000000e+00
-1.100147492625368706e+00 0.000000000000000000e+00
-1.098008849557522204e+00 0.000000000000000000e+00
-1.095870206489675480e+00 0.000000000000000000e+00
-1.093731563421828756e+00 0.000000000000000000e+00
-1.091592920353982255e+00 0.000000000000000000e+00
-1.089454277286135753e+00 0.000000000000000000e+00
-1.087315634218289029e+00 0.000000000000000000e+00
-1.085176991150442305e+00 0.000000000000000000e+00
-1.083038348082595803e+00 0.000000000000000000e+00
-1.080899705014749301e+00 0.000000000000000000e+00
-1.078761061946902577e+00 0.000000000000000000e+00
-1.076622418879055854e+00 0.000000000000000000e+00
-1.074483775811209352e+00 0.000000000000000000e+00
-1.072345132743362850e+00 0.000000000000000000e+00
-1.070206489675516126e+00 0.000000000000000000e+00
-1.068067846607669402e+00 0.000000000000000000e+00
-1.065929203539822900e+00 0.000000000000000000e+00
-1.063790560471976399e+00 0.000000000000000000e+00
-1.061651917404129675e+00 0.000000000000000000e+00
-1.059513274336282951e+00 0.000000000000000000e+00
-1.057374631268436449e+00 0.000000000000000000e+00
-1.055235988200589947e+00 0.000000000000000000e+00
-1.053097345132743445e+00 0.000000000000000000e+00
-1.050958702064896721e+00 0.000000000000000000e+00
-1.048820058997049998e+00 0.000000000000000000e+00
-1.046681415929203496e+00 0.000000000000000000e+00
-1.044542772861356994e+00 0.000000000000000000e+00
-1.042404129793510270e+00 0.000000000000000000e+00
-1.040265486725663546e+00 0.000000000000000000e+00
-1.038126843657817044e+00 0.000000000000000000e+00
-1.035988200589970543e+00 0.000000000000000000e+00
-1.033849557522123819e+00 0.000000000000000000e+00
-1.031710914454277095e+00 0.000000000000000000e+00
-1.029572271386430593e+00 0.000000000000000000e+00
-1.027433628318584091e+00 0.000000000000000000e+00
-1.025294985250737367e+00 0.000000000000000000e+00
-1.023156342182890643e+00 0.000000000000000000e+00
-1.021017699115044142e+00 0.000000000000000000e+00
-1.018879056047197640e+00 0.000000000000000000e+00
-1.016740412979350916e+00 0.000000000000000000e+00
-1.014601769911504192e+00 0.000000000000000000e+00
-1.012463126843657690e+00 0.000000000000000000e+00
-1.010324483775811188e+00 0.000000000000000000e+00
-1.008185840707964687e+00 0.000000000000000000e+00
-1.006047197640117963e+00 0.000000000000000000e+00
-1.003908554572271239e+00 0.000000000000000000e+00
-1.001769911504424737e+00 0.000000000000000000e+00
-9.996312684365781243e-01 0.000000000000000000e+00
-9.974926253687315114e-01 0.000000000000000000e+00
-9.953539823008848986e-01 0.000000000000000000e+00
-9.932153392330382857e-01 0.000000000000000000e+00
-9.910766961651916729e-01 0.000000000000000000e+00
-9.889380530973450600e-01 0.000000000000000000e+00
-9.867994100294984472e-01 0.000000000000000000e+00
-9.846607669616518344e-01 0.000000000000000000e+00
-9.825221238938052215e-01 0.000000000000000000e+00
-9.803834808259586087e-01 0.000000000000000000e+00
-9.782448377581119958e-01 0.000000000000000000e+00
-9.761061946902653830e-01 0.000000000000000000e+00
-9.739675516224187701e-01 0.000000000000000000e+00
-9.718289085545721573e-01 0.000000000000000000e+00
-9.696902654867255444e-01 0.000000000000000000e+00
-9.675516224188789316e-01 0.000000000000000000e+00
-9.654129793510323188e-01 0.000000000000000000e+00
-9.632743362831858169e-01 0.000000000000000000e+00
-9.611356932153392041e-01 0.000000000000000000e+00
-9.589970501474925912e-01 0.000000000000000000e+00
-9.568584070796459784e-01 0.000000000000000000e+00
-9.547197640117993656e-01 0.000000000000000000e+00
-9.525811209439527527e-01 0.000000000000000000e+00
-9.504424778761061399e-01 0.000000000000000000e+00
-9.483038348082595270e-01 0.000000000000000000e+00
-9.461651917404129142e-01 0.000000000000000000e+00
-9.440265486725663013e-01 0.000000000000000000e+00
-9.418879056047196885e-01 0.000000000000000000e+00
-9.397492625368730756e-01 0.000000000000000000e+00
-9.376106194690264628e-01 0.000000000000000000e+00
-9.354719764011798500e-01 0.000000000000000000e+00
-9.333333333333332371e-01 0.000000000000000000e+00
-9.311946902654866243e-01 0.000000000000000000e+00
-9.290560471976400114e-01 0.000000000000000000e+00
-9.269174041297933986e-01 0.000000000000000000e+00
-9.247787610619467857e-01 0.000000000000000000e+00
-9.226401179941001729e-01 0.000000000000000000e+00
-9.205014749262535600e-01 0.000000000000000000e+00
-9.183628318584070582e-01 0.000000000000000000e+00
-9.162241887905604454e-01 0.000000000000000000e+00
-9.140855457227138325e-01 0.000000000000000000e+00
-9.119469026548672197e-01 0.000000000000000000e+00
-9.098082595870206069e-01 0.000000000000000000e+00
-9.076696165191739940e-01 0.000000000000000000e+00
-9.055309734513273812e-01 0.000000000000000000e+00
-9.033923303834807683e-01 0.000000000000000000e+00
-9.012536873156341555e-01 0.000000000000000000e+00
-8.991150442477875426e-01 0.000000000000000000e+00
-8.969764011799408188e-01 0.000000000000000000e+00
-8.948377581120943169e-01 0.000000000000000000e+00
-8.926991150442478151e-01 0.000000000000000000e+00
-8.905604719764010913e-01 0.000000000000000000e+00
-8.884218289085545894e-01 0.000000000000000000e+00
-8.862831858407078656e-01 0.000000000000000000e+00
-8.841445427728613637e-01 0.000000000000000000e+00
-8.820058997050146399e-01 0.000000000000000000e+00
-8.798672566371681381e-01 0.000000000000000000e+00
-8.777286135693214142e-01 0.000000000000000000e+00
-8.755899705014749124e-01 0.000000000000000000e+00
-8.734513274336281885e-01 0.000000000000000000e+00
-8.713126843657816867e-01 0.000000000000000000e+00
-8.691740412979349628e-01 0.000000000000000000e+00
-8.670353982300884610e-01 0.000000000000000000e+00
-8.648967551622417371e-01 0.000000000000000000e+00
-8.627581120943952353e-01 0.000000000000000000e+00
-8.606194690265485114e-01 0.000000000000000000e+00
-8.584808259587020096e-01 0.000000000000000000e+00
-8.563421828908552857e-01 0.000000000000000000e+00
-8.542035398230087839e-01 0.000000000000000000e+00
-8.520648967551620601e-01 0.000000000000000000e+00
-8.499262536873155582e-01 0.000000000000000000e+00
-8.477876106194690564e-01 0.000000000000000000e+00
-8.456489675516223326e-01 0.000000000000000000e+00
-8.435103244837758307e-01 0.000000000000000000e+00
-8.413716814159291069e-01 0.000000000000000000e+00
-8.392330383480826050e-01 0.000000000000000000e+00
-8.370943952802358812e-01 0.000000000000000000e+00
-8.349557522123893794e-01 0.000000000000000000e+00
-8.328171091445426555e-01 0.000000000000000000e+00
-8.306784660766961537e-01 0.000000000000000000e+00
-8.285398230088494298e-01 0.000000000000000000e+00
-8.264011799410029280e-01 0.000000000000000000e+00
-8.242625368731562041e-01 0.000000000000000000e+00
-8.221238938053097023e-01 0.000000000000000000e+00
-8.199852507374629784e-01 0.000000000000000000e+00
-8.178466076696164766e-01 0.000000000000000000e+00
-8.157079646017697527e-01 0.000000000000000000e+00
-8.135693215339232509e-01 0.000000000000000000e+00
-8.114306784660765270e-01 0.000000000000000000e+00
-8.092920353982300252e-01 0.000000000000000000e+00
-8.071533923303833014e-01 0.000000000000000000e+00
-8.050147492625367995e-01 0.000000000000000000e+00
-8.028761061946902977e-01 0.000000000000000000e+00
-8.007374631268435738e-01 0.000000000000000000e+00
-7.985988200589970720e-01 0.000000000000000000e+00
-7.964601769911503482e-01 0.000000000000000000e+00
-7.943215339233038463e-01 0.000000000000000000e+00
-7.921828908554571225e-01 0.000000000000000000e+00
-7.900442477876106206e-01 0.000000000000000000e+00
-7.879056047197638968e-01 0.000000000000000000e+00
-7.857669616519173950e-01 0.000000000000000000e+00
-7.836283185840706711e-01 0.000000000000000000e+00
-7.814896755162241693e-01 0.000000000000000000e+00
-7.793510324483774454e-01 0.000000000000000000e+00
-7.772123893805309436e-01 0.000000000000000000e+00
-7.750737463126842197e-01 0.000000000000000000e+00
-7.729351032448377179e-01 0.000000000000000000e+00
-7.707964601769909940e-01 0.000000000000000000e+00
-7.686578171091444922e-01 0.000000000000000000e+00
-7.665191740412977683e-01 0.000000000000000000e+00
-7.643805309734512665e-01 0.000000000000000000e+00
-7.622418879056045427e-01 0.000000000000000000e+00
-7.601032448377580408e-01 0.000000000000000000e+00
-7.579646017699115390e-01 0.000000000000000000e+00
-7.558259587020648151e-01 0.000000000000000000e+00
-7.536873156342183133e-01 0.000000000000000000e+00
-7.515486725663715895e-01 0.000000000000000000e+00
-7.494100294985250876e-01 0.000000000000000000e+00
-7.472713864306783638e-01 0.000000000000000000e+00
-7.451327433628318619e-01 0.000000000000000000e+00
-7.429941002949851381e-01 0.000000000000000000e+00
-7.408554572271386363e-01 0.000000000000000000e+00
-7.387168141592919124e-01 0.000000000000000000e+00
-7.365781710914454106e-01 0.000000000000000000e+00
-7.344395280235986867e-01 0.000000000000000000e+00
-7.323008849557521849e-01 0.000000000000000000e+00
-7.301622418879054610e-01 0.000000000000000000e+00
-7.280235988200589592e-01 0.000000000000000000e+00
-7.258849557522122353e-01 0.000000000000000000e+00
-7.237463126843657335e-01 0.000000000000000000e+00
-7.216076696165190096e-01 0.000000000000000000e+00
-7.194690265486725078e-01 0.000000000000000000e+00
-7.173303834808257839e-01 0.000000000000000000e+00
-7.151917404129792821e-01 0.000000000000000000e+00
-7.130530973451327803e-01 0.000000000000000000e+00
-7.109144542772860564e-01 0.000000000000000000e+00
-7.087758112094395546e-01 0.000000000000000000e+00
-7.066371681415928308e-01 0.000000000000000000e+00
-7.044985250737463289e-01 0.000000000000000000e+00
-7.023598820058996051e-01 0.000000000000000000e+00
-7.002212389380531032e-01 0.000000000000000000e+00
-6.980825958702063794e-01 0.000000000000000000e+00
-6.959439528023598776e-01 0.000000000000000000e+00
-6.938053097345131537e-01 0.000000000000000000e+00
-6.916666666666666519e-01 0.000000000000000000e+00
-6.895280235988199280e-01 0.000000000000000000e+00
-6.873893805309734262e-01 0.000000000000000000e+00
-6.852507374631267023e-01 0.000000000000000000e+00
-6.831120943952802005e-01 0.000000000000000000e+00
-6.809734513274334766e-01 0.000000000000000000e+00
-6.788348082595869748e-01 0.000000000000000000e+00
-6.766961651917402509e-01 0.000000000000000000e+00
-6.745575221238937491e-01 0.000000000000000000e+00
-6.724188790560470252e-01 0.000000000000000000e+00
-6.702802359882005234e-01 0.000000000000000000e+00
-6.681415929203540216e-01 0.000000000000000000e+00
-6.660029498525072977e-01 0.000000000000000000e+00
-6.638643067846607959e-01 0.000000000000000000e+00
-6.617256637168140720e-01 0.000000000000000000e+00
-6.595870206489675702e-01 0.000000000000000000e+00
-6.574483775811208464e-01 0.000000000000000000e+00
-6.553097345132743445e-01 0.000000000000000000e+00
-6.531710914454276207e-01 0.000000000000000000e+00
-6.510324483775811188e-01 0.000000000000000000e+00
-6.488938053097343950e-01 0.000000000000000000e+00
-6.467551622418878932e-01 0.000000000000000000e+00
-6.446165191740411693e-01 0.000000000000000000e+00
-6.424778761061946675e-01 0.000000000000000000e+00
-6.403392330383479436e-01 0.000000000000000000e+00
-6.382005899705014418e-01 0.000000000000000000e+00
-6.360619469026547179e-01 0.000000000000000000e+00
-6.339233038348082161e-01 0.000000000000000000e+00
-6.317846607669614922e-01 0.000000000000000000e+00
-6.296460176991149904e-01 0.000000000000000000e+00
-6.275073746312682665e-01 0.000000000000000000e+00
-6.253687315634217647e-01 0.000000000000000000e+00
-6.232300884955750409e-01 0.000000000000000000e+00
-6.210914454277285390e-01 0.000000000000000000e+00
-6.189528023598820372e-01 0.000000000000000000e+00
-6.168141592920353133e-01 0.000000000000000000e+00
-6.146755162241888115e-01 0.000000000000000000e+00
-6.125368731563420877e-01 0.000000000000000000e+00
-6.103982300884955858e-01 0.000000000000000000e+00
-6.082595870206488620e-01 0.000000000000000000e+00
-6.061209439528023601e-01 0.000000000000000000e+00
-6.039823008849556363e-01 0.000000000000000000e+00
-6.018436578171091345e-01 0.000000000000000000e+00
-5.997050147492624106e-01 0.000000000000000000e+00
-5.975663716814159088e-01 0.000000000000000000e+00
-5.954277286135691849e-01 0.000000000000000000e+00
-5.932890855457226831e-01 0.000000000000000000e+00
-5.911504424778759592e-01 0.000000000000000000e+00
-5.890117994100294574e-01 0.000000000000000000e+00
-5.868731563421827335e-01 0.000000000000000000e+00
-5.847345132743362317e-01 0.000000000000000000e+00
-5.825958702064895078e-01 0.000000000000000000e+00
-5.804572271386430060e-01 0.000000000000000000e+00
-5.783185840707962821e-01 0.000000000000000000e+00
-5.761799410029497803e-01 0.000000000000000000e+00
-5.740412979351032785e-01 0.000000000000000000e+00
-5.719026548672565546e-01 0.000000000000000000e+00
-5.697640117994100528e-01 0.000000000000000000e+00
-5.676253687315633290e-01 0.000000000000000000e+00
-5.654867256637168271e-01 0.000000000000000000e+00
-5.633480825958701033e-01 0.000000000000000000e+00
-5.612094395280236014e-01 0.000000000000000000e+00
-5.590707964601768776e-01 0.000000000000000000e+00
-5.569321533923303758e-01 0.000000000000000000e+00
-5.547935103244836519e-01 0.000000000000000000e+00
-5.526548672566371501e-01 4.940656458412465442e-324
-5.505162241887904262e-01 1.137047089345262159e-315
-5.483775811209439244e-01 2.876284043473783328e-307
-5.462389380530972005e-01 4.405761159414350490e-299
-5.441002949852506987e-01 4.139269521509461428e-291
-5.419616519174039748e-01 2.415325890309379883e-283
-5.398230088495574730e-01 8.860828356360219564e-276
-5.376843657817107491e-01 2.068149110381874275e-268
-5.355457227138642473e-01 3.106913866358016430e-261
-5.334070796460175234e-01 3.038219820181780681e-254
-5.312684365781710216e-01 1.955373279979574243e-247
-5.291297935103245198e-01 8.371761512700889225e-241
-5.269911504424777959e-01 2.409451981342674086e-234
-5.248525073746312941e-01 4.709295298965357189e-228
-5.227138643067845702e-01 6.313048022117637843e-222
-5.205752212389380684e-01 5.860940046006051284e-216
-5.184365781710913446e-01 3.803933925519393160e-210
-5.162979351032448427e-01 1.741904490884561259e-204
-5.141592920353981189e-01 5.678425673499004900e-199
-5.120206489675516170e-01 1.329325290093070656e-193
-5.098820058997048932e-01 2.253851206543553944e-188
-5.077433628318583914e-01 2.790658640218900888e-183
-5.056047197640116675e-01 2.543787545186379365e-178
-5.034660766961651657e-01 1.720534483465009757e-173
-5.013274336283184418e-01 8.701277693432489223e-169
-4.991887905604719400e-01 3.315000316305037963e-164
-4.970501474926252161e-01 9.583542745245901503e-160
-4.949115044247787143e-01 2.117341951015215588e-155
-4.927728613569319904e-01 3.599815116753780541e-151
-4.906342182890854886e-01 4.741534959122692041e-147
-4.884955752212387647e-01 4.870325007137492890e-143
-4.863569321533922629e-01 3.926224078906799842e-139
-4.842182890855457611e-01 2.499639703051573583e-135
-4.820796460176990372e-01 1.264453603995070472e-131
-4.799410029498525354e-01 5.112368717147689042e-128
-4.778023598820058115e-01 1.661652646949874997e-124
-4.756637168141593097e-01 4.366145429239700327e-121
-4.735250737463125859e-01 9.325557055943465274e-118
-4.713864306784660840e-01 1.627751192054406488e-114
-4.692477876106193602e-01 2.333977914714618063e-111
-4.671091445427728583e-01 2.763134902330446118e-108
-4.649705014749261345e-01 2.714244637368560978e-105
-4.628318584070796327e-01 2.222939182802214943e-102
-4.606932153392329088e-01 1.525016742976015662e-99
-4.585545722713864070e-01 8.803893701262995893e-97
-4.564159292035396831e-01 4.295978644931290936e-94
-4.542772861356931813e-01 1.779594923616382918e-91
-4.521386430678464574e-01 6.284754743493135866e-89
-4.499999999999999556e-01 1.899997871507096400e-86
-4.478613569321532317e-01 4.936955646358763239e-84
-4.457227138643067299e-01 1.106893441919648014e-81
-4.435840707964600060e-01 2.149555096993244099e-79
-4.414454277286135042e-01 3.629116303473664923e-77
-4.393067846607670024e-01 5.346072283326139550e-75
-4.371681415929202785e-01 6.895762349317334786e-73
-4.350294985250737767e-01 7.815125555204361979e-71
-4.328908554572270528e-01 7.808189617358138359e-69
-4.307522123893805510e-01 6.899899184713275332e-67
-4.286135693215338272e-01 5.409961240918518754e-65
-4.264749262536873253e-01 3.775289330350181669e-63
-4.243362831858406015e-01 2.351918249772530048e-61
-4.221976401179940996e-01 1.311860761946852572e-59
-4.200589970501473758e-01 6.570398794847162300e-58
-4.179203539823008740e-01 2.963106291320235115e-56
-4.157817109144541501e-01 1.206524701995652313e-54
-4.136430678466076483e-01 4.447442959404160497e-53
-4.115044247787609244e-01 1.487962284250014821e-51
-4.093657817109144226e-01 4.529750239512042554e-50
-4.072271386430676987e-01 1.257832443550723098e-48
-4.050884955752211969e-01 3.193564011946970952e-47
-4.029498525073744730e-01 7.430948254091150987e-46
-4.008112094395279712e-01 1.588232839169348547e-44
-3.986725663716812473e-01 3.124968890750811950e-43
-3.965339233038347455e-01 5.672499363060685779e-42
-3.943952802359880216e-01 9.519454865204265599e-41
-3.922566371681415198e-01 1.479949211543454454e-39
-3.901179941002950180e-01 2.135718953589525718e-38
-3.879793510324482941e-01 2.866468567413889325e-37
-3.858407079646017923e-01 3.584904939531353626e-36
-3.837020648967550684e-01 4.185390392353389269e-35
-3.815634218289085666e-01 4.569851668025175977e-34
-3.794247787610618428e-01 4.674508295606649782e-33
-3.772861356932153409e-01 4.487224963730393800e-32
-3.751474926253686171e-01 4.049013083412700628e-31
-3.730088495575221152e-01 3.439954972899743037e-30
-3.708702064896753914e-01 2.755962616841492261e-29
-3.687315634218288896e-01 2.085345471544893862e-28
-3.665929203539821657e-01 1.492508504339641415e-27
-3.644542772861356639e-01 1.011865971112906328e-26
-3.623156342182889400e-01 6.507490095587590470e-26
-3.601769911504424382e-01 3.975479204618880515e-25
-3.580383480825957143e-01 2.310130573004093826e-24
-3.558997050147492125e-01 1.278572004609024943e-23
-3.537610619469024886e-01 6.748563438074478290e-23
-3.516224188790559868e-01 3.401233923131134385e-22
-3.494837758112092629e-01 1.638808792470765684e-21
-3.473451327433627611e-01 7.557892026456388757e-21
-3.452064896755162593e-01 3.340061373216071643e-20
-3.430678466076695354e-01 1.416046188987017106e-19
-3.409292035398230336e-01 5.765604722564571307e-19
-3.387905604719763097e-01 2.256938833917647078e-18
-3.366519174041298079e-01 8.502629500468081062e-18
-3.345132743362830841e-01 3.085920161492059559e-17
-3.323746312684365822e-01 1.080045776029802262e-16
-3.302359882005898584e-01 3.648738303760947134e-16
-3.280973451327433565e-01 1.190947469164000531e-15
-3.259587020648966327e-01 3.759132204961112713e-15
-3.238200589970501309e-01 1.148453032176879380e-14
-3.216814159292034070e-01 3.398952538347093984e-14
-3.195427728613569052e-01 9.753243176658285451e-14
-3.174041297935101813e-01 2.715698189974356205e-13
-3.152654867256636795e-01 7.343272413835481332e-13
-3.131268436578169556e-01 1.929797183812593325e-12
-3.109882005899704538e-01 4.932612980757882694e-12
-3.088495575221237299e-01 1.227175517844444414e-11
-3.067109144542772281e-01 2.973809907294442482e-11
-3.045722713864305042e-01 7.024268767077773020e-11
-3.024336283185840024e-01 1.618329891521075918e-10
-3.002949852507375006e-01 3.639149904384605626e-10
-2.981563421828907767e-01 7.992474011378975722e-10
-2.960176991150442749e-01 1.715477639046682809e-09
-2.938790560471975510e-01 3.600629724432463233e-09
-2.917404129793510492e-01 7.394716623420914319e-09
-2.896017699115043253e-01 1.486851615277248387e-08
-2.874631268436578235e-01 2.928623272349509391e-08
-2.853244837758110997e-01 5.653918350432098457e-08
-2.831858407079645978e-01 1.070433785251277991e-07
-2.810471976401178740e-01 1.988485177522926869e-07
-2.789085545722713722e-01 3.626262797889055895e-07
-2.767699115044246483e-01 6.495115385265042628e-07
-2.746312684365781465e-01 1.143183189343570140e-06
-2.724926253687314226e-01 1.978114143000496272e-06
-2.703539823008849208e-01 3.366613639156170125e-06
-2.682153392330381969e-01 5.638145318122302798e-06
-2.660766961651916951e-01 9.295438421935118772e-06
-2.639380530973449712e-01 1.509311022557806917e-05
-2.617994100294984694e-01 2.414585960368512135e-05
-2.596607669616517455e-01 3.807472510257150041e-05
-2.575221238938052437e-01 5.920134904087409584e-05
-2.553834808259587419e-01 9.080154536103501818e-05
-2.532448377581120180e-01 1.374305973126521566e-04
-2.511061946902655162e-01 2.053334501100669289e-04
-2.489675516224187923e-01 3.029531338145243597e-04
-2.468289085545722905e-01 4.415501661857258514e-04
-2.446902654867255666e-01 6.359441651675491747e-04
-2.425516224188790648e-01 9.053862921588074495e-04
-2.404129793510323410e-01 1.274567340372548176e-03
-2.382743362831858391e-01 1.774761230086047137e-03
-2.361356932153391153e-01 2.445097406211074569e-03
-2.339970501474926134e-01 3.333948276642068401e-03
-2.318584070796458896e-01 4.500409603566212120e-03
-2.297197640117993878e-01 6.015842982797997042e-03
-2.275811209439526639e-01 7.965440624890110857e-03
-2.254424778761061621e-01 1.044976406375956908e-02
-2.233038348082594382e-01 1.358620068734373194e-02
-2.211651917404129364e-01 1.751027564863735439e-02
-2.190265486725662125e-01 2.237675229246112105e-02
-2.168879056047197107e-01 2.836045218466173509e-02
-2.147492625368729868e-01 3.565672652564157857e-02
-2.126106194690264850e-01 4.448151441592725075e-02
-2.104719764011799832e-01 5.507093021857986659e-02
-2.083333333333332593e-01 6.768033207095285053e-02
-2.061946902654867575e-01 8.258283621063937374e-02
-2.040560471976400336e-01 1.000672568121137584e-01
-2.019174041297935318e-01 1.204354679540017986e-01
-1.997787610619468079e-01 1.439992025086490324e-01
-1.976401179941003061e-01 1.710763214395069065e-01
-1.955014749262535823e-01 2.019866054383424592e-01
-1.933628318584070804e-01 2.370471382608610178e-01
-1.912241887905603566e-01 2.765673667922755596e-01
-1.890855457227138547e-01 3.208439361349797458e-01
-1.869469026548671309e-01 3.701554083096789127e-01
-1.848082595870206291e-01 4.247569800822353359e-01
-1.826696165191739052e-01 4.848753187070078963e-01
-1.805309734513274034e-01 5.507036339068424047e-01
-1.783923303834806795e-01 6.223971002437812539e-01
-1.762536873156341777e-01 7.000687363747937209e-01
-1.741150442477874538e-01 7.837858368709540446e-01
-1.719764011799409520e-01 8.735670387544008930e-01
-1.698377581120942281e-01 9.693800892113997314e-01
-1.676991150442477263e-01 1.071140363664116579e+00
-1.655604719764012245e-01 1.178710165152827560e+00
-1.634218289085545006e-01 1.291898817416945455e+00
-1.612831858407079988e-01 1.410463545768465998e+00
-1.591445427728612749e-01 1.534111122378748693e+00
-1.570058997050147731e-01 1.662500236435475065e+00
-1.548672566371680492e-01 1.795244535183671442e+00
-1.527286135693215474e-01 1.931916269460842495e+00
-1.505899705014748235e-01 2.072050467205022617e+00
-1.484513274336283217e-01 2.215149550688765512e+00
-1.463126843657815979e-01 2.360688307964629473e+00
-1.441740412979350960e-01 2.508119126161124424e+00
-1.420353982300883722e-01 2.656877393740753046e+00
-1.398967551622418704e-01 2.806386980452388880e+00
-1.377581120943951465e-01 2.956065707267245379e+00
-1.356194690265486447e-01 3.105330723823883421e+00
-1.334808259587019208e-01 3.253603717550041630e+00
-1.313421828908554190e-01 3.400315886384581709e+00
-1.292035398230086951e-01 3.544912615604610018e+00
-1.270648967551621933e-01 3.686857808382088209e+00
-1.249262536873154694e-01 3.825637829089492570e+00
-1.227876106194689676e-01 3.960765027792812365e+00
-1.206489675516224658e-01 4.091780823598640815e+00
-1.185103244837757419e-01 4.218258333366763146e+00
-1.163716814159292401e-01 4.339804540604867533e+00
-1.142330383480825162e-01 4.456062007001060365e+00
-1.120943952802360144e-01 4.566710135926999037e+00
-1.099557522123892905e-01 4.671466003298857750e+00
-1.078171091445427887e-01 4.770084776373224145e+00
-1.056784660766960648e-01 4.862359745373565190e+00
-1.035398230088495630e-01 4.948121996296528380e+00
-1.014011799410028392e-01 5.027239755867316084e+00
-9.926253687315633734e-02 5.099617441443438537e+00
-9.712389380530961347e-02 5.165194449760844186e+00
-9.498525073746311165e-02 5.223943718844105355e+00
-9.284660766961638778e-02 5.275870097231137201e+00
-9.070796460176988596e-02 5.321008553969945432e+00
-8.856932153392316209e-02 5.359422261703804757e+00
-8.643067846607666027e-02 5.391200583649268019e+00
-8.429203539822993640e-02 5.416456993459838998e+00
-8.215339233038343458e-02 5.435326954925328913e+00
-8.001474926253671072e-02 5.447965786248449405e+00
-7.787610619469020889e-02 5.454546531322883141e+00
-7.573746312684348503e-02 5.455257858064928911e+00
-7.359882005899698321e-02 5.450302001469164992e+00
-7.146017699115048138e-02 5.439892766707472127e+00
-6.932153392330375752e-02 5.424253605304547143e+00
-6.718289085545725570e-02 5.403615775230067086e+00
-6.504424778761053183e-02 5.378216593667389134e+00
-6.290560471976403001e-02 5.348297789273361857e+00
-6.076696165191730614e-02 5.314103958939539574e+00
-5.862831858407080432e-02 5.275881132415305430e+00
-5.648967551622408045e-02 5.233875446658974973e+00
-5.435103244837757863e-02 5.188331930446648421e+00
-5.221238938053085477e-02 5.139493398587199557e+00
-5.007374631268435294e-02 5.087599454063461479e+00
-4.793510324483762908e-02 5.032885595535978140e+00
-4.579646017699112726e-02 4.975582426901029365e+00
-4.365781710914440339e-02 4.915914964979703150e+00
-4.151917404129790157e-02 4.854102040920486694e+00
-3.938053097345117770e-02 4.790355790515188339e+00
-3.724188790560467588e-02 4.724881228344028017e+00
-3.510324483775795201e-02 4.657875900476025066e+00
-3.296460176991145019e-02 4.589529610338368038e+00
-3.082595870206472632e-02 4.520024212330033819e+00
-2.868731563421822450e-02 4.449533467776869422e+00
-2.654867256637172268e-02 4.378222957901479084e+00
-2.441002949852499881e-02 4.306250048601895308e+00
-2.227138643067849699e-02 4.233763901991772549e+00
-2.013274336283177313e-02 4.160905529842890083e+00
-1.799410029498527130e-02 4.087807884284434756e+00
-1.585545722713854744e-02 4.014595981344181830e+00
-1.371681415929204562e-02 3.941387053161519383e+00
-1.157817109144532175e-02 3.868290724954707827e+00
-9.439528023598819928e-03 3.795409213083433819e+00
-7.300884955752096062e-03 3.722837540805652434e+00
-5.162241887905594240e-03 3.650663768585643787e+00
-3.023598820058870373e-03 3.578969236062949921e+00
-8.849557522123685516e-04 3.507828813038476934e+00
1.253687315634355315e-03 3.437309883981554570e+00
3.392330383480857137e-03 3.367454488865428530e+00
5.530973451327581003e-03 3.298286275547067437e+00
7.669616519174082825e-03 3.229827144023039498e+00
9.808259587020806691e-03 3.162097722009906242e+00
1.194690265486730851e-02 3.095117380856163170e+00
1.408554572271403238e-02 3.028904252833608979e+00
1.622418879056053420e-02 2.963475249723935168e+00
1.836283185840703602e-02 2.898846082617141384e+00
2.050147492625375989e-02 2.835031282838591959e+00
2.264011799410026171e-02 2.772044223923067374e+00
2.477876106194698558e-02 2.709897144554350046e+00
2.691740412979348740e-02 2.648601172390794734e+00
2.905604719764021127e-02 2.588166348698213159e+00
3.119469026548671309e-02 2.528601653713344444e+00
3.333333333333343695e-02 2.469915032662137300e+00
3.547197640117993878e-02 2.412113422359539072e+00
3.761061946902666264e-02 2.355202778318718160e+00
3.974926253687316446e-02 2.299188102300159908e+00
4.188790560471988833e-02 2.244073470232434975e+00
4.402654867256639015e-02 2.189862060439329738e+00
4.616519174041311402e-02 2.136556182109345947e+00
4.830383480825961584e-02 2.084157303946772011e+00
5.044247787610633971e-02 2.032666082944853070e+00
5.258112094395284153e-02 1.982082393224684491e+00
5.471976401179956540e-02 1.932405354885314841e+00
5.685840707964606722e-02 1.883633362813312395e+00
5.899705014749279108e-02 1.835764115401994800e+00
6.113569321533929291e-02 1.788794643133514217e+00
6.327433628318579473e-02 1.742721336978732438e+00
6.541297935103251859e-02 1.697539976572868037e+00
6.755162241887902042e-02 1.653245758126872023e+00
6.969026548672574428e-02 1.609833322036911651e+00
7.182890855457224610e-02 1.567296780156978597e+00
7.396755162241896997e-02 1.525629742701490876e+00
7.610619469026547179e-02 1.484825344747602527e+00
7.824483775811219566e-02 1.444876272308571075e+00
8.038348082595869748e-02 1.405774787952422944e+00
8.252212389380542135e-02 1.367512755941566738e+00
8.466076696165192317e-02 1.330081666871885115e+00
8.679941002949864703e-02 1.293472661791211564e+00
8.893805309734514886e-02 1.257676555779623451e+00
9.107669616519187272e-02 1.222683860975530390e+00
9.321533923303837454e-02 1.188484809033791834e+00
9.535398230088509841e-02 1.155069373003528410e+00
9.749262536873160023e-02 1.122427288615399643e+00
9.963126843657832410e-02 1.090548074969558856e+00
1.017699115044248259e-01 1.059421054617305735e+00
1.039085545722713277e-01 1.029035373030818601e+00
1.060471976401182737e-01 9.993800174570540706e-01
1.081858407079647755e-01 9.704438351532076457e-01
1.103244837758112773e-01 9.422155510023749736e-01
1.124631268436577791e-01 9.146837845096317254e-01
1.146017699115042809e-01 8.878370661796735064e-01
1.167404129793512269e-01 8.616638532784864912e-01
1.188790560471977287e-01 8.361525449825426559e-01
1.210176991150442305e-01 8.112914969200017978e-01
1.231563421828907323e-01 7.870690351094642434e-01
1.252949852507376782e-01 7.634734693025874153e-01
1.274336283185841801e-01 7.404931057378100201e-01
1.295722713864306819e-01 7.181162593130930860e-01
1.317109144542771837e-01 6.963312651864072000e-01
1.338495575221241296e-01 6.751264898132766090e-01
1.359882005899706314e-01 6.544903414313185674e-01
1.381268436578171332e-01 6.344112800021938225e-01
1.402654867256636351e-01 6.148778266219865341e-01
1.424041297935105810e-01 5.958785724113684346e-01
1.445427728613570828e-01 5.774021868973508997e-01
1.466814159292035846e-01 5.594374258986837267e-01
1.488200589970500864e-01 5.419731389274085043e-01
1.509587020648970324e-01 5.249982761191562819e-01
1.530973451327435342e-01 5.085018947051178628e-01
1.552359882005900360e-01 4.924731650386646731e-01
1.573746312684365378e-01 4.769013761899097426e-01
1.595132743362830396e-01 4.617759411213566700e-01
1.616519174041299856e-01 4.470864014580778756e-01
1.637905604719764874e-01 4.328224318657432623e-01
1.659292035398229892e-01 4.189738440498334549e-01
1.680678466076694910e-01 4.055305903894771413e-01
1.702064896755164369e-01 3.924827672190664973e-01
1.723451327433629388e-01 3.798206177709794185e-01
1.744837758112094406e-01 3.675345347923817951e-01
1.766224188790559424e-01 3.556150628491898669e-01
1.787610619469028883e-01 3.440529003299405697e-01
1.808997050147493901e-01 3.328389011622815419e-01
1.830383480825958920e-01 3.219640762545061263e-01
1.851769911504423938e-01 3.114195946744743315e-01
1.873156342182893397e-01 3.011967845779309760e-01
1.894542772861358415e-01 2.912871338981232738e-01
1.915929203539823433e-01 2.816822908082545762e-01
1.937315634218288452e-01 2.723740639682190601e-01
1.958702064896757911e-01 2.633544225666535343e-01
1.980088495575222929e-01 2.546154961692085328e-01
2.001474926253687947e-01 2.461495743835575845e-01
2.022861356932152965e-01 2.379491063514918292e-01
2.044247787610617983e-01 2.300067000781047255e-01
2.065634218289087443e-01 2.223151216077777215e-01
2.087020648967552461e-01 2.148672940564654854e-01
2.108407079646017479e-01 2.076562965093830815e-01
2.129793510324482497e-01 2.006753627930179529e-01
2.151179941002951956e-01 1.939178801300099619e-01
2.172566371681416975e-01 1.873773876852120879e-01
2.193952802359881993e-01 1.810475750109131199e-01
2.215339233038347011e-01 1.749222803989508024e-01
2.236725663716816470e-01 1.689954891471370235e-01
2.258112094395281488e-01 1.632613317471365011e-01
2.279498525073746507e-01 1.577140820006601718e-01
2.300884955752211525e-01 1.523481550705679255e-01
2.322271386430680984e-01 1.471581054731850025e-01
2.343657817109146002e-01 1.421386250178951205e-01
2.365044247787611020e-01 1.372845406997595386e-01
2.386430678466076039e-01 1.325908125507221369e-01
2.407817109144545498e-01 1.280525314546383520e-01
2.429203539823010516e-01 1.236649169311729857e-01
2.450589970501475534e-01 1.194233148933180610e-01
2.471976401179940552e-01 1.153231953830928108e-01
2.493362831858405571e-01 1.113601502897237777e-01
2.514749262536875030e-01 1.075298910543890096e-01
2.536135693215340048e-01 1.038282463653946303e-01
2.557522123893805066e-01 1.002511598474288834e-01
2.578908554572270084e-01 9.679468774834643074e-02
2.600294985250739543e-01 9.345499662672097918e-02
2.621681415929204562e-01 9.022836104322587425e-02
2.643067846607669580e-01 8.711116125869164395e-02
2.664454277286134598e-01 8.409988094154076388e-02
2.685840707964604057e-01 8.119110488709294082e-02
2.707227138643069075e-01 7.838151675108991079e-02
2.728613569321534094e-01 7.566789679960740644e-02
2.749999999999999112e-01 7.304711967738497513e-02
2.771386430678468571e-01 7.051615219643501964e-02
2.792772861356933589e-01 6.807205114666643742e-02
2.814159292035398607e-01 6.571196113010277506e-02
2.835545722713863626e-01 6.343311242015745033e-02
2.856932153392333085e-01 6.123281884729346591e-02
2.878318584070798103e-01 5.910847571227886843e-02
2.899705014749263121e-01 5.705755772812258486e-02
2.921091445427728139e-01 5.507761699168752662e-02
2.942477876106193158e-01 5.316628098584734452e-02
2.963864306784662617e-01 5.132125061296942403e-02
2.985250737463127635e-01 4.954029826041121687e-02
3.006637168141592653e-01 4.782126589861517008e-02
3.028023598820057671e-01 4.616206321231942911e-02
3.049410029498527130e-01 4.456066576530394452e-02
3.070796460176992149e-01 4.301511319903115332e-02
3.092182890855457167e-01 4.152350746544934690e-02
3.113569321533922185e-01 4.008401109418188724e-02
3.134955752212391644e-01 3.869484549423931469e-02
3.156342182890856662e-01 3.735428929034756429e-02
3.177728613569321681e-01 3.606067669391799235e-02
3.199115044247786699e-01 3.481239590864155381e-02
3.220501474926256158e-01 3.360788757063164905e-02
3.241887905604721176e-01 3.244564322299933051e-02
3.263274336283186194e-01 3.132420382469953274e-02
3.284660766961651213e-01 3.024215829344934631e-02
3.306047197640120672e-01 2.919814208247671974e-02
3.327433628318585690e-01 2.819083579083463478e-02
3.348820058997050708e-01 2.721896380696823756e-02
3.370206489675515726e-01 2.628129298521236085e-02
3.391592920353980745e-01 2.537663135485381666e-02
3.412979351032450204e-01 2.450382686137850610e-02
3.434365781710915222e-01 2.366176613949861826e-02
3.455752212389380240e-01 2.284937331753382483e-02
3.477138643067845258e-01 2.206560885270486549e-02
3.498525073746314717e-01 2.130946839688098796e-02
3.519911504424779736e-01 2.057998169230854449e-02
3.541297935103244754e-01 1.987621149683371086e-02
3.562684365781709772e-01 1.919725253812664192e-02
3.584070796460179231e-01 1.854223049639780116e-02
3.605457227138644249e-01 1.791030101509679187e-02
3.626843657817109268e-01 1.730064873906949491e-02
3.648230088495574286e-01 1.671248637965283557e-02
3.669616519174043745e-01 1.614505380617349203e-02
3.691002949852508763e-01 1.559761716332173226e-02
3.712389380530973781e-01 1.506946801386314580e-02
3.733775811209438800e-01 1.455992250615512941e-02
3.755162241887908259e-01 1.406832056593165618e-02
3.776548672566373277e-01 1.359402511182185129e-02
3.797935103244838295e-01 1.313642129406965807e-02
3.819321533923303313e-01 1.269491575592378990e-02
3.840707964601768332e-01 1.226893591717077500e-02
3.862094395280237791e-01 1.185792927928610262e-02
3.883480825958702809e-01 1.146136275168481260e-02
3.904867256637167827e-01 1.107872199855568576e-02
3.926253687315632845e-01 1.070951080576919116e-02
3.947640117994102305e-01 1.035325046735569542e-02
3.969026548672567323e-01 1.000947919105556368e-02
3.990412979351032341e-01 9.677751522448459556e-03
4.011799410029497359e-01 9.357637787178685329e-03
4.033185840707966818e-01 9.048723550797097004e-03
4.054572271386431837e-01 8.750609095750823407e-03
4.075958702064896855e-01 8.462908915055220721e-03
4.097345132743361873e-01 8.185251222195634446e-03
4.118731563421831332e-01 7.917277476809503681e-03
4.140117994100296350e-01 7.658641925710807374e-03
4.161504424778761368e-01 7.409011158824583762e-03
4.182890855457226387e-01 7.168063679610113537e-03
4.204277286135695846e-01 6.935489489556804360e-03
4.225663716814160864e-01 6.710989686348322464e-03
4.247050147492625882e-01 6.494276075295661414e-03
4.268436578171090900e-01 6.285070793651681073e-03
4.289823008849555919e-01 6.083105947425429018e-03
4.311209439528025378e-01 5.888123260324602468e-03
4.332595870206490396e-01 5.699873734462910894e-03
4.353982300884955414e-01 5.518117322475895280e-03
4.375368731563420432e-01 5.342622610699819703e-03
4.396755162241889892e-01 5.173166513074385804e-03
4.418141592920354910e-01 5.009533975439322238e-03
4.439528023598819928e-01 4.851517689902507154e-03
4.460914454277284946e-01 4.698917818966212925e-03
4.482300884955754405e-01 4.551541729105153949e-03
4.503687315634219424e-01 4.409203733498792514e-03
4.525073746312684442e-01 4.271724843627150089e-03
4.546460176991149460e-01 4.138932529448438764e-03
4.567846607669618919e-01 4.010660487882702213e-03
4.589233038348083937e-01 3.886748419335356135e-03
4.610619469026548956e-01 3.767041811999035338e-03
4.632005899705013974e-01 3.651391733682394711e-03
4.653392330383483433e-01 3.539654630919019003e-03
4.674778761061948451e-01 3.431692135118548804e-03
4.696165191740413469e-01 3.327370875527248858e-03
4.717551622418878488e-01 3.226562298773558071e-03
4.738938053097343506e-01 3.129142494779577240e-03
4.760324483775812965e-01 3.034992028825932772e-03
4.781710914454277983e-01 2.943995779564828087e-03
4.803097345132743001e-01 2.856042782780549190e-03
4.824483775811208019e-01 2.771026080704441178e-03
4.845870206489677479e-01 2.688842576695759171e-03
4.867256637168142497e-01 2.609392895106458880e-03
4.888643067846607515e-01 2.532581246153473801e-03
4.910029498525072533e-01 2.458315295626760464e-03
4.931415929203541992e-01 2.386506039268094029e-03
4.952802359882007011e-01 2.317067681659306169e-03
4.974188790560472029e-01 2.249917519464446868e-03
4.995575221238937047e-01 2.184975828875742373e-03
5.016961651917406506e-01 2.122165757117026701e-03
5.038348082595871524e-01 2.061413217863462734e-03
5.059734513274336543e-01 2.002646790441224046e-03
5.081120943952801561e-01 1.945797622674879735e-03
5.102507374631271020e-01 1.890799337254206848e-03
5.123893805309736038e-01 1.837587941497348084e-03
5.145280235988201056e-01 1.786101740390125302e-03
5.166666666666666075e-01 1.736281252785974120e-03
5.188053097345131093e-01 1.688069130655051823e-03
5.209439528023600552e-01 1.641410081273465653e-03
5.230825958702065570e-01 1.596250792249205705e-03
5.252212389380530588e-01 1.552539859282827317e-03
5.273598820058995607e-01 1.510227716565935114e-03
5.294985250737465066e-01 1.469266569722701629e-03
5.316371681415930084e-01 1.429610331203855569e-03
5.337758112094395102e-01 1.391214558044445281e-03
5.359144542772860120e-01 1.354036391901077430e-03
5.380530973451329579e-01 1.318034501286204432e-03
5.401917404129794598e-01 1.283169025920187891e-03
5.423303834808259616e-01 1.249401523124925350e-03
5.444690265486724634e-01 1.216694916184859468e-03
5.466076696165194093e-01 1.185013444604344178e-03
5.487463126843659111e-01 1.154322616192465269e-03
5.508849557522124130e-01 1.124589160908914288e-03
5.530235988200589148e-01 1.095780986406890171e-03
5.551622418879058607e-01 1.067867135211226235e-03
5.573008849557523625e-01 1.040817743472120978e-03
5.594395280235988643e-01 1.014604001236836701e-03
5.615781710914453662e-01 9.891981141841432040e-04
5.637168141592918680e-01 9.645732667676882709e-04
5.658554572271388139e-01 9.407035867168829588e-04
5.679941002949853157e-01 9.175641108455040527e-04
5.701327433628318175e-01 8.951307521199945976e-04
5.722713864306783194e-01 8.733802679411705426e-04
5.744100294985252653e-01 8.522902295948226598e-04
5.765486725663717671e-01 8.318389928281523732e-04
5.786873156342182689e-01 8.120056695105684879e-04
5.808259587020647707e-01 7.927701003389356609e-04
5.829646017699117166e-01 7.741128285487507447e-04
5.851032448377582185e-01 7.560150745941632755e-04
5.872418879056047203e-01 7.384587117610170916e-04
5.893805309734512221e-01 7.214262426784968192e-04
5.915191740412981680e-01 7.049007766961735803e-04
5.936578171091446698e-01 6.888660080944495907e-04
5.957964601769911717e-01 6.733061950975013400e-04
5.979351032448376735e-01 6.582061396591615612e-04
6.000737463126846194e-01 6.435511679930525390e-04
6.022123893805311212e-01 6.293271118193455044e-04
6.043510324483776230e-01 6.155202903017392875e-04
6.064896755162241249e-01 6.021174926489938602e-04
6.086283185840710708e-01 5.891059613563793011e-04
6.107669616519175726e-01 5.764733760634024049e-04
6.129056047197640744e-01 5.642078380048790856e-04
6.150442477876105762e-01 5.522978550334118990e-04
6.171828908554570781e-01 5.407323271920406451e-04
6.193215339233040240e-01 5.295005328166999632e-04
6.214601769911505258e-01 5.185921151488246230e-04
6.235988200589970276e-01 5.079970694392188556e-04
6.257374631268435294e-01 4.977057305248585748e-04
6.278761061946904753e-01 4.877087608612834285e-04
6.300147492625369772e-01 4.779971389935399554e-04
6.321533923303834790e-01 4.685621484494562365e-04
6.342920353982299808e-01 4.593953670396548291e-04
6.364306784660769267e-01 4.504886565491709603e-04
6.385693215339234285e-01 4.418341528062152165e-04
6.407079646017699304e-01 4.334242561141220056e-04
6.428466076696164322e-01 4.252516220329944198e-04
6.449852507374633781e-01 4.173091524981960222e-04
6.471238938053098799e-01 4.095899872631553131e-04
6.492625368731563817e-01 4.020874956545401175e-04
6.514011799410028836e-01 3.947952686282730854e-04
6.535398230088498295e-01 3.877071111152623293e-04
6.556784660766963313e-01 3.808170346461790291e-04
6.578171091445428331e-01 3.741192502449808385e-04
6.599557522123893349e-01 3.676081615813072616e-04
6.620943952802358368e-01 3.612783583721923064e-04
6.642330383480827827e-01 3.551246100239548089e-04
6.663716814159292845e-01 3.491418595054447053e-04
6.685103244837757863e-01 3.433252174441053751e-04
6.706489675516222881e-01 3.376699564367556094e-04
6.727876106194692341e-01 3.321715055671857464e-04
6.749262536873157359e-01 3.268254451230288653e-04
6.770648967551622377e-01 3.216275015045640074e-04
6.792035398230087395e-01 3.165735423185572013e-04
6.813421828908556854e-01 3.116595716503063477e-04
6.834808259587021873e-01 3.068817255074595069e-04
6.856194690265486891e-01 3.022362674293149645e-04
6.877581120943951909e-01 2.977195842556989969e-04
6.898967551622421368e-01 2.933281820495215429e-04
6.920353982300886386e-01 2.890586821675559192e-04
6.941740412979351404e-01 2.849078174740640149e-04
6.963126843657816423e-01 2.808724286921038325e-04
6.984513274336285882e-01 2.769494608876240391e-04
7.005899705014750900e-01 2.731359600815332425e-04
7.027286135693215918e-01 2.694290699852197254e-04
7.048672566371680936e-01 2.658260288551062781e-04
7.070058997050145955e-01 2.623241664619863165e-04
7.091445427728615414e-01 2.589209011711123909e-04
7.112831858407080432e-01 2.556137371290851681e-04
7.134218289085545450e-01 2.524002615538212539e-04
7.155604719764010468e-01 2.492781421239471267e-04
7.176991150442479928e-01 2.462451244641573216e-04
7.198377581120944946e-01 2.432990297232222993e-04
7.219764011799409964e-01 2.404377522413682648e-04
7.241150442477874982e-01 2.376592573040109521e-04
7.262536873156344441e-01 2.349615789788341166e-04
7.283923303834809460e-01 2.323428180333782787e-04
7.305309734513274478e-01 2.298011399304040331e-04
7.326696165191739496e-01 2.273347728983780998e-04
7.348082595870208955e-01 2.249420060745946327e-04
7.369469026548673973e-01 2.226211877184713504e-04
7.390855457227138992e-01 2.203707234927116559e-04
7.412241887905604010e-01 2.181890748100893647e-04
7.433628318584073469e-01 2.160747572437086473e-04
7.455014749262538487e-01 2.140263389987179319e-04
7.476401179941003505e-01 2.120424394434428301e-04
7.497787610619468524e-01 2.101217276980982208e-04
7.519174041297933542e-01 2.082629212792537509e-04
7.540560471976403001e-01 2.064647847983138264e-04
7.561946902654868019e-01 2.047261287123384131e-04
7.583333333333333037e-01 2.030458081256432585e-04
7.604719764011798055e-01 2.014227216406367163e-04
7.626106194690267515e-01 1.998558102564204197e-04
7.647492625368732533e-01 1.983440563138310232e-04
7.668879056047197551e-01 1.968864824854972052e-04
7.690265486725662569e-01 1.954821508097444901e-04
7.711651917404132028e-01 1.941301617670537316e-04
7.733038348082597047e-01 1.928296533979981351e-04
7.754424778761062065e-01 1.915798004615078579e-04
7.775811209439527083e-01 1.903798136324499760e-04
7.797197640117996542e-01 1.892289387375353489e-04
7.818584070796461560e-01 1.881264560286043043e-04
7.839970501474926579e-01 1.870716794924202821e-04
7.861356932153391597e-01 1.860639561961093360e-04
7.882743362831861056e-01 1.851026656675146037e-04
7.904129793510326074e-01 1.841872193096309653e-04
7.925516224188791092e-01 1.833170598485100251e-04
7.946902654867256111e-01 1.824916608139423959e-04
7.968289085545721129e-01 1.817105260523113239e-04
7.989675516224190588e-01 1.809731892710585599e-04
8.011061946902655606e-01 1.802792136142358239e-04
8.032448377581120624e-01 1.796281912686806443e-04
8.053834808259585643e-01 1.790197431003300640e-04
8.075221238938055102e-01 1.784535183203520188e-04
8.096607669616520120e-01 1.779291941806318436e-04
8.117994100294985138e-01 1.774464756984031079e-04
8.139380530973450156e-01 1.770050954096659705e-04
8.160766961651919615e-01 1.766048131511869742e-04
8.182153392330384634e-01 1.762454158708786451e-04
8.203539823008849652e-01 1.759267174663876475e-04
8.224926253687314670e-01 1.756485586517737493e-04
8.246312684365784129e-01 1.754108068521977146e-04
8.267699115044249147e-01 1.752133561265756755e-04
8.289085545722714166e-01 1.750561271181826919e-04
8.310471976401179184e-01 1.749390670332535817e-04
8.331858407079648643e-01 1.748621496476443135e-04
8.353244837758113661e-01 1.748253753416685878e-04
8.374631268436578679e-01 1.748287711632755172e-04
8.396017699115043698e-01 1.748723909197433962e-04
8.417404129793508716e-01 1.749563152981300899e-04
8.438790560471978175e-01 1.750806520147883357e-04
8.460176991150443193e-01 1.752455359942000127e-04
8.481563421828908211e-01 1.754511295775736850e-04
8.502949852507373230e-01 1.756976227615525269e-04
8.524336283185842689e-01 1.759852334675169423e-04
8.545722713864307707e-01 1.763142078419666255e-04
8.567109144542772725e-01 1.766848205885421079e-04
8.588495575221237743e-01 1.770973753322847312e-04
8.609882005899707202e-01 1.775522050167595474e-04
8.631268436578172221e-01 1.780496723347600252e-04
8.652654867256637239e-01 1.785901701933453748e-04
8.674041297935102257e-01 1.791741222140025248e-04
8.695427728613571716e-01 1.798019832688006042e-04
8.716814159292036734e-01 1.804742400534725634e-04
8.738200589970501753e-01 1.811914116983741026e-04
8.759587020648966771e-01 1.819540504183862490e-04
8.780973451327436230e-01 1.827627422028810190e-04
8.802359882005901248e-01 1.836181075468630195e-04
8.823746312684366266e-01 1.845208022246130485e-04
8.845132743362831285e-01 1.854715181070898508e-04
8.866519174041296303e-01 1.864709840244887053e-04
8.887905604719765762e-01 1.875199666754517674e-04
8.909292035398230780e-01 1.886192715844411385e-04
8.930678466076695798e-01 1.897697441089478312e-04
8.952064896755160817e-01 1.909722704981999843e-04
8.973451327433630276e-01 1.922277790052609068e-04
8.994837758112095294e-01 1.935372410543291673e-04
9.016224188790560312e-01 1.949016724653384691e-04
9.037610619469025330e-01 1.963221347378846086e-04
9.058997050147494789e-01 1.977997363967713283e-04
9.080383480825959808e-01 1.993356344014402632e-04
9.101769911504424826e-01 2.009310356217699697e-04
9.123156342182889844e-01 2.025871983828284246e-04
9.144542772861359303e-01 2.043054340812163144e-04
9.165929203539824321e-01 2.060871088759106816e-04
9.187315634218289340e-01 2.079336454565495259e-04
9.208702064896754358e-01 2.098465248922644691e-04
9.230088495575223817e-01 2.118272885643825295e-04
9.251474926253688835e-01 2.138775401863763281e-04
9.272861356932153853e-01 2.159989479147654404e-04
9.294247787610618872e-01 2.181932465546322501e-04
9.315634218289083890e-01 2.204622398638529462e-04
9.337020648967553349e-01 2.228078029600954373e-04
9.358407079646018367e-01 2.252318848350447244e-04
9.379793510324483385e-01 2.277365109803900834e-04
9.401179941002948404e-01 2.303237861304040701e-04
9.422566371681417863e-01 2.329958971261593859e-04
9.443952802359882881e-01 2.357551159066603361e-04
9.465339233038347899e-01 2.386038026324612731e-04
9.486725663716812917e-01 2.415444089475954359e-04
9.508112094395282377e-01 2.445794813858973753e-04
9.529498525073747395e-01 2.477116649281684208e-04
9.550884955752212413e-01 2.509437067168719801e-04
9.572271386430677431e-01 2.542784599354366674e-04
9.593657817109146890e-01 2.577188878595809826e-04
9.615044247787611909e-01 2.612680680883780276e-04
9.636430678466076927e-01 2.649291969632502452e-04
9.657817109144541945e-01 2.687055941834716271e-04
9.679203539823011404e-01 2.726007076270701253e-04
9.700589970501476422e-01 2.766181183866142732e-04
9.721976401179941440e-01 2.807615460297852744e-04
9.743362831858406459e-01 2.850348540950277030e-04
9.764749262536871477e-01 2.894420558332981065e-04
9.786135693215340936e-01 2.939873202072172979e-04
9.807522123893805954e-01 2.986749781597362809e-04
9.828908554572270972e-01 3.035095291648812763e-04
9.850294985250735991e-01 3.084956480738137909e-04
9.871681415929205450e-01 3.136381922701617412e-04
9.893067846607670468e-01 3.189422091491316176e-04
9.914454277286135486e-01 3.244129439358415428e-04
9.935840707964600504e-01 3.300558478589719924e-04
9.957227138643069964e-01 3.358765866965876144e-04
9.978613569321534982e-01 3.418810497120008344e-04
1.000000000000000000e+00 3.480753589984029897e-04
