0.000000000000000000e+00
7.271016865161336606e-02
7.271016865161336606e-02
7.271016865161336606e-02
7.271016865161336606e-02
7.271016865161336606e-02
7.271016865161336606e-02
7.271016865161336606e-02
7.638509249933266021e-02
7.926638675070561690e-02
6.821586505157271885e-02
6.407543600155608809e-02
6.498490537156066671e-02
6.387089982348469197e-02
6.302206776428184720e-02
6.113150889223664675e-02
5.136780891288885570e-02
5.609846495601731459e-02
6.400339226095490275e-02
7.416023914451531918e-02
7.418709468727152645e-02
6.413495607128563702e-02
6.551681713207525848e-02
6.419285117240845773e-02
7.091674950484433415e-02
7.579018616566823852e-02
7.529369888264599020e-02
6.685224243063869753e-02
6.245805987070646853e-02
6.781431807972797265e-02
7.254474686791494153e-02
7.435884866574159202e-02
7.241135662912619175e-02
6.686944883437441478e-02
6.269837809380900129e-02
6.933008557025679974e-02
6.561386134744305598e-02
6.612835177216767890e-02
6.978578992264336534e-02
6.302043384261894754e-02
6.734347078317838575e-02
7.091342072702384869e-02
8.264538609435133354e-02
7.908892342405836329e-02
7.826105208405859104e-02
7.522016764634095742e-02
7.527582437972017704e-02
7.626330408975211250e-02
7.614222930247380172e-02
7.389697451625838742e-02
7.337241556425995459e-02
7.170768826292715781e-02
7.399647457173595677e-02
6.641127311892110197e-02
7.151722474376191740e-02
7.550393851105562104e-02
7.363047661454505399e-02
7.371013304982461378e-02
7.577318070391748928e-02
7.861972277171931645e-02
8.118426818672429268e-02
8.283266033427802433e-02
8.646609750903953839e-02
7.617971214934832203e-02
7.619055860726421658e-02
7.314719632319130471e-02
7.361968076704152042e-02
7.146572541658301192e-02
7.392738816946188563e-02
7.377871475455707873e-02
6.771133968062130470e-02
7.372472417779653286e-02
7.085875374625974499e-02
6.657452860683589491e-02
6.258859655682179335e-02
6.014605235263090904e-02
6.191005389105861539e-02
6.003876360558425135e-02
6.081403556590816994e-02
5.845160117877873374e-02
5.986714893402646925e-02
6.640399390711296257e-02
7.606400524024162224e-02
7.566946527207263351e-02
7.759541245944982790e-02
7.609786168290251507e-02
7.904529921624937894e-02
6.944128630977007555e-02
6.507759853079451984e-02
6.296339411418976073e-02
7.047797787158179006e-02
7.043100242146413392e-02
7.069671566312805966e-02
6.396001098669193419e-02
6.496726988212685183e-02
6.824755227028167504e-02
7.006324855412655872e-02
6.111576621475032361e-02
6.340962761657674418e-02
6.976219162500114923e-02
7.409725442960407582e-02
7.174846536329700097e-02
7.180738253171402297e-02
7.391145815489126580e-02
7.615258839065060237e-02
7.475213431214246251e-02
6.746972477687952774e-02
6.347153967288042542e-02
6.041977012470352987e-02
6.668683240803384427e-02
7.310378605770491423e-02
6.844233693898670035e-02
6.795251014142761337e-02
6.527197758161872032e-02
6.178578421417382782e-02
6.366559262759217963e-02
6.557617768274913439e-02
5.934075461233911941e-02
6.587783411659718646e-02
6.814346077235651500e-02
7.756431961159666877e-02
7.902125448571620248e-02
7.675682515685093577e-02
7.901197721773929594e-02
7.252441207353792219e-02
7.302185334410933593e-02
7.878246114396311728e-02
8.267442878929577577e-02
8.889292437959706028e-02
9.023980167409613451e-02
8.586473605181055291e-02
8.062614018000499594e-02
7.728435808221108261e-02
7.318874829947383254e-02
7.212321823441773805e-02
7.093919977416401901e-02
5.930836783666624396e-02
6.787467734856836299e-02
7.244955059406468778e-02
6.594665045084040222e-02
7.066966056518501904e-02
6.102186039993448552e-02
5.896628831233846624e-02
6.480036706431770155e-02
5.731868333010835953e-02
5.506984267372639491e-02
5.618099535003372863e-02
4.959552642864980404e-02
5.995948835361230439e-02
6.397912018855805849e-02
6.108373206095311231e-02
6.575950205549997707e-02
5.958309314575843674e-02
6.226882315026179698e-02
6.484904907084736159e-02
6.639179694732855186e-02
6.238485259956399326e-02
6.683686775461321339e-02
6.939528025707848713e-02
7.233425087535043374e-02
7.177567929107432632e-02
7.360126775705548574e-02
7.507618197927835857e-02
7.257705422897588188e-02
7.520883001354185249e-02
8.221912850740419054e-02
8.118435757986393331e-02
8.405004427454776383e-02
7.856249677508225782e-02
7.134595439267306383e-02
6.579501111284756509e-02
7.314244096868587064e-02
8.424686641566453416e-02
7.579410459181525062e-02
7.314772344267321535e-02
7.702706673835466034e-02
7.508838344489576766e-02
7.364353427958396370e-02
7.794546554154614670e-02
7.650695370397485318e-02
7.778046422644464830e-02
8.093817718251684890e-02
8.826967961636907056e-02
8.571609675483714275e-02
9.252498384891107153e-02
8.848822328632079126e-02
8.403566965700150215e-02
8.126474970779587470e-02
7.972989163335449103e-02
8.115285169006596078e-02
6.924273389339172247e-02
7.339829923449971150e-02
7.287541351755733032e-02
7.328783206191367972e-02
7.721899971422686859e-02
6.869179651822387989e-02
5.890280477375175322e-02
6.084173630109506598e-02
6.201176235786508978e-02
6.053866839936875716e-02
6.711767484171606013e-02
7.115613838789018597e-02
6.299873717191144251e-02
6.149262756376283612e-02
6.036756763185210234e-02
6.708178700814500239e-02
6.826324080354248536e-02
6.830980820431906131e-02
7.102461724674409560e-02
8.253612903378680643e-02
7.923912489855226837e-02
8.168934890633976209e-02
7.573273979739282569e-02
7.307727034214815676e-02
7.178389278821259434e-02
6.978840375047706823e-02
6.747824664370966063e-02
6.729454404680257351e-02
7.087855984726817993e-02
7.440938038089266182e-02
7.873751480041939199e-02
8.763126995812377251e-02
8.234566825695190107e-02
8.451729287610675045e-02
7.696430535038881193e-02
7.363302558133019704e-02
6.885270687483446839e-02
7.297572378888857181e-02
8.206504706493829293e-02
7.660800969022350804e-02
6.935068571734194498e-02
6.878304566888827909e-02
6.849697563470046047e-02
7.121767861012658074e-02
6.663479522871698646e-02
6.771969218003735802e-02
6.523432165844865460e-02
6.271704401036277965e-02
6.285063068231504235e-02
6.239770691030385036e-02
5.223064195153896000e-02
5.054544218938718941e-02
5.519031971906973588e-02
5.702219170689917793e-02
5.662201601375580623e-02
6.227659970970637199e-02
6.916930463564877063e-02
7.458159700895566901e-02
7.669655608085339249e-02
7.877288220970769805e-02
