1.000000000000000000e+00
1.000000000000000222e+00
1.000000000000000222e+00
1.000000000000000222e+00
1.000000000000000222e+00
1.000000000000000222e+00
1.000000000000000222e+00
1.000000000000000222e+00
9.888543175318904588e-01
9.061272322867610640e-01
8.065495087467361435e-01
6.684136116571191000e-01
5.431444792853273862e-01
4.450739519980402847e-01
3.502543675989907568e-01
2.357016227965731958e-01
1.596504174314573865e-01
9.888086632178232083e-02
5.943486388211544069e-02
5.702442467140147325e-02
2.383361518802236401e-02
6.160320549296580822e-02
7.400433025251219876e-02
9.537481277215160980e-02
9.877346606085726788e-02
9.119659107890872030e-02
6.275384426957154871e-02
8.304067610926105236e-02
9.785422952423415699e-02
9.890195481863107985e-02
1.016528926164126378e-01
7.978345222196236985e-02
7.300566460581627004e-02
5.863204406517114747e-02
7.143921006582563960e-02
8.084686456336680205e-02
7.920991733065201046e-02
8.785434405476703901e-02
8.226422831505884881e-02
9.026096951798324997e-02
1.031469543404890388e-01
8.158717514013080763e-02
1.060608746598969421e-01
8.539162982957768100e-02
8.082694243969493209e-02
8.858738336575490424e-02
9.773897163357489482e-02
7.976123697858374106e-02
9.347992947055445978e-02
1.158043926110913641e-01
9.533041618986069776e-02
5.359370334640053968e-02
4.932841968309135960e-02
4.760023844209061022e-02
5.141593706604880021e-02
6.069704964483046972e-02
4.626773883594373360e-02
5.759901920638049039e-02
6.556082230038189074e-02
5.113124610369895739e-02
4.618095939024663421e-02
5.971070674214337681e-02
7.214224764765543585e-02
9.166544911779547777e-02
1.075038424480894983e-01
1.053813139036171298e-01
9.734077614374657406e-02
1.271877315145725218e-01
1.383645374749411794e-01
1.551478231131013796e-01
1.820801748828346778e-01
1.823523402171269292e-01
1.491684514752222579e-01
1.455089452225237778e-01
1.342376491608383293e-01
1.393561964215963844e-01
1.158451299429535258e-01
9.336169816054430692e-02
9.856198942602620305e-02
8.653233288637492138e-02
1.044395451268443631e-01
8.211987917472045317e-02
9.766686687798593891e-02
9.191815767840741391e-02
7.842559036288355989e-02
8.074885918649810090e-02
8.220785111611546292e-02
9.227247668584727391e-02
1.127641474476845235e-01
1.150117552129828052e-01
1.327236177711297593e-01
1.230399211416563776e-01
1.209744013852114969e-01
1.269051490553020634e-01
1.304878795630634858e-01
1.343542064124356727e-01
1.154844683736959282e-01
1.001774214389751366e-01
1.033397156000640527e-01
9.548069081695043092e-02
9.123738299959023579e-02
7.776315663525150412e-02
9.831424378385406060e-02
7.935323706743310779e-02
8.145502976437969667e-02
9.830011472795571748e-02
1.048383570692595634e-01
1.088635330362301978e-01
1.070881323503081739e-01
9.854498705948781800e-02
1.191137770212770675e-01
9.112865167058843696e-02
7.887486876345774223e-02
7.392686353108286756e-02
9.385155832852279389e-02
9.708758331711250800e-02
9.950103323471919115e-02
9.936210695069240539e-02
8.540792610332786916e-02
9.375919393718683270e-02
9.210099334887870970e-02
7.775716598767140608e-02
1.120138572685300815e-01
1.022020641935797725e-01
1.005553869448675558e-01
7.837202935012223259e-02
8.498828548241517400e-02
8.684580814415196470e-02
7.668528059762766413e-02
6.698638290191660793e-02
6.649420954029079678e-02
4.517837621888232819e-02
4.570705546369836086e-02
6.209340373991361489e-02
8.522132975309817948e-02
9.087250373817500060e-02
1.130338702980804438e-01
1.252486520354736399e-01
1.230610767555655322e-01
1.411282736719409459e-01
1.312408745120065834e-01
1.426991009620868778e-01
1.500094262136387468e-01
1.695092831238047548e-01
1.858313099490099263e-01
1.917173183860118313e-01
1.768371308451194279e-01
1.475429129691727959e-01
1.456936073378836405e-01
1.347761099663370155e-01
1.323866289584549050e-01
1.231336190109568046e-01
1.042000096142090271e-01
1.137145478909666885e-01
8.891925353629437367e-02
7.775958106184406582e-02
9.080463628613322236e-02
1.036916140879813181e-01
1.042908492681901278e-01
1.205404086076947712e-01
1.213228443302229870e-01
1.049114448372066993e-01
1.084633039292465517e-01
8.343009503004977789e-02
9.008074218130059096e-02
9.369283188185471845e-02
7.888433285991418298e-02
1.012446331417531514e-01
1.163371128576314584e-01
1.081695856682676482e-01
9.241169897325944571e-02
9.745888531982006830e-02
1.010119592081435286e-01
1.099140979490046133e-01
1.254230443898867176e-01
1.387649076113713908e-01
1.572735067433503608e-01
1.533363839065291501e-01
1.440763884531962580e-01
1.326569970368353946e-01
1.227850301771252484e-01
1.171026274016986751e-01
1.251427572064991722e-01
1.208279774824365660e-01
1.042987428158233115e-01
8.212318867046523863e-02
8.474404943106701726e-02
7.126397545179427584e-02
3.766008796108190337e-02
1.722745753028708665e-02
1.898416128372070605e-02
2.337862055774005826e-02
3.773079083605801465e-02
6.259871108865920630e-02
5.662582679626941562e-02
7.136400166802508993e-02
9.000546720788749067e-02
8.880698782030378713e-02
9.097951285236947905e-02
1.098581201283229669e-01
1.252785886968814932e-01
1.275574018811838073e-01
1.376372663039199806e-01
1.382998558620196217e-01
1.237688894300258691e-01
1.262957837778136139e-01
1.381683935093655224e-01
1.154719804742079109e-01
1.069566582658217219e-01
1.217368451814958841e-01
1.312309379819631139e-01
1.275833881721381846e-01
1.349514390038497602e-01
1.375679124164076728e-01
1.107190512213917094e-01
1.089496533260900651e-01
1.104019485873569822e-01
1.125693832973017894e-01
8.964244012262956307e-02
9.086501016057374480e-02
8.560995694035913872e-02
9.176151178762954885e-02
9.733208821125571841e-02
1.158057025927306666e-01
1.179678192225548372e-01
1.140783084313420070e-01
9.346320675218486307e-02
1.049217591086176737e-01
9.910711709708042161e-02
1.022944988398485772e-01
8.065118064345476456e-02
8.273125587547336401e-02
1.015837960041223315e-01
1.019352329068717450e-01
9.815638383455957405e-02
7.527241226249140049e-02
6.572511818026026409e-02
6.624335198104690237e-02
8.465606306807027526e-02
7.633592344953463171e-02
5.829525720172641645e-02
8.809056133819573309e-02
9.719209801841721674e-02
1.052446990878695282e-01
9.341470351202098288e-02
1.085248413363481268e-01
1.368245946407568303e-01
1.364281562879084420e-01
1.400590689202494132e-01
1.629599676574921829e-01
