0.000000000000000000e+00
6.596372874586879653e-02
6.577365843861439354e-02
6.507432910368719792e-02
6.126444855065459744e-02
6.152969363270410774e-02
6.109081550101435470e-02
6.022687693626324612e-02
6.001581933822073417e-02
5.996839607503723357e-02
5.914807992061283520e-02
5.941892545065133313e-02
5.939884625754882075e-02
5.935547013399001398e-02
5.932926567019781300e-02
5.932926567019781300e-02
5.932926567019781300e-02
5.932506402891957881e-02
5.932506402891957881e-02
5.932506402891957881e-02
5.932506402891957881e-02
5.932506402891957881e-02
5.932506402891957881e-02
5.932506402891957881e-02
5.932506402891957881e-02
5.932506402891957881e-02
5.932506402891957881e-02
5.932506402891957881e-02
5.932506402891957881e-02
5.932506402891957881e-02
5.932506402891957881e-02
5.932506402891957881e-02
5.932506402891957881e-02
5.932506402891957881e-02
5.932506402891957881e-02
5.932506402891957881e-02
5.932506402891957881e-02
5.932506402891957881e-02
5.932506402891957881e-02
5.932506402891957881e-02
5.932506402891957881e-02
5.932506402891957881e-02
5.932506402891957881e-02
5.932506402891957881e-02
5.932506402891957881e-02
5.932506402891957881e-02
5.932506402891957881e-02
5.932506402891957881e-02
5.932506402891957881e-02
5.932506402891957881e-02
5.932506402891957881e-02
5.932506402891957881e-02
5.932506402891957881e-02
5.932506402891957881e-02
5.932506402891957881e-02
5.932506402891957881e-02
5.932506402891957881e-02
5.932506402891957881e-02
5.932506402891957881e-02
5.932506402891957881e-02
5.932506402891957881e-02
5.932506402891957881e-02
5.932506402891957881e-02
5.932506402891957881e-02
5.932506402891957881e-02
5.932506402891957881e-02
5.932506402891957881e-02
5.932506402891957881e-02
5.932506402891957881e-02
5.932506402891957881e-02
5.932506402891957881e-02
5.932506402891957881e-02
5.932506402891957881e-02
5.932506402891957881e-02
5.932506402891957881e-02
5.932506402891957881e-02
5.932506402891957881e-02
5.932506402891957881e-02
5.932506402891957881e-02
5.932506402891957881e-02
5.932506402891957881e-02
5.932506402891957881e-02
5.932506402891957881e-02
5.932506402891957881e-02
5.932506402891957881e-02
5.932506402891957881e-02
5.932506402891957881e-02
5.932506402891957881e-02
5.932506402891957881e-02
5.932506402891957881e-02
5.932506402891957881e-02
5.932506402891957881e-02
5.932506402891957881e-02
5.932506402891957881e-02
5.932506402891957881e-02
5.932506402891957881e-02
5.932506402891957881e-02
5.932506402891957881e-02
5.932506402891957881e-02
5.932506402891957881e-02
5.932506402891957881e-02
5.932506402891957881e-02
5.932506402891957881e-02
5.932506402891957881e-02
5.932506402891957881e-02
5.932506402891957881e-02
5.932506402891957881e-02
5.932506402891957881e-02
5.932506402891957881e-02
5.932506402891957881e-02
5.932506402891957881e-02
5.932506402891957881e-02
5.932506402891957881e-02
5.932506402891957881e-02
5.932506402891957881e-02
5.932506402891957881e-02
5.932506402891957881e-02
5.932506402891957881e-02
5.932506402891957881e-02
5.932506402891957881e-02
5.932506402891957881e-02
5.932506402891957881e-02
5.932506402891957881e-02
5.932506402891957881e-02
5.932506402891957881e-02
5.932506402891957881e-02
5.932506402891957881e-02
5.932506402891957881e-02
5.932506402891957881e-02
5.932506402891957881e-02
5.932506402891957881e-02
5.932506402891957881e-02
5.932506402891957881e-02
5.932506402891957881e-02
5.932506402891957881e-02
5.932506402891957881e-02
5.932506402891957881e-02
5.932506402891957881e-02
5.932506402891957881e-02
5.932506402891957881e-02
5.932506402891957881e-02
5.932506402891957881e-02
5.932506402891957881e-02
5.932506402891957881e-02
5.932506402891957881e-02
5.932506402891957881e-02
5.932506402891957881e-02
5.932506402891957881e-02
5.932506402891957881e-02
5.932506402891957881e-02
5.932506402891957881e-02
5.932506402891957881e-02
5.932506402891957881e-02
5.932506402891957881e-02
5.932506402891957881e-02
5.932506402891957881e-02
5.932506402891957881e-02
5.932506402891957881e-02
5.932506402891957881e-02
5.932506402891957881e-02
5.932506402891957881e-02
5.932506402891957881e-02
5.932506402891957881e-02
5.932506402891957881e-02
5.932506402891957881e-02
5.932506402891957881e-02
5.932506402891957881e-02
5.932506402891957881e-02
5.932506402891957881e-02
5.932506402891957881e-02
5.932506402891957881e-02
5.932506402891957881e-02
5.932506402891957881e-02
5.932506402891957881e-02
5.932506402891957881e-02
5.932506402891957881e-02
5.932506402891957881e-02
5.932506402891957881e-02
5.932506402891957881e-02
5.932506402891957881e-02
5.932506402891957881e-02
5.932506402891957881e-02
5.932506402891957881e-02
5.932506402891957881e-02
5.932506402891957881e-02
5.932506402891957881e-02
5.932506402891957881e-02
5.932506402891957881e-02
5.932506402891957881e-02
5.932506402891957881e-02
5.932506402891957881e-02
5.932506402891957881e-02
5.932506402891957881e-02
5.932506402891957881e-02
5.932506402891957881e-02
5.932506402891957881e-02
5.932506402891957881e-02
5.932506402891957881e-02
5.932506402891957881e-02
5.932506402891957881e-02
5.932506402891957881e-02
5.932506402891957881e-02
5.932506402891957881e-02
5.932506402891957881e-02
5.932506402891957881e-02
5.932506402891957881e-02
5.932506402891957881e-02
5.932506402891957881e-02
5.932506402891957881e-02
5.932506402891957881e-02
5.932506402891957881e-02
5.932506402891957881e-02
5.932506402891957881e-02
5.932506402891957881e-02
5.932506402891957881e-02
5.932506402891957881e-02
5.932506402891957881e-02
5.932506402891957881e-02
5.932506402891957881e-02
5.932506402891957881e-02
5.932506402891957881e-02
5.932506402891957881e-02
5.932506402891957881e-02
5.932506402891957881e-02
5.932506402891957881e-02
5.932506402891957881e-02
5.932506402891957881e-02
5.932506402891957881e-02
5.932506402891957881e-02
5.932506402891957881e-02
5.932506402891957881e-02
5.932506402891957881e-02
5.932506402891957881e-02
5.932506402891957881e-02
5.932506402891957881e-02
5.932506402891957881e-02
5.932506402891957881e-02
5.932506402891957881e-02
5.932506402891957881e-02
5.932506402891957881e-02
5.932506402891957881e-02
5.932506402891957881e-02
5.932506402891957881e-02
5.932506402891957881e-02
5.932506402891957881e-02
5.932506402891957881e-02
5.932506402891957881e-02
5.932506402891957881e-02
5.932506402891957881e-02
5.932506402891957881e-02
