-1.899999999999999911e+00 0.000000000000000000e+00
-1.897861356932153409e+00 0.000000000000000000e+00
-1.895722713864306685e+00 0.000000000000000000e+00
-1.893584070796460184e+00 0.000000000000000000e+00
-1.891445427728613460e+00 0.000000000000000000e+00
-1.889306784660766958e+00 0.000000000000000000e+00
-1.887168141592920234e+00 0.000000000000000000e+00
-1.885029498525073732e+00 0.000000000000000000e+00
-1.882890855457227008e+00 0.000000000000000000e+00
-1.880752212389380507e+00 0.000000000000000000e+00
-1.878613569321533783e+00 0.000000000000000000e+00
-1.876474926253687281e+00 0.000000000000000000e+00
-1.874336283185840557e+00 0.000000000000000000e+00
-1.872197640117994055e+00 0.000000000000000000e+00
-1.870058997050147331e+00 0.000000000000000000e+00
-1.867920353982300830e+00 0.000000000000000000e+00
-1.865781710914454106e+00 0.000000000000000000e+00
-1.863643067846607604e+00 0.000000000000000000e+00
-1.861504424778760880e+00 0.000000000000000000e+00
-1.859365781710914378e+00 0.000000000000000000e+00
-1.857227138643067654e+00 0.000000000000000000e+00
-1.855088495575221152e+00 0.000000000000000000e+00
-1.852949852507374651e+00 0.000000000000000000e+00
-1.850811209439527927e+00 0.000000000000000000e+00
-1.848672566371681425e+00 0.000000000000000000e+00
-1.846533923303834701e+00 0.000000000000000000e+00
-1.844395280235988199e+00 0.000000000000000000e+00
-1.842256637168141475e+00 0.000000000000000000e+00
-1.840117994100294974e+00 0.000000000000000000e+00
-1.837979351032448250e+00 0.000000000000000000e+00
-1.835840707964601748e+00 0.000000000000000000e+00
-1.833702064896755024e+00 0.000000000000000000e+00
-1.831563421828908522e+00 0.000000000000000000e+00
-1.829424778761061798e+00 0.000000000000000000e+00
-1.827286135693215297e+00 0.000000000000000000e+00
-1.825147492625368573e+00 0.000000000000000000e+00
-1.823008849557522071e+00 0.000000000000000000e+00
-1.820870206489675347e+00 0.000000000000000000e+00
-1.818731563421828845e+00 0.000000000000000000e+00
-1.816592920353982121e+00 0.000000000000000000e+00
-1.814454277286135619e+00 0.000000000000000000e+00
-1.812315634218288896e+00 0.000000000000000000e+00
-1.810176991150442394e+00 0.000000000000000000e+00
-1.808038348082595892e+00 0.000000000000000000e+00
-1.805899705014749168e+00 0.000000000000000000e+00
-1.803761061946902666e+00 0.000000000000000000e+00
-1.801622418879055942e+00 0.000000000000000000e+00
-1.799483775811209441e+00 0.000000000000000000e+00
-1.797345132743362717e+00 0.000000000000000000e+00
-1.795206489675516215e+00 0.000000000000000000e+00
-1.793067846607669491e+00 0.000000000000000000e+00
-1.790929203539822989e+00 0.000000000000000000e+00
-1.788790560471976265e+00 0.000000000000000000e+00
-1.786651917404129764e+00 0.000000000000000000e+00
-1.784513274336283040e+00 0.000000000000000000e+00
-1.782374631268436538e+00 0.000000000000000000e+00
-1.780235988200589814e+00 0.000000000000000000e+00
-1.778097345132743312e+00 0.000000000000000000e+00
-1.775958702064896588e+00 0.000000000000000000e+00
-1.773820058997050086e+00 0.000000000000000000e+00
-1.771681415929203363e+00 0.000000000000000000e+00
-1.769542772861356861e+00 0.000000000000000000e+00
-1.767404129793510137e+00 0.000000000000000000e+00
-1.765265486725663635e+00 0.000000000000000000e+00
-1.763126843657817133e+00 0.000000000000000000e+00
-1.760988200589970409e+00 0.000000000000000000e+00
-1.758849557522123686e+00 0.000000000000000000e+00
-1.756710914454277184e+00 0.000000000000000000e+00
-1.754572271386430682e+00 0.000000000000000000e+00
-1.752433628318583958e+00 0.000000000000000000e+00
-1.750294985250737456e+00 0.000000000000000000e+00
-1.748156342182890732e+00 0.000000000000000000e+00
-1.746017699115044230e+00 0.000000000000000000e+00
-1.743879056047197507e+00 0.000000000000000000e+00
-1.741740412979351005e+00 0.000000000000000000e+00
-1.739601769911504281e+00 0.000000000000000000e+00
-1.737463126843657779e+00 0.000000000000000000e+00
-1.735324483775811055e+00 0.000000000000000000e+00
-1.733185840707964553e+00 0.000000000000000000e+00
-1.731047197640117830e+00 0.000000000000000000e+00
-1.728908554572271328e+00 0.000000000000000000e+00
-1.726769911504424604e+00 0.000000000000000000e+00
-1.724631268436578102e+00 0.000000000000000000e+00
-1.722492625368731378e+00 0.000000000000000000e+00
-1.720353982300884876e+00 0.000000000000000000e+00
-1.718215339233038375e+00 0.000000000000000000e+00
-1.716076696165191651e+00 0.000000000000000000e+00
-1.713938053097344927e+00 0.000000000000000000e+00
-1.711799410029498425e+00 0.000000000000000000e+00
-1.709660766961651923e+00 0.000000000000000000e+00
-1.707522123893805199e+00 0.000000000000000000e+00
-1.705383480825958697e+00 0.000000000000000000e+00
-1.703244837758111974e+00 0.000000000000000000e+00
-1.701106194690265472e+00 0.000000000000000000e+00
-1.698967551622418748e+00 0.000000000000000000e+00
-1.696828908554572246e+00 0.000000000000000000e+00
-1.694690265486725522e+00 0.000000000000000000e+00
-1.692551622418879020e+00 0.000000000000000000e+00
-1.690412979351032297e+00 0.000000000000000000e+00
-1.688274336283185795e+00 0.000000000000000000e+00
-1.686135693215339071e+00 0.000000000000000000e+00
-1.683997050147492569e+00 0.000000000000000000e+00
-1.681858407079645845e+00 0.000000000000000000e+00
-1.679719764011799343e+00 0.000000000000000000e+00
-1.677581120943952619e+00 0.000000000000000000e+00
-1.675442477876106118e+00 0.000000000000000000e+00
-1.673303834808259616e+00 0.000000000000000000e+00
-1.671165191740412892e+00 0.000000000000000000e+00
-1.669026548672566168e+00 0.000000000000000000e+00
-1.666887905604719666e+00 0.000000000000000000e+00
-1.664749262536873164e+00 0.000000000000000000e+00
-1.662610619469026441e+00 0.000000000000000000e+00
-1.660471976401179939e+00 0.000000000000000000e+00
-1.658333333333333215e+00 0.000000000000000000e+00
-1.656194690265486713e+00 0.000000000000000000e+00
-1.654056047197639989e+00 0.000000000000000000e+00
-1.651917404129793487e+00 0.000000000000000000e+00
-1.649778761061946764e+00 0.000000000000000000e+00
-1.647640117994100262e+00 0.000000000000000000e+00
-1.645501474926253538e+00 0.000000000000000000e+00
-1.643362831858407036e+00 0.000000000000000000e+00
-1.641224188790560312e+00 0.000000000000000000e+00
-1.639085545722713810e+00 0.000000000000000000e+00
-1.636946902654867309e+00 0.000000000000000000e+00
-1.634808259587020585e+00 0.000000000000000000e+00
-1.632669616519173861e+00 0.000000000000000000e+00
-1.630530973451327359e+00 0.000000000000000000e+00
-1.628392330383480857e+00 0.000000000000000000e+00
-1.626253687315634133e+00 0.000000000000000000e+00
-1.624115044247787409e+00 0.000000000000000000e+00
-1.621976401179940908e+00 0.000000000000000000e+00
-1.619837758112094406e+00 0.000000000000000000e+00
-1.617699115044247682e+00 0.000000000000000000e+00
-1.615560471976400958e+00 0.000000000000000000e+00
-1.613421828908554456e+00 0.000000000000000000e+00
-1.611283185840707954e+00 0.000000000000000000e+00
-1.609144542772861231e+00 0.000000000000000000e+00
-1.607005899705014729e+00 0.000000000000000000e+00
-1.604867256637168005e+00 0.000000000000000000e+00
-1.602728613569321503e+00 0.000000000000000000e+00
-1.600589970501474779e+00 0.000000000000000000e+00
-1.598451327433628277e+00 0.000000000000000000e+00
-1.596312684365781553e+00 0.000000000000000000e+00
-1.594174041297935052e+00 0.000000000000000000e+00
-1.592035398230088550e+00 0.000000000000000000e+00
-1.589896755162241826e+00 0.000000000000000000e+00
-1.587758112094395102e+00 0.000000000000000000e+00
-1.585619469026548600e+00 0.000000000000000000e+00
-1.583480825958702098e+00 0.000000000000000000e+00
-1.581342182890855375e+00 0.000000000000000000e+00
-1.579203539823008651e+00 0.000000000000000000e+00
-1.577064896755162149e+00 0.000000000000000000e+00
-1.574926253687315647e+00 0.000000000000000000e+00
-1.572787610619468923e+00 0.000000000000000000e+00
-1.570648967551622199e+00 0.000000000000000000e+00
-1.568510324483775698e+00 0.000000000000000000e+00
-1.566371681415929196e+00 0.000000000000000000e+00
-1.564233038348082472e+00 0.000000000000000000e+00
-1.562094395280235970e+00 0.000000000000000000e+00
-1.559955752212389246e+00 0.000000000000000000e+00
-1.557817109144542744e+00 0.000000000000000000e+00
-1.555678466076696020e+00 0.000000000000000000e+00
-1.553539823008849519e+00 0.000000000000000000e+00
-1.551401179941002795e+00 0.000000000000000000e+00
-1.549262536873156293e+00 0.000000000000000000e+00
-1.547123893805309569e+00 0.000000000000000000e+00
-1.544985250737463067e+00 0.000000000000000000e+00
-1.542846607669616343e+00 0.000000000000000000e+00
-1.540707964601769842e+00 0.000000000000000000e+00
-1.538569321533923340e+00 0.000000000000000000e+00
-1.536430678466076616e+00 0.000000000000000000e+00
-1.534292035398229892e+00 0.000000000000000000e+00
-1.532153392330383390e+00 0.000000000000000000e+00
-1.530014749262536888e+00 0.000000000000000000e+00
-1.527876106194690164e+00 0.000000000000000000e+00
-1.525737463126843441e+00 0.000000000000000000e+00
-1.523598820058996939e+00 0.000000000000000000e+00
-1.521460176991150437e+00 0.000000000000000000e+00
-1.519321533923303713e+00 0.000000000000000000e+00
-1.517182890855457211e+00 0.000000000000000000e+00
-1.515044247787610487e+00 0.000000000000000000e+00
-1.512905604719763986e+00 0.000000000000000000e+00
-1.510766961651917262e+00 0.000000000000000000e+00
-1.508628318584070760e+00 0.000000000000000000e+00
-1.506489675516224036e+00 0.000000000000000000e+00
-1.504351032448377534e+00 0.000000000000000000e+00
-1.502212389380530810e+00 0.000000000000000000e+00
-1.500073746312684309e+00 0.000000000000000000e+00
-1.497935103244837585e+00 0.000000000000000000e+00
-1.495796460176991083e+00 0.000000000000000000e+00
-1.493657817109144581e+00 0.000000000000000000e+00
-1.491519174041297857e+00 0.000000000000000000e+00
-1.489380530973451133e+00 0.000000000000000000e+00
-1.487241887905604631e+00 0.000000000000000000e+00
-1.485103244837758130e+00 0.000000000000000000e+00
-1.482964601769911406e+00 0.000000000000000000e+00
-1.480825958702064682e+00 0.000000000000000000e+00
-1.478687315634218180e+00 0.000000000000000000e+00
-1.476548672566371678e+00 0.000000000000000000e+00
-1.474410029498524954e+00 0.000000000000000000e+00
-1.472271386430678453e+00 0.000000000000000000e+00
-1.470132743362831729e+00 0.000000000000000000e+00
-1.467994100294985227e+00 0.000000000000000000e+00
-1.465855457227138503e+00 0.000000000000000000e+00
-1.463716814159292001e+00 0.000000000000000000e+00
-1.461578171091445277e+00 0.000000000000000000e+00
-1.459439528023598776e+00 0.000000000000000000e+00
-1.457300884955752052e+00 0.000000000000000000e+00
-1.455162241887905550e+00 0.000000000000000000e+00
-1.453023598820058826e+00 0.000000000000000000e+00
-1.450884955752212324e+00 0.000000000000000000e+00
-1.448746312684365822e+00 0.000000000000000000e+00
-1.446607669616519098e+00 0.000000000000000000e+00
-1.444469026548672375e+00 0.000000000000000000e+00
-1.442330383480825873e+00 0.000000000000000000e+00
-1.440191740412979371e+00 0.000000000000000000e+00
-1.438053097345132647e+00 0.000000000000000000e+00
-1.435914454277285923e+00 0.000000000000000000e+00
-1.433775811209439421e+00 0.000000000000000000e+00
-1.431637168141592920e+00 0.000000000000000000e+00
-1.429498525073746196e+00 0.000000000000000000e+00
-1.427359882005899694e+00 0.000000000000000000e+00
-1.425221238938052970e+00 0.000000000000000000e+00
-1.423082595870206468e+00 0.000000000000000000e+00
-1.420943952802359744e+00 0.000000000000000000e+00
-1.418805309734513243e+00 0.000000000000000000e+00
-1.416666666666666519e+00 0.000000000000000000e+00
-1.414528023598820017e+00 0.000000000000000000e+00
-1.412389380530973293e+00 0.000000000000000000e+00
-1.410250737463126791e+00 0.000000000000000000e+00
-1.408112094395280067e+00 0.000000000000000000e+00
-1.405973451327433565e+00 0.000000000000000000e+00
-1.403834808259587064e+00 0.000000000000000000e+00
-1.401696165191740340e+00 0.000000000000000000e+00
-1.399557522123893616e+00 0.000000000000000000e+00
-1.397418879056047114e+00 0.000000000000000000e+00
-1.395280235988200612e+00 0.000000000000000000e+00
-1.393141592920353888e+00 0.000000000000000000e+00
-1.391002949852507165e+00 0.000000000000000000e+00
-1.388864306784660663e+00 0.000000000000000000e+00
-1.386725663716814161e+00 0.000000000000000000e+00
-1.384587020648967437e+00 0.000000000000000000e+00
-1.382448377581120713e+00 0.000000000000000000e+00
-1.380309734513274211e+00 0.000000000000000000e+00
-1.378171091445427709e+00 0.000000000000000000e+00
-1.376032448377580986e+00 0.000000000000000000e+00
-1.373893805309734484e+00 0.000000000000000000e+00
-1.371755162241887760e+00 0.000000000000000000e+00
-1.369616519174041258e+00 0.000000000000000000e+00
-1.367477876106194756e+00 0.000000000000000000e+00
-1.365339233038348032e+00 0.000000000000000000e+00
-1.363200589970501309e+00 0.000000000000000000e+00
-1.361061946902654807e+00 0.000000000000000000e+00
-1.358923303834808305e+00 0.000000000000000000e+00
-1.356784660766961581e+00 0.000000000000000000e+00
-1.354646017699114857e+00 0.000000000000000000e+00
-1.352507374631268355e+00 0.000000000000000000e+00
-1.350368731563421854e+00 0.000000000000000000e+00
-1.348230088495575130e+00 0.000000000000000000e+00
-1.346091445427728406e+00 0.000000000000000000e+00
-1.343952802359881904e+00 0.000000000000000000e+00
-1.341814159292035402e+00 0.000000000000000000e+00
-1.339675516224188678e+00 0.000000000000000000e+00
-1.337536873156341954e+00 0.000000000000000000e+00
-1.335398230088495453e+00 0.000000000000000000e+00
-1.333259587020648951e+00 0.000000000000000000e+00
-1.331120943952802227e+00 0.000000000000000000e+00
-1.328982300884955725e+00 0.000000000000000000e+00
-1.326843657817109001e+00 0.000000000000000000e+00
-1.324705014749262499e+00 0.000000000000000000e+00
-1.322566371681415998e+00 0.000000000000000000e+00
-1.320427728613569274e+00 0.000000000000000000e+00
-1.318289085545722550e+00 0.000000000000000000e+00
-1.316150442477876048e+00 0.000000000000000000e+00
-1.314011799410029546e+00 0.000000000000000000e+00
-1.311873156342182822e+00 0.000000000000000000e+00
-1.309734513274336098e+00 0.000000000000000000e+00
-1.307595870206489597e+00 0.000000000000000000e+00
-1.305457227138643095e+00 0.000000000000000000e+00
-1.303318584070796371e+00 0.000000000000000000e+00
-1.301179941002949647e+00 0.000000000000000000e+00
-1.299041297935103145e+00 0.000000000000000000e+00
-1.296902654867256643e+00 0.000000000000000000e+00
-1.294764011799409920e+00 0.000000000000000000e+00
-1.292625368731563196e+00 0.000000000000000000e+00
-1.290486725663716694e+00 0.000000000000000000e+00
-1.288348082595870192e+00 0.000000000000000000e+00
-1.286209439528023468e+00 0.000000000000000000e+00
-1.284070796460176966e+00 0.000000000000000000e+00
-1.281932153392330243e+00 0.000000000000000000e+00
-1.279793510324483741e+00 0.000000000000000000e+00
-1.277654867256637239e+00 0.000000000000000000e+00
-1.275516224188790515e+00 0.000000000000000000e+00
-1.273377581120943791e+00 0.000000000000000000e+00
-1.271238938053097289e+00 0.000000000000000000e+00
-1.269100294985250788e+00 0.000000000000000000e+00
-1.266961651917404064e+00 0.000000000000000000e+00
-1.264823008849557340e+00 0.000000000000000000e+00
-1.262684365781710838e+00 0.000000000000000000e+00
-1.260545722713864336e+00 0.000000000000000000e+00
-1.258407079646017612e+00 0.000000000000000000e+00
-1.256268436578170888e+00 0.000000000000000000e+00
-1.254129793510324387e+00 0.000000000000000000e+00
-1.251991150442477885e+00 0.000000000000000000e+00
-1.249852507374631161e+00 0.000000000000000000e+00
-1.247713864306784437e+00 0.000000000000000000e+00
-1.245575221238937935e+00 0.000000000000000000e+00
-1.243436578171091433e+00 0.000000000000000000e+00
-1.241297935103244710e+00 0.000000000000000000e+00
-1.239159292035397986e+00 0.000000000000000000e+00
-1.237020648967551484e+00 0.000000000000000000e+00
-1.234882005899704982e+00 0.000000000000000000e+00
-1.232743362831858480e+00 0.000000000000000000e+00
-1.230604719764011756e+00 0.000000000000000000e+00
-1.228466076696165032e+00 0.000000000000000000e+00
-1.226327433628318531e+00 0.000000000000000000e+00
-1.224188790560472029e+00 0.000000000000000000e+00
-1.222050147492625305e+00 0.000000000000000000e+00
-1.219911504424778581e+00 0.000000000000000000e+00
-1.217772861356932079e+00 0.000000000000000000e+00
-1.215634218289085577e+00 0.000000000000000000e+00
-1.213495575221238854e+00 0.000000000000000000e+00
-1.211356932153392130e+00 0.000000000000000000e+00
-1.209218289085545628e+00 0.000000000000000000e+00
-1.207079646017699126e+00 0.000000000000000000e+00
-1.204941002949852402e+00 0.000000000000000000e+00
-1.202802359882005678e+00 0.000000000000000000e+00
-1.200663716814159176e+00 0.000000000000000000e+00
-1.198525073746312675e+00 0.000000000000000000e+00
-1.196386430678465951e+00 0.000000000000000000e+00
-1.194247787610619227e+00 0.000000000000000000e+00
-1.192109144542772725e+00 0.000000000000000000e+00
-1.189970501474926223e+00 0.000000000000000000e+00
-1.187831858407079721e+00 0.000000000000000000e+00
-1.185693215339232998e+00 0.000000000000000000e+00
-1.183554572271386274e+00 0.000000000000000000e+00
-1.181415929203539772e+00 0.000000000000000000e+00
-1.179277286135693270e+00 0.000000000000000000e+00
-1.177138643067846546e+00 0.000000000000000000e+00
-1.174999999999999822e+00 0.000000000000000000e+00
-1.172861356932153321e+00 0.000000000000000000e+00
-1.170722713864306819e+00 0.000000000000000000e+00
-1.168584070796460095e+00 0.000000000000000000e+00
-1.166445427728613371e+00 0.000000000000000000e+00
-1.164306784660766869e+00 0.000000000000000000e+00
-1.162168141592920367e+00 0.000000000000000000e+00
-1.160029498525073643e+00 0.000000000000000000e+00
-1.157890855457226920e+00 0.000000000000000000e+00
-1.155752212389380418e+00 0.000000000000000000e+00
-1.153613569321533916e+00 0.000000000000000000e+00
-1.151474926253687192e+00 0.000000000000000000e+00
-1.149336283185840468e+00 0.000000000000000000e+00
-1.147197640117993966e+00 0.000000000000000000e+00
-1.145058997050147465e+00 0.000000000000000000e+00
-1.142920353982300963e+00 0.000000000000000000e+00
-1.140781710914454239e+00 0.000000000000000000e+00
-1.138643067846607515e+00 0.000000000000000000e+00
-1.136504424778761013e+00 0.000000000000000000e+00
-1.134365781710914511e+00 0.000000000000000000e+00
-1.132227138643067788e+00 0.000000000000000000e+00
-1.130088495575221064e+00 0.000000000000000000e+00
-1.127949852507374562e+00 0.000000000000000000e+00
-1.125811209439528060e+00 0.000000000000000000e+00
-1.123672566371681336e+00 0.000000000000000000e+00
-1.121533923303834612e+00 0.000000000000000000e+00
-1.119395280235988110e+00 0.000000000000000000e+00
-1.117256637168141609e+00 0.000000000000000000e+00
-1.115117994100294885e+00 0.000000000000000000e+00
-1.112979351032448161e+00 0.000000000000000000e+00
-1.110840707964601659e+00 0.000000000000000000e+00
-1.108702064896755157e+00 0.000000000000000000e+00
-1.106563421828908433e+00 0.000000000000000000e+00
-1.104424778761061710e+00 0.000000000000000000e+00
-1.102286135693215208e+00 0.000000000000000000e+00
-1.100147492625368706e+00 0.000000000000000000e+00
-1.098008849557522204e+00 0.000000000000000000e+00
-1.095870206489675480e+00 0.000000000000000000e+00
-1.093731563421828756e+00 0.000000000000000000e+00
-1.091592920353982255e+00 0.000000000000000000e+00
-1.089454277286135753e+00 0.000000000000000000e+00
-1.087315634218289029e+00 0.000000000000000000e+00
-1.085176991150442305e+00 0.000000000000000000e+00
-1.083038348082595803e+00 0.000000000000000000e+00
-1.080899705014749301e+00 0.000000000000000000e+00
-1.078761061946902577e+00 0.000000000000000000e+00
-1.076622418879055854e+00 0.000000000000000000e+00
-1.074483775811209352e+00 0.000000000000000000e+00
-1.072345132743362850e+00 0.000000000000000000e+00
-1.070206489675516126e+00 0.000000000000000000e+00
-1.068067846607669402e+00 0.000000000000000000e+00
-1.065929203539822900e+00 0.000000000000000000e+00
-1.063790560471976399e+00 0.000000000000000000e+00
-1.061651917404129675e+00 0.000000000000000000e+00
-1.059513274336282951e+00 0.000000000000000000e+00
-1.057374631268436449e+00 0.000000000000000000e+00
-1.055235988200589947e+00 0.000000000000000000e+00
-1.053097345132743445e+00 0.000000000000000000e+00
-1.050958702064896721e+00 0.000000000000000000e+00
-1.048820058997049998e+00 0.000000000000000000e+00
-1.046681415929203496e+00 0.000000000000000000e+00
-1.044542772861356994e+00 0.000000000000000000e+00
-1.042404129793510270e+00 0.000000000000000000e+00
-1.040265486725663546e+00 0.000000000000000000e+00
-1.038126843657817044e+00 0.000000000000000000e+00
-1.035988200589970543e+00 0.000000000000000000e+00
-1.033849557522123819e+00 0.000000000000000000e+00
-1.031710914454277095e+00 0.000000000000000000e+00
-1.029572271386430593e+00 0.000000000000000000e+00
-1.027433628318584091e+00 0.000000000000000000e+00
-1.025294985250737367e+00 0.000000000000000000e+00
-1.023156342182890643e+00 0.000000000000000000e+00
-1.021017699115044142e+00 0.000000000000000000e+00
-1.018879056047197640e+00 0.000000000000000000e+00
-1.016740412979350916e+00 0.000000000000000000e+00
-1.014601769911504192e+00 0.000000000000000000e+00
-1.012463126843657690e+00 0.000000000000000000e+00
-1.010324483775811188e+00 0.000000000000000000e+00
-1.008185840707964687e+00 0.000000000000000000e+00
-1.006047197640117963e+00 0.000000000000000000e+00
-1.003908554572271239e+00 0.000000000000000000e+00
-1.001769911504424737e+00 0.000000000000000000e+00
-9.996312684365781243e-01 0.000000000000000000e+00
-9.974926253687315114e-01 0.000000000000000000e+00
-9.953539823008848986e-01 0.000000000000000000e+00
-9.932153392330382857e-01 0.000000000000000000e+00
-9.910766961651916729e-01 0.000000000000000000e+00
-9.889380530973450600e-01 0.000000000000000000e+00
-9.867994100294984472e-01 0.000000000000000000e+00
-9.846607669616518344e-01 0.000000000000000000e+00
-9.825221238938052215e-01 0.000000000000000000e+00
-9.803834808259586087e-01 0.000000000000000000e+00
-9.782448377581119958e-01 0.000000000000000000e+00
-9.761061946902653830e-01 0.000000000000000000e+00
-9.739675516224187701e-01 0.000000000000000000e+00
-9.718289085545721573e-01 0.000000000000000000e+00
-9.696902654867255444e-01 0.000000000000000000e+00
-9.675516224188789316e-01 0.000000000000000000e+00
-9.654129793510323188e-01 0.000000000000000000e+00
-9.632743362831858169e-01 0.000000000000000000e+00
-9.611356932153392041e-01 0.000000000000000000e+00
-9.589970501474925912e-01 0.000000000000000000e+00
-9.568584070796459784e-01 0.000000000000000000e+00
-9.547197640117993656e-01 0.000000000000000000e+00
-9.525811209439527527e-01 0.000000000000000000e+00
-9.504424778761061399e-01 0.000000000000000000e+00
-9.483038348082595270e-01 0.000000000000000000e+00
-9.461651917404129142e-01 0.000000000000000000e+00
-9.440265486725663013e-01 0.000000000000000000e+00
-9.418879056047196885e-01 0.000000000000000000e+00
-9.397492625368730756e-01 0.000000000000000000e+00
-9.376106194690264628e-01 0.000000000000000000e+00
-9.354719764011798500e-01 0.000000000000000000e+00
-9.333333333333332371e-01 0.000000000000000000e+00
-9.311946902654866243e-01 0.000000000000000000e+00
-9.290560471976400114e-01 0.000000000000000000e+00
-9.269174041297933986e-01 0.000000000000000000e+00
-9.247787610619467857e-01 0.000000000000000000e+00
-9.226401179941001729e-01 0.000000000000000000e+00
-9.205014749262535600e-01 0.000000000000000000e+00
-9.183628318584070582e-01 0.000000000000000000e+00
-9.162241887905604454e-01 0.000000000000000000e+00
-9.140855457227138325e-01 0.000000000000000000e+00
-9.119469026548672197e-01 0.000000000000000000e+00
-9.098082595870206069e-01 0.000000000000000000e+00
-9.076696165191739940e-01 0.000000000000000000e+00
-9.055309734513273812e-01 0.000000000000000000e+00
-9.033923303834807683e-01 0.000000000000000000e+00
-9.012536873156341555e-01 0.000000000000000000e+00
-8.991150442477875426e-01 0.000000000000000000e+00
-8.969764011799408188e-01 0.000000000000000000e+00
-8.948377581120943169e-01 0.000000000000000000e+00
-8.926991150442478151e-01 0.000000000000000000e+00
-8.905604719764010913e-01 0.000000000000000000e+00
-8.884218289085545894e-01 0.000000000000000000e+00
-8.862831858407078656e-01 0.000000000000000000e+00
-8.841445427728613637e-01 0.000000000000000000e+00
-8.820058997050146399e-01 0.000000000000000000e+00
-8.798672566371681381e-01 0.000000000000000000e+00
-8.777286135693214142e-01 0.000000000000000000e+00
-8.755899705014749124e-01 0.000000000000000000e+00
-8.734513274336281885e-01 0.000000000000000000e+00
-8.713126843657816867e-01 0.000000000000000000e+00
-8.691740412979349628e-01 0.000000000000000000e+00
-8.670353982300884610e-01 0.000000000000000000e+00
-8.648967551622417371e-01 0.000000000000000000e+00
-8.627581120943952353e-01 0.000000000000000000e+00
-8.606194690265485114e-01 0.000000000000000000e+00
-8.584808259587020096e-01 0.000000000000000000e+00
-8.563421828908552857e-01 0.000000000000000000e+00
-8.542035398230087839e-01 0.000000000000000000e+00
-8.520648967551620601e-01 0.000000000000000000e+00
-8.499262536873155582e-01 0.000000000000000000e+00
-8.477876106194690564e-01 0.000000000000000000e+00
-8.456489675516223326e-01 0.000000000000000000e+00
-8.435103244837758307e-01 0.000000000000000000e+00
-8.413716814159291069e-01 0.000000000000000000e+00
-8.392330383480826050e-01 0.000000000000000000e+00
-8.370943952802358812e-01 0.000000000000000000e+00
-8.349557522123893794e-01 0.000000000000000000e+00
-8.328171091445426555e-01 0.000000000000000000e+00
-8.306784660766961537e-01 0.000000000000000000e+00
-8.285398230088494298e-01 0.000000000000000000e+00
-8.264011799410029280e-01 0.000000000000000000e+00
-8.242625368731562041e-01 0.000000000000000000e+00
-8.221238938053097023e-01 0.000000000000000000e+00
-8.199852507374629784e-01 0.000000000000000000e+00
-8.178466076696164766e-01 0.000000000000000000e+00
-8.157079646017697527e-01 0.000000000000000000e+00
-8.135693215339232509e-01 0.000000000000000000e+00
-8.114306784660765270e-01 0.000000000000000000e+00
-8.092920353982300252e-01 0.000000000000000000e+00
-8.071533923303833014e-01 0.000000000000000000e+00
-8.050147492625367995e-01 0.000000000000000000e+00
-8.028761061946902977e-01 0.000000000000000000e+00
-8.007374631268435738e-01 0.000000000000000000e+00
-7.985988200589970720e-01 0.000000000000000000e+00
-7.964601769911503482e-01 0.000000000000000000e+00
-7.943215339233038463e-01 0.000000000000000000e+00
-7.921828908554571225e-01 0.000000000000000000e+00
-7.900442477876106206e-01 0.000000000000000000e+00
-7.879056047197638968e-01 0.000000000000000000e+00
-7.857669616519173950e-01 0.000000000000000000e+00
-7.836283185840706711e-01 0.000000000000000000e+00
-7.814896755162241693e-01 0.000000000000000000e+00
-7.793510324483774454e-01 0.000000000000000000e+00
-7.772123893805309436e-01 0.000000000000000000e+00
-7.750737463126842197e-01 0.000000000000000000e+00
-7.729351032448377179e-01 0.000000000000000000e+00
-7.707964601769909940e-01 0.000000000000000000e+00
-7.686578171091444922e-01 0.000000000000000000e+00
-7.665191740412977683e-01 0.000000000000000000e+00
-7.643805309734512665e-01 0.000000000000000000e+00
-7.622418879056045427e-01 0.000000000000000000e+00
-7.601032448377580408e-01 0.000000000000000000e+00
-7.579646017699115390e-01 0.000000000000000000e+00
-7.558259587020648151e-01 0.000000000000000000e+00
-7.536873156342183133e-01 0.000000000000000000e+00
-7.515486725663715895e-01 0.000000000000000000e+00
-7.494100294985250876e-01 0.000000000000000000e+00
-7.472713864306783638e-01 0.000000000000000000e+00
-7.451327433628318619e-01 0.000000000000000000e+00
-7.429941002949851381e-01 0.000000000000000000e+00
-7.408554572271386363e-01 0.000000000000000000e+00
-7.387168141592919124e-01 0.000000000000000000e+00
-7.365781710914454106e-01 0.000000000000000000e+00
-7.344395280235986867e-01 0.000000000000000000e+00
-7.323008849557521849e-01 0.000000000000000000e+00
-7.301622418879054610e-01 0.000000000000000000e+00
-7.280235988200589592e-01 0.000000000000000000e+00
-7.258849557522122353e-01 0.000000000000000000e+00
-7.237463126843657335e-01 0.000000000000000000e+00
-7.216076696165190096e-01 0.000000000000000000e+00
-7.194690265486725078e-01 0.000000000000000000e+00
-7.173303834808257839e-01 0.000000000000000000e+00
-7.151917404129792821e-01 0.000000000000000000e+00
-7.130530973451327803e-01 0.000000000000000000e+00
-7.109144542772860564e-01 0.000000000000000000e+00
-7.087758112094395546e-01 0.000000000000000000e+00
-7.066371681415928308e-01 0.000000000000000000e+00
-7.044985250737463289e-01 0.000000000000000000e+00
-7.023598820058996051e-01 0.000000000000000000e+00
-7.002212389380531032e-01 0.000000000000000000e+00
-6.980825958702063794e-01 0.000000000000000000e+00
-6.959439528023598776e-01 0.000000000000000000e+00
-6.938053097345131537e-01 0.000000000000000000e+00
-6.916666666666666519e-01 0.000000000000000000e+00
-6.895280235988199280e-01 0.000000000000000000e+00
-6.873893805309734262e-01 0.000000000000000000e+00
-6.852507374631267023e-01 0.000000000000000000e+00
-6.831120943952802005e-01 0.000000000000000000e+00
-6.809734513274334766e-01 0.000000000000000000e+00
-6.788348082595869748e-01 0.000000000000000000e+00
-6.766961651917402509e-01 0.000000000000000000e+00
-6.745575221238937491e-01 0.000000000000000000e+00
-6.724188790560470252e-01 0.000000000000000000e+00
-6.702802359882005234e-01 0.000000000000000000e+00
-6.681415929203540216e-01 0.000000000000000000e+00
-6.660029498525072977e-01 0.000000000000000000e+00
-6.638643067846607959e-01 0.000000000000000000e+00
-6.617256637168140720e-01 0.000000000000000000e+00
-6.595870206489675702e-01 0.000000000000000000e+00
-6.574483775811208464e-01 0.000000000000000000e+00
-6.553097345132743445e-01 0.000000000000000000e+00
-6.531710914454276207e-01 0.000000000000000000e+00
-6.510324483775811188e-01 0.000000000000000000e+00
-6.488938053097343950e-01 0.000000000000000000e+00
-6.467551622418878932e-01 0.000000000000000000e+00
-6.446165191740411693e-01 0.000000000000000000e+00
-6.424778761061946675e-01 0.000000000000000000e+00
-6.403392330383479436e-01 0.000000000000000000e+00
-6.382005899705014418e-01 0.000000000000000000e+00
-6.360619469026547179e-01 0.000000000000000000e+00
-6.339233038348082161e-01 0.000000000000000000e+00
-6.317846607669614922e-01 0.000000000000000000e+00
-6.296460176991149904e-01 0.000000000000000000e+00
-6.275073746312682665e-01 0.000000000000000000e+00
-6.253687315634217647e-01 0.000000000000000000e+00
-6.232300884955750409e-01 0.000000000000000000e+00
-6.210914454277285390e-01 0.000000000000000000e+00
-6.189528023598820372e-01 0.000000000000000000e+00
-6.168141592920353133e-01 0.000000000000000000e+00
-6.146755162241888115e-01 0.000000000000000000e+00
-6.125368731563420877e-01 0.000000000000000000e+00
-6.103982300884955858e-01 0.000000000000000000e+00
-6.082595870206488620e-01 0.000000000000000000e+00
-6.061209439528023601e-01 0.000000000000000000e+00
-6.039823008849556363e-01 0.000000000000000000e+00
-6.018436578171091345e-01 0.000000000000000000e+00
-5.997050147492624106e-01 0.000000000000000000e+00
-5.975663716814159088e-01 0.000000000000000000e+00
-5.954277286135691849e-01 0.000000000000000000e+00
-5.932890855457226831e-01 0.000000000000000000e+00
-5.911504424778759592e-01 0.000000000000000000e+00
-5.890117994100294574e-01 0.000000000000000000e+00
-5.868731563421827335e-01 0.000000000000000000e+00
-5.847345132743362317e-01 0.000000000000000000e+00
-5.825958702064895078e-01 0.000000000000000000e+00
-5.804572271386430060e-01 0.000000000000000000e+00
-5.783185840707962821e-01 0.000000000000000000e+00
-5.761799410029497803e-01 0.000000000000000000e+00
-5.740412979351032785e-01 0.000000000000000000e+00
-5.719026548672565546e-01 0.000000000000000000e+00
-5.697640117994100528e-01 0.000000000000000000e+00
-5.676253687315633290e-01 0.000000000000000000e+00
-5.654867256637168271e-01 0.000000000000000000e+00
-5.633480825958701033e-01 0.000000000000000000e+00
-5.612094395280236014e-01 0.000000000000000000e+00
-5.590707964601768776e-01 0.000000000000000000e+00
-5.569321533923303758e-01 4.182358576387570151e-317
-5.547935103244836519e-01 1.128045368896940491e-308
-5.526548672566371501e-01 1.839889841250357223e-300
-5.505162241887904262e-01 1.838262802915519364e-292
-5.483775811209439244e-01 1.139258100349826201e-284
-5.462389380530972005e-01 4.433481622260202854e-277
-5.441002949852506987e-01 1.096352691053496080e-269
-5.419616519174039748e-01 1.742933506908075247e-262
-5.398230088495574730e-01 1.801568050213324472e-255
-5.376843657817107491e-01 1.224190089062886337e-248
-5.355457227138642473e-01 5.527674101901180331e-242
-5.334070796460175234e-01 1.676021408733678858e-235
-5.312684365781710216e-01 3.447407174127476524e-229
-5.291297935103245198e-01 4.858485461012490646e-223
-5.269911504424777959e-01 4.737114925661616519e-217
-5.248525073746312941e-01 3.225772673474821319e-211
-5.227138643067845702e-01 1.548310420978365024e-205
-5.205752212389380684e-01 5.285456579183377312e-200
-5.184365781710913446e-01 1.294504766302235939e-194
-5.162979351032448427e-01 2.294146747123970423e-189
-5.141592920353981189e-01 2.966474099047348708e-184
-5.120206489675516170e-01 2.821469001491164746e-179
-5.098820058997048932e-01 1.989524669378537825e-174
-5.077433628318583914e-01 1.048091927963500920e-169
-5.056047197640116675e-01 4.156014324272120105e-165
-5.034660766961651657e-01 1.249542434700653612e-160
-5.013274336283184418e-01 2.868858968618716202e-156
-4.991887905604719400e-01 5.064782031962888277e-152
-4.970501474926252161e-01 6.922103700333933495e-148
-4.949115044247787143e-01 7.372229363160590989e-144
-4.927728613569319904e-01 6.157829973740807443e-140
-4.906342182890854886e-01 4.059180345112638290e-136
-4.884955752212387647e-01 2.124590555046641171e-132
-4.863569321533922629e-01 8.882093981712779302e-129
-4.842182890855457611e-01 2.983114434284858711e-125
-4.820796460176990372e-01 8.094425328192279804e-122
-4.799410029498525354e-01 1.784219803903249178e-118
-4.778023598820058115e-01 3.212038309001085361e-115
-4.756637168141593097e-01 4.747309880326434362e-112
-4.735250737463125859e-01 5.789694050290905003e-109
-4.713864306784660840e-01 5.855380713871989239e-106
-4.692477876106193602e-01 4.934481928800627503e-103
-4.671091445427728583e-01 3.481422943956037010e-100
-4.649705014749261345e-01 2.065810861195523710e-97
-4.628318584070796327e-01 1.035575554887868290e-94
-4.606932153392329088e-01 4.404735909927428939e-92
-4.585545722713864070e-01 1.596415457490794663e-89
-4.564159292035396831e-01 4.950556329141701916e-87
-4.542772861356931813e-01 1.318840702140140429e-84
-4.521386430678464574e-01 3.030152383851816483e-82
-4.499999999999999556e-01 6.027405120692672113e-80
-4.478613569321532317e-01 1.041855860901338811e-77
-4.457227138643067299e-01 1.570624757562236040e-75
-4.435840707964600060e-01 2.072338415482549511e-73
-4.414454277286135042e-01 2.401424696316441642e-71
-4.393067846607670024e-01 2.452198721285764770e-69
-4.371681415929202785e-01 2.213817305226953867e-67
-4.350294985250737767e-01 1.772605121071331392e-65
-4.328908554572270528e-01 1.262744759811703860e-63
-4.307522123893805510e-01 8.027258048317610543e-62
-4.286135693215338272e-01 4.567178854151928898e-60
-4.264749262536873253e-01 2.332417221777672764e-58
-4.243362831858406015e-01 1.072156560301574882e-56
-4.221976401179940996e-01 4.448249122946567982e-55
-4.200589970501473758e-01 1.670143361610934801e-53
-4.179203539823008740e-01 5.689543317117919147e-52
-4.157817109144541501e-01 1.763016994870617883e-50
-4.136430678466076483e-01 4.981491120481620431e-49
-4.115044247787609244e-01 1.286550851070887489e-47
-4.093657817109144226e-01 3.044202738439035126e-46
-4.072271386430676987e-01 6.614354942405152486e-45
-4.050884955752211969e-01 1.322609635537696291e-43
-4.029498525073744730e-01 2.439183050095904625e-42
-4.008112094395279712e-01 4.157572518545135780e-41
-3.986725663716812473e-01 6.563096008023058938e-40
-3.965339233038347455e-01 9.614331054781138129e-39
-3.943952802359880216e-01 1.309532908969368462e-37
-3.922566371681415198e-01 1.661593291251388904e-36
-3.901179941002950180e-01 1.967645262977908415e-35
-3.879793510324482941e-01 2.178536419831807938e-34
-3.858407079646017923e-01 2.259128288780146509e-33
-3.837020648967550684e-01 2.197948663267244752e-32
-3.815634218289085666e-01 2.009639870862750010e-31
-3.794247787610618428e-01 1.729608665925743653e-30
-3.772861356932153409e-01 1.403437746927505597e-29
-3.751474926253686171e-01 1.075284183330720388e-28
-3.730088495575221152e-01 7.790944042415764334e-28
-3.708702064896753914e-01 5.345998030902685610e-27
-3.687315634218288896e-01 3.479030311868421412e-26
-3.665929203539821657e-01 2.150211850467776340e-25
-3.644542772861356639e-01 1.263820255656005888e-24
-3.623156342182889400e-01 7.073635594058367705e-24
-3.601769911504424382e-01 3.774947581275604434e-23
-3.580383480825957143e-01 1.923238959085022196e-22
-3.558997050147492125e-01 9.365670481482350271e-22
-3.537610619469024886e-01 4.364589437918733025e-21
-3.516224188790559868e-01 1.948718613198004025e-20
-3.494837758112092629e-01 8.345367275673243972e-20
-3.473451327433627611e-01 3.431698485196207523e-19
-3.452064896755162593e-01 1.356452568023401271e-18
-3.430678466076695354e-01 5.159224428390733632e-18
-3.409292035398230336e-01 1.890119997860837179e-17
-3.387905604719763097e-01 6.676501350467709837e-17
-3.366519174041298079e-01 2.276048389818205398e-16
-3.345132743362830841e-01 7.495396442060766907e-16
-3.323746312684365822e-01 2.386631414292993306e-15
-3.302359882005898584e-01 7.354286298960247910e-15
-3.280973451327433565e-01 2.195012339652607783e-14
-3.259587020648966327e-01 6.350994488877909677e-14
-3.238200589970501309e-01 1.782840288317038834e-13
-3.216814159292034070e-01 4.859565403361991622e-13
-3.195427728613569052e-01 1.287170444127922495e-12
-3.174041297935101813e-01 3.315575279968001112e-12
-3.152654867256636795e-01 8.311663506531000233e-12
-3.131268436578169556e-01 2.029256399417085056e-11
-3.109882005899704538e-01 4.828490416732039537e-11
-3.088495575221237299e-01 1.120492504425666469e-10
-3.067109144542772281e-01 2.537579251238854660e-10
-3.045722713864305042e-01 5.612104940432600540e-10
-3.024336283185840024e-01 1.212837382737807183e-09
-3.002949852507375006e-01 2.562819199992390145e-09
-2.981563421828907767e-01 5.298256716288530890e-09
-2.960176991150442749e-01 1.072264477891237733e-08
-2.938790560471975510e-01 2.125555232464285504e-08
-2.917404129793510492e-01 4.129387666779102735e-08
-2.896017699115043253e-01 7.866411692592617110e-08
-2.874631268436578235e-01 1.470192843283846936e-07
-2.853244837758110997e-01 2.697127459611704277e-07
-2.831858407079645978e-01 4.859317678988837664e-07
-2.810471976401178740e-01 8.602154608244027728e-07
-2.789085545722713722e-01 1.496936231132623597e-06
-2.767699115044246483e-01 2.561911207400325645e-06
-2.746312684365781465e-01 4.314047825148115423e-06
-2.724926253687314226e-01 7.150826601146520223e-06
-2.703539823008849208e-01 1.167248413351122206e-05
-2.682153392330381969e-01 1.877096515785997991e-05
-2.660766961651916951e-01 2.975102868312457760e-05
-2.639380530973449712e-01 4.649226035077462510e-05
-2.617994100294984694e-01 7.166207486107115132e-05
-2.596607669616517455e-01 1.089909745865992195e-04
-2.575221238938052437e-01 1.636222236092277999e-04
-2.553834808259587419e-01 2.425485400614722775e-04
-2.532448377581120180e-01 3.551482316105741529e-04
-2.511061946902655162e-01 5.138322271542060176e-04
-2.489675516224187923e-01 7.348115354134888630e-04
-2.468289085545722905e-01 1.038991663287947963e-03
-2.446902654867255666e-01 1.452996378315309653e-03
-2.425516224188790648e-01 2.010317891062245871e-03
-2.404129793510323410e-01 2.752584135002008898e-03
-2.382743362831858391e-01 3.730926492087999116e-03
-2.361356932153391153e-01 5.007423301758520510e-03
-2.339970501474926134e-01 6.656586136296512198e-03
-2.318584070796458896e-01 8.766847537987317376e-03
-2.297197640117993878e-01 1.144200116040935446e-02
-2.275811209439526639e-01 1.480253853412036302e-02
-2.254424778761061621e-01 1.898682148147878487e-02
-2.233038348082594382e-01 2.415202599765675986e-02
-2.211651917404129364e-01 3.047479258859755319e-02
-2.190265486725662125e-01 3.815151990707137813e-02
-2.168879056047197107e-01 4.739824322630453030e-02
-2.147492625368729868e-01 5.845004686597703170e-02
-2.126106194690264850e-01 7.155997001480263187e-02
-2.104719764011799832e-01 8.699737820332327509e-02
-2.083333333333332593e-01 1.050457875541479374e-01
-2.061946902654867575e-01 1.260001453373330582e-01
-2.040560471976400336e-01 1.501635876534258840e-01
-2.019174041297935318e-01 1.778437125620368764e-01
-1.997787610619468079e-01 2.093484239510722267e-01
-1.976401179941003061e-01 2.449814171949388775e-01
-1.955014749262535823e-01 2.850373915235489553e-01
-1.933628318584070804e-01 3.297970854435320898e-01
-1.912241887905603566e-01 3.795222400558105891e-01
-1.890855457227138547e-01 4.344506003652393589e-01
-1.869469026548671309e-01 4.947910664886759347e-01
-1.848082595870206291e-01 5.607191049934540095e-01
-1.826696165191739052e-01 6.323725255403652712e-01
-1.805309734513274034e-01 7.098477197966279739e-01
-1.783923303834806795e-01 7.931964485764751993e-01
-1.762536873156341777e-01 8.824232498044285444e-01
-1.741150442477874538e-01 9.774835246959832080e-01
-1.719764011799409520e-01 1.078282343072021421e+00
-1.698377581120942281e-01 1.184673991546323579e+00
-1.676991150442477263e-01 1.296462271020445645e+00
-1.655604719764012245e-01 1.413401533031090063e+00
-1.634218289085545006e-01 1.535198428513283586e+00
-1.612831858407079988e-01 1.661514327898999221e+00
-1.591445427728612749e-01 1.791968358519132609e+00
-1.570058997050147731e-01 1.926140994286734021e+00
-1.548672566371680492e-01 2.063578123800920316e+00
-1.527286135693215474e-01 2.203795516422833334e+00
-1.505899705014748235e-01 2.346283601563364574e+00
-1.484513274336283217e-01 2.490512474334459547e+00
-1.463126843657815979e-01 2.635937040740508053e+00
-1.441740412979350960e-01 2.782002217553797507e+00
-1.420353982300883722e-01 2.928148105723241468e+00
-1.398967551622418704e-01 3.073815061364335577e+00
-1.377581120943951465e-01 3.218448594817032049e+00
-1.356194690265486447e-01 3.361504035664546919e+00
-1.334808259587019208e-01 3.502450909717242045e+00
-1.313421828908554190e-01 3.640776982519980276e+00
-1.292035398230086951e-01 3.775991932699737763e+00
-1.270648967551621933e-01 3.907630627207848928e+00
-1.249262536873154694e-01 4.035255979036139529e+00
-1.227876106194689676e-01 4.158461376125393905e+00
-1.206489675516224658e-01 4.276872677803060796e+00
-1.185103244837757419e-01 4.390149782070651874e+00
-1.163716814159292401e-01 4.497987773331224126e+00
-1.142330383480825162e-01 4.600117665648913778e+00
-1.120943952802360144e-01 4.696306761332679436e+00
-1.099557522123892905e-01 4.786358648533957982e+00
-1.078171091445427887e-01 4.870112864648353579e+00
-1.056784660766960648e-01 4.947444254650096518e+00
-1.035398230088495630e-01 5.018262055100827901e+00
-1.014011799410028392e-01 5.082508735520489651e+00
-9.926253687315633734e-02 5.140158629142407953e+00
-9.712389380530961347e-02 5.191216384867430200e+00
-9.498525073746311165e-02 5.235715271549639560e+00
-9.284660766961638778e-02 5.273715364658568383e+00
-9.070796460176988596e-02 5.305301643938870271e+00
-8.856932153392316209e-02 5.330582028993888777e+00
-8.643067846607666027e-02 5.349685377817428034e+00
-8.429203539822993640e-02 5.362759471246449472e+00
-8.215339233038343458e-02 5.369969004159302450e+00
-8.001474926253671072e-02 5.371493602047063831e+00
-7.787610619469020889e-02 5.367525879382561094e+00
-7.573746312684348503e-02 5.358269554037201843e+00
-7.359882005899698321e-02 5.343937629882800522e+00
-7.146017699115048138e-02 5.324750657687205901e+00
-6.932153392330375752e-02 5.300935082490354056e+00
-6.718289085545725570e-02 5.272721683846639529e+00
-6.504424778761053183e-02 5.240344113650999169e+00
-6.290560471976403001e-02 5.204037534737004478e+00
-6.076696165191730614e-02 5.164037362051040247e+00
-5.862831858407080432e-02 5.120578106965228748e+00
-5.648967551622408045e-02 5.073892324195251824e+00
-5.435103244837757863e-02 5.024209659831114116e+00
-5.221238938053085477e-02 4.971755998164517187e+00
-5.007374631268435294e-02 4.916752704301252663e+00
-4.793510324483762908e-02 4.859415958968754445e+00
-4.579646017699112726e-02 4.799956181464709815e+00
-4.365781710914440339e-02 4.738577536328741679e+00
-4.151917404129790157e-02 4.675477519049260344e+00
-3.938053097345117770e-02 4.610846615932099546e+00
-3.724188790560467588e-02 4.544868033146382658e+00
-3.510324483775795201e-02 4.477717489918533467e+00
-3.296460176991145019e-02 4.409563070858770750e+00
-3.082595870206472632e-02 4.340565132466982057e+00
-2.868731563421822450e-02 4.270876258970703887e+00
-2.654867256637172268e-02 4.200641262787573993e+00
-2.441002949852499881e-02 4.129997225074785838e+00
-2.227138643067849699e-02 4.059073572019669562e+00
-2.013274336283177313e-02 3.987992182735573099e+00
-1.799410029498527130e-02 3.916867524850007776e+00
-1.585545722713854744e-02 3.845806814103285287e+00
-1.371681415929204562e-02 3.774910194512169248e+00
-1.157817109144532175e-02 3.704270935891118999e+00
-9.439528023598819928e-03 3.633975645761028606e+00
-7.300884955752096062e-03 3.564104492908041877e+00
-5.162241887905594240e-03 3.494731440084636542e+00
-3.023598820058870373e-03 3.425924483565133460e+00
-8.849557522123685516e-04 3.357745897481918540e+00
1.253687315634355315e-03 3.290251342593517148e+00
3.392330383480857137e-03 3.223473907770419089e+00
5.530973451327581003e-03 3.157430330200380997e+00
7.669616519174082825e-03 3.092135881825178956e+00
9.808259587020806691e-03 3.027604797755222066e+00
1.194690265486730851e-02 2.963850293236308886e+00
1.408554572271403238e-02 2.900884581456523836e+00
1.622418879056053420e-02 2.838718892132054084e+00
1.836283185840703602e-02 2.777363490812687186e+00
2.050147492625375989e-02 2.716827698847534833e+00
2.264011799410026171e-02 2.657119913953578383e+00
2.477876106194698558e-02 2.598247631329585694e+00
2.691740412979348740e-02 2.540217465260295349e+00
2.905604719764021127e-02 2.483035171155826504e+00
3.119469026548671309e-02 2.426705667973740432e+00
3.333333333333343695e-02 2.371233060971525752e+00
3.547197640117993878e-02 2.316620664739409641e+00
3.761061946902666264e-02 2.262871026464761126e+00
3.974926253687316446e-02 2.209985949380576464e+00
4.188790560471988833e-02 2.157966516352531006e+00
4.402654867256639015e-02 2.106813113560529693e+00
4.616519174041311402e-02 2.056525454232156491e+00
4.830383480825961584e-02 2.007102602387554668e+00
5.044247787610633971e-02 1.958542996556324578e+00
5.258112094395284153e-02 1.910844473429485824e+00
5.471976401179956540e-02 1.864004291410427783e+00
5.685840707964606722e-02 1.818019154031293105e+00
5.899705014749279108e-02 1.772885233202293520e+00
6.113569321533929291e-02 1.728598192263573141e+00
6.327433628318579473e-02 1.685153208810777015e+00
6.541297935103251859e-02 1.642544997267176399e+00
6.755162241887902042e-02 1.600767831176878708e+00
6.969026548672574428e-02 1.559815565195262321e+00
7.182890855457224610e-02 1.519681656754545251e+00
7.396755162241896997e-02 1.480359187383659458e+00
7.610619469026547179e-02 1.441840883663629391e+00
7.824483775811219566e-02 1.404119137800764028e+00
8.038348082595869748e-02 1.367186027801741144e+00
8.252212389380542135e-02 1.331033337235969283e+00
8.466076696165192317e-02 1.295652574572169202e+00
8.679941002949864703e-02 1.261034992077331163e+00
8.893805309734514886e-02 1.227171604267822458e+00
9.107669616519187272e-02 1.194053205903335302e+00
9.321533923303837454e-02 1.161670389516040069e+00
9.535398230088509841e-02 1.130013562468173971e+00
9.749262536873160023e-02 1.099072963532720992e+00
9.963126843657832410e-02 1.068838678992767743e+00
1.017699115044248259e-01 1.039300658256395060e+00
1.039085545722713277e-01 1.010448728984745692e+00
1.060471976401182737e-01 9.822726117321822770e-01
1.081858407079647755e-01 9.547619340981746694e-01
1.103244837758112773e-01 9.279062443914788405e-01
1.124631268436577791e-01 9.016950248081441188e-01
1.146017699115042809e-01 8.761177041255705511e-01
1.167404129793512269e-01 8.511636699155703534e-01
1.188790560471977287e-01 8.268222802802612792e-01
1.210176991150442305e-01 8.030828751150596023e-01
1.231563421828907323e-01 7.799347869038950609e-01
1.252949852507376782e-01 7.573673510521857777e-01
1.274336283185841801e-01 7.353699157637378914e-01
1.295722713864306819e-01 7.139318514682038153e-01
1.317109144542771837e-01 6.930425598061961123e-01
1.338495575221241296e-01 6.726914821796136090e-01
1.359882005899706314e-01 6.528681078750916411e-01
1.381268436578171332e-01 6.335619817687836441e-01
1.402654867256636351e-01 6.147627116211331622e-01
1.424041297935105810e-01 5.964599749704788678e-01
1.445427728613570828e-01 5.786435256345656697e-01
1.466814159292035846e-01 5.613031998293132041e-01
1.488200589970500864e-01 5.444289219143922942e-01
1.509587020648970324e-01 5.280107097752194667e-01
1.530973451327435342e-01 5.120386798512502891e-01
1.552359882005900360e-01 4.965030518203745746e-01
1.573746312684365378e-01 4.813941529495361915e-01
1.595132743362830396e-01 4.667024221214962076e-01
1.616519174041299856e-01 4.524184135479081270e-01
1.637905604719764874e-01 4.385328001787321961e-01
1.659292035398229892e-01 4.250363768180731583e-01
1.680678466076694910e-01 4.119200629565392124e-01
1.702064896755164369e-01 3.991749053300407413e-01
1.723451327433629388e-01 3.867920802150565107e-01
1.744837758112094406e-01 3.747628954701223702e-01
1.766224188790559424e-01 3.630787923334148903e-01
1.787610619469028883e-01 3.517313469859820740e-01
1.808997050147493901e-01 3.407122718902513281e-01
1.830383480825958920e-01 3.300134169131160311e-01
1.851769911504423938e-01 3.196267702429546609e-01
1.873156342182893397e-01 3.095444591096118692e-01
1.894542772861358415e-01 2.997587503163541278e-01
1.915929203539823433e-01 2.902620505924947691e-01
1.937315634218288452e-01 2.810469067753658123e-01
1.958702064896757911e-01 2.721060058299982765e-01
1.980088495575222929e-01 2.634321747147657655e-01
2.001474926253687947e-01 2.550183801009897611e-01
2.022861356932152965e-01 2.468577279543839598e-01
2.044247787610617983e-01 2.389434629859486237e-01
2.065634218289087443e-01 2.312689679797223508e-01
2.087020648967552461e-01 2.238277630046768552e-01
2.108407079646017479e-01 2.166135045176811880e-01
2.129793510324482497e-01 2.096199843644353522e-01
2.151179941002951956e-01 2.028411286848923190e-01
2.172566371681416975e-01 1.962709967296063784e-01
2.193952802359881993e-01 1.899037795931487194e-01
2.215339233038347011e-01 1.837337988705869674e-01
2.236725663716816470e-01 1.777555052427656490e-01
2.258112094395281488e-01 1.719634769959654530e-01
2.279498525073746507e-01 1.663524184812608109e-01
2.300884955752211525e-01 1.609171585187509912e-01
2.322271386430680984e-01 1.556526487516016188e-01
2.343657817109146002e-01 1.505539619546480690e-01
2.365044247787611020e-01 1.456162903021070987e-01
2.386430678466076039e-01 1.408349435987856224e-01
2.407817109144545498e-01 1.362053474789433338e-01
2.429203539823010516e-01 1.317230415768184948e-01
2.450589970501475534e-01 1.273836776726125497e-01
2.471976401179940552e-01 1.231830178175932627e-01
2.493362831858405571e-01 1.191169324417644115e-01
2.514749262536875030e-01 1.151813984474059360e-01
2.536135693215340048e-01 1.113724972916138312e-01
2.557522123893805066e-01 1.076864130608123360e-01
2.578908554572270084e-01 1.041194305400556935e-01
2.600294985250739543e-01 1.006679332797813520e-01
2.621681415929204562e-01 9.732840166254080883e-02
2.643067846607669580e-01 9.409741097206636429e-02
2.664454277286134598e-01 9.097162946692856356e-02
2.685840707964604057e-01 8.794781646087736215e-02
2.707227138643069075e-01 8.502282041184237860e-02
2.728613569321534094e-01 8.219357702143804956e-02
2.749999999999999112e-01 7.945710734670802244e-02
2.771386430678468571e-01 7.681051592571111475e-02
2.792772861356933589e-01 7.425098891845501037e-02
2.814159292035398607e-01 7.177579226456330674e-02
2.835545722713863626e-01 6.938226985896527033e-02
2.856932153392333085e-01 6.706784174679630839e-02
2.878318584070798103e-01 6.483000233859900763e-02
2.899705014749263121e-01 6.266631864682334352e-02
2.921091445427728139e-01 6.057442854454352793e-02
2.942477876106193158e-01 5.855203904721285879e-02
2.963864306784662617e-01 5.659692461820749892e-02
2.985250737463127635e-01 5.470692549883188205e-02
3.006637168141592653e-01 5.287994606337791115e-02
3.028023598820057671e-01 5.111395319977328489e-02
3.049410029498527130e-01 4.940697471627432391e-02
3.070796460176992149e-01 4.775709777460862560e-02
3.092182890855457167e-01 4.616246734990032963e-02
3.113569321533922185e-01 4.462128471766355076e-02
3.134955752212391644e-01 4.313180596809713246e-02
3.156342182890856662e-01 4.169234054785007915e-02
3.177728613569321681e-01 4.030124982939424505e-02
3.199115044247786699e-01 3.895694570808791446e-02
3.220501474926256158e-01 3.765788922697239222e-02
3.241887905604721176e-01 3.640258922930421359e-02
3.263274336283186194e-01 3.518960103878686352e-02
3.284660766961651213e-01 3.401752516743492688e-02
3.306047197640120672e-01 3.288500605096329049e-02
3.327433628318585690e-01 3.179073081157337416e-02
3.348820058997050708e-01 3.073342804796607569e-02
3.370206489675515726e-01 2.971186665240087288e-02
3.391592920353980745e-01 2.872485465458224016e-02
3.412979351032450204e-01 2.777123809213834227e-02
3.434365781710915222e-01 2.684989990743632399e-02
3.455752212389380240e-01 2.595975887045356284e-02
3.477138643067845258e-01 2.509976852741657022e-02
3.498525073746314717e-01 2.426891617489075614e-02
3.519911504424779736e-01 2.346622185900178875e-02
3.541297935103244754e-01 2.269073739944485121e-02
3.562684365781709772e-01 2.194154543793657222e-02
3.584070796460179231e-01 2.121775851074480038e-02
3.605457227138644249e-01 2.051851814492965456e-02
3.626843657817109268e-01 1.984299397791292052e-02
3.648230088495574286e-01 1.919038289999497673e-02
3.669616519174043745e-01 1.855990821942250096e-02
3.691002949852508763e-01 1.795081884961504531e-02
3.712389380530973781e-01 1.736238851814373915e-02
3.733775811209438800e-01 1.679391499706162083e-02
3.755162241887908259e-01 1.624471935417582183e-02
3.776548672566373277e-01 1.571414522485380799e-02
3.797935103244838295e-01 1.520155810395157521e-02
3.819321533923303313e-01 1.470634465745453666e-02
3.840707964601768332e-01 1.422791205342013345e-02
3.862094395280237791e-01 1.376568731181171748e-02
3.883480825958702809e-01 1.331911667281527288e-02
3.904867256637167827e-01 1.288766498323271580e-02
3.926253687315632845e-01 1.247081510054640595e-02
3.947640117994102305e-01 1.206806731425398224e-02
3.969026548672567323e-01 1.167893878407449959e-02
3.990412979351032341e-01 1.130296299462978105e-02
4.011799410029497359e-01 1.093968922621161959e-02
4.033185840707966818e-01 1.058868204124548476e-02
4.054572271386431837e-01 1.024952078606998669e-02
4.075958702064896855e-01 9.921799107652087141e-03
4.097345132743361873e-01 9.605124484866557968e-03
4.118731563421831332e-01 9.299117773970501377e-03
4.140117994100296350e-01 9.003412767911818035e-03
4.161504424778761368e-01 8.717655769111603767e-03
4.182890855457226387e-01 8.441505175372693986e-03
4.204277286135695846e-01 8.174631078565282663e-03
4.225663716814160864e-01 7.916714875752111497e-03
4.247050147492625882e-01 7.667448892417311375e-03
4.268436578171090900e-01 7.426536017473074278e-03
4.289823008849555919e-01 7.193689349720966235e-03
4.311209439528025378e-01 6.968631855452649994e-03
4.332595870206490396e-01 6.751096036881473403e-03
4.353982300884955414e-01 6.540823611100500361e-03
4.375368731563420432e-01 6.337565199271195764e-03
4.396755162241889892e-01 6.141080025751712544e-03
4.418141592920354910e-01 5.951135626880502995e-03
4.439528023598819928e-01 5.767507569136887634e-03
4.460914454277284946e-01 5.589979176407044482e-03
4.482300884955754405e-01 5.418341266089108342e-03
4.503687315634219424e-01 5.252391893778617440e-03
4.525073746312684442e-01 5.091936106279326517e-03
4.546460176991149460e-01 4.936785702693572558e-03
4.567846607669618919e-01 4.786759003348895619e-03
4.589233038348083937e-01 4.641680626326966444e-03
4.610619469026548956e-01 4.501381271363296896e-03
4.632005899705013974e-01 4.365697510895092705e-03
4.653392330383483433e-01 4.234471588037981224e-03
4.674778761061948451e-01 4.107551221279585017e-03
4.696165191740413469e-01 3.984789415681593179e-03
4.717551622418878488e-01 3.866044280390134626e-03
4.738938053097343506e-01 3.751178852256526614e-03
4.760324483775812965e-01 3.640060925377950566e-03
4.781710914454277983e-01 3.532562886372344821e-03
4.803097345132743001e-01 3.428561555205767320e-03
4.824483775811208019e-01 3.327938031396821678e-03
4.845870206489677479e-01 3.230577545427430752e-03
4.867256637168142497e-01 3.136369315192844877e-03
4.888643067846607515e-01 3.045206407329861201e-03
4.910029498525072533e-01 2.956985603266660666e-03
4.931415929203541992e-01 2.871607269840815903e-03
4.952802359882007011e-01 2.788975234338473934e-03
4.974188790560472029e-01 2.708996663810173469e-03
4.995575221238937047e-01 2.631581948524357607e-03
5.016961651917406506e-01 2.556644589422733121e-03
5.038348082595871524e-01 2.484101089446439682e-03
5.059734513274336543e-01 2.413870848605198949e-03
5.081120943952801561e-01 2.345876062666254341e-03
5.102507374631271020e-01 2.280041625342707750e-03
5.123893805309736038e-01 2.216295033865444374e-03
5.145280235988201056e-01 2.154566297825581157e-03
5.166666666666666075e-01 2.094787851178495173e-03
5.188053097345131093e-01 2.036894467303449439e-03
5.209439528023600552e-01 1.980823177016031653e-03
5.230825958702065570e-01 1.926513189434504248e-03
5.252212389380530588e-01 1.873905815603291863e-03
5.273598820058995607e-01 1.822944394780772045e-03
5.294985250737465066e-01 1.773574223300786699e-03
5.316371681415930084e-01 1.725742485920718104e-03
5.337758112094395102e-01 1.679398189571281765e-03
5.359144542772860120e-01 1.634492099426274915e-03
5.380530973451329579e-01 1.590976677212967367e-03
5.401917404129794598e-01 1.548806021686315731e-03
5.423303834808259616e-01 1.507935811192910114e-03
5.444690265486724634e-01 1.468323248252749198e-03
5.466076696165194093e-01 1.429927006089354389e-03
5.487463126843659111e-01 1.392707177041205453e-03
5.508849557522124130e-01 1.356625222789110052e-03
5.530235988200589148e-01 1.321643926337160574e-03
5.551622418879058607e-01 1.287727345686105838e-03
5.573008849557523625e-01 1.254840769140655368e-03
5.594395280235988643e-01 1.222950672193665956e-03
5.615781710914453662e-01 1.192024675932648473e-03
5.637168141592918680e-01 1.162031506915194717e-03
5.658554572271388139e-01 1.132940958462229320e-03
5.679941002949853157e-01 1.104723853319588330e-03
5.701327433628318175e-01 1.077352007639804975e-03
5.722713864306783194e-01 1.050798196238115307e-03
5.744100294985252653e-01 1.025036119077806429e-03
5.765486725663717671e-01 1.000040368941869243e-03
5.786873156342182689e-01 9.757864002491103018e-04
5.808259587020647707e-01 9.522504989745501263e-04
5.829646017699117166e-01 9.294097536352658112e-04
5.851032448377582185e-01 9.072420273039176431e-04
5.872418879056047203e-01 8.857259306139242134e-04
5.893805309734512221e-01 8.648407957210704896e-04
5.915191740412981680e-01 8.445666511878951012e-04
5.936578171091446698e-01 8.248841977581223900e-04
5.957964601769911717e-01 8.057747849896031460e-04
5.979351032448376735e-01 7.872203887154865989e-04
6.000737463126846194e-01 7.692035893040893467e-04
6.022123893805311212e-01 7.517075506893039494e-04
6.043510324483776230e-01 7.347160001440018393e-04
6.064896755162241249e-01 7.182132087702482572e-04
6.086283185840710708e-01 7.021839726806900026e-04
6.107669616519175726e-01 6.866135948466460959e-04
6.129056047197640744e-01 6.714878675891617710e-04
6.150442477876105762e-01 6.567930556901356879e-04
6.171828908554570781e-01 6.425158801014225910e-04
6.193215339233040240e-01 6.286435022306966110e-04
6.214601769911505258e-01 6.151635087834792740e-04
6.235988200589970276e-01 6.020638971414852452e-04
6.257374631268435294e-01 5.893330612582456992e-04
6.278761061946904753e-01 5.769597780535135880e-04
6.300147492625369772e-01 5.649331942886849601e-04
6.321533923303834790e-01 5.532428139061030094e-04
6.342920353982299808e-01 5.418784858156396479e-04
6.364306784660769267e-01 5.308303921126918557e-04
6.385693215339234285e-01 5.200890367121160408e-04
6.407079646017699304e-01 5.096452343833374763e-04
6.428466076696164322e-01 4.994901001722407315e-04
6.449852507374633781e-01 4.896150391961494666e-04
6.471238938053098799e-01 4.800117367985123613e-04
6.492625368731563817e-01 4.706721490504610968e-04
6.514011799410028836e-01 4.615884935869270537e-04
6.535398230088498295e-01 4.527532407653807431e-04
6.556784660766963313e-01 4.441591051356253718e-04
6.578171091445428331e-01 4.357990372096340347e-04
6.599557522123893349e-01 4.276662155207286453e-04
6.620943952802358368e-01 4.197540389617488593e-04
6.642330383480827827e-01 4.120561193923660565e-04
6.663716814159292845e-01 4.045662745058320486e-04
6.685103244837757863e-01 3.972785209460933244e-04
6.706489675516222881e-01 3.901870676662306473e-04
6.727876106194692341e-01 3.832863095197144810e-04
6.749262536873157359e-01 3.765708210762167365e-04
6.770648967551622377e-01 3.700353506539506496e-04
6.792035398230087395e-01 3.636748145609034030e-04
6.813421828908556854e-01 3.574842915375560132e-04
6.834808259587021873e-01 3.514590173939082375e-04
6.856194690265486891e-01 3.455943798339730427e-04
6.877581120943951909e-01 3.398859134610897575e-04
6.898967551622421368e-01 3.343292949576615026e-04
6.920353982300886386e-01 3.289203384331600383e-04
6.941740412979351404e-01 3.236549909344747637e-04
6.963126843657816423e-01 3.185293281128320016e-04
6.984513274336285882e-01 3.135395500418728288e-04
7.005899705014750900e-01 3.086819771814397094e-04
7.027286135693215918e-01 3.039530464820448113e-04
7.048672566371680936e-01 2.993493076250864520e-04
7.070058997050145955e-01 2.948674193939868592e-04
7.091445427728615414e-01 2.905041461717273597e-04
7.112831858407080432e-01 2.862563545603494827e-04
7.134218289085545450e-01 2.821210101181394854e-04
7.155604719764010468e-01 2.780951742104532595e-04
7.176991150442479928e-01 2.741760009701422595e-04
7.198377581120944946e-01 2.703607343638850030e-04
7.219764011799409964e-01 2.666467053606164268e-04
7.241150442477874982e-01 2.630313291986745555e-04
7.262536873156344441e-01 2.595121027481128522e-04
7.283923303834809460e-01 2.560866019650178045e-04
7.305309734513274478e-01 2.527524794345778892e-04
7.326696165191739496e-01 2.495074619999043653e-04
7.348082595870208955e-01 2.463493484736920501e-04
7.369469026548673973e-01 2.432760074298282978e-04
7.390855457227138992e-01 2.402853750722833929e-04
7.412241887905604010e-01 2.373754531786489682e-04
7.433628318584073469e-01 2.345443071157733196e-04
7.455014749262538487e-01 2.317900639251095922e-04
7.476401179941003505e-01 2.291109104753865787e-04
7.497787610619468524e-01 2.265050916803753147e-04
7.519174041297933542e-01 2.239709087795882698e-04
7.540560471976403001e-01 2.215067176797894880e-04
7.561946902654868019e-01 2.191109273553383345e-04
7.583333333333333037e-01 2.167819983053954457e-04
7.604719764011798055e-01 2.145184410661853873e-04
7.626106194690267515e-01 2.123188147764337903e-04
7.647492625368732533e-01 2.101817257943528264e-04
7.668879056047197551e-01 2.081058263644340080e-04
7.690265486725662569e-01 2.060898133325049812e-04
7.711651917404132028e-01 2.041324269074822550e-04
7.733038348082597047e-01 2.022324494683676332e-04
7.754424778761062065e-01 2.003887044150545727e-04
7.775811209439527083e-01 1.986000550615806231e-04
7.797197640117996542e-01 1.968654035705275887e-04
7.818584070796461560e-01 1.951836899272979412e-04
7.839970501474926579e-01 1.935538909530620409e-04
7.861356932153391597e-01 1.919750193552349619e-04
7.882743362831861056e-01 1.904461228143225265e-04
7.904129793510326074e-01 1.889662831061326325e-04
7.925516224188791092e-01 1.875346152582549851e-04
7.946902654867256111e-01 1.861502667399171532e-04
7.968289085545721129e-01 1.848124166841788249e-04
7.989675516224190588e-01 1.835202751416295909e-04
8.011061946902655606e-01 1.822730823647287471e-04
8.032448377581120624e-01 1.810701081219118951e-04
8.053834808259585643e-01 1.799106510407387385e-04
8.075221238938055102e-01 1.787940379793068158e-04
8.096607669616520120e-01 1.777196234251748842e-04
8.117994100294985138e-01 1.766867889211974488e-04
8.139380530973450156e-01 1.756949425175427743e-04
8.160766961651919615e-01 1.747435182493268255e-04
8.182153392330384634e-01 1.738319756392321333e-04
8.203539823008849652e-01 1.729597992246120644e-04
8.224926253687314670e-01 1.721264981084959765e-04
8.246312684365784129e-01 1.713316055340363415e-04
8.267699115044249147e-01 1.705746784819268610e-04
8.289085545722714166e-01 1.698552972903210018e-04
8.310471976401179184e-01 1.691730652968760347e-04
8.331858407079648643e-01 1.685276085025095509e-04
8.353244837758113661e-01 1.679185752565169284e-04
8.374631268436578679e-01 1.673456359627248694e-04
8.396017699115043698e-01 1.668084828063474793e-04
8.417404129793508716e-01 1.663068295012978533e-04
8.438790560471978175e-01 1.658404110576592900e-04
8.460176991150443193e-01 1.654089835691047693e-04
8.481563421828908211e-01 1.650123240200571215e-04
8.502949852507373230e-01 1.646502301123843788e-04
8.524336283185842689e-01 1.643225201114971142e-04
8.545722713864307707e-01 1.640290327116855444e-04
8.567109144542772725e-01 1.637696269205933975e-04
8.588495575221237743e-01 1.635441819627366856e-04
8.609882005899707202e-01 1.633525972020192997e-04
8.631268436578172221e-01 1.631947920831512352e-04
8.652654867256637239e-01 1.630707060920286459e-04
8.674041297935102257e-01 1.629802987349876628e-04
8.695427728613571716e-01 1.629235495370585029e-04
8.716814159292036734e-01 1.629004580591871811e-04
8.738200589970501753e-01 1.629110439345467416e-04
8.759587020648966771e-01 1.629553469240459154e-04
8.780973451327436230e-01 1.630334269911289059e-04
8.802359882005901248e-01 1.631453643960341100e-04
8.823746312684366266e-01 1.632912598096910466e-04
8.845132743362831285e-01 1.634712344474640948e-04
8.866519174041296303e-01 1.636854302229326667e-04
8.887905604719765762e-01 1.639340099220211780e-04
8.909292035398230780e-01 1.642171573977050075e-04
8.930678466076695798e-01 1.645350777856420727e-04
8.952064896755160817e-01 1.648879977410356332e-04
8.973451327433630276e-01 1.652761656971318046e-04
8.994837758112095294e-01 1.656998521456927952e-04
9.016224188790560312e-01 1.661593499399406648e-04
9.037610619469025330e-01 1.666549746203630324e-04
9.058997050147494789e-01 1.671870647639250819e-04
9.080383480825959808e-01 1.677559823571610122e-04
9.101769911504424826e-01 1.683621131937360126e-04
9.123156342182889844e-01 1.690058672970731475e-04
9.144542772861359303e-01 1.696876793686195645e-04
9.165929203539824321e-01 1.704080092624887647e-04
9.187315634218289340e-01 1.711673424871279416e-04
9.208702064896754358e-01 1.719661907347733664e-04
9.230088495575223817e-01 1.728050924394708963e-04
9.251474926253688835e-01 1.736846133644877940e-04
9.272861356932153853e-01 1.746053472200030069e-04
9.294247787610618872e-01 1.755679163119322364e-04
9.315634218289083890e-01 1.765729722229366001e-04
9.337020648967553349e-01 1.776211965265647827e-04
9.358407079646018367e-01 1.787133015355702164e-04
9.379793510324483385e-01 1.798500310856285180e-04
9.401179941002948404e-01 1.810321613554550363e-04
9.422566371681417863e-01 1.822605017247280951e-04
9.443952802359882881e-01 1.835358956709550165e-04
9.465339233038347899e-01 1.848592217067353001e-04
9.486725663716812917e-01 1.862313943587538226e-04
9.508112094395282377e-01 1.876533651900354389e-04
9.529498525073747395e-01 1.891261238669972983e-04
9.550884955752212413e-01 1.906506992728808098e-04
9.572271386430677431e-01 1.922281606693246499e-04
9.593657817109146890e-01 1.938596189078068961e-04
9.615044247787611909e-01 1.955462276928122240e-04
9.636430678466076927e-01 1.972891848987003420e-04
9.657817109144541945e-01 1.990897339422787284e-04
9.679203539823011404e-01 2.009491652132013180e-04
9.700589970501476422e-01 2.028688175644534570e-04
9.721976401179941440e-01 2.048500798651869655e-04
9.743362831858406459e-01 2.068943926184045048e-04
9.764749262536871477e-01 2.090032496459672332e-04
9.786135693215340936e-01 2.111781998436353905e-04
9.807522123893805954e-01 2.134208490088704768e-04
9.828908554572270972e-01 2.157328617443594920e-04
9.850294985250735991e-01 2.181159634402389730e-04
9.871681415929205450e-01 2.205719423382225628e-04
9.893067846607670468e-01 2.231026516809605576e-04
9.914454277286135486e-01 2.257100119500513600e-04
9.935840707964600504e-01 2.283960131963946470e-04
9.957227138643069964e-01 2.311627174666111128e-04
9.978613569321534982e-01 2.340122613295379469e-04
1.000000000000000000e+00 2.369468585069478550e-04
