0.000000000000000000e+00
1.206529761773108417e-02
1.091701273393212192e-02
9.664670532260803346e-03
1.070084233855943256e-02
1.188241601327444212e-02
1.306339419129974068e-02
9.515912965825086209e-03
1.127220791183003445e-02
1.266410118603981776e-02
1.288685609403479593e-02
1.067017107719645842e-02
1.396796073909289775e-02
1.286092139252837524e-02
1.218211564650865421e-02
1.416578941955771304e-02
1.438003612552758020e-02
1.373132058458774625e-02
1.395118934193315292e-02
1.438447843105765400e-02
1.467271040604012887e-02
1.511951964593596411e-02
1.339325946945508355e-02
1.154538198699253497e-02
1.194407411604222168e-02
1.536380446816213406e-02
1.603753055698618410e-02
1.600586388917617578e-02
1.423874796212437795e-02
1.301205690655019703e-02
1.373735572301181679e-02
1.399148511514430003e-02
1.443280524739432719e-02
1.500351204895440139e-02
1.400132629406005032e-02
1.420994383152104912e-02
1.479025826107738424e-02
1.468257268130108290e-02
1.299119139700941582e-02
1.442140844237297694e-02
1.381429512146534894e-02
1.344790505016224547e-02
1.123771977227090886e-02
9.909334441206120794e-03
1.052969591478646050e-02
9.461807624723435339e-03
1.109030190869472222e-02
1.322593250747789405e-02
1.221804203271196869e-02
1.204995147662399173e-02
1.211587750147262270e-02
1.272131521453079804e-02
1.559716154546249983e-02
1.550530677745518005e-02
1.339204196878438120e-02
1.347675824642922092e-02
1.396172863645102520e-02
1.425225938026884048e-02
1.421946542862257377e-02
1.309955961535886303e-02
1.254387567472461940e-02
1.308036208401582891e-02
1.387920653227469291e-02
1.369791168672421927e-02
1.483349198163464409e-02
1.443224431045109918e-02
1.343806082653973590e-02
1.396540432731248511e-02
1.371168586313313738e-02
1.356945709827082729e-02
1.349340509585239718e-02
1.388896459815462496e-02
1.369604098145139025e-02
1.292842708238529405e-02
1.240290148850473756e-02
1.410667819518532373e-02
1.449020685391269429e-02
1.299200839310580245e-02
1.333444849711754900e-02
1.357351467251505760e-02
1.370103468032833616e-02
1.300237948313538554e-02
1.422428564152207302e-02
1.447954973331284055e-02
1.534662992779285001e-02
1.428435484498856954e-02
1.412877247971888912e-02
1.424654971646108041e-02
1.235522816857145302e-02
1.256712168069666451e-02
1.288057488325088269e-02
1.366562236902478696e-02
1.346343294058039569e-02
1.382745121927851477e-02
1.324155058093058786e-02
1.419078852508542238e-02
1.382405494436748407e-02
1.262579764220481994e-02
1.309329398614664415e-02
1.408045374396516523e-02
1.513937424001509345e-02
1.430966326486159644e-02
1.474109258664498510e-02
1.360131495512580113e-02
1.476186385951082196e-02
1.498737528070555325e-02
1.360308202968073255e-02
1.483009752617032995e-02
1.486698641937456676e-02
1.451973258673544716e-02
1.518170840812127498e-02
1.489922490195181963e-02
1.625352531335251191e-02
1.736090099037593953e-02
1.748345299147057233e-02
1.786479806877715182e-02
1.778067884496375289e-02
1.708759873718392400e-02
1.614074297689481116e-02
1.571896431711338957e-02
1.545263771880237523e-02
1.555229394795525077e-02
1.459673353037369524e-02
1.302699442013286434e-02
1.377942219089554020e-02
1.501786625701263117e-02
1.517243180042779360e-02
1.379502114850196005e-02
1.378355556077298129e-02
1.528648454268910321e-02
1.581476233264265951e-02
1.557203838451934330e-02
1.566410935518099123e-02
1.580894656336692336e-02
1.579033135574725924e-02
1.592835305977641572e-02
1.469269759384263414e-02
1.530757362395420568e-02
1.506446007227718598e-02
1.520404141589335421e-02
1.500963343006087025e-02
1.392464559115264705e-02
1.386376837828152270e-02
1.356506993374072441e-02
1.387805596507592741e-02
1.446051348540787658e-02
1.340595865710169504e-02
1.378890634892970812e-02
1.274989872382270399e-02
1.391454389021579661e-02
1.373405080863821133e-02
1.311731258519587169e-02
1.359088837673778916e-02
1.335670731643793380e-02
1.460097479281789561e-02
1.474007632703182823e-02
1.470102992595322990e-02
1.565489564693155547e-02
1.599992419440851923e-02
1.637834993067785114e-02
1.692517917657920465e-02
1.600746606884057704e-02
1.558496826830034661e-02
1.540900757028169227e-02
1.461961488259694991e-02
1.509131337718413318e-02
1.452971813988624371e-02
1.440082576137942556e-02
1.375559128122779730e-02
1.391000763424646292e-02
1.287298205291920704e-02
1.203320060093488429e-02
1.374578968255290440e-02
1.325353562202215979e-02
1.246953062694136465e-02
1.228796033162912228e-02
1.116775995717819540e-02
1.139399248630185331e-02
1.103034602149847998e-02
1.239925196939757439e-02
1.294285626811896885e-02
1.301660166400404189e-02
1.396810269517953333e-02
1.370566891471101424e-02
1.319388849302167814e-02
1.365754283105225647e-02
1.359044090541541676e-02
1.379009465567960536e-02
1.305561773540989297e-02
1.277512639404317779e-02
1.237399183575525925e-02
1.215282297405327096e-02
1.258731724447320101e-02
1.328010768697266732e-02
1.312802942566704441e-02
1.364510642146349838e-02
1.263736524062638276e-02
1.266500671858022259e-02
1.266546534103845344e-02
1.214897425617687821e-02
1.179530085750384906e-02
1.207038261361669494e-02
1.239927289139696083e-02
1.231594661240689205e-02
1.345369003566190998e-02
1.338826008397347132e-02
1.436802719636503557e-02
1.393647854884197575e-02
1.442512522043519659e-02
1.504785518609633339e-02
1.391240060520771045e-02
1.380915412036305689e-02
1.321188516912359667e-02
1.287991108907687171e-02
1.227700848087600466e-02
1.107144631825645632e-02
1.040988002429352882e-02
1.026425455716973613e-02
1.192554730567829679e-02
1.094613628440494098e-02
1.082508569044947182e-02
1.044613810334179237e-02
9.966119855238229908e-03
1.036270373792576478e-02
1.087158809275530491e-02
1.130498611895756900e-02
1.230436058235030196e-02
1.254004116862213712e-02
1.235009069018462406e-02
1.191143305705483040e-02
1.159233779907374411e-02
1.193710787045448862e-02
1.169388164920615730e-02
1.299676080451285347e-02
1.208750030016975119e-02
1.126666323948609383e-02
1.098280924374389449e-02
1.067783808701037312e-02
9.689312661164366583e-03
1.065587151887464196e-02
1.037974442931583613e-02
1.064308188854427677e-02
1.137704135537732919e-02
1.020184833647396101e-02
1.068433933806191109e-02
1.222778539796181597e-02
1.162564665073218678e-02
1.229932812781867058e-02
1.285586941758516157e-02
1.312644929452663235e-02
