-1.899999999999999911e+00 0.000000000000000000e+00
-1.897861356932153409e+00 0.000000000000000000e+00
-1.895722713864306685e+00 0.000000000000000000e+00
-1.893584070796460184e+00 0.000000000000000000e+00
-1.891445427728613460e+00 0.000000000000000000e+00
-1.889306784660766958e+00 0.000000000000000000e+00
-1.887168141592920234e+00 0.000000000000000000e+00
-1.885029498525073732e+00 0.000000000000000000e+00
-1.882890855457227008e+00 0.000000000000000000e+00
-1.880752212389380507e+00 0.000000000000000000e+00
-1.878613569321533783e+00 0.000000000000000000e+00
-1.876474926253687281e+00 0.000000000000000000e+00
-1.874336283185840557e+00 0.000000000000000000e+00
-1.872197640117994055e+00 0.000000000000000000e+00
-1.870058997050147331e+00 0.000000000000000000e+00
-1.867920353982300830e+00 0.000000000000000000e+00
-1.865781710914454106e+00 0.000000000000000000e+00
-1.863643067846607604e+00 0.000000000000000000e+00
-1.861504424778760880e+00 0.000000000000000000e+00
-1.859365781710914378e+00 0.000000000000000000e+00
-1.857227138643067654e+00 0.000000000000000000e+00
-1.855088495575221152e+00 0.000000000000000000e+00
-1.852949852507374651e+00 0.000000000000000000e+00
-1.850811209439527927e+00 0.000000000000000000e+00
-1.848672566371681425e+00 0.000000000000000000e+00
-1.846533923303834701e+00 0.000000000000000000e+00
-1.844395280235988199e+00 0.000000000000000000e+00
-1.842256637168141475e+00 0.000000000000000000e+00
-1.840117994100294974e+00 0.000000000000000000e+00
-1.837979351032448250e+00 0.000000000000000000e+00
-1.835840707964601748e+00 0.000000000000000000e+00
-1.833702064896755024e+00 0.000000000000000000e+00
-1.831563421828908522e+00 0.000000000000000000e+00
-1.829424778761061798e+00 0.000000000000000000e+00
-1.827286135693215297e+00 0.000000000000000000e+00
-1.825147492625368573e+00 0.000000000000000000e+00
-1.823008849557522071e+00 0.000000000000000000e+00
-1.820870206489675347e+00 0.000000000000000000e+00
-1.818731563421828845e+00 0.000000000000000000e+00
-1.816592920353982121e+00 0.000000000000000000e+00
-1.814454277286135619e+00 0.000000000000000000e+00
-1.812315634218288896e+00 0.000000000000000000e+00
-1.810176991150442394e+00 0.000000000000000000e+00
-1.808038348082595892e+00 0.000000000000000000e+00
-1.805899705014749168e+00 0.000000000000000000e+00
-1.803761061946902666e+00 0.000000000000000000e+00
-1.801622418879055942e+00 0.000000000000000000e+00
-1.799483775811209441e+00 0.000000000000000000e+00
-1.797345132743362717e+00 0.000000000000000000e+00
-1.795206489675516215e+00 0.000000000000000000e+00
-1.793067846607669491e+00 0.000000000000000000e+00
-1.790929203539822989e+00 0.000000000000000000e+00
-1.788790560471976265e+00 0.000000000000000000e+00
-1.786651917404129764e+00 0.000000000000000000e+00
-1.784513274336283040e+00 0.000000000000000000e+00
-1.782374631268436538e+00 0.000000000000000000e+00
-1.780235988200589814e+00 0.000000000000000000e+00
-1.778097345132743312e+00 0.000000000000000000e+00
-1.775958702064896588e+00 0.000000000000000000e+00
-1.773820058997050086e+00 0.000000000000000000e+00
-1.771681415929203363e+00 0.000000000000000000e+00
-1.769542772861356861e+00 0.000000000000000000e+00
-1.767404129793510137e+00 0.000000000000000000e+00
-1.765265486725663635e+00 0.000000000000000000e+00
-1.763126843657817133e+00 0.000000000000000000e+00
-1.760988200589970409e+00 0.000000000000000000e+00
-1.758849557522123686e+00 0.000000000000000000e+00
-1.756710914454277184e+00 0.000000000000000000e+00
-1.754572271386430682e+00 0.000000000000000000e+00
-1.752433628318583958e+00 0.000000000000000000e+00
-1.750294985250737456e+00 0.000000000000000000e+00
-1.748156342182890732e+00 0.000000000000000000e+00
-1.746017699115044230e+00 0.000000000000000000e+00
-1.743879056047197507e+00 0.000000000000000000e+00
-1.741740412979351005e+00 0.000000000000000000e+00
-1.739601769911504281e+00 0.000000000000000000e+00
-1.737463126843657779e+00 0.000000000000000000e+00
-1.735324483775811055e+00 0.000000000000000000e+00
-1.733185840707964553e+00 0.000000000000000000e+00
-1.731047197640117830e+00 0.000000000000000000e+00
-1.728908554572271328e+00 0.000000000000000000e+00
-1.726769911504424604e+00 0.000000000000000000e+00
-1.724631268436578102e+00 0.000000000000000000e+00
-1.722492625368731378e+00 0.000000000000000000e+00
-1.720353982300884876e+00 0.000000000000000000e+00
-1.718215339233038375e+00 0.000000000000000000e+00
-1.716076696165191651e+00 0.000000000000000000e+00
-1.713938053097344927e+00 0.000000000000000000e+00
-1.711799410029498425e+00 0.000000000000000000e+00
-1.709660766961651923e+00 0.000000000000000000e+00
-1.707522123893805199e+00 0.000000000000000000e+00
-1.705383480825958697e+00 0.000000000000000000e+00
-1.703244837758111974e+00 0.000000000000000000e+00
-1.701106194690265472e+00 0.000000000000000000e+00
-1.698967551622418748e+00 0.000000000000000000e+00
-1.696828908554572246e+00 0.000000000000000000e+00
-1.694690265486725522e+00 0.000000000000000000e+00
-1.692551622418879020e+00 0.000000000000000000e+00
-1.690412979351032297e+00 0.000000000000000000e+00
-1.688274336283185795e+00 0.000000000000000000e+00
-1.686135693215339071e+00 0.000000000000000000e+00
-1.683997050147492569e+00 0.000000000000000000e+00
-1.681858407079645845e+00 0.000000000000000000e+00
-1.679719764011799343e+00 0.000000000000000000e+00
-1.677581120943952619e+00 0.000000000000000000e+00
-1.675442477876106118e+00 0.000000000000000000e+00
-1.673303834808259616e+00 0.000000000000000000e+00
-1.671165191740412892e+00 0.000000000000000000e+00
-1.669026548672566168e+00 0.000000000000000000e+00
-1.666887905604719666e+00 0.000000000000000000e+00
-1.664749262536873164e+00 0.000000000000000000e+00
-1.662610619469026441e+00 0.000000000000000000e+00
-1.660471976401179939e+00 0.000000000000000000e+00
-1.658333333333333215e+00 0.000000000000000000e+00
-1.656194690265486713e+00 0.000000000000000000e+00
-1.654056047197639989e+00 0.000000000000000000e+00
-1.651917404129793487e+00 0.000000000000000000e+00
-1.649778761061946764e+00 0.000000000000000000e+00
-1.647640117994100262e+00 0.000000000000000000e+00
-1.645501474926253538e+00 0.000000000000000000e+00
-1.643362831858407036e+00 0.000000000000000000e+00
-1.641224188790560312e+00 0.000000000000000000e+00
-1.639085545722713810e+00 0.000000000000000000e+00
-1.636946902654867309e+00 0.000000000000000000e+00
-1.634808259587020585e+00 0.000000000000000000e+00
-1.632669616519173861e+00 0.000000000000000000e+00
-1.630530973451327359e+00 0.000000000000000000e+00
-1.628392330383480857e+00 0.000000000000000000e+00
-1.626253687315634133e+00 0.000000000000000000e+00
-1.624115044247787409e+00 0.000000000000000000e+00
-1.621976401179940908e+00 0.000000000000000000e+00
-1.619837758112094406e+00 0.000000000000000000e+00
-1.617699115044247682e+00 0.000000000000000000e+00
-1.615560471976400958e+00 0.000000000000000000e+00
-1.613421828908554456e+00 0.000000000000000000e+00
-1.611283185840707954e+00 0.000000000000000000e+00
-1.609144542772861231e+00 0.000000000000000000e+00
-1.607005899705014729e+00 0.000000000000000000e+00
-1.604867256637168005e+00 0.000000000000000000e+00
-1.602728613569321503e+00 0.000000000000000000e+00
-1.600589970501474779e+00 0.000000000000000000e+00
-1.598451327433628277e+00 0.000000000000000000e+00
-1.596312684365781553e+00 0.000000000000000000e+00
-1.594174041297935052e+00 0.000000000000000000e+00
-1.592035398230088550e+00 0.000000000000000000e+00
-1.589896755162241826e+00 0.000000000000000000e+00
-1.587758112094395102e+00 0.000000000000000000e+00
-1.585619469026548600e+00 0.000000000000000000e+00
-1.583480825958702098e+00 0.000000000000000000e+00
-1.581342182890855375e+00 0.000000000000000000e+00
-1.579203539823008651e+00 0.000000000000000000e+00
-1.577064896755162149e+00 0.000000000000000000e+00
-1.574926253687315647e+00 0.000000000000000000e+00
-1.572787610619468923e+00 0.000000000000000000e+00
-1.570648967551622199e+00 0.000000000000000000e+00
-1.568510324483775698e+00 0.000000000000000000e+00
-1.566371681415929196e+00 0.000000000000000000e+00
-1.564233038348082472e+00 0.000000000000000000e+00
-1.562094395280235970e+00 0.000000000000000000e+00
-1.559955752212389246e+00 0.000000000000000000e+00
-1.557817109144542744e+00 0.000000000000000000e+00
-1.555678466076696020e+00 0.000000000000000000e+00
-1.553539823008849519e+00 0.000000000000000000e+00
-1.551401179941002795e+00 0.000000000000000000e+00
-1.549262536873156293e+00 0.000000000000000000e+00
-1.547123893805309569e+00 0.000000000000000000e+00
-1.544985250737463067e+00 0.000000000000000000e+00
-1.542846607669616343e+00 0.000000000000000000e+00
-1.540707964601769842e+00 0.000000000000000000e+00
-1.538569321533923340e+00 0.000000000000000000e+00
-1.536430678466076616e+00 0.000000000000000000e+00
-1.534292035398229892e+00 0.000000000000000000e+00
-1.532153392330383390e+00 0.000000000000000000e+00
-1.530014749262536888e+00 0.000000000000000000e+00
-1.527876106194690164e+00 0.000000000000000000e+00
-1.525737463126843441e+00 0.000000000000000000e+00
-1.523598820058996939e+00 0.000000000000000000e+00
-1.521460176991150437e+00 0.000000000000000000e+00
-1.519321533923303713e+00 0.000000000000000000e+00
-1.517182890855457211e+00 0.000000000000000000e+00
-1.515044247787610487e+00 0.000000000000000000e+00
-1.512905604719763986e+00 0.000000000000000000e+00
-1.510766961651917262e+00 0.000000000000000000e+00
-1.508628318584070760e+00 0.000000000000000000e+00
-1.506489675516224036e+00 0.000000000000000000e+00
-1.504351032448377534e+00 0.000000000000000000e+00
-1.502212389380530810e+00 0.000000000000000000e+00
-1.500073746312684309e+00 0.000000000000000000e+00
-1.497935103244837585e+00 0.000000000000000000e+00
-1.495796460176991083e+00 0.000000000000000000e+00
-1.493657817109144581e+00 0.000000000000000000e+00
-1.491519174041297857e+00 0.000000000000000000e+00
-1.489380530973451133e+00 0.000000000000000000e+00
-1.487241887905604631e+00 0.000000000000000000e+00
-1.485103244837758130e+00 0.000000000000000000e+00
-1.482964601769911406e+00 0.000000000000000000e+00
-1.480825958702064682e+00 0.000000000000000000e+00
-1.478687315634218180e+00 0.000000000000000000e+00
-1.476548672566371678e+00 0.000000000000000000e+00
-1.474410029498524954e+00 0.000000000000000000e+00
-1.472271386430678453e+00 0.000000000000000000e+00
-1.470132743362831729e+00 0.000000000000000000e+00
-1.467994100294985227e+00 0.000000000000000000e+00
-1.465855457227138503e+00 0.000000000000000000e+00
-1.463716814159292001e+00 0.000000000000000000e+00
-1.461578171091445277e+00 0.000000000000000000e+00
-1.459439528023598776e+00 0.000000000000000000e+00
-1.457300884955752052e+00 0.000000000000000000e+00
-1.455162241887905550e+00 0.000000000000000000e+00
-1.453023598820058826e+00 0.000000000000000000e+00
-1.450884955752212324e+00 0.000000000000000000e+00
-1.448746312684365822e+00 0.000000000000000000e+00
-1.446607669616519098e+00 0.000000000000000000e+00
-1.444469026548672375e+00 0.000000000000000000e+00
-1.442330383480825873e+00 0.000000000000000000e+00
-1.440191740412979371e+00 0.000000000000000000e+00
-1.438053097345132647e+00 0.000000000000000000e+00
-1.435914454277285923e+00 0.000000000000000000e+00
-1.433775811209439421e+00 0.000000000000000000e+00
-1.431637168141592920e+00 0.000000000000000000e+00
-1.429498525073746196e+00 0.000000000000000000e+00
-1.427359882005899694e+00 0.000000000000000000e+00
-1.425221238938052970e+00 0.000000000000000000e+00
-1.423082595870206468e+00 0.000000000000000000e+00
-1.420943952802359744e+00 0.000000000000000000e+00
-1.418805309734513243e+00 0.000000000000000000e+00
-1.416666666666666519e+00 0.000000000000000000e+00
-1.414528023598820017e+00 0.000000000000000000e+00
-1.412389380530973293e+00 0.000000000000000000e+00
-1.410250737463126791e+00 0.000000000000000000e+00
-1.408112094395280067e+00 0.000000000000000000e+00
-1.405973451327433565e+00 0.000000000000000000e+00
-1.403834808259587064e+00 0.000000000000000000e+00
-1.401696165191740340e+00 0.000000000000000000e+00
-1.399557522123893616e+00 0.000000000000000000e+00
-1.397418879056047114e+00 0.000000000000000000e+00
-1.395280235988200612e+00 0.000000000000000000e+00
-1.393141592920353888e+00 0.000000000000000000e+00
-1.391002949852507165e+00 0.000000000000000000e+00
-1.388864306784660663e+00 0.000000000000000000e+00
-1.386725663716814161e+00 0.000000000000000000e+00
-1.384587020648967437e+00 0.000000000000000000e+00
-1.382448377581120713e+00 0.000000000000000000e+00
-1.380309734513274211e+00 0.000000000000000000e+00
-1.378171091445427709e+00 0.000000000000000000e+00
-1.376032448377580986e+00 0.000000000000000000e+00
-1.373893805309734484e+00 0.000000000000000000e+00
-1.371755162241887760e+00 0.000000000000000000e+00
-1.369616519174041258e+00 0.000000000000000000e+00
-1.367477876106194756e+00 0.000000000000000000e+00
-1.365339233038348032e+00 0.000000000000000000e+00
-1.363200589970501309e+00 0.000000000000000000e+00
-1.361061946902654807e+00 0.000000000000000000e+00
-1.358923303834808305e+00 0.000000000000000000e+00
-1.356784660766961581e+00 0.000000000000000000e+00
-1.354646017699114857e+00 0.000000000000000000e+00
-1.352507374631268355e+00 0.000000000000000000e+00
-1.350368731563421854e+00 0.000000000000000000e+00
-1.348230088495575130e+00 0.000000000000000000e+00
-1.346091445427728406e+00 0.000000000000000000e+00
-1.343952802359881904e+00 0.000000000000000000e+00
-1.341814159292035402e+00 0.000000000000000000e+00
-1.339675516224188678e+00 0.000000000000000000e+00
-1.337536873156341954e+00 0.000000000000000000e+00
-1.335398230088495453e+00 0.000000000000000000e+00
-1.333259587020648951e+00 0.000000000000000000e+00
-1.331120943952802227e+00 0.000000000000000000e+00
-1.328982300884955725e+00 0.000000000000000000e+00
-1.326843657817109001e+00 0.000000000000000000e+00
-1.324705014749262499e+00 0.000000000000000000e+00
-1.322566371681415998e+00 0.000000000000000000e+00
-1.320427728613569274e+00 0.000000000000000000e+00
-1.318289085545722550e+00 0.000000000000000000e+00
-1.316150442477876048e+00 0.000000000000000000e+00
-1.314011799410029546e+00 0.000000000000000000e+00
-1.311873156342182822e+00 0.000000000000000000e+00
-1.309734513274336098e+00 0.000000000000000000e+00
-1.307595870206489597e+00 0.000000000000000000e+00
-1.305457227138643095e+00 0.000000000000000000e+00
-1.303318584070796371e+00 0.000000000000000000e+00
-1.301179941002949647e+00 0.000000000000000000e+00
-1.299041297935103145e+00 0.000000000000000000e+00
-1.296902654867256643e+00 0.000000000000000000e+00
-1.294764011799409920e+00 0.000000000000000000e+00
-1.292625368731563196e+00 0.000000000000000000e+00
-1.290486725663716694e+00 0.000000000000000000e+00
-1.288348082595870192e+00 0.000000000000000000e+00
-1.286209439528023468e+00 0.000000000000000000e+00
-1.284070796460176966e+00 0.000000000000000000e+00
-1.281932153392330243e+00 0.000000000000000000e+00
-1.279793510324483741e+00 0.000000000000000000e+00
-1.277654867256637239e+00 0.000000000000000000e+00
-1.275516224188790515e+00 0.000000000000000000e+00
-1.273377581120943791e+00 0.000000000000000000e+00
-1.271238938053097289e+00 0.000000000000000000e+00
-1.269100294985250788e+00 0.000000000000000000e+00
-1.266961651917404064e+00 0.000000000000000000e+00
-1.264823008849557340e+00 0.000000000000000000e+00
-1.262684365781710838e+00 0.000000000000000000e+00
-1.260545722713864336e+00 0.000000000000000000e+00
-1.258407079646017612e+00 0.000000000000000000e+00
-1.256268436578170888e+00 0.000000000000000000e+00
-1.254129793510324387e+00 0.000000000000000000e+00
-1.251991150442477885e+00 0.000000000000000000e+00
-1.249852507374631161e+00 0.000000000000000000e+00
-1.247713864306784437e+00 0.000000000000000000e+00
-1.245575221238937935e+00 0.000000000000000000e+00
-1.243436578171091433e+00 0.000000000000000000e+00
-1.241297935103244710e+00 0.000000000000000000e+00
-1.239159292035397986e+00 0.000000000000000000e+00
-1.237020648967551484e+00 0.000000000000000000e+00
-1.234882005899704982e+00 0.000000000000000000e+00
-1.232743362831858480e+00 0.000000000000000000e+00
-1.230604719764011756e+00 0.000000000000000000e+00
-1.228466076696165032e+00 0.000000000000000000e+00
-1.226327433628318531e+00 0.000000000000000000e+00
-1.224188790560472029e+00 0.000000000000000000e+00
-1.222050147492625305e+00 0.000000000000000000e+00
-1.219911504424778581e+00 0.000000000000000000e+00
-1.217772861356932079e+00 0.000000000000000000e+00
-1.215634218289085577e+00 0.000000000000000000e+00
-1.213495575221238854e+00 0.000000000000000000e+00
-1.211356932153392130e+00 0.000000000000000000e+00
-1.209218289085545628e+00 0.000000000000000000e+00
-1.207079646017699126e+00 0.000000000000000000e+00
-1.204941002949852402e+00 0.000000000000000000e+00
-1.202802359882005678e+00 0.000000000000000000e+00
-1.200663716814159176e+00 0.000000000000000000e+00
-1.198525073746312675e+00 0.000000000000000000e+00
-1.196386430678465951e+00 0.000000000000000000e+00
-1.194247787610619227e+00 0.000000000000000000e+00
-1.192109144542772725e+00 0.000000000000000000e+00
-1.189970501474926223e+00 0.000000000000000000e+00
-1.187831858407079721e+00 0.000000000000000000e+00
-1.185693215339232998e+00 0.000000000000000000e+00
-1.183554572271386274e+00 0.000000000000000000e+00
-1.181415929203539772e+00 0.000000000000000000e+00
-1.179277286135693270e+00 0.000000000000000000e+00
-1.177138643067846546e+00 0.000000000000000000e+00
-1.174999999999999822e+00 0.000000000000000000e+00
-1.172861356932153321e+00 0.000000000000000000e+00
-1.170722713864306819e+00 0.000000000000000000e+00
-1.168584070796460095e+00 0.000000000000000000e+00
-1.166445427728613371e+00 0.000000000000000000e+00
-1.164306784660766869e+00 0.000000000000000000e+00
-1.162168141592920367e+00 0.000000000000000000e+00
-1.160029498525073643e+00 0.000000000000000000e+00
-1.157890855457226920e+00 0.000000000000000000e+00
-1.155752212389380418e+00 0.000000000000000000e+00
-1.153613569321533916e+00 0.000000000000000000e+00
-1.151474926253687192e+00 0.000000000000000000e+00
-1.149336283185840468e+00 0.000000000000000000e+00
-1.147197640117993966e+00 0.000000000000000000e+00
-1.145058997050147465e+00 0.000000000000000000e+00
-1.142920353982300963e+00 0.000000000000000000e+00
-1.140781710914454239e+00 0.000000000000000000e+00
-1.138643067846607515e+00 0.000000000000000000e+00
-1.136504424778761013e+00 0.000000000000000000e+00
-1.134365781710914511e+00 0.000000000000000000e+00
-1.132227138643067788e+00 0.000000000000000000e+00
-1.130088495575221064e+00 0.000000000000000000e+00
-1.127949852507374562e+00 0.000000000000000000e+00
-1.125811209439528060e+00 0.000000000000000000e+00
-1.123672566371681336e+00 0.000000000000000000e+00
-1.121533923303834612e+00 0.000000000000000000e+00
-1.119395280235988110e+00 0.000000000000000000e+00
-1.117256637168141609e+00 0.000000000000000000e+00
-1.115117994100294885e+00 0.000000000000000000e+00
-1.112979351032448161e+00 0.000000000000000000e+00
-1.110840707964601659e+00 0.000000000000000000e+00
-1.108702064896755157e+00 0.000000000000000000e+00
-1.106563421828908433e+00 0.000000000000000000e+00
-1.104424778761061710e+00 0.000000000000000000e+00
-1.102286135693215208e+00 0.000000000000000000e+00
-1.100147492625368706e+00 0.000000000000000000e+00
-1.098008849557522204e+00 0.000000000000000000e+00
-1.095870206489675480e+00 0.000000000000000000e+00
-1.093731563421828756e+00 0.000000000000000000e+00
-1.091592920353982255e+00 0.000000000000000000e+00
-1.089454277286135753e+00 0.000000000000000000e+00
-1.087315634218289029e+00 0.000000000000000000e+00
-1.085176991150442305e+00 0.000000000000000000e+00
-1.083038348082595803e+00 0.000000000000000000e+00
-1.080899705014749301e+00 0.000000000000000000e+00
-1.078761061946902577e+00 0.000000000000000000e+00
-1.076622418879055854e+00 0.000000000000000000e+00
-1.074483775811209352e+00 0.000000000000000000e+00
-1.072345132743362850e+00 0.000000000000000000e+00
-1.070206489675516126e+00 0.000000000000000000e+00
-1.068067846607669402e+00 0.000000000000000000e+00
-1.065929203539822900e+00 0.000000000000000000e+00
-1.063790560471976399e+00 0.000000000000000000e+00
-1.061651917404129675e+00 0.000000000000000000e+00
-1.059513274336282951e+00 0.000000000000000000e+00
-1.057374631268436449e+00 0.000000000000000000e+00
-1.055235988200589947e+00 0.000000000000000000e+00
-1.053097345132743445e+00 0.000000000000000000e+00
-1.050958702064896721e+00 0.000000000000000000e+00
-1.048820058997049998e+00 0.000000000000000000e+00
-1.046681415929203496e+00 0.000000000000000000e+00
-1.044542772861356994e+00 0.000000000000000000e+00
-1.042404129793510270e+00 0.000000000000000000e+00
-1.040265486725663546e+00 0.000000000000000000e+00
-1.038126843657817044e+00 0.000000000000000000e+00
-1.035988200589970543e+00 0.000000000000000000e+00
-1.033849557522123819e+00 0.000000000000000000e+00
-1.031710914454277095e+00 0.000000000000000000e+00
-1.029572271386430593e+00 0.000000000000000000e+00
-1.027433628318584091e+00 0.000000000000000000e+00
-1.025294985250737367e+00 0.000000000000000000e+00
-1.023156342182890643e+00 0.000000000000000000e+00
-1.021017699115044142e+00 0.000000000000000000e+00
-1.018879056047197640e+00 0.000000000000000000e+00
-1.016740412979350916e+00 0.000000000000000000e+00
-1.014601769911504192e+00 0.000000000000000000e+00
-1.012463126843657690e+00 0.000000000000000000e+00
-1.010324483775811188e+00 0.000000000000000000e+00
-1.008185840707964687e+00 0.000000000000000000e+00
-1.006047197640117963e+00 0.000000000000000000e+00
-1.003908554572271239e+00 0.000000000000000000e+00
-1.001769911504424737e+00 0.000000000000000000e+00
-9.996312684365781243e-01 0.000000000000000000e+00
-9.974926253687315114e-01 0.000000000000000000e+00
-9.953539823008848986e-01 0.000000000000000000e+00
-9.932153392330382857e-01 0.000000000000000000e+00
-9.910766961651916729e-01 0.000000000000000000e+00
-9.889380530973450600e-01 0.000000000000000000e+00
-9.867994100294984472e-01 0.000000000000000000e+00
-9.846607669616518344e-01 0.000000000000000000e+00
-9.825221238938052215e-01 0.000000000000000000e+00
-9.803834808259586087e-01 0.000000000000000000e+00
-9.782448377581119958e-01 0.000000000000000000e+00
-9.761061946902653830e-01 0.000000000000000000e+00
-9.739675516224187701e-01 0.000000000000000000e+00
-9.718289085545721573e-01 0.000000000000000000e+00
-9.696902654867255444e-01 0.000000000000000000e+00
-9.675516224188789316e-01 0.000000000000000000e+00
-9.654129793510323188e-01 0.000000000000000000e+00
-9.632743362831858169e-01 0.000000000000000000e+00
-9.611356932153392041e-01 0.000000000000000000e+00
-9.589970501474925912e-01 0.000000000000000000e+00
-9.568584070796459784e-01 0.000000000000000000e+00
-9.547197640117993656e-01 0.000000000000000000e+00
-9.525811209439527527e-01 0.000000000000000000e+00
-9.504424778761061399e-01 0.000000000000000000e+00
-9.483038348082595270e-01 0.000000000000000000e+00
-9.461651917404129142e-01 0.000000000000000000e+00
-9.440265486725663013e-01 0.000000000000000000e+00
-9.418879056047196885e-01 0.000000000000000000e+00
-9.397492625368730756e-01 0.000000000000000000e+00
-9.376106194690264628e-01 0.000000000000000000e+00
-9.354719764011798500e-01 0.000000000000000000e+00
-9.333333333333332371e-01 0.000000000000000000e+00
-9.311946902654866243e-01 0.000000000000000000e+00
-9.290560471976400114e-01 0.000000000000000000e+00
-9.269174041297933986e-01 0.000000000000000000e+00
-9.247787610619467857e-01 0.000000000000000000e+00
-9.226401179941001729e-01 0.000000000000000000e+00
-9.205014749262535600e-01 0.000000000000000000e+00
-9.183628318584070582e-01 0.000000000000000000e+00
-9.162241887905604454e-01 0.000000000000000000e+00
-9.140855457227138325e-01 0.000000000000000000e+00
-9.119469026548672197e-01 0.000000000000000000e+00
-9.098082595870206069e-01 0.000000000000000000e+00
-9.076696165191739940e-01 0.000000000000000000e+00
-9.055309734513273812e-01 0.000000000000000000e+00
-9.033923303834807683e-01 0.000000000000000000e+00
-9.012536873156341555e-01 0.000000000000000000e+00
-8.991150442477875426e-01 0.000000000000000000e+00
-8.969764011799408188e-01 0.000000000000000000e+00
-8.948377581120943169e-01 0.000000000000000000e+00
-8.926991150442478151e-01 0.000000000000000000e+00
-8.905604719764010913e-01 0.000000000000000000e+00
-8.884218289085545894e-01 0.000000000000000000e+00
-8.862831858407078656e-01 0.000000000000000000e+00
-8.841445427728613637e-01 0.000000000000000000e+00
-8.820058997050146399e-01 0.000000000000000000e+00
-8.798672566371681381e-01 0.000000000000000000e+00
-8.777286135693214142e-01 0.000000000000000000e+00
-8.755899705014749124e-01 0.000000000000000000e+00
-8.734513274336281885e-01 0.000000000000000000e+00
-8.713126843657816867e-01 0.000000000000000000e+00
-8.691740412979349628e-01 0.000000000000000000e+00
-8.670353982300884610e-01 0.000000000000000000e+00
-8.648967551622417371e-01 0.000000000000000000e+00
-8.627581120943952353e-01 0.000000000000000000e+00
-8.606194690265485114e-01 0.000000000000000000e+00
-8.584808259587020096e-01 0.000000000000000000e+00
-8.563421828908552857e-01 0.000000000000000000e+00
-8.542035398230087839e-01 0.000000000000000000e+00
-8.520648967551620601e-01 0.000000000000000000e+00
-8.499262536873155582e-01 0.000000000000000000e+00
-8.477876106194690564e-01 0.000000000000000000e+00
-8.456489675516223326e-01 0.000000000000000000e+00
-8.435103244837758307e-01 0.000000000000000000e+00
-8.413716814159291069e-01 0.000000000000000000e+00
-8.392330383480826050e-01 0.000000000000000000e+00
-8.370943952802358812e-01 0.000000000000000000e+00
-8.349557522123893794e-01 0.000000000000000000e+00
-8.328171091445426555e-01 0.000000000000000000e+00
-8.306784660766961537e-01 0.000000000000000000e+00
-8.285398230088494298e-01 0.000000000000000000e+00
-8.264011799410029280e-01 0.000000000000000000e+00
-8.242625368731562041e-01 0.000000000000000000e+00
-8.221238938053097023e-01 0.000000000000000000e+00
-8.199852507374629784e-01 0.000000000000000000e+00
-8.178466076696164766e-01 0.000000000000000000e+00
-8.157079646017697527e-01 0.000000000000000000e+00
-8.135693215339232509e-01 0.000000000000000000e+00
-8.114306784660765270e-01 0.000000000000000000e+00
-8.092920353982300252e-01 0.000000000000000000e+00
-8.071533923303833014e-01 0.000000000000000000e+00
-8.050147492625367995e-01 0.000000000000000000e+00
-8.028761061946902977e-01 0.000000000000000000e+00
-8.007374631268435738e-01 0.000000000000000000e+00
-7.985988200589970720e-01 0.000000000000000000e+00
-7.964601769911503482e-01 0.000000000000000000e+00
-7.943215339233038463e-01 0.000000000000000000e+00
-7.921828908554571225e-01 0.000000000000000000e+00
-7.900442477876106206e-01 0.000000000000000000e+00
-7.879056047197638968e-01 0.000000000000000000e+00
-7.857669616519173950e-01 0.000000000000000000e+00
-7.836283185840706711e-01 0.000000000000000000e+00
-7.814896755162241693e-01 0.000000000000000000e+00
-7.793510324483774454e-01 0.000000000000000000e+00
-7.772123893805309436e-01 0.000000000000000000e+00
-7.750737463126842197e-01 0.000000000000000000e+00
-7.729351032448377179e-01 0.000000000000000000e+00
-7.707964601769909940e-01 0.000000000000000000e+00
-7.686578171091444922e-01 0.000000000000000000e+00
-7.665191740412977683e-01 0.000000000000000000e+00
-7.643805309734512665e-01 0.000000000000000000e+00
-7.622418879056045427e-01 0.000000000000000000e+00
-7.601032448377580408e-01 0.000000000000000000e+00
-7.579646017699115390e-01 0.000000000000000000e+00
-7.558259587020648151e-01 0.000000000000000000e+00
-7.536873156342183133e-01 0.000000000000000000e+00
-7.515486725663715895e-01 0.000000000000000000e+00
-7.494100294985250876e-01 0.000000000000000000e+00
-7.472713864306783638e-01 0.000000000000000000e+00
-7.451327433628318619e-01 0.000000000000000000e+00
-7.429941002949851381e-01 0.000000000000000000e+00
-7.408554572271386363e-01 0.000000000000000000e+00
-7.387168141592919124e-01 0.000000000000000000e+00
-7.365781710914454106e-01 0.000000000000000000e+00
-7.344395280235986867e-01 0.000000000000000000e+00
-7.323008849557521849e-01 0.000000000000000000e+00
-7.301622418879054610e-01 0.000000000000000000e+00
-7.280235988200589592e-01 0.000000000000000000e+00
-7.258849557522122353e-01 0.000000000000000000e+00
-7.237463126843657335e-01 0.000000000000000000e+00
-7.216076696165190096e-01 0.000000000000000000e+00
-7.194690265486725078e-01 0.000000000000000000e+00
-7.173303834808257839e-01 0.000000000000000000e+00
-7.151917404129792821e-01 0.000000000000000000e+00
-7.130530973451327803e-01 0.000000000000000000e+00
-7.109144542772860564e-01 0.000000000000000000e+00
-7.087758112094395546e-01 0.000000000000000000e+00
-7.066371681415928308e-01 0.000000000000000000e+00
-7.044985250737463289e-01 0.000000000000000000e+00
-7.023598820058996051e-01 0.000000000000000000e+00
-7.002212389380531032e-01 0.000000000000000000e+00
-6.980825958702063794e-01 0.000000000000000000e+00
-6.959439528023598776e-01 0.000000000000000000e+00
-6.938053097345131537e-01 0.000000000000000000e+00
-6.916666666666666519e-01 0.000000000000000000e+00
-6.895280235988199280e-01 0.000000000000000000e+00
-6.873893805309734262e-01 0.000000000000000000e+00
-6.852507374631267023e-01 0.000000000000000000e+00
-6.831120943952802005e-01 0.000000000000000000e+00
-6.809734513274334766e-01 0.000000000000000000e+00
-6.788348082595869748e-01 0.000000000000000000e+00
-6.766961651917402509e-01 0.000000000000000000e+00
-6.745575221238937491e-01 0.000000000000000000e+00
-6.724188790560470252e-01 0.000000000000000000e+00
-6.702802359882005234e-01 0.000000000000000000e+00
-6.681415929203540216e-01 0.000000000000000000e+00
-6.660029498525072977e-01 0.000000000000000000e+00
-6.638643067846607959e-01 0.000000000000000000e+00
-6.617256637168140720e-01 0.000000000000000000e+00
-6.595870206489675702e-01 0.000000000000000000e+00
-6.574483775811208464e-01 0.000000000000000000e+00
-6.553097345132743445e-01 0.000000000000000000e+00
-6.531710914454276207e-01 0.000000000000000000e+00
-6.510324483775811188e-01 0.000000000000000000e+00
-6.488938053097343950e-01 0.000000000000000000e+00
-6.467551622418878932e-01 0.000000000000000000e+00
-6.446165191740411693e-01 0.000000000000000000e+00
-6.424778761061946675e-01 0.000000000000000000e+00
-6.403392330383479436e-01 0.000000000000000000e+00
-6.382005899705014418e-01 0.000000000000000000e+00
-6.360619469026547179e-01 0.000000000000000000e+00
-6.339233038348082161e-01 0.000000000000000000e+00
-6.317846607669614922e-01 0.000000000000000000e+00
-6.296460176991149904e-01 0.000000000000000000e+00
-6.275073746312682665e-01 0.000000000000000000e+00
-6.253687315634217647e-01 0.000000000000000000e+00
-6.232300884955750409e-01 0.000000000000000000e+00
-6.210914454277285390e-01 0.000000000000000000e+00
-6.189528023598820372e-01 0.000000000000000000e+00
-6.168141592920353133e-01 0.000000000000000000e+00
-6.146755162241888115e-01 0.000000000000000000e+00
-6.125368731563420877e-01 0.000000000000000000e+00
-6.103982300884955858e-01 0.000000000000000000e+00
-6.082595870206488620e-01 0.000000000000000000e+00
-6.061209439528023601e-01 0.000000000000000000e+00
-6.039823008849556363e-01 0.000000000000000000e+00
-6.018436578171091345e-01 0.000000000000000000e+00
-5.997050147492624106e-01 0.000000000000000000e+00
-5.975663716814159088e-01 0.000000000000000000e+00
-5.954277286135691849e-01 0.000000000000000000e+00
-5.932890855457226831e-01 0.000000000000000000e+00
-5.911504424778759592e-01 0.000000000000000000e+00
-5.890117994100294574e-01 0.000000000000000000e+00
-5.868731563421827335e-01 0.000000000000000000e+00
-5.847345132743362317e-01 0.000000000000000000e+00
-5.825958702064895078e-01 0.000000000000000000e+00
-5.804572271386430060e-01 0.000000000000000000e+00
-5.783185840707962821e-01 0.000000000000000000e+00
-5.761799410029497803e-01 0.000000000000000000e+00
-5.740412979351032785e-01 0.000000000000000000e+00
-5.719026548672565546e-01 0.000000000000000000e+00
-5.697640117994100528e-01 0.000000000000000000e+00
-5.676253687315633290e-01 0.000000000000000000e+00
-5.654867256637168271e-01 0.000000000000000000e+00
-5.633480825958701033e-01 0.000000000000000000e+00
-5.612094395280236014e-01 0.000000000000000000e+00
-5.590707964601768776e-01 0.000000000000000000e+00
-5.569321533923303758e-01 0.000000000000000000e+00
-5.547935103244836519e-01 0.000000000000000000e+00
-5.526548672566371501e-01 4.940656458412465442e-324
-5.505162241887904262e-01 1.146143450526600351e-315
-5.483775811209439244e-01 2.899294274383497518e-307
-5.462389380530972005e-01 4.441007185216703885e-299
-5.441002949852506987e-01 4.172383618047395375e-291
-5.419616519174039748e-01 2.434648462634438155e-283
-5.398230088495574730e-01 8.931714855554834430e-276
-5.376843657817107491e-01 2.084694273469498966e-268
-5.355457227138642473e-01 3.131769132528164219e-261
-5.334070796460175234e-01 3.062525534971484531e-254
-5.312684365781710216e-01 1.971016238048272407e-247
-5.291297935103245198e-01 8.438735484191163456e-241
-5.269911504424777959e-01 2.428727562480071331e-234
-5.248525073746312941e-01 4.746969593509000753e-228
-5.227138643067845702e-01 6.363552315340804837e-222
-5.205752212389380684e-01 5.907827481933631140e-216
-5.184365781710913446e-01 3.834365342118817175e-210
-5.162979351032448427e-01 1.755839701714953989e-204
-5.141592920353981189e-01 5.723852997073143096e-199
-5.120206489675516170e-01 1.339959873260955777e-193
-5.098820058997048932e-01 2.271881983721868839e-188
-5.077433628318583914e-01 2.812983869131527412e-183
-5.056047197640116675e-01 2.564137808895051798e-178
-5.034660766961651657e-01 1.734298734541176786e-173
-5.013274336283184418e-01 8.770887789597870034e-169
-4.991887905604719400e-01 3.341520271065693558e-164
-4.970501474926252161e-01 9.660210949100057861e-160
-4.949115044247787143e-01 2.134280656108883083e-155
-4.927728613569319904e-01 3.628613585804714596e-151
-4.906342182890854886e-01 4.779467170451866347e-147
-4.884955752212387647e-01 4.909287536988563710e-143
-4.863569321533922629e-01 3.957633814934997332e-139
-4.842182890855457611e-01 2.519636784634791976e-135
-4.820796460176990372e-01 1.274569214592610616e-131
-4.799410029498525354e-01 5.153267593147584508e-128
-4.778023598820058115e-01 1.674945844153703927e-124
-4.756637168141593097e-01 4.401074529669572260e-121
-4.735250737463125859e-01 9.400161377783540114e-118
-4.713864306784660840e-01 1.640773178087164615e-114
-4.692477876106193602e-01 2.352649704317759484e-111
-4.671091445427728583e-01 2.785239941615898532e-108
-4.649705014749261345e-01 2.735958555219191572e-105
-4.628318584070796327e-01 2.240722664099573428e-102
-4.606932153392329088e-01 1.537216854836564422e-99
-4.585545722713864070e-01 8.874324723273095073e-97
-4.564159292035396831e-01 4.330346411761983568e-94
-4.542772861356931813e-01 1.793831657154681617e-91
-4.521386430678464574e-01 6.335032690019339998e-89
-4.499999999999999556e-01 1.915197826795432282e-86
-4.478613569321532317e-01 4.976451219460171661e-84
-4.457227138643067299e-01 1.115748573261137978e-81
-4.435840707964600060e-01 2.166751506241233291e-79
-4.414454277286135042e-01 3.658149180516208209e-77
-4.393067846607670024e-01 5.388840782684287623e-75
-4.371681415929202785e-01 6.950928345932374982e-73
-4.350294985250737767e-01 7.877646443323743104e-71
-4.328908554572270528e-01 7.870655017477805145e-69
-4.307522123893805510e-01 6.955098274349999757e-67
-4.286135693215338272e-01 5.453240848876144402e-65
-4.264749262536873253e-01 3.805491587348076212e-63
-4.243362831858406015e-01 2.370733559542035478e-61
-4.221976401179940996e-01 1.322355627631349771e-59
-4.200589970501473758e-01 6.622961881809357188e-58
-4.179203539823008740e-01 2.986811094417245526e-56
-4.157817109144541501e-01 1.216176880097270181e-54
-4.136430678466076483e-01 4.483022429958116112e-53
-4.115044247787609244e-01 1.499865957605607473e-51
-4.093657817109144226e-01 4.565988163989416948e-50
-4.072271386430676987e-01 1.267895081094834786e-48
-4.050884955752211969e-01 3.219112466724708818e-47
-4.029498525073744730e-01 7.490395702910180371e-46
-4.008112094395279712e-01 1.600938671620573850e-44
-3.986725663716812473e-01 3.149968580241250900e-43
-3.965339233038347455e-01 5.717879241767197212e-42
-3.943952802359880216e-01 9.595610300902714504e-41
-3.922566371681415198e-01 1.491788772191483326e-39
-3.901179941002950180e-01 2.152804655160122707e-38
-3.879793510324482941e-01 2.889400245162855796e-37
-3.858407079646017923e-01 3.613584085414042600e-36
-3.837020648967550684e-01 4.218873399442338629e-35
-3.815634218289085666e-01 4.606410346356191166e-34
-3.794247787610618428e-01 4.711904214280153519e-33
-3.772861356932153409e-01 4.523122611288715189e-32
-3.751474926253686171e-01 4.081405040235603186e-31
-3.730088495575221152e-01 3.467474476984440715e-30
-3.708702064896753914e-01 2.778010199962597277e-29
-3.687315634218288896e-01 2.102028138433840834e-28
-3.665929203539821657e-01 1.504448496813260294e-27
-3.644542772861356639e-01 1.019960842920982338e-26
-3.623156342182889400e-01 6.559549622321234324e-26
-3.601769911504424382e-01 4.007282774169400951e-25
-3.580383480825957143e-01 2.328611448923020375e-24
-3.558997050147492125e-01 1.288800477879690269e-23
-3.537610619469024886e-01 6.802551347591278986e-23
-3.516224188790559868e-01 3.428443461847359984e-22
-3.494837758112092629e-01 1.651919085692957429e-21
-3.473451327433627611e-01 7.618354259259830603e-21
-3.452064896755162593e-01 3.366781422311471420e-20
-3.430678466076695354e-01 1.427374351017101363e-19
-3.409292035398230336e-01 5.811728624291794482e-19
-3.387905604719763097e-01 2.274993938437250343e-18
-3.366519174041298079e-01 8.570648839992928657e-18
-3.345132743362830841e-01 3.110606840007341953e-17
-3.323746312684365822e-01 1.088685877223633871e-16
-3.302359882005898584e-01 3.677927217294194767e-16
-3.280973451327433565e-01 1.200474689533373692e-15
-3.259587020648966327e-01 3.789204004829354585e-15
-3.238200589970501309e-01 1.157640230448780021e-14
-3.216814159292034070e-01 3.426142761346414452e-14
-3.195427728613569052e-01 9.831264679442482610e-14
-3.174041297935101813e-01 2.737422405311178114e-13
-3.152654867256636795e-01 7.402014490729264691e-13
-3.131268436578169556e-01 1.945234367985407718e-12
-3.109882005899704538e-01 4.972070509995061361e-12
-3.088495575221237299e-01 1.236991993503020775e-11
-3.067109144542772281e-01 2.997597899381472617e-11
-3.045722713864305042e-01 7.080456426182019143e-11
-3.024336283185840024e-01 1.631274879115115079e-10
-3.002949852507375006e-01 3.668259004286084422e-10
-2.981563421828907767e-01 8.056403870842768507e-10
-2.960176991150442749e-01 1.729199109384259729e-09
-2.938790560471975510e-01 3.629429324502866250e-09
-2.917404129793510492e-01 7.453862055427218001e-09
-2.896017699115043253e-01 1.498743705314806246e-08
-2.874631268436578235e-01 2.952046357464800066e-08
-2.853244837758110997e-01 5.699137169244648935e-08
-2.831858407079645978e-01 1.078994648687612957e-07
-2.810471976401178740e-01 2.004387739589725429e-07
-2.789085545722713722e-01 3.655262250674287286e-07
-2.767699115044246483e-01 6.547055379075372792e-07
-2.746312684365781465e-01 1.152324615319015686e-06
-2.724926253687314226e-01 1.993931395393430438e-06
-2.703539823008849208e-01 3.393532266814070807e-06
-2.682153392330381969e-01 5.683224297032685739e-06
-2.660766961651916951e-01 9.369754697612913828e-06
-2.639380530973449712e-01 1.521377124478282892e-05
-2.617994100294984694e-01 2.433887985332921852e-05
-2.596607669616517455e-01 3.837907035317094078e-05
-2.575221238938052437e-01 5.967453114723996502e-05
-2.553834808259587419e-01 9.152724033310474219e-05
-2.532448377581120180e-01 1.385288580687341346e-04
-2.511061946902655162e-01 2.069741896980589789e-04
-2.489675516224187923e-01 3.053736603236748676e-04
-2.468289085545722905e-01 4.450776509622343603e-04
-2.446902654867255666e-01 6.410240137448587876e-04
-2.425516224188790648e-01 9.126174537384636925e-04
-2.404129793510323410e-01 1.284745627086666562e-03
-2.382743362831858391e-01 1.788931711609081021e-03
-2.361356932153391153e-01 2.464616888805201082e-03
-2.339970501474926134e-01 3.360558759659892751e-03
-2.318584070796458896e-01 4.536323423840369143e-03
-2.297197640117993878e-01 6.063840103838887170e-03
-2.275811209439526639e-01 8.028978202312388179e-03
-2.254424778761061621e-01 1.053309802364679922e-02
-2.233038348082594382e-01 1.369451859736552438e-02
-2.211651917404129364e-01 1.764983965403705071e-02
-2.190265486725662125e-01 2.255505034612074675e-02
-2.168879056047197107e-01 2.858635524164433728e-02
-2.147492625368729868e-01 3.594064882022969531e-02
-2.126106194690264850e-01 4.483557341755344677e-02
-2.104719764011799832e-01 5.550910239732325530e-02
-2.083333333333332593e-01 6.821860021813308528e-02
-2.061946902654867575e-01 8.323932377831241847e-02
-2.040560471976400336e-01 1.008623445766878707e-01
-2.019174041297935318e-01 1.213918882892029011e-01
-1.997787610619468079e-01 1.451421066818810168e-01
-1.976401179941003061e-01 1.724333156275987822e-01
-1.955014749262535823e-01 2.035877515918156910e-01
-1.933628318584070804e-01 2.389249165219157478e-01
-1.912241887905603566e-01 2.787565968764508240e-01
-1.890855457227138547e-01 3.233816559002789526e-01
-1.869469026548671309e-01 3.730807086356016655e-01
-1.848082595870206291e-01 4.281107961372250248e-01
-1.826696165191739052e-01 4.887001786662206193e-01
-1.805309734513274034e-01 5.550433671623385967e-01
-1.783923303834806795e-01 6.272965080957412232e-01
-1.762536873156341777e-01 7.055732290764165082e-01
-1.741150442477874538e-01 7.899410416952405978e-01
-1.719764011799409520e-01 8.804183844353485888e-01
-1.698377581120942281e-01 9.769723726675816344e-01
-1.676991150442477263e-01 1.079517305325176313e+00
-1.655604719764012245e-01 1.187913959471561753e+00
-1.634218289085545006e-01 1.301969685257590825e+00
-1.612831858407079988e-01 1.421439295318021490e+00
-1.591445427728612749e-01 1.546026725038201155e+00
-1.570058997050147731e-01 1.675387423823085031e+00
-1.548672566371680492e-01 1.809131422935757572e+00
-1.527286135693215474e-01 1.946827012964621684e+00
-1.505899705014748235e-01 2.088004953759853954e+00
-1.484513274336283217e-01 2.232163131888520002e+00
-1.463126843657815979e-01 2.378771575342834232e+00
-1.441740412979350960e-01 2.527277732363920393e+00
-1.420353982300883722e-01 2.677111920708664439e+00
-1.398967551622418704e-01 2.827692855318955090e+00
-1.377581120943951465e-01 2.978433165936807292e+00
-1.356194690265486447e-01 3.128744821486569627e+00
-1.334808259587019208e-01 3.278044384741113593e+00
-1.313421828908554190e-01 3.425758028607709171e+00
-1.292035398230086951e-01 3.571326254021454982e+00
-1.270648967551621933e-01 3.714208258628806991e+00
-1.249262536873154694e-01 3.853885914916689526e+00
-1.227876106194689676e-01 3.989867325941141463e+00
-1.206489675516224658e-01 4.121689936114388608e+00
-1.185103244837757419e-01 4.248923183429880623e+00
-1.163716814159292401e-01 4.371170687879845751e+00
-1.142330383480825162e-01 4.488071978524861727e+00
-1.120943952802360144e-01 4.599303768612291954e+00
-1.099557522123892905e-01 4.704580794245918796e+00
-1.078171091445427887e-01 4.803656237346715763e+00
-1.056784660766960648e-01 4.896321758000468982e+00
-1.035398230088495630e-01 4.982407164773823283e+00
-1.014011799410028392e-01 5.061779754224295047e+00
-9.926253687315633734e-02 5.134343352678456540e+00
-9.712389380530961347e-02 5.200037094457643505e+00
-9.498525073746311165e-02 5.258833971165732812e+00
-9.284660766961638778e-02 5.310739186481554519e+00
-9.070796460176988596e-02 5.355788350202634440e+00
-8.856932153392316209e-02 5.394045544137775927e+00
-8.643067846607666027e-02 5.425601290923316888e+00
-8.429203539822993640e-02 5.450570455011619408e+00
-8.215339233038343458e-02 5.469090103022325344e+00
-8.001474926253671072e-02 5.481317348420327029e+00
-7.787610619469020889e-02 5.487427203148879329e+00
-7.573746312684348503e-02 5.487610456453019481e+00
-7.359882005899698321e-02 5.482071598729593376e+00
-7.146017699115048138e-02 5.471026805866617160e+00
-6.932153392330375752e-02 5.454701997230793964e+00
-6.718289085545725570e-02 5.433330978249880872e+00
-6.504424778761053183e-02 5.407153676437937762e+00
-6.290560471976403001e-02 5.376414477748983067e+00
-6.076696165191730614e-02 5.341360668325886074e+00
-5.862831858407080432e-02 5.302240985044328170e+00
-5.648967551622408045e-02 5.259304276746012974e+00
-5.435103244837757863e-02 5.212798276705493450e+00
-5.221238938053085477e-02 5.162968485682994491e+00
-5.007374631268435294e-02 5.110057163877491426e+00
-4.793510324483762908e-02 5.054302429202282454e+00
-4.579646017699112726e-02 4.995937458553342481e+00
-4.365781710914440339e-02 4.935189788119049403e+00
-4.151917404129790157e-02 4.872280708281651940e+00
-3.938053097345117770e-02 4.807424748272094206e+00
-3.724188790560467588e-02 4.740829245454915686e+00
-3.510324483775795201e-02 4.672693993925419065e+00
-3.296460176991145019e-02 4.603210966988909192e+00
-3.082595870206472632e-02 4.532564108051287732e+00
-2.868731563421822450e-02 4.460929184472073317e+00
-2.654867256637172268e-02 4.388473699007239048e+00
-2.441002949852499881e-02 4.315356853589988440e+00
-2.227138643067849699e-02 4.241729560357381246e+00
-2.013274336283177313e-02 4.167734495020025243e+00
-1.799410029498527130e-02 4.093506187886990944e+00
-1.585545722713854744e-02 4.019171148090451950e+00
-1.371681415929204562e-02 3.944848016801143498e+00
-1.157817109144532175e-02 3.870647745480304103e+00
-9.439528023598819928e-03 3.796673795474072577e+00
-7.300884955752096062e-03 3.723022355516560467e+00
-5.162241887905594240e-03 3.649782573968156196e+00
-3.023598820058870373e-03 3.577036802869464349e+00
-8.849557522123685516e-04 3.504860851141449185e+00
1.253687315634355315e-03 3.433322972887061564e+00
3.392330383480857137e-03 3.362466039516882610e+00
5.530973451327581003e-03 3.292314514501621936e+00
7.669616519174082825e-03 3.222891087963891010e+00
9.808259587020806691e-03 3.154217150525510771e+00
1.194690265486730851e-02 3.086312807927754420e+00
1.408554572271403238e-02 3.019196897086273257e+00
1.622418879056053420e-02 2.952887003500570984e+00
1.836283185840703602e-02 2.887399479937771130e+00
2.050147492625375989e-02 2.822749466311767819e+00
2.264011799410026171e-02 2.758950910678677815e+00
2.477876106194698558e-02 2.696016591270683715e+00
2.691740412979348740e-02 2.633958139491308970e+00
2.905604719764021127e-02 2.572786063796127287e+00
3.119469026548671309e-02 2.512509774384459771e+00
3.333333333333343695e-02 2.453137608628294331e+00
3.547197640117993878e-02 2.394676857167054251e+00
3.761061946902666264e-02 2.337133790597397009e+00
3.974926253687316446e-02 2.280513686689865427e+00
4.188790560471988833e-02 2.224820858064943341e+00
4.402654867256639015e-02 2.170058680263935003e+00
4.616519174041311402e-02 2.116229620150845481e+00
4.830383480825961584e-02 2.063335264584505779e+00
5.044247787610633971e-02 2.011376349301167377e+00
5.258112094395284153e-02 1.960352787950583764e+00
5.471976401179956540e-02 1.910263701230111799e+00
5.685840707964606722e-02 1.861107446063907433e+00
5.899705014749279108e-02 1.812881644776022982e+00
6.113569321533929291e-02 1.765583214208614082e+00
6.327433628318579473e-02 1.719208394738526602e+00
6.541297935103251859e-02 1.673752779147496872e+00
6.755162241887902042e-02 1.629211341303897997e+00
6.969026548672574428e-02 1.585578464615126748e+00
7.182890855457224610e-02 1.542847970213127029e+00
7.396755162241896997e-02 1.501013144836393920e+00
7.610619469026547179e-02 1.460066768374935320e+00
7.824483775811219566e-02 1.420001141045890369e+00
8.038348082595869748e-02 1.380808110170411274e+00
8.252212389380542135e-02 1.342479096523401472e+00
8.466076696165192317e-02 1.305005120230859017e+00
8.679941002949864703e-02 1.268376826190361628e+00
8.893805309734514886e-02 1.232584508993133987e+00
9.107669616519187272e-02 1.197618137327137733e+00
9.321533923303837454e-02 1.163467377843319772e+00
9.535398230088509841e-02 1.130121618467990086e+00
9.749262536873160023e-02 1.097569991146992274e+00
9.963126843657832410e-02 1.065801394008139669e+00
1.017699115044248259e-01 1.034804512930739051e+00
1.039085545722713277e-01 1.004567842512040121e+00
1.060471976401182737e-01 9.750797064224899779e-01
1.081858407079647755e-01 9.463282771426906326e-01
1.103244837758112773e-01 9.183015950767038360e-01
1.124631268436577791e-01 8.909875870376412488e-01
1.146017699115042809e-01 8.643740841027075517e-01
1.167404129793512269e-01 8.384488388362723033e-01
1.188790560471977287e-01 8.131995418806577947e-01
1.210176991150442305e-01 7.886138379155681610e-01
1.231563421828907323e-01 7.646793409881157411e-01
1.252949852507376782e-01 7.413836492165467584e-01
1.274336283185841801e-01 7.187143588717247455e-01
1.295722713864306819e-01 6.966590778413327412e-01
1.317109144542771837e-01 6.752054384827543831e-01
1.338495575221241296e-01 6.543411098713837193e-01
1.359882005899706314e-01 6.340538094519182488e-01
1.381268436578171332e-01 6.143313141009105749e-01
1.402654867256636351e-01 5.951614706096062246e-01
1.424041297935105810e-01 5.765322055967110337e-01
1.445427728613570828e-01 5.584315348613361207e-01
1.466814159292035846e-01 5.408475721868667430e-01
1.488200589970500864e-01 5.237685376071742338e-01
1.509587020648970324e-01 5.071827651468160392e-01
1.530973451327435342e-01 4.910787100475176303e-01
1.552359882005900360e-01 4.754449554933984357e-01
1.573746312684365378e-01 4.602702188479381173e-01
1.595132743362830396e-01 4.455433574157959264e-01
1.616519174041299856e-01 4.312533737429446457e-01
1.637905604719764874e-01 4.173894204688228804e-01
1.659292035398229892e-01 4.039408047442188954e-01
1.680678466076694910e-01 3.908969922290163046e-01
1.702064896755164369e-01 3.782476106837378005e-01
1.723451327433629388e-01 3.659824531691478477e-01
1.744837758112094406e-01 3.540914808680087900e-01
1.766224188790559424e-01 3.425648255432854894e-01
1.787610619469028883e-01 3.313927916469194823e-01
1.808997050147493901e-01 3.205658580933159474e-01
1.830383480825958920e-01 3.100746797116168407e-01
1.851769911504423938e-01 2.999100883907121484e-01
1.873156342182893397e-01 2.900630939308062040e-01
1.894542772861358415e-01 2.805248846152605391e-01
1.915929203539823433e-01 2.712868275161612885e-01
1.937315634218288452e-01 2.623404685470185349e-01
1.958702064896757911e-01 2.536775322756516515e-01
1.980088495575222929e-01 2.452899215101815578e-01
2.001474926253687947e-01 2.371697166707573412e-01
2.022861356932152965e-01 2.293091749594360906e-01
2.044247787610617983e-01 2.217007293403182866e-01
2.065634218289087443e-01 2.143369873417657612e-01
2.087020648967552461e-01 2.072107296922873765e-01
2.108407079646017479e-01 2.003149088012778078e-01
2.129793510324482497e-01 1.936426470955857071e-01
2.151179941002951956e-01 1.871872352224851765e-01
2.172566371681416975e-01 1.809421301293621387e-01
2.193952802359881993e-01 1.749009530300287829e-01
2.215339233038347011e-01 1.690574872673170359e-01
2.236725663716816470e-01 1.634056760812112319e-01
2.258112094395281488e-01 1.579396202914543357e-01
2.279498525073746507e-01 1.526535759032168482e-01
2.300884955752211525e-01 1.475419516441048295e-01
2.322271386430680984e-01 1.425993064403787147e-01
2.343657817109146002e-01 1.378203468399993303e-01
2.365044247787611020e-01 1.331999243896837271e-01
2.386430678466076039e-01 1.287330329729177714e-01
2.407817109144545498e-01 1.244148061154543572e-01
2.429203539823010516e-01 1.202405142645696923e-01
2.450589970501475534e-01 1.162055620479673784e-01
2.471976401179940552e-01 1.123054855179567713e-01
2.493362831858405571e-01 1.085359493861966229e-01
2.514749262536875030e-01 1.048927442539750593e-01
2.536135693215340048e-01 1.013717838427499185e-01
2.557522123893805066e-01 9.796910222932524170e-02
2.578908554572270084e-01 9.468085108980774101e-02
2.600294985250739543e-01 9.150329695618134029e-02
2.621681415929204562e-01 8.843281848909241571e-02
2.643067846607669580e-01 8.546590377016020923e-02
2.664454277286134598e-01 8.259914761690800855e-02
2.685840707964604057e-01 7.982924892313918164e-02
2.707227138643069075e-01 7.715300802737884434e-02
2.728613569321534094e-01 7.456732411175387432e-02
2.749999999999999112e-01 7.206919263349863269e-02
2.771386430678468571e-01 6.965570279104504881e-02
2.792772861356933589e-01 6.732403502647718585e-02
2.814159292035398607e-01 6.507145856593263278e-02
2.835545722713863626e-01 6.289532899936553512e-02
2.856932153392333085e-01 6.079308590090860137e-02
2.878318584070798103e-01 5.876225049091809288e-02
2.899705014749263121e-01 5.680042334062333775e-02
2.921091445427728139e-01 5.490528212017665999e-02
2.942477876106193158e-01 5.307457939074378822e-02
2.963864306784662617e-01 5.130614044115818645e-02
2.985250737463127635e-01 4.959786116954565532e-02
3.006637168141592653e-01 4.794770601020081208e-02
3.028023598820057671e-01 4.635370590590575518e-02
3.049410029498527130e-01 4.481395632577151594e-02
3.070796460176992149e-01 4.332661532860154763e-02
3.092182890855457167e-01 4.188990167167896267e-02
3.113569321533922185e-01 4.050209296481542542e-02
3.134955752212391644e-01 3.916152386941610525e-02
3.156342182890856662e-01 3.786658434225327607e-02
3.177728613569321681e-01 3.661571792357662392e-02
3.199115044247786699e-01 3.540742006913793344e-02
3.220501474926256158e-01 3.424023652565287568e-02
3.241887905604721176e-01 3.311276174917608672e-02
3.263274336283186194e-01 3.202363736582770209e-02
3.284660766961651213e-01 3.097155067427138572e-02
3.306047197640120672e-01 2.995523318930799414e-02
3.327433628318585690e-01 2.897345922592758222e-02
3.348820058997050708e-01 2.802504452312504571e-02
3.370206489675515726e-01 2.710884490677679601e-02
3.391592920353980745e-01 2.622375499084703826e-02
3.412979351032450204e-01 2.536870691617899853e-02
3.434365781710915222e-01 2.454266912611814677e-02
3.455752212389380240e-01 2.374464517819757994e-02
3.477138643067845258e-01 2.297367259111190302e-02
3.498525073746314717e-01 2.222882172620164326e-02
3.519911504424779736e-01 2.150919470266361710e-02
3.541297935103244754e-01 2.081392434570153785e-02
3.562684365781709772e-01 2.014217316683670697e-02
3.584070796460179231e-01 1.949313237559274770e-02
3.605457227138644249e-01 1.886602092177918494e-02
3.626843657817109268e-01 1.826008456759772164e-02
3.648230088495574286e-01 1.767459498880680907e-02
3.669616519174043745e-01 1.710884890418185381e-02
3.691002949852508763e-01 1.656216723252188633e-02
3.712389380530973781e-01 1.603389427645836654e-02
3.733775811209438800e-01 1.552339693233486043e-02
3.755162241887908259e-01 1.503006392543598975e-02
3.776548672566373277e-01 1.455330506985566714e-02
3.797935103244838295e-01 1.409255055230446835e-02
3.819321533923303313e-01 1.364725023917343766e-02
3.840707964601768332e-01 1.321687300617889298e-02
3.862094395280237791e-01 1.280090608992869028e-02
3.883480825958702809e-01 1.239885446076466682e-02
3.904867256637167827e-01 1.201024021624624329e-02
3.926253687315632845e-01 1.163460199465820785e-02
3.947640117994102305e-01 1.127149440793599744e-02
3.969026548672567323e-01 1.092048749341817220e-02
3.990412979351032341e-01 1.058116618384775595e-02
4.011799410029497359e-01 1.025312979506044081e-02
4.033185840707966818e-01 9.935991530809465747e-03
4.054572271386431837e-01 9.629378004192891763e-03
4.075958702064896855e-01 9.332928775159626475e-03
4.097345132743361873e-01 9.046295903589123000e-03
4.118731563421831332e-01 8.769143517448381095e-03
4.140117994100296350e-01 8.501147395546191851e-03
4.161504424778761368e-01 8.241994564416484786e-03
4.182890855457226387e-01 7.991382908877022254e-03
4.204277286135695846e-01 7.749020795820141250e-03
4.225663716814160864e-01 7.514626710808220388e-03
4.247050147492625882e-01 7.287928907054984015e-03
4.268436578171090900e-01 7.068665066389456450e-03
4.289823008849555919e-01 6.856581971809302782e-03
4.311209439528025378e-01 6.651435191242154737e-03
4.332595870206490396e-01 6.452988772146003166e-03
4.353982300884955414e-01 6.261014946588750602e-03
4.375368731563420432e-01 6.075293846460973202e-03
4.396755162241889892e-01 5.895613228483681696e-03
4.418141592920354910e-01 5.721768208685127678e-03
4.439528023598819928e-01 5.553561006029660539e-03
4.460914454277284946e-01 5.390800694892668860e-03
4.482300884955754405e-01 5.233302966084449857e-03
4.503687315634219424e-01 5.080889896135150352e-03
4.525073746312684442e-01 4.933389724562664037e-03
4.546460176991149460e-01 4.790636638853983630e-03
4.567846607669618919e-01 4.652470566898579858e-03
4.589233038348083937e-01 4.518736976621959278e-03
4.610619469026548956e-01 4.389286682574372947e-03
4.632005899705013974e-01 4.263975659238495100e-03
4.653392330383483433e-01 4.142664860827260931e-03
4.674778761061948451e-01 4.025220047350731335e-03
4.696165191740413469e-01 3.911511616737223251e-03
4.717551622418878488e-01 3.801414442802473863e-03
4.738938053097343506e-01 3.694807718866408713e-03
4.760324483775812965e-01 3.591574806823200419e-03
4.781710914454277983e-01 3.491603091478510338e-03
4.803097345132743001e-01 3.394783839971896467e-03
4.824483775811208019e-01 3.301012066110325851e-03
4.845870206489677479e-01 3.210186399442759540e-03
4.867256637168142497e-01 3.122208958913076562e-03
4.888643067846607515e-01 3.036985230932848223e-03
4.910029498525072533e-01 2.954423951721365637e-03
4.931415929203541992e-01 2.874436993765561339e-03
4.952802359882007011e-01 2.796939256256967491e-03
4.974188790560472029e-01 2.721848559367843080e-03
4.995575221238937047e-01 2.649085542233625429e-03
5.016961651917406506e-01 2.578573564513069773e-03
5.038348082595871524e-01 2.510238611401249646e-03
5.059734513274336543e-01 2.444009201976151107e-03
5.081120943952801561e-01 2.379816300762423089e-03
5.102507374631271020e-01 2.317593232400319645e-03
5.123893805309736038e-01 2.257275599311646744e-03
5.145280235988201056e-01 2.198801202258456305e-03
5.166666666666666075e-01 2.142109963693019162e-03
5.188053097345131093e-01 2.087143853802308005e-03
5.209439528023600552e-01 2.033846819152104832e-03
5.230825958702065570e-01 1.982164713840598846e-03
5.252212389380530588e-01 1.932045233072945782e-03
5.273598820058995607e-01 1.883437849072566988e-03
5.294985250737465066e-01 1.836293749247155764e-03
5.316371681415930084e-01 1.790565776530435695e-03
5.337758112094395102e-01 1.746208371823125853e-03
5.359144542772860120e-01 1.703177518459898657e-03
5.380530973451329579e-01 1.661430688630825955e-03
5.401917404129794598e-01 1.620926791688830776e-03
5.423303834808259616e-01 1.581626124276936437e-03
5.444690265486724634e-01 1.543490322211161191e-03
5.466076696165194093e-01 1.506482314057562251e-03
5.487463126843659111e-01 1.470566276343473035e-03
5.508849557522124130e-01 1.435707590345813075e-03
5.530235988200589148e-01 1.401872800400580420e-03
5.551622418879058607e-01 1.369029573680202640e-03
5.573008849557523625e-01 1.337146661386808813e-03
5.594395280235988643e-01 1.306193861311662381e-03
5.615781710914453662e-01 1.276141981712507461e-03
5.637168141592918680e-01 1.246962806462367053e-03
5.658554572271388139e-01 1.218629061424854072e-03
5.679941002949853157e-01 1.191114382012817274e-03
5.701327433628318175e-01 1.164393281888477299e-03
5.722713864306783194e-01 1.138441122764702936e-03
5.744100294985252653e-01 1.113234085268658725e-03
5.765486725663717671e-01 1.088749140830177781e-03
5.786873156342182689e-01 1.064964024558672428e-03
5.808259587020647707e-01 1.041857209073709933e-03
5.829646017699117166e-01 1.019407879255435122e-03
5.851032448377582185e-01 9.975959078825011577e-04
5.872418879056047203e-01 9.764018321258513024e-04
5.893805309734512221e-01 9.558068308684362436e-04
5.915191740412981680e-01 9.357927028213609659e-04
5.936578171091446698e-01 9.163418454085008958e-04
5.957964601769911717e-01 8.974372343923016360e-04
5.979351032448376735e-01 8.790624042145770735e-04
6.000737463126846194e-01 8.612014290271185427e-04
6.022123893805311212e-01 8.438389043875631776e-04
6.043510324483776230e-01 8.269599295971540769e-04
6.064896755162241249e-01 8.105500906575865234e-04
6.086283185840710708e-01 7.945954438251472520e-04
6.107669616519175726e-01 7.790824997409996188e-04
6.129056047197640744e-01 7.639982081172370931e-04
6.150442477876105762e-01 7.493299429591455214e-04
6.171828908554570781e-01 7.350654883046569329e-04
6.193215339233040240e-01 7.211930244627867952e-04
6.214601769911505258e-01 7.077011147334237497e-04
6.235988200589970276e-01 6.945786925915279145e-04
6.257374631268435294e-01 6.818150493192641709e-04
6.278761061946904753e-01 6.693998220704187830e-04
6.300147492625369772e-01 6.573229823517611403e-04
6.321533923303834790e-01 6.455748249066712869e-04
6.342920353982299808e-01 6.341459569869431620e-04
6.364306784660769267e-01 6.230272879990728964e-04
6.385693215339234285e-01 6.122100195117944916e-04
6.407079646017699304e-01 6.016856356123120473e-04
6.428466076696164322e-01 5.914458935988525876e-04
6.449852507374633781e-01 5.814828149978486412e-04
6.471238938053098799e-01 5.717886768942685499e-04
6.492625368731563817e-01 5.623560035641886248e-04
6.514011799410028836e-01 5.531775583990629569e-04
6.535398230088498295e-01 5.442463361113617989e-04
6.556784660766963313e-01 5.355555552119565469e-04
6.578171091445428331e-01 5.270986507495187658e-04
6.599557522123893349e-01 5.188692673030593887e-04
6.620943952802358368e-01 5.108612522186095368e-04
6.642330383480827827e-01 5.030686490816052656e-04
6.663716814159292845e-01 4.954856914169318907e-04
6.685103244837757863e-01 4.881067966084604894e-04
6.706489675516222881e-01 4.809265600307603824e-04
6.727876106194692341e-01 4.739397493854856217e-04
6.749262536873157359e-01 4.671412992354769650e-04
6.770648967551622377e-01 4.605263057296433721e-04
6.792035398230087395e-01 4.540900215122512201e-04
6.813421828908556854e-01 4.478278508101328839e-04
6.834808259587021873e-01 4.417353446918331392e-04
6.856194690265486891e-01 4.358081964927421471e-04
6.877581120943951909e-01 4.300422374006926374e-04
6.898967551622421368e-01 4.244334321964034424e-04
6.920353982300886386e-01 4.189778751436675050e-04
6.941740412979351404e-01 4.136717860241828659e-04
6.963126843657816423e-01 4.085115063121055423e-04
6.984513274336285882e-01 4.034934954837477209e-04
7.005899705014750900e-01 3.986143274577986042e-04
7.027286135693215918e-01 3.938706871617813558e-04
7.048672566371680936e-01 3.892593672205769528e-04
7.070058997050145955e-01 3.847772647628948687e-04
7.091445427728615414e-01 3.804213783419501445e-04
7.112831858407080432e-01 3.761888049664678419e-04
7.134218289085545450e-01 3.720767372385511249e-04
7.155604719764010468e-01 3.680824605948583052e-04
7.176991150442479928e-01 3.642033506478216062e-04
7.198377581120944946e-01 3.604368706237162981e-04
7.219764011799409964e-01 3.567805688944488654e-04
7.241150442477874982e-01 3.532320766001618506e-04
7.262536873156344441e-01 3.497891053597999129e-04
7.283923303834809460e-01 3.464494450669018200e-04
7.305309734513274478e-01 3.432109617679949317e-04
7.326696165191739496e-01 3.400715956210926530e-04
7.348082595870208955e-01 3.370293589318377851e-04
7.369469026548673973e-01 3.340823342650350619e-04
7.390855457227138992e-01 3.312286726292955038e-04
7.412241887905604010e-01 3.284665917326737338e-04
7.433628318584073469e-01 3.257943743072522582e-04
7.455014749262538487e-01 3.232103665007599611e-04
7.476401179941003505e-01 3.207129763332755264e-04
7.497787610619468524e-01 3.183006722172741255e-04
7.519174041297933542e-01 3.159719815393033002e-04
7.540560471976403001e-01 3.137254893016434149e-04
7.561946902654868019e-01 3.115598368223729958e-04
7.583333333333333037e-01 3.094737204923955049e-04
7.604719764011798055e-01 3.074658905879840403e-04
7.626106194690267515e-01 3.055351501374546142e-04
7.647492625368732533e-01 3.036803538408214633e-04
7.668879056047197551e-01 3.019004070410413005e-04
7.690265486725662569e-01 3.001942647458443261e-04
7.711651917404132028e-01 2.985609306989887575e-04
7.733038348082597047e-01 2.969994564999447182e-04
7.754424778761062065e-01 2.955089407710255250e-04
7.775811209439527083e-01 2.940885283710862707e-04
7.797197640117996542e-01 2.927374096549244568e-04
7.818584070796461560e-01 2.914548197775802558e-04
7.839970501474926579e-01 2.902400380428694047e-04
7.861356932153391597e-01 2.890923872953624096e-04
7.882743362831861056e-01 2.880112333553277548e-04
7.904129793510326074e-01 2.869959844959396448e-04
7.925516224188791092e-01 2.860460909623208244e-04
7.946902654867256111e-01 2.851610445319374665e-04
7.968289085545721129e-01 2.843403781159391176e-04
7.989675516224190588e-01 2.835836654010714941e-04
8.011061946902655606e-01 2.828905205319079928e-04
8.032448377581120624e-01 2.822605978331006217e-04
8.053834808259585643e-01 2.816935915714696682e-04
8.075221238938055102e-01 2.811892357578179387e-04
8.096607669616520120e-01 2.807473039883239072e-04
8.117994100294985138e-01 2.803676093255096525e-04
8.139380530973450156e-01 2.800500042187971362e-04
8.160766961651919615e-01 2.797943804646976546e-04
8.182153392330384634e-01 2.796006692067724278e-04
8.203539823008849652e-01 2.794688409755239212e-04
8.224926253687314670e-01 2.793989057684743136e-04
8.246312684365784129e-01 2.793909131706630755e-04
8.267699115044249147e-01 2.794449525159633510e-04
8.289085545722714166e-01 2.795611530895861490e-04
8.310471976401179184e-01 2.797396843722032623e-04
8.331858407079648643e-01 2.799807563262673884e-04
8.353244837758113661e-01 2.802846197250328489e-04
8.374631268436578679e-01 2.806515665249789812e-04
8.396017699115043698e-01 2.810819302823043975e-04
8.417404129793508716e-01 2.815760866142284465e-04
8.438790560471978175e-01 2.821344537060259481e-04
8.460176991150443193e-01 2.827574928645824968e-04
8.481563421828908211e-01 2.834457091195369694e-04
8.502949852507373230e-01 2.841996518729897315e-04
8.524336283185842689e-01 2.850199155989428172e-04
8.545722713864307707e-01 2.859071405936245368e-04
8.567109144542772725e-01 2.868620137780217793e-04
8.588495575221237743e-01 2.878852695539441467e-04
8.609882005899707202e-01 2.889776907150767090e-04
8.631268436578172221e-01 2.901401094145333523e-04
8.652654867256637239e-01 2.913734081905845676e-04
8.674041297935102257e-01 2.926785210522239288e-04
8.695427728613571716e-01 2.940564346263959674e-04
8.716814159292036734e-01 2.955081893688694798e-04
8.738200589970501753e-01 2.970348808406763339e-04
8.759587020648966771e-01 2.986376610523253810e-04
8.780973451327436230e-01 3.003177398780594587e-04
8.802359882005901248e-01 3.020763865424249935e-04
8.823746312684366266e-01 3.039149311817639846e-04
8.845132743362831285e-01 3.058347664831971699e-04
8.866519174041296303e-01 3.078373494038320261e-04
8.887905604719765762e-01 3.099242029731784625e-04
8.909292035398230780e-01 3.120969181817307759e-04
8.930678466076695798e-01 3.143571559589980208e-04
8.952064896755160817e-01 3.167066492442689556e-04
8.973451327433630276e-01 3.191472051537311196e-04
8.994837758112095294e-01 3.216807072475614832e-04
9.016224188790560312e-01 3.243091179009609140e-04
9.037610619469025330e-01 3.270344807831133808e-04
9.058997050147494789e-01 3.298589234484985890e-04
9.080383480825959808e-01 3.327846600448926338e-04
9.101769911504424826e-01 3.358139941428699865e-04
9.123156342182889844e-01 3.389493216917428614e-04
9.144542772861359303e-01 3.421931341070351775e-04
9.165929203539824321e-01 3.455480214950589803e-04
9.187315634218289340e-01 3.490166760201713811e-04
9.208702064896754358e-01 3.526018954207536240e-04
9.230088495575223817e-01 3.563065866801730028e-04
9.251474926253688835e-01 3.601337698592280189e-04
9.272861356932153853e-01 3.640865820971030597e-04
9.294247787610618872e-01 3.681682817878878262e-04
9.315634218289083890e-01 3.723822529403758791e-04
9.337020648967553349e-01 3.767320097289604324e-04
9.358407079646018367e-01 3.812212012440737070e-04
9.379793510324483385e-01 3.858536164507580276e-04
9.401179941002948404e-01 3.906331893646729073e-04
9.422566371681417863e-01 3.955640044550039073e-04
9.443952802359882881e-01 4.006503022844195628e-04
9.465339233038347899e-01 4.058964853965815896e-04
9.486725663716812917e-01 4.113071244623604729e-04
9.508112094395282377e-01 4.168869646962289257e-04
9.529498525073747395e-01 4.226409325551775623e-04
9.550884955752212413e-01 4.285741427327935003e-04
9.572271386430677431e-01 4.346919054619939192e-04
9.593657817109146890e-01 4.409997341404543986e-04
9.615044247787611909e-01 4.475033532934481273e-04
9.636430678466076927e-01 4.542087068896343374e-04
9.657817109144541945e-01 4.611219670260657149e-04
9.679203539823011404e-01 4.682495429993718751e-04
9.700589970501476422e-01 4.755980907810780037e-04
9.721976401179941440e-01 4.831745229159076292e-04
9.743362831858406459e-01 4.909860188626499452e-04
9.764749262536871477e-01 4.990400357984631175e-04
9.786135693215340936e-01 5.073443199082030772e-04
9.807522123893805954e-01 5.159069181816950669e-04
9.828908554572270972e-01 5.247361907429417714e-04
9.850294985250735991e-01 5.338408237363422102e-04
9.871681415929205450e-01 5.432298427965176870e-04
9.893067846607670468e-01 5.529126271293507500e-04
9.914454277286135486e-01 5.628989242335465104e-04
9.935840707964600504e-01 5.731988652934293799e-04
9.957227138643069964e-01 5.838229812749501932e-04
9.978613569321534982e-01 5.947822197590281121e-04
1.000000000000000000e+00 6.060879625477375325e-04
