1.000000000000000000e+00
1.000000000000000000e+00
1.000000000000000000e+00
1.000000000000000000e+00
1.000000000000000000e+00
1.000000000000000000e+00
1.000000000000000000e+00
9.945923754327119504e-01
9.945923754327119504e-01
9.945923754327119504e-01
9.945923754327119504e-01
9.919072874791804439e-01
9.919072874791804439e-01
9.919072874791804439e-01
9.919072874791804439e-01
9.919072874791804439e-01
9.919072874791804439e-01
9.919072874791804439e-01
9.910842491186191427e-01
9.910842491186191427e-01
9.910842491186191427e-01
9.904627158677218324e-01
9.904627158677218324e-01
9.904627158677218324e-01
9.904627158677218324e-01
9.904627158677218324e-01
9.904627158677218324e-01
9.904627158677218324e-01
9.904627158677218324e-01
9.904627158677218324e-01
9.904627158677218324e-01
9.904627158677218324e-01
9.904627158677218324e-01
9.904627158677218324e-01
9.904627158677218324e-01
9.904627158677218324e-01
9.904627158677218324e-01
9.904627158677218324e-01
9.904627158677218324e-01
9.904627158677218324e-01
9.904627158677218324e-01
9.904627158677218324e-01
9.904627158677218324e-01
9.904627158677218324e-01
9.904627158677218324e-01
9.904627158677218324e-01
9.904627158677218324e-01
9.904627158677218324e-01
9.904627158677218324e-01
9.904627158677218324e-01
9.904627158677218324e-01
9.904627158677218324e-01
9.904627158677218324e-01
9.904627158677218324e-01
9.904627158677218324e-01
9.904627158677218324e-01
9.904627158677218324e-01
9.904627158677218324e-01
9.904627158677218324e-01
9.904627158677218324e-01
9.904627158677218324e-01
9.904627158677218324e-01
9.904627158677218324e-01
9.904627158677218324e-01
9.904627158677218324e-01
9.904627158677218324e-01
9.904627158677218324e-01
9.904627158677218324e-01
9.904627158677218324e-01
9.904627158677218324e-01
9.904627158677218324e-01
9.904627158677218324e-01
9.904627158677218324e-01
9.904627158677218324e-01
9.904627158677218324e-01
9.904627158677218324e-01
9.904627158677218324e-01
9.904627158677218324e-01
9.904627158677218324e-01
9.904627158677218324e-01
9.904627158677218324e-01
9.904627158677218324e-01
9.904627158677218324e-01
9.904627158677218324e-01
9.904627158677218324e-01
9.904627158677218324e-01
9.904627158677218324e-01
9.904627158677218324e-01
9.904627158677218324e-01
9.904627158677218324e-01
9.904627158677218324e-01
9.904627158677218324e-01
9.904627158677218324e-01
9.904627158677218324e-01
9.904627158677218324e-01
9.904627158677218324e-01
9.904627158677218324e-01
9.904627158677218324e-01
9.904627158677218324e-01
9.904627158677218324e-01
9.904627158677218324e-01
9.904627158677218324e-01
9.904627158677218324e-01
9.904627158677218324e-01
9.904627158677218324e-01
9.904627158677218324e-01
9.904627158677218324e-01
9.904627158677218324e-01
9.904627158677218324e-01
9.904627158677218324e-01
9.904627158677218324e-01
9.904627158677218324e-01
9.904627158677218324e-01
9.904627158677218324e-01
9.904627158677218324e-01
9.904627158677218324e-01
9.904627158677218324e-01
9.904627158677218324e-01
9.904627158677218324e-01
9.904627158677218324e-01
9.904627158677218324e-01
9.904627158677218324e-01
9.904627158677218324e-01
9.904627158677218324e-01
9.904627158677218324e-01
9.904627158677218324e-01
9.904627158677218324e-01
9.904627158677218324e-01
9.904627158677218324e-01
9.904627158677218324e-01
9.904627158677218324e-01
9.904627158677218324e-01
9.904627158677218324e-01
9.904627158677218324e-01
9.904627158677218324e-01
9.904627158677218324e-01
9.904627158677218324e-01
9.904627158677218324e-01
9.904627158677218324e-01
9.904627158677218324e-01
9.904627158677218324e-01
9.904627158677218324e-01
9.904627158677218324e-01
9.904627158677218324e-01
9.904627158677218324e-01
9.904627158677218324e-01
9.904627158677218324e-01
9.904627158677218324e-01
9.904627158677218324e-01
9.904627158677218324e-01
9.904627158677218324e-01
9.904627158677218324e-01
9.904627158677218324e-01
9.904627158677218324e-01
9.904627158677218324e-01
9.904627158677218324e-01
9.904627158677218324e-01
9.904627158677218324e-01
9.904627158677218324e-01
9.904627158677218324e-01
9.904627158677218324e-01
9.904627158677218324e-01
9.904627158677218324e-01
9.904627158677218324e-01
9.904627158677218324e-01
9.904627158677218324e-01
9.904627158677218324e-01
9.904627158677218324e-01
9.904627158677218324e-01
9.904627158677218324e-01
9.904627158677218324e-01
9.904627158677218324e-01
9.904627158677218324e-01
9.904627158677218324e-01
9.904627158677218324e-01
9.904627158677218324e-01
9.904627158677218324e-01
9.904627158677218324e-01
9.904627158677218324e-01
9.904627158677218324e-01
9.904627158677218324e-01
9.904627158677218324e-01
9.904627158677218324e-01
9.904627158677218324e-01
9.904627158677218324e-01
9.904627158677218324e-01
9.904627158677218324e-01
9.904627158677218324e-01
9.904627158677218324e-01
9.904627158677218324e-01
9.904627158677218324e-01
9.904627158677218324e-01
9.904627158677218324e-01
9.904627158677218324e-01
9.904627158677218324e-01
9.904627158677218324e-01
9.904627158677218324e-01
9.904627158677218324e-01
9.904627158677218324e-01
9.904627158677218324e-01
9.904627158677218324e-01
9.904627158677218324e-01
9.904627158677218324e-01
9.904627158677218324e-01
9.904627158677218324e-01
9.904627158677218324e-01
9.904627158677218324e-01
9.904627158677218324e-01
9.904627158677218324e-01
9.904627158677218324e-01
9.904627158677218324e-01
9.904627158677218324e-01
9.904627158677218324e-01
9.904627158677218324e-01
9.904627158677218324e-01
9.904627158677218324e-01
9.904627158677218324e-01
9.904627158677218324e-01
9.904627158677218324e-01
9.904627158677218324e-01
9.904627158677218324e-01
9.904627158677218324e-01
9.904627158677218324e-01
9.904627158677218324e-01
9.904627158677218324e-01
9.904627158677218324e-01
9.904627158677218324e-01
9.904627158677218324e-01
9.904627158677218324e-01
9.904627158677218324e-01
9.904627158677218324e-01
9.904627158677218324e-01
9.904627158677218324e-01
9.904627158677218324e-01
9.904627158677218324e-01
9.904627158677218324e-01
9.904627158677218324e-01
9.904627158677218324e-01
9.904627158677218324e-01
9.904627158677218324e-01
9.904627158677218324e-01
9.904627158677218324e-01
9.904627158677218324e-01
9.904627158677218324e-01
9.904627158677218324e-01
9.904627158677218324e-01
9.904627158677218324e-01
9.904627158677218324e-01
9.904627158677218324e-01
9.904627158677218324e-01
