-1.899999999999999911e+00 0.000000000000000000e+00
-1.897861356932153409e+00 0.000000000000000000e+00
-1.895722713864306685e+00 0.000000000000000000e+00
-1.893584070796460184e+00 0.000000000000000000e+00
-1.891445427728613460e+00 0.000000000000000000e+00
-1.889306784660766958e+00 0.000000000000000000e+00
-1.887168141592920234e+00 0.000000000000000000e+00
-1.885029498525073732e+00 0.000000000000000000e+00
-1.882890855457227008e+00 0.000000000000000000e+00
-1.880752212389380507e+00 0.000000000000000000e+00
-1.878613569321533783e+00 0.000000000000000000e+00
-1.876474926253687281e+00 0.000000000000000000e+00
-1.874336283185840557e+00 0.000000000000000000e+00
-1.872197640117994055e+00 0.000000000000000000e+00
-1.870058997050147331e+00 0.000000000000000000e+00
-1.867920353982300830e+00 0.000000000000000000e+00
-1.865781710914454106e+00 0.000000000000000000e+00
-1.863643067846607604e+00 0.000000000000000000e+00
-1.861504424778760880e+00 0.000000000000000000e+00
-1.859365781710914378e+00 0.000000000000000000e+00
-1.857227138643067654e+00 0.000000000000000000e+00
-1.855088495575221152e+00 0.000000000000000000e+00
-1.852949852507374651e+00 0.000000000000000000e+00
-1.850811209439527927e+00 0.000000000000000000e+00
-1.848672566371681425e+00 0.000000000000000000e+00
-1.846533923303834701e+00 0.000000000000000000e+00
-1.844395280235988199e+00 0.000000000000000000e+00
-1.842256637168141475e+00 0.000000000000000000e+00
-1.840117994100294974e+00 0.000000000000000000e+00
-1.837979351032448250e+00 0.000000000000000000e+00
-1.835840707964601748e+00 0.000000000000000000e+00
-1.833702064896755024e+00 0.000000000000000000e+00
-1.831563421828908522e+00 0.000000000000000000e+00
-1.829424778761061798e+00 0.000000000000000000e+00
-1.827286135693215297e+00 0.000000000000000000e+00
-1.825147492625368573e+00 0.000000000000000000e+00
-1.823008849557522071e+00 0.000000000000000000e+00
-1.820870206489675347e+00 0.000000000000000000e+00
-1.818731563421828845e+00 0.000000000000000000e+00
-1.816592920353982121e+00 0.000000000000000000e+00
-1.814454277286135619e+00 0.000000000000000000e+00
-1.812315634218288896e+00 0.000000000000000000e+00
-1.810176991150442394e+00 0.000000000000000000e+00
-1.808038348082595892e+00 0.000000000000000000e+00
-1.805899705014749168e+00 0.000000000000000000e+00
-1.803761061946902666e+00 0.000000000000000000e+00
-1.801622418879055942e+00 0.000000000000000000e+00
-1.799483775811209441e+00 0.000000000000000000e+00
-1.797345132743362717e+00 0.000000000000000000e+00
-1.795206489675516215e+00 0.000000000000000000e+00
-1.793067846607669491e+00 0.000000000000000000e+00
-1.790929203539822989e+00 0.000000000000000000e+00
-1.788790560471976265e+00 0.000000000000000000e+00
-1.786651917404129764e+00 0.000000000000000000e+00
-1.784513274336283040e+00 0.000000000000000000e+00
-1.782374631268436538e+00 0.000000000000000000e+00
-1.780235988200589814e+00 0.000000000000000000e+00
-1.778097345132743312e+00 0.000000000000000000e+00
-1.775958702064896588e+00 0.000000000000000000e+00
-1.773820058997050086e+00 0.000000000000000000e+00
-1.771681415929203363e+00 0.000000000000000000e+00
-1.769542772861356861e+00 0.000000000000000000e+00
-1.767404129793510137e+00 0.000000000000000000e+00
-1.765265486725663635e+00 0.000000000000000000e+00
-1.763126843657817133e+00 0.000000000000000000e+00
-1.760988200589970409e+00 0.000000000000000000e+00
-1.758849557522123686e+00 0.000000000000000000e+00
-1.756710914454277184e+00 0.000000000000000000e+00
-1.754572271386430682e+00 0.000000000000000000e+00
-1.752433628318583958e+00 0.000000000000000000e+00
-1.750294985250737456e+00 0.000000000000000000e+00
-1.748156342182890732e+00 0.000000000000000000e+00
-1.746017699115044230e+00 0.000000000000000000e+00
-1.743879056047197507e+00 0.000000000000000000e+00
-1.741740412979351005e+00 0.000000000000000000e+00
-1.739601769911504281e+00 0.000000000000000000e+00
-1.737463126843657779e+00 0.000000000000000000e+00
-1.735324483775811055e+00 0.000000000000000000e+00
-1.733185840707964553e+00 0.000000000000000000e+00
-1.731047197640117830e+00 0.000000000000000000e+00
-1.728908554572271328e+00 0.000000000000000000e+00
-1.726769911504424604e+00 0.000000000000000000e+00
-1.724631268436578102e+00 0.000000000000000000e+00
-1.722492625368731378e+00 0.000000000000000000e+00
-1.720353982300884876e+00 0.000000000000000000e+00
-1.718215339233038375e+00 0.000000000000000000e+00
-1.716076696165191651e+00 0.000000000000000000e+00
-1.713938053097344927e+00 0.000000000000000000e+00
-1.711799410029498425e+00 0.000000000000000000e+00
-1.709660766961651923e+00 0.000000000000000000e+00
-1.707522123893805199e+00 0.000000000000000000e+00
-1.705383480825958697e+00 0.000000000000000000e+00
-1.703244837758111974e+00 0.000000000000000000e+00
-1.701106194690265472e+00 0.000000000000000000e+00
-1.698967551622418748e+00 0.000000000000000000e+00
-1.696828908554572246e+00 0.000000000000000000e+00
-1.694690265486725522e+00 0.000000000000000000e+00
-1.692551622418879020e+00 0.000000000000000000e+00
-1.690412979351032297e+00 0.000000000000000000e+00
-1.688274336283185795e+00 0.000000000000000000e+00
-1.686135693215339071e+00 0.000000000000000000e+00
-1.683997050147492569e+00 0.000000000000000000e+00
-1.681858407079645845e+00 0.000000000000000000e+00
-1.679719764011799343e+00 0.000000000000000000e+00
-1.677581120943952619e+00 0.000000000000000000e+00
-1.675442477876106118e+00 0.000000000000000000e+00
-1.673303834808259616e+00 0.000000000000000000e+00
-1.671165191740412892e+00 0.000000000000000000e+00
-1.669026548672566168e+00 0.000000000000000000e+00
-1.666887905604719666e+00 0.000000000000000000e+00
-1.664749262536873164e+00 0.000000000000000000e+00
-1.662610619469026441e+00 0.000000000000000000e+00
-1.660471976401179939e+00 0.000000000000000000e+00
-1.658333333333333215e+00 0.000000000000000000e+00
-1.656194690265486713e+00 0.000000000000000000e+00
-1.654056047197639989e+00 0.000000000000000000e+00
-1.651917404129793487e+00 0.000000000000000000e+00
-1.649778761061946764e+00 0.000000000000000000e+00
-1.647640117994100262e+00 0.000000000000000000e+00
-1.645501474926253538e+00 0.000000000000000000e+00
-1.643362831858407036e+00 0.000000000000000000e+00
-1.641224188790560312e+00 0.000000000000000000e+00
-1.639085545722713810e+00 0.000000000000000000e+00
-1.636946902654867309e+00 0.000000000000000000e+00
-1.634808259587020585e+00 0.000000000000000000e+00
-1.632669616519173861e+00 0.000000000000000000e+00
-1.630530973451327359e+00 0.000000000000000000e+00
-1.628392330383480857e+00 0.000000000000000000e+00
-1.626253687315634133e+00 0.000000000000000000e+00
-1.624115044247787409e+00 0.000000000000000000e+00
-1.621976401179940908e+00 0.000000000000000000e+00
-1.619837758112094406e+00 0.000000000000000000e+00
-1.617699115044247682e+00 0.000000000000000000e+00
-1.615560471976400958e+00 0.000000000000000000e+00
-1.613421828908554456e+00 0.000000000000000000e+00
-1.611283185840707954e+00 0.000000000000000000e+00
-1.609144542772861231e+00 0.000000000000000000e+00
-1.607005899705014729e+00 0.000000000000000000e+00
-1.604867256637168005e+00 0.000000000000000000e+00
-1.602728613569321503e+00 0.000000000000000000e+00
-1.600589970501474779e+00 0.000000000000000000e+00
-1.598451327433628277e+00 0.000000000000000000e+00
-1.596312684365781553e+00 0.000000000000000000e+00
-1.594174041297935052e+00 0.000000000000000000e+00
-1.592035398230088550e+00 0.000000000000000000e+00
-1.589896755162241826e+00 0.000000000000000000e+00
-1.587758112094395102e+00 0.000000000000000000e+00
-1.585619469026548600e+00 0.000000000000000000e+00
-1.583480825958702098e+00 0.000000000000000000e+00
-1.581342182890855375e+00 0.000000000000000000e+00
-1.579203539823008651e+00 0.000000000000000000e+00
-1.577064896755162149e+00 0.000000000000000000e+00
-1.574926253687315647e+00 0.000000000000000000e+00
-1.572787610619468923e+00 0.000000000000000000e+00
-1.570648967551622199e+00 0.000000000000000000e+00
-1.568510324483775698e+00 0.000000000000000000e+00
-1.566371681415929196e+00 0.000000000000000000e+00
-1.564233038348082472e+00 0.000000000000000000e+00
-1.562094395280235970e+00 0.000000000000000000e+00
-1.559955752212389246e+00 0.000000000000000000e+00
-1.557817109144542744e+00 0.000000000000000000e+00
-1.555678466076696020e+00 0.000000000000000000e+00
-1.553539823008849519e+00 0.000000000000000000e+00
-1.551401179941002795e+00 0.000000000000000000e+00
-1.549262536873156293e+00 0.000000000000000000e+00
-1.547123893805309569e+00 0.000000000000000000e+00
-1.544985250737463067e+00 0.000000000000000000e+00
-1.542846607669616343e+00 0.000000000000000000e+00
-1.540707964601769842e+00 0.000000000000000000e+00
-1.538569321533923340e+00 0.000000000000000000e+00
-1.536430678466076616e+00 0.000000000000000000e+00
-1.534292035398229892e+00 0.000000000000000000e+00
-1.532153392330383390e+00 0.000000000000000000e+00
-1.530014749262536888e+00 0.000000000000000000e+00
-1.527876106194690164e+00 0.000000000000000000e+00
-1.525737463126843441e+00 0.000000000000000000e+00
-1.523598820058996939e+00 0.000000000000000000e+00
-1.521460176991150437e+00 0.000000000000000000e+00
-1.519321533923303713e+00 0.000000000000000000e+00
-1.517182890855457211e+00 0.000000000000000000e+00
-1.515044247787610487e+00 0.000000000000000000e+00
-1.512905604719763986e+00 0.000000000000000000e+00
-1.510766961651917262e+00 0.000000000000000000e+00
-1.508628318584070760e+00 0.000000000000000000e+00
-1.506489675516224036e+00 0.000000000000000000e+00
-1.504351032448377534e+00 0.000000000000000000e+00
-1.502212389380530810e+00 0.000000000000000000e+00
-1.500073746312684309e+00 0.000000000000000000e+00
-1.497935103244837585e+00 0.000000000000000000e+00
-1.495796460176991083e+00 0.000000000000000000e+00
-1.493657817109144581e+00 0.000000000000000000e+00
-1.491519174041297857e+00 0.000000000000000000e+00
-1.489380530973451133e+00 0.000000000000000000e+00
-1.487241887905604631e+00 0.000000000000000000e+00
-1.485103244837758130e+00 0.000000000000000000e+00
-1.482964601769911406e+00 0.000000000000000000e+00
-1.480825958702064682e+00 0.000000000000000000e+00
-1.478687315634218180e+00 0.000000000000000000e+00
-1.476548672566371678e+00 0.000000000000000000e+00
-1.474410029498524954e+00 0.000000000000000000e+00
-1.472271386430678453e+00 0.000000000000000000e+00
-1.470132743362831729e+00 0.000000000000000000e+00
-1.467994100294985227e+00 0.000000000000000000e+00
-1.465855457227138503e+00 0.000000000000000000e+00
-1.463716814159292001e+00 0.000000000000000000e+00
-1.461578171091445277e+00 0.000000000000000000e+00
-1.459439528023598776e+00 0.000000000000000000e+00
-1.457300884955752052e+00 0.000000000000000000e+00
-1.455162241887905550e+00 0.000000000000000000e+00
-1.453023598820058826e+00 0.000000000000000000e+00
-1.450884955752212324e+00 0.000000000000000000e+00
-1.448746312684365822e+00 0.000000000000000000e+00
-1.446607669616519098e+00 0.000000000000000000e+00
-1.444469026548672375e+00 0.000000000000000000e+00
-1.442330383480825873e+00 0.000000000000000000e+00
-1.440191740412979371e+00 0.000000000000000000e+00
-1.438053097345132647e+00 0.000000000000000000e+00
-1.435914454277285923e+00 0.000000000000000000e+00
-1.433775811209439421e+00 0.000000000000000000e+00
-1.431637168141592920e+00 0.000000000000000000e+00
-1.429498525073746196e+00 0.000000000000000000e+00
-1.427359882005899694e+00 0.000000000000000000e+00
-1.425221238938052970e+00 0.000000000000000000e+00
-1.423082595870206468e+00 0.000000000000000000e+00
-1.420943952802359744e+00 0.000000000000000000e+00
-1.418805309734513243e+00 0.000000000000000000e+00
-1.416666666666666519e+00 0.000000000000000000e+00
-1.414528023598820017e+00 0.000000000000000000e+00
-1.412389380530973293e+00 0.000000000000000000e+00
-1.410250737463126791e+00 0.000000000000000000e+00
-1.408112094395280067e+00 0.000000000000000000e+00
-1.405973451327433565e+00 0.000000000000000000e+00
-1.403834808259587064e+00 0.000000000000000000e+00
-1.401696165191740340e+00 0.000000000000000000e+00
-1.399557522123893616e+00 0.000000000000000000e+00
-1.397418879056047114e+00 0.000000000000000000e+00
-1.395280235988200612e+00 0.000000000000000000e+00
-1.393141592920353888e+00 0.000000000000000000e+00
-1.391002949852507165e+00 0.000000000000000000e+00
-1.388864306784660663e+00 0.000000000000000000e+00
-1.386725663716814161e+00 0.000000000000000000e+00
-1.384587020648967437e+00 0.000000000000000000e+00
-1.382448377581120713e+00 0.000000000000000000e+00
-1.380309734513274211e+00 0.000000000000000000e+00
-1.378171091445427709e+00 0.000000000000000000e+00
-1.376032448377580986e+00 0.000000000000000000e+00
-1.373893805309734484e+00 0.000000000000000000e+00
-1.371755162241887760e+00 0.000000000000000000e+00
-1.369616519174041258e+00 0.000000000000000000e+00
-1.367477876106194756e+00 0.000000000000000000e+00
-1.365339233038348032e+00 0.000000000000000000e+00
-1.363200589970501309e+00 0.000000000000000000e+00
-1.361061946902654807e+00 0.000000000000000000e+00
-1.358923303834808305e+00 0.000000000000000000e+00
-1.356784660766961581e+00 0.000000000000000000e+00
-1.354646017699114857e+00 0.000000000000000000e+00
-1.352507374631268355e+00 0.000000000000000000e+00
-1.350368731563421854e+00 0.000000000000000000e+00
-1.348230088495575130e+00 0.000000000000000000e+00
-1.346091445427728406e+00 0.000000000000000000e+00
-1.343952802359881904e+00 0.000000000000000000e+00
-1.341814159292035402e+00 0.000000000000000000e+00
-1.339675516224188678e+00 0.000000000000000000e+00
-1.337536873156341954e+00 0.000000000000000000e+00
-1.335398230088495453e+00 0.000000000000000000e+00
-1.333259587020648951e+00 0.000000000000000000e+00
-1.331120943952802227e+00 0.000000000000000000e+00
-1.328982300884955725e+00 0.000000000000000000e+00
-1.326843657817109001e+00 0.000000000000000000e+00
-1.324705014749262499e+00 0.000000000000000000e+00
-1.322566371681415998e+00 0.000000000000000000e+00
-1.320427728613569274e+00 0.000000000000000000e+00
-1.318289085545722550e+00 0.000000000000000000e+00
-1.316150442477876048e+00 0.000000000000000000e+00
-1.314011799410029546e+00 0.000000000000000000e+00
-1.311873156342182822e+00 0.000000000000000000e+00
-1.309734513274336098e+00 0.000000000000000000e+00
-1.307595870206489597e+00 0.000000000000000000e+00
-1.305457227138643095e+00 0.000000000000000000e+00
-1.303318584070796371e+00 0.000000000000000000e+00
-1.301179941002949647e+00 0.000000000000000000e+00
-1.299041297935103145e+00 0.000000000000000000e+00
-1.296902654867256643e+00 0.000000000000000000e+00
-1.294764011799409920e+00 0.000000000000000000e+00
-1.292625368731563196e+00 0.000000000000000000e+00
-1.290486725663716694e+00 0.000000000000000000e+00
-1.288348082595870192e+00 0.000000000000000000e+00
-1.286209439528023468e+00 0.000000000000000000e+00
-1.284070796460176966e+00 0.000000000000000000e+00
-1.281932153392330243e+00 0.000000000000000000e+00
-1.279793510324483741e+00 0.000000000000000000e+00
-1.277654867256637239e+00 0.000000000000000000e+00
-1.275516224188790515e+00 0.000000000000000000e+00
-1.273377581120943791e+00 0.000000000000000000e+00
-1.271238938053097289e+00 0.000000000000000000e+00
-1.269100294985250788e+00 0.000000000000000000e+00
-1.266961651917404064e+00 0.000000000000000000e+00
-1.264823008849557340e+00 0.000000000000000000e+00
-1.262684365781710838e+00 0.000000000000000000e+00
-1.260545722713864336e+00 0.000000000000000000e+00
-1.258407079646017612e+00 0.000000000000000000e+00
-1.256268436578170888e+00 0.000000000000000000e+00
-1.254129793510324387e+00 0.000000000000000000e+00
-1.251991150442477885e+00 0.000000000000000000e+00
-1.249852507374631161e+00 0.000000000000000000e+00
-1.247713864306784437e+00 0.000000000000000000e+00
-1.245575221238937935e+00 0.000000000000000000e+00
-1.243436578171091433e+00 0.000000000000000000e+00
-1.241297935103244710e+00 0.000000000000000000e+00
-1.239159292035397986e+00 0.000000000000000000e+00
-1.237020648967551484e+00 0.000000000000000000e+00
-1.234882005899704982e+00 0.000000000000000000e+00
-1.232743362831858480e+00 0.000000000000000000e+00
-1.230604719764011756e+00 0.000000000000000000e+00
-1.228466076696165032e+00 0.000000000000000000e+00
-1.226327433628318531e+00 0.000000000000000000e+00
-1.224188790560472029e+00 0.000000000000000000e+00
-1.222050147492625305e+00 0.000000000000000000e+00
-1.219911504424778581e+00 0.000000000000000000e+00
-1.217772861356932079e+00 0.000000000000000000e+00
-1.215634218289085577e+00 0.000000000000000000e+00
-1.213495575221238854e+00 0.000000000000000000e+00
-1.211356932153392130e+00 0.000000000000000000e+00
-1.209218289085545628e+00 0.000000000000000000e+00
-1.207079646017699126e+00 0.000000000000000000e+00
-1.204941002949852402e+00 0.000000000000000000e+00
-1.202802359882005678e+00 0.000000000000000000e+00
-1.200663716814159176e+00 0.000000000000000000e+00
-1.198525073746312675e+00 0.000000000000000000e+00
-1.196386430678465951e+00 0.000000000000000000e+00
-1.194247787610619227e+00 0.000000000000000000e+00
-1.192109144542772725e+00 0.000000000000000000e+00
-1.189970501474926223e+00 0.000000000000000000e+00
-1.187831858407079721e+00 0.000000000000000000e+00
-1.185693215339232998e+00 0.000000000000000000e+00
-1.183554572271386274e+00 0.000000000000000000e+00
-1.181415929203539772e+00 0.000000000000000000e+00
-1.179277286135693270e+00 0.000000000000000000e+00
-1.177138643067846546e+00 0.000000000000000000e+00
-1.174999999999999822e+00 0.000000000000000000e+00
-1.172861356932153321e+00 0.000000000000000000e+00
-1.170722713864306819e+00 0.000000000000000000e+00
-1.168584070796460095e+00 0.000000000000000000e+00
-1.166445427728613371e+00 0.000000000000000000e+00
-1.164306784660766869e+00 0.000000000000000000e+00
-1.162168141592920367e+00 0.000000000000000000e+00
-1.160029498525073643e+00 0.000000000000000000e+00
-1.157890855457226920e+00 0.000000000000000000e+00
-1.155752212389380418e+00 0.000000000000000000e+00
-1.153613569321533916e+00 0.000000000000000000e+00
-1.151474926253687192e+00 0.000000000000000000e+00
-1.149336283185840468e+00 0.000000000000000000e+00
-1.147197640117993966e+00 0.000000000000000000e+00
-1.145058997050147465e+00 0.000000000000000000e+00
-1.142920353982300963e+00 0.000000000000000000e+00
-1.140781710914454239e+00 0.000000000000000000e+00
-1.138643067846607515e+00 0.000000000000000000e+00
-1.136504424778761013e+00 0.000000000000000000e+00
-1.134365781710914511e+00 0.000000000000000000e+00
-1.132227138643067788e+00 0.000000000000000000e+00
-1.130088495575221064e+00 0.000000000000000000e+00
-1.127949852507374562e+00 0.000000000000000000e+00
-1.125811209439528060e+00 0.000000000000000000e+00
-1.123672566371681336e+00 0.000000000000000000e+00
-1.121533923303834612e+00 0.000000000000000000e+00
-1.119395280235988110e+00 0.000000000000000000e+00
-1.117256637168141609e+00 0.000000000000000000e+00
-1.115117994100294885e+00 0.000000000000000000e+00
-1.112979351032448161e+00 0.000000000000000000e+00
-1.110840707964601659e+00 0.000000000000000000e+00
-1.108702064896755157e+00 0.000000000000000000e+00
-1.106563421828908433e+00 0.000000000000000000e+00
-1.104424778761061710e+00 0.000000000000000000e+00
-1.102286135693215208e+00 0.000000000000000000e+00
-1.100147492625368706e+00 0.000000000000000000e+00
-1.098008849557522204e+00 0.000000000000000000e+00
-1.095870206489675480e+00 0.000000000000000000e+00
-1.093731563421828756e+00 0.000000000000000000e+00
-1.091592920353982255e+00 0.000000000000000000e+00
-1.089454277286135753e+00 0.000000000000000000e+00
-1.087315634218289029e+00 0.000000000000000000e+00
-1.085176991150442305e+00 0.000000000000000000e+00
-1.083038348082595803e+00 0.000000000000000000e+00
-1.080899705014749301e+00 0.000000000000000000e+00
-1.078761061946902577e+00 0.000000000000000000e+00
-1.076622418879055854e+00 0.000000000000000000e+00
-1.074483775811209352e+00 0.000000000000000000e+00
-1.072345132743362850e+00 0.000000000000000000e+00
-1.070206489675516126e+00 0.000000000000000000e+00
-1.068067846607669402e+00 0.000000000000000000e+00
-1.065929203539822900e+00 0.000000000000000000e+00
-1.063790560471976399e+00 0.000000000000000000e+00
-1.061651917404129675e+00 0.000000000000000000e+00
-1.059513274336282951e+00 0.000000000000000000e+00
-1.057374631268436449e+00 0.000000000000000000e+00
-1.055235988200589947e+00 0.000000000000000000e+00
-1.053097345132743445e+00 0.000000000000000000e+00
-1.050958702064896721e+00 0.000000000000000000e+00
-1.048820058997049998e+00 0.000000000000000000e+00
-1.046681415929203496e+00 0.000000000000000000e+00
-1.044542772861356994e+00 0.000000000000000000e+00
-1.042404129793510270e+00 0.000000000000000000e+00
-1.040265486725663546e+00 0.000000000000000000e+00
-1.038126843657817044e+00 0.000000000000000000e+00
-1.035988200589970543e+00 0.000000000000000000e+00
-1.033849557522123819e+00 0.000000000000000000e+00
-1.031710914454277095e+00 0.000000000000000000e+00
-1.029572271386430593e+00 0.000000000000000000e+00
-1.027433628318584091e+00 0.000000000000000000e+00
-1.025294985250737367e+00 0.000000000000000000e+00
-1.023156342182890643e+00 0.000000000000000000e+00
-1.021017699115044142e+00 0.000000000000000000e+00
-1.018879056047197640e+00 0.000000000000000000e+00
-1.016740412979350916e+00 0.000000000000000000e+00
-1.014601769911504192e+00 0.000000000000000000e+00
-1.012463126843657690e+00 0.000000000000000000e+00
-1.010324483775811188e+00 0.000000000000000000e+00
-1.008185840707964687e+00 0.000000000000000000e+00
-1.006047197640117963e+00 0.000000000000000000e+00
-1.003908554572271239e+00 0.000000000000000000e+00
-1.001769911504424737e+00 0.000000000000000000e+00
-9.996312684365781243e-01 0.000000000000000000e+00
-9.974926253687315114e-01 0.000000000000000000e+00
-9.953539823008848986e-01 0.000000000000000000e+00
-9.932153392330382857e-01 0.000000000000000000e+00
-9.910766961651916729e-01 0.000000000000000000e+00
-9.889380530973450600e-01 0.000000000000000000e+00
-9.867994100294984472e-01 0.000000000000000000e+00
-9.846607669616518344e-01 0.000000000000000000e+00
-9.825221238938052215e-01 0.000000000000000000e+00
-9.803834808259586087e-01 0.000000000000000000e+00
-9.782448377581119958e-01 0.000000000000000000e+00
-9.761061946902653830e-01 0.000000000000000000e+00
-9.739675516224187701e-01 0.000000000000000000e+00
-9.718289085545721573e-01 0.000000000000000000e+00
-9.696902654867255444e-01 0.000000000000000000e+00
-9.675516224188789316e-01 0.000000000000000000e+00
-9.654129793510323188e-01 0.000000000000000000e+00
-9.632743362831858169e-01 0.000000000000000000e+00
-9.611356932153392041e-01 0.000000000000000000e+00
-9.589970501474925912e-01 0.000000000000000000e+00
-9.568584070796459784e-01 0.000000000000000000e+00
-9.547197640117993656e-01 0.000000000000000000e+00
-9.525811209439527527e-01 0.000000000000000000e+00
-9.504424778761061399e-01 0.000000000000000000e+00
-9.483038348082595270e-01 0.000000000000000000e+00
-9.461651917404129142e-01 0.000000000000000000e+00
-9.440265486725663013e-01 0.000000000000000000e+00
-9.418879056047196885e-01 0.000000000000000000e+00
-9.397492625368730756e-01 0.000000000000000000e+00
-9.376106194690264628e-01 0.000000000000000000e+00
-9.354719764011798500e-01 0.000000000000000000e+00
-9.333333333333332371e-01 0.000000000000000000e+00
-9.311946902654866243e-01 0.000000000000000000e+00
-9.290560471976400114e-01 0.000000000000000000e+00
-9.269174041297933986e-01 0.000000000000000000e+00
-9.247787610619467857e-01 0.000000000000000000e+00
-9.226401179941001729e-01 0.000000000000000000e+00
-9.205014749262535600e-01 0.000000000000000000e+00
-9.183628318584070582e-01 0.000000000000000000e+00
-9.162241887905604454e-01 0.000000000000000000e+00
-9.140855457227138325e-01 0.000000000000000000e+00
-9.119469026548672197e-01 0.000000000000000000e+00
-9.098082595870206069e-01 0.000000000000000000e+00
-9.076696165191739940e-01 0.000000000000000000e+00
-9.055309734513273812e-01 0.000000000000000000e+00
-9.033923303834807683e-01 0.000000000000000000e+00
-9.012536873156341555e-01 0.000000000000000000e+00
-8.991150442477875426e-01 0.000000000000000000e+00
-8.969764011799408188e-01 0.000000000000000000e+00
-8.948377581120943169e-01 0.000000000000000000e+00
-8.926991150442478151e-01 0.000000000000000000e+00
-8.905604719764010913e-01 0.000000000000000000e+00
-8.884218289085545894e-01 0.000000000000000000e+00
-8.862831858407078656e-01 0.000000000000000000e+00
-8.841445427728613637e-01 0.000000000000000000e+00
-8.820058997050146399e-01 0.000000000000000000e+00
-8.798672566371681381e-01 0.000000000000000000e+00
-8.777286135693214142e-01 0.000000000000000000e+00
-8.755899705014749124e-01 0.000000000000000000e+00
-8.734513274336281885e-01 0.000000000000000000e+00
-8.713126843657816867e-01 0.000000000000000000e+00
-8.691740412979349628e-01 0.000000000000000000e+00
-8.670353982300884610e-01 0.000000000000000000e+00
-8.648967551622417371e-01 0.000000000000000000e+00
-8.627581120943952353e-01 0.000000000000000000e+00
-8.606194690265485114e-01 0.000000000000000000e+00
-8.584808259587020096e-01 0.000000000000000000e+00
-8.563421828908552857e-01 0.000000000000000000e+00
-8.542035398230087839e-01 0.000000000000000000e+00
-8.520648967551620601e-01 0.000000000000000000e+00
-8.499262536873155582e-01 0.000000000000000000e+00
-8.477876106194690564e-01 0.000000000000000000e+00
-8.456489675516223326e-01 0.000000000000000000e+00
-8.435103244837758307e-01 0.000000000000000000e+00
-8.413716814159291069e-01 0.000000000000000000e+00
-8.392330383480826050e-01 0.000000000000000000e+00
-8.370943952802358812e-01 0.000000000000000000e+00
-8.349557522123893794e-01 0.000000000000000000e+00
-8.328171091445426555e-01 0.000000000000000000e+00
-8.306784660766961537e-01 0.000000000000000000e+00
-8.285398230088494298e-01 0.000000000000000000e+00
-8.264011799410029280e-01 0.000000000000000000e+00
-8.242625368731562041e-01 0.000000000000000000e+00
-8.221238938053097023e-01 0.000000000000000000e+00
-8.199852507374629784e-01 0.000000000000000000e+00
-8.178466076696164766e-01 0.000000000000000000e+00
-8.157079646017697527e-01 0.000000000000000000e+00
-8.135693215339232509e-01 0.000000000000000000e+00
-8.114306784660765270e-01 0.000000000000000000e+00
-8.092920353982300252e-01 0.000000000000000000e+00
-8.071533923303833014e-01 0.000000000000000000e+00
-8.050147492625367995e-01 0.000000000000000000e+00
-8.028761061946902977e-01 0.000000000000000000e+00
-8.007374631268435738e-01 0.000000000000000000e+00
-7.985988200589970720e-01 0.000000000000000000e+00
-7.964601769911503482e-01 0.000000000000000000e+00
-7.943215339233038463e-01 0.000000000000000000e+00
-7.921828908554571225e-01 0.000000000000000000e+00
-7.900442477876106206e-01 0.000000000000000000e+00
-7.879056047197638968e-01 0.000000000000000000e+00
-7.857669616519173950e-01 0.000000000000000000e+00
-7.836283185840706711e-01 0.000000000000000000e+00
-7.814896755162241693e-01 0.000000000000000000e+00
-7.793510324483774454e-01 0.000000000000000000e+00
-7.772123893805309436e-01 0.000000000000000000e+00
-7.750737463126842197e-01 0.000000000000000000e+00
-7.729351032448377179e-01 0.000000000000000000e+00
-7.707964601769909940e-01 0.000000000000000000e+00
-7.686578171091444922e-01 0.000000000000000000e+00
-7.665191740412977683e-01 0.000000000000000000e+00
-7.643805309734512665e-01 0.000000000000000000e+00
-7.622418879056045427e-01 0.000000000000000000e+00
-7.601032448377580408e-01 0.000000000000000000e+00
-7.579646017699115390e-01 0.000000000000000000e+00
-7.558259587020648151e-01 0.000000000000000000e+00
-7.536873156342183133e-01 0.000000000000000000e+00
-7.515486725663715895e-01 0.000000000000000000e+00
-7.494100294985250876e-01 0.000000000000000000e+00
-7.472713864306783638e-01 0.000000000000000000e+00
-7.451327433628318619e-01 0.000000000000000000e+00
-7.429941002949851381e-01 0.000000000000000000e+00
-7.408554572271386363e-01 0.000000000000000000e+00
-7.387168141592919124e-01 0.000000000000000000e+00
-7.365781710914454106e-01 0.000000000000000000e+00
-7.344395280235986867e-01 0.000000000000000000e+00
-7.323008849557521849e-01 0.000000000000000000e+00
-7.301622418879054610e-01 0.000000000000000000e+00
-7.280235988200589592e-01 0.000000000000000000e+00
-7.258849557522122353e-01 0.000000000000000000e+00
-7.237463126843657335e-01 0.000000000000000000e+00
-7.216076696165190096e-01 0.000000000000000000e+00
-7.194690265486725078e-01 0.000000000000000000e+00
-7.173303834808257839e-01 0.000000000000000000e+00
-7.151917404129792821e-01 0.000000000000000000e+00
-7.130530973451327803e-01 0.000000000000000000e+00
-7.109144542772860564e-01 0.000000000000000000e+00
-7.087758112094395546e-01 0.000000000000000000e+00
-7.066371681415928308e-01 0.000000000000000000e+00
-7.044985250737463289e-01 0.000000000000000000e+00
-7.023598820058996051e-01 0.000000000000000000e+00
-7.002212389380531032e-01 0.000000000000000000e+00
-6.980825958702063794e-01 0.000000000000000000e+00
-6.959439528023598776e-01 0.000000000000000000e+00
-6.938053097345131537e-01 0.000000000000000000e+00
-6.916666666666666519e-01 0.000000000000000000e+00
-6.895280235988199280e-01 0.000000000000000000e+00
-6.873893805309734262e-01 0.000000000000000000e+00
-6.852507374631267023e-01 0.000000000000000000e+00
-6.831120943952802005e-01 0.000000000000000000e+00
-6.809734513274334766e-01 0.000000000000000000e+00
-6.788348082595869748e-01 0.000000000000000000e+00
-6.766961651917402509e-01 0.000000000000000000e+00
-6.745575221238937491e-01 0.000000000000000000e+00
-6.724188790560470252e-01 0.000000000000000000e+00
-6.702802359882005234e-01 0.000000000000000000e+00
-6.681415929203540216e-01 0.000000000000000000e+00
-6.660029498525072977e-01 0.000000000000000000e+00
-6.638643067846607959e-01 0.000000000000000000e+00
-6.617256637168140720e-01 0.000000000000000000e+00
-6.595870206489675702e-01 0.000000000000000000e+00
-6.574483775811208464e-01 0.000000000000000000e+00
-6.553097345132743445e-01 0.000000000000000000e+00
-6.531710914454276207e-01 0.000000000000000000e+00
-6.510324483775811188e-01 0.000000000000000000e+00
-6.488938053097343950e-01 0.000000000000000000e+00
-6.467551622418878932e-01 0.000000000000000000e+00
-6.446165191740411693e-01 0.000000000000000000e+00
-6.424778761061946675e-01 0.000000000000000000e+00
-6.403392330383479436e-01 0.000000000000000000e+00
-6.382005899705014418e-01 0.000000000000000000e+00
-6.360619469026547179e-01 0.000000000000000000e+00
-6.339233038348082161e-01 0.000000000000000000e+00
-6.317846607669614922e-01 0.000000000000000000e+00
-6.296460176991149904e-01 0.000000000000000000e+00
-6.275073746312682665e-01 0.000000000000000000e+00
-6.253687315634217647e-01 0.000000000000000000e+00
-6.232300884955750409e-01 0.000000000000000000e+00
-6.210914454277285390e-01 0.000000000000000000e+00
-6.189528023598820372e-01 0.000000000000000000e+00
-6.168141592920353133e-01 0.000000000000000000e+00
-6.146755162241888115e-01 0.000000000000000000e+00
-6.125368731563420877e-01 0.000000000000000000e+00
-6.103982300884955858e-01 0.000000000000000000e+00
-6.082595870206488620e-01 0.000000000000000000e+00
-6.061209439528023601e-01 0.000000000000000000e+00
-6.039823008849556363e-01 0.000000000000000000e+00
-6.018436578171091345e-01 0.000000000000000000e+00
-5.997050147492624106e-01 0.000000000000000000e+00
-5.975663716814159088e-01 0.000000000000000000e+00
-5.954277286135691849e-01 0.000000000000000000e+00
-5.932890855457226831e-01 0.000000000000000000e+00
-5.911504424778759592e-01 0.000000000000000000e+00
-5.890117994100294574e-01 0.000000000000000000e+00
-5.868731563421827335e-01 0.000000000000000000e+00
-5.847345132743362317e-01 0.000000000000000000e+00
-5.825958702064895078e-01 0.000000000000000000e+00
-5.804572271386430060e-01 0.000000000000000000e+00
-5.783185840707962821e-01 0.000000000000000000e+00
-5.761799410029497803e-01 0.000000000000000000e+00
-5.740412979351032785e-01 0.000000000000000000e+00
-5.719026548672565546e-01 0.000000000000000000e+00
-5.697640117994100528e-01 0.000000000000000000e+00
-5.676253687315633290e-01 0.000000000000000000e+00
-5.654867256637168271e-01 0.000000000000000000e+00
-5.633480825958701033e-01 0.000000000000000000e+00
-5.612094395280236014e-01 0.000000000000000000e+00
-5.590707964601768776e-01 0.000000000000000000e+00
-5.569321533923303758e-01 4.215657612785978485e-317
-5.547935103244836519e-01 1.137026537174934865e-308
-5.526548672566371501e-01 1.854538507636355899e-300
-5.505162241887904262e-01 1.852898515296756613e-292
-5.483775811209439244e-01 1.148328541125774979e-284
-5.462389380530972005e-01 4.468779710089132665e-277
-5.441002949852506987e-01 1.105081531472273287e-269
-5.419616519174039748e-01 1.756810235233065132e-262
-5.398230088495574730e-01 1.815911609673892363e-255
-5.376843657817107491e-01 1.233936733565812168e-248
-5.355457227138642473e-01 5.571683831174927237e-242
-5.334070796460175234e-01 1.689365402445247904e-235
-5.312684365781710216e-01 3.474854424748737608e-229
-5.291297935103245198e-01 4.897167305469647672e-223
-5.269911504424777959e-01 4.774830453308639813e-217
-5.248525073746312941e-01 3.251455334832585450e-211
-5.227138643067845702e-01 1.560637617046796572e-205
-5.205752212389380684e-01 5.327537843172200359e-200
-5.184365781710913446e-01 1.304811235760278218e-194
-5.162979351032448427e-01 2.312412074526766117e-189
-5.141592920353981189e-01 2.990092300767779668e-184
-5.120206489675516170e-01 2.843932714909434933e-179
-5.098820058997048932e-01 2.005364684628250614e-174
-5.077433628318583914e-01 1.056436530258194348e-169
-5.056047197640116675e-01 4.189103298378845724e-165
-5.034660766961651657e-01 1.259490927183755426e-160
-5.013274336283184418e-01 2.891699987131050052e-156
-4.991887905604719400e-01 5.105106349543537911e-152
-4.970501474926252161e-01 6.977215471413281940e-148
-4.949115044247787143e-01 7.430924903498906525e-144
-4.927728613569319904e-01 6.206856820271395705e-140
-4.906342182890854886e-01 4.091498355294767916e-136
-4.884955752212387647e-01 2.141505925476697056e-132
-4.863569321533922629e-01 8.952810623800867432e-129
-4.842182890855457611e-01 3.006865121469814189e-125
-4.820796460176990372e-01 8.158870782127870574e-122
-4.799410029498525354e-01 1.798425241656278493e-118
-4.778023598820058115e-01 3.237611621291786715e-115
-4.756637168141593097e-01 4.785106577120201214e-112
-4.735250737463125859e-01 5.835789905827834086e-109
-4.713864306784660840e-01 5.901999547437803400e-106
-4.692477876106193602e-01 4.973768834784255114e-103
-4.671091445427728583e-01 3.509141018060543346e-100
-4.649705014749261345e-01 2.082258244751212623e-97
-4.628318584070796327e-01 1.043820505406683854e-94
-4.606932153392329088e-01 4.439805132452118538e-92
-4.585545722713864070e-01 1.609125651694167225e-89
-4.564159292035396831e-01 4.989971214498634196e-87
-4.542772861356931813e-01 1.329340927066101272e-84
-4.521386430678464574e-01 3.054277573085821066e-82
-4.499999999999999556e-01 6.075393561626325140e-80
-4.478613569321532317e-01 1.050150813251124510e-77
-4.457227138643067299e-01 1.583129613521528042e-75
-4.435840707964600060e-01 2.088837769092450211e-73
-4.414454277286135042e-01 2.420544138740408150e-71
-4.393067846607670024e-01 2.471722411552752344e-69
-4.371681415929202785e-01 2.231443072130287959e-67
-4.350294985250737767e-01 1.786718085289675149e-65
-4.328908554572270528e-01 1.272798364660429140e-63
-4.307522123893805510e-01 8.091168730910002153e-62
-4.286135693215338272e-01 4.603541396952272259e-60
-4.264749262536873253e-01 2.350987245530397315e-58
-4.243362831858406015e-01 1.080692757114159425e-56
-4.221976401179940996e-01 4.483664780185068828e-55
-4.200589970501473758e-01 1.683440553804530802e-53
-4.179203539823008740e-01 5.734841793155291504e-52
-4.157817109144541501e-01 1.777053618954876377e-50
-4.136430678466076483e-01 5.021152289996244323e-49
-4.115044247787609244e-01 1.296793990765810523e-47
-4.093657817109144226e-01 3.068439784737756470e-46
-4.072271386430676987e-01 6.667016487227025638e-45
-4.050884955752211969e-01 1.333139863086416578e-43
-4.029498525073744730e-01 2.458603104351936630e-42
-4.008112094395279712e-01 4.190673879228051961e-41
-3.986725663716812473e-01 6.615349429681479781e-40
-3.965339233038347455e-01 9.690877496574381644e-39
-3.943952802359880216e-01 1.319959019028083274e-37
-3.922566371681415198e-01 1.674822399337779941e-36
-3.901179941002950180e-01 1.983311063006181440e-35
-3.879793510324482941e-01 2.195881269108953266e-34
-3.858407079646017923e-01 2.277114782972975605e-33
-3.837020648967550684e-01 2.215448060303507804e-32
-3.815634218289085666e-01 2.025640007063505937e-31
-3.794247787610618428e-01 1.743379276024778938e-30
-3.772861356932153409e-01 1.414611481644662030e-29
-3.751474926253686171e-01 1.083845258664368182e-28
-3.730088495575221152e-01 7.852973071877875045e-28
-3.708702064896753914e-01 5.388561156767771647e-27
-3.687315634218288896e-01 3.506729225183959555e-26
-3.665929203539821657e-01 2.167331132319417974e-25
-3.644542772861356639e-01 1.273882372303053129e-24
-3.623156342182889400e-01 7.129953491522086651e-24
-3.601769911504424382e-01 3.805002416730536430e-23
-3.580383480825957143e-01 1.938551114134727380e-22
-3.558997050147492125e-01 9.440236600906318519e-22
-3.537610619469024886e-01 4.399338702409417898e-21
-3.516224188790559868e-01 1.964233580008711963e-20
-3.494837758112092629e-01 8.411809874637109572e-20
-3.473451327433627611e-01 3.459020307069367175e-19
-3.452064896755162593e-01 1.367252087902094832e-18
-3.430678466076695354e-01 5.200299987212238066e-18
-3.409292035398230336e-01 1.905168302479296062e-17
-3.387905604719763097e-01 6.729656602013344461e-17
-3.366519174041298079e-01 2.294169202052188620e-16
-3.345132743362830841e-01 7.555071052416855366e-16
-3.323746312684365822e-01 2.405632526425995797e-15
-3.302359882005898584e-01 7.412837086619969752e-15
-3.280973451327433565e-01 2.212487757072689622e-14
-3.259587020648966327e-01 6.401557221526484685e-14
-3.238200589970501309e-01 1.797034107198701962e-13
-3.216814159292034070e-01 4.898253918274260778e-13
-3.195427728613569052e-01 1.297417952092401794e-12
-3.174041297935101813e-01 3.341971298427103231e-12
-3.152654867256636795e-01 8.377834023960573605e-12
-3.131268436578169556e-01 2.045411521560757191e-11
-3.109882005899704538e-01 4.866930215594548774e-11
-3.088495575221237299e-01 1.129412707375759587e-10
-3.067109144542772281e-01 2.557780631485815364e-10
-3.045722713864305042e-01 5.656781778193353015e-10
-3.024336283185840024e-01 1.222492420046763219e-09
-3.002949852507375006e-01 2.583220769125930257e-09
-2.981563421828907767e-01 5.340433383118390358e-09
-2.960176991150442749e-01 1.080800081054180495e-08
-2.938790560471975510e-01 2.142475103926159340e-08
-2.917404129793510492e-01 4.162257837429316497e-08
-2.896017699115043253e-01 7.929027475796311028e-08
-2.874631268436578235e-01 1.481895148714308738e-07
-2.853244837758110997e-01 2.718595264333840649e-07
-2.831858407079645978e-01 4.897994385026978858e-07
-2.810471976401178740e-01 8.670619566550103511e-07
-2.789085545722713722e-01 1.508850026102482784e-06
-2.767699115044246483e-01 2.582300178684658259e-06
-2.746312684365781465e-01 4.348379833368990164e-06
-2.724926253687314226e-01 7.207731805677299091e-06
-2.703539823008849208e-01 1.176536769847757197e-05
-2.682153392330381969e-01 1.892032720183311432e-05
-2.660766961651916951e-01 2.998774694780850247e-05
-2.639380530973449712e-01 4.686216049680724344e-05
-2.617994100294984694e-01 7.223219323527219353e-05
-2.596607669616517455e-01 1.098580075238719784e-04
-2.575221238938052437e-01 1.649237534942592080e-04
-2.553834808259587419e-01 2.444777278578632793e-04
-2.532448377581120180e-01 3.579727633683617077e-04
-2.511061946902655162e-01 5.179183917562763147e-04
-2.489675516224187923e-01 7.406543848896105127e-04
-2.468289085545722905e-01 1.047252256790267254e-03
-2.446902654867255666e-01 1.464547127091535067e-03
-2.425516224188790648e-01 2.026296995196396125e-03
-2.404129793510323410e-01 2.774460024601020300e-03
-2.382743362831858391e-01 3.760573048540729723e-03
-2.361356932153391153e-01 5.047206433259673192e-03
-2.339970501474926134e-01 6.709462013299099907e-03
-2.318584070796458896e-01 8.836472459224965076e-03
-2.297197640117993878e-01 1.153285262297164965e-02
-2.275811209439526639e-01 1.492004663012408763e-02
-2.254424778761061621e-01 1.913750925150469601e-02
-2.233038348082594382e-01 2.434365685336601845e-02
-2.211651917404129364e-01 3.071652239304974163e-02
-2.190265486725662125e-01 3.845405079284428679e-02
-2.168879056047197107e-01 4.777397576158087106e-02
-2.147492625368729868e-01 5.891322677055840090e-02
-2.126106194690264850e-01 7.212682530382516499e-02
-2.104719764011799832e-01 8.768624241633671268e-02
-2.083333333333332593e-01 1.058772046279490148e-01
-2.061946902654867575e-01 1.269969517148899218e-01
-2.040560471976400336e-01 1.513509673957392221e-01
-2.019174041297935318e-01 1.792492215465325278e-01
-1.997787610619468079e-01 2.110019796950602100e-01
-1.976401179941003061e-01 2.469152514259096431e-01
-1.955014749262535823e-01 2.872859633145757874e-01
-1.933628318584070804e-01 3.323969535218849192e-01
-1.912241887905603566e-01 3.825118937525535112e-01
-1.890855457227138547e-01 4.378702495766642611e-01
-1.869469026548671309e-01 4.986823919390117599e-01
-1.848082595870206291e-01 5.651249709940230348e-01
-1.826696165191739052e-01 6.373366583056102597e-01
-1.805309734513274034e-01 7.154143551764724496e-01
-1.783923303834806795e-01 7.994099537742646033e-01
-1.762536873156341777e-01 8.893277242509580738e-01
-1.741150442477874538e-01 9.851223857273709861e-01
-1.719764011799409520e-01 1.086697902401882576e+00
-1.698377581120942281e-01 1.193907028724606745e+00
-1.676991150442477263e-01 1.306551610131255536e+00
-1.655604719764012245e-01 1.424383628802493806e+00
-1.634218289085545006e-01 1.547106967800717658e+00
-1.612831858407079988e-01 1.674379852171352212e+00
-1.591445427728612749e-01 1.805817912535456093e+00
-1.570058997050147731e-01 1.940997805618951189e+00
-1.548672566371680492e-01 2.079461317249946095e+00
-1.527286135693215474e-01 2.220719866711536650e+00
-1.505899705014748235e-01 2.364259326987433685e+00
-1.484513274336283217e-01 2.509545073330607057e+00
-1.463126843657815979e-01 2.656027172607280828e+00
-1.441740412979350960e-01 2.803145627850038402e+00
-1.420353982300883722e-01 2.950335596186794085e+00
-1.398967551622418704e-01 3.097032503552958449e+00
-1.377581120943951465e-01 3.242676986082912993e+00
-1.356194690265486447e-01 3.386719595543720374e+00
-1.334808259587019208e-01 3.528625214350678441e+00
-1.313421828908554190e-01 3.667877134328140887e+00
-1.292035398230086951e-01 3.803980762209821176e+00
-1.270648967551621933e-01 3.936466923682149233e+00
-1.249262536873154694e-01 4.064894746370171674e+00
-1.227876106194689676e-01 4.188854110372558281e+00
-1.206489675516224658e-01 4.307967662634997197e+00
-1.185103244837757419e-01 4.421892398493419307e+00
-1.163716814159292401e-01 4.530320820042915031e+00
-1.142330383480825162e-01 4.632981686535599941e+00
-1.120943952802360144e-01 4.729640376753625475e+00
-1.099557522123892905e-01 4.820098887233945639e+00
-1.078171091445427887e-01 4.904195493350719914e+00
-1.056784660766960648e-01 4.981804102620810859e+00
-1.035398230088495630e-01 5.052833331227013502e+00
-1.014011799410028392e-01 5.117225335708984524e+00
-9.926253687315633734e-02 5.174954432111888991e+00
-9.712389380530961347e-02 5.226025534675140527e+00
-9.498525073746311165e-02 5.270472445458183053e+00
-9.284660766961638778e-02 5.308356025204351347e+00
-9.070796460176988596e-02 5.339762274310562162e+00
-8.856932153392316209e-02 5.364800351062490869e+00
-8.643067846607666027e-02 5.383600552378787540e+00
-8.429203539822993640e-02 5.396312280239663473e+00
-8.215339233038343458e-02 5.403102014809654463e+00
-8.001474926253671072e-02 5.404151313051118954e+00
-7.787610619469020889e-02 5.399654849401467338e+00
-7.573746312684348503e-02 5.389818512897332603e+00
-7.359882005899698321e-02 5.374857572996798893e+00
-7.146017699115048138e-02 5.354994924305718662e+00
-6.932153392330375752e-02 5.330459418475804512e+00
-6.718289085545725570e-02 5.301484289726039023e+00
-6.504424778761053183e-02 5.268305678755974775e+00
-6.290560471976403001e-02 5.231161258276672221e+00
-6.076696165191730614e-02 5.190288961989269367e+00
-5.862831858407080432e-02 5.145925817588311801e+00
-5.648967551622408045e-02 5.098306883259943412e+00
-5.435103244837757863e-02 5.047664286179342596e+00
-5.221238938053085477e-02 4.994226360678779564e+00
-5.007374631268435294e-02 4.938216883055702056e+00
-4.793510324483762908e-02 4.879854399407212995e+00
-4.579646017699112726e-02 4.819351642407054825e+00
-4.365781710914440339e-02 4.756915032574704938e+00
-4.151917404129790157e-02 4.692744259312636501e+00
-3.938053097345117770e-02 4.627031936799516743e+00
-3.724188790560467588e-02 4.559963329715718494e+00
-3.510324483775795201e-02 4.491716143730374533e+00
-3.296460176991145019e-02 4.422460375693319179e+00
-3.082595870206472632e-02 4.352358218536855006e+00
-2.868731563421822450e-02 4.281564015999261841e+00
-2.654867256637172268e-02 4.210224262422003427e+00
-2.441002949852499881e-02 4.138477643043112941e+00
-2.227138643067849699e-02 4.066455110403322415e+00
-2.013274336283177313e-02 3.994279992692019388e+00
-1.799410029498527130e-02 3.922068130084650939e+00
-1.585545722713854744e-02 3.849928035356350087e+00
-1.371681415929204562e-02 3.777961075294831161e+00
-1.157817109144532175e-02 3.706261669674821846e+00
-9.439528023598819928e-03 3.634917504796008281e+00
-7.300884955752096062e-03 3.564009758821258256e+00
-5.162241887905594240e-03 3.493613336382452417e+00
-3.023598820058870373e-03 3.423797110144084055e+00
-8.849557522123685516e-04 3.354624167229812493e+00
1.253687315634355315e-03 3.286150921563492755e+00
3.392330383480857137e-03 3.218411184855748175e+00
5.530973451327581003e-03 3.151422406577721880e+00
7.669616519174082825e-03 3.085200550610128989e+00
9.808259587020806691e-03 3.019760522116323287e+00
1.194690265486730851e-02 2.955116183386242046e+00
1.408554572271403238e-02 2.891280370559291768e+00
1.622418879056053420e-02 2.828264911168127504e+00
1.836283185840703602e-02 2.766080642447702687e+00
2.050147492625375989e-02 2.704737430353018723e+00
2.264011799410026171e-02 2.644244189231212072e+00
2.477876106194698558e-02 2.584608902093517901e+00
2.691740412979348740e-02 2.525838641434404952e+00
2.905604719764021127e-02 2.467939590545749518e+00
3.119469026548671309e-02 2.410917065275261617e+00
3.333333333333343695e-02 2.354775536179531059e+00
3.547197640117993878e-02 2.299518651023282789e+00
3.761061946902666264e-02 2.245149257577617519e+00
3.974926253687316446e-02 2.191669426671693177e+00
4.188790560471988833e-02 2.139080475452955987e+00
4.402654867256639015e-02 2.087382990813352990e+00
4.616519174041311402e-02 2.036576852939464555e+00
4.830383480825961584e-02 1.986661258946589292e+00
5.044247787610633971e-02 1.937634746557808763e+00
5.258112094395284153e-02 1.889495217790990722e+00
5.471976401179956540e-02 1.842239962617552740e+00
5.685840707964606722e-02 1.795865682558845933e+00
5.899705014749279108e-02 1.750368514187219171e+00
6.113569321533929291e-02 1.705744052500253183e+00
6.327433628318579473e-02 1.661987374138309104e+00
6.541297935103251859e-02 1.619093060416795904e+00
6.755162241887902042e-02 1.577055220146270420e+00
6.969026548672574428e-02 1.535867512214455832e+00
7.182890855457224610e-02 1.495523167906362749e+00
7.396755162241896997e-02 1.456015012939340325e+00
7.610619469026547179e-02 1.417335489191929865e+00
7.824483775811219566e-02 1.379476676106337063e+00
8.038348082595869748e-02 1.342430311745785643e+00
8.252212389380542135e-02 1.306187813489404492e+00
8.466076696165192317e-02 1.270740298348554509e+00
8.679941002949864703e-02 1.236078602889570943e+00
8.893805309734514886e-02 1.202193302749614112e+00
9.107669616519187272e-02 1.169074731732808070e+00
9.321533923303837454e-02 1.136713000475749746e+00
9.535398230088509841e-02 1.105098014672086792e+00
9.749262536873160023e-02 1.074219492847309221e+00
9.963126843657832410e-02 1.044066983675659532e+00
1.017699115044248259e-01 1.014629882832514873e+00
1.039085545722713277e-01 9.858974493761785141e-01
1.060471976401182737e-01 9.578588216543945100e-01
1.081858407079647755e-01 9.305030327315790828e-01
1.103244837758112773e-01 9.038190253337501368e-01
1.124631268436577791e-01 8.777956663091228684e-01
1.146017699115042809e-01 8.524217606031015970e-01
1.167404129793512269e-01 8.276860647471377952e-01
1.188790560471977287e-01 8.035772998619837848e-01
1.210176991150442305e-01 7.800841641762504830e-01
1.231563421828907323e-01 7.571953450622797011e-01
1.252949852507376782e-01 7.348995305917386256e-01
1.274336283185841801e-01 7.131854206141667873e-01
1.295722713864306819e-01 6.920417373622869128e-01
1.317109144542771837e-01 6.714572355884776966e-01
1.338495575221241296e-01 6.514207122373804060e-01
1.359882005899706314e-01 6.319210156601865469e-01
1.381268436578171332e-01 6.129470543765374035e-01
1.402654867256636351e-01 5.944878053906256232e-01
1.424041297935105810e-01 5.765323220683689076e-01
1.445427728613570828e-01 5.590697415830284678e-01
1.466814159292035846e-01 5.420892919369856289e-01
1.488200589970500864e-01 5.255802985678376116e-01
1.509587020648970324e-01 5.095321905471663637e-01
1.530973451327435342e-01 4.939345063807842329e-01
1.552359882005900360e-01 4.787768994193952188e-01
1.573746312684365378e-01 4.640491428890101133e-01
1.595132743362830396e-01 4.497411345505562541e-01
1.616519174041299856e-01 4.358429009983765812e-01
1.637905604719764874e-01 4.223446016075182996e-01
1.659292035398229892e-01 4.092365321397422595e-01
1.680678466076694910e-01 3.965091280185001343e-01
1.702064896755164369e-01 3.841529672830570896e-01
1.723451327433629388e-01 3.721587732321117170e-01
1.744837758112094406e-01 3.605174167672766661e-01
1.766224188790559424e-01 3.492199184469089723e-01
1.787610619469028883e-01 3.382574502606549016e-01
1.808997050147493901e-01 3.276213371352562076e-01
1.830383480825958920e-01 3.173030581819126783e-01
1.851769911504423938e-01 3.072942476957358782e-01
1.873156342182893397e-01 2.975866959175068605e-01
1.894542772861358415e-01 2.881723495680773572e-01
1.915929203539823433e-01 2.790433121655212512e-01
1.937315634218288452e-01 2.701918441351592315e-01
1.958702064896757911e-01 2.616103627223720363e-01
1.980088495575222929e-01 2.532914417180293087e-01
2.001474926253687947e-01 2.452278110061794081e-01
2.022861356932152965e-01 2.374123559435579178e-01
2.044247787610617983e-01 2.298381165802282078e-01
2.065634218289087443e-01 2.224982867304969025e-01
2.087020648967552461e-01 2.153862129031355044e-01
2.108407079646017479e-01 2.084953930996227278e-01
2.129793510324482497e-01 2.018194754890238196e-01
2.151179941002951956e-01 1.953522569678229903e-01
2.172566371681416975e-01 1.890876816128804760e-01
2.193952802359881993e-01 1.830198390353817983e-01
2.215339233038347011e-01 1.771429626434954385e-01
2.236725663716816470e-01 1.714514278211416720e-01
2.258112094395281488e-01 1.659397500301088846e-01
2.279498525073746507e-01 1.606025828424411661e-01
2.300884955752211525e-01 1.554347159098358189e-01
2.322271386430680984e-01 1.504310728765138050e-01
2.343657817109146002e-01 1.455867092417739705e-01
2.365044247787611020e-01 1.408968101782107074e-01
2.386430678466076039e-01 1.363566883113287165e-01
2.407817109144545498e-01 1.319617814660266897e-01
2.429203539823010516e-01 1.277076503851910516e-01
2.450589970501475534e-01 1.235899764253895472e-01
2.471976401179940552e-01 1.196045592344292668e-01
2.493362831858405571e-01 1.157473144152893346e-01
2.514749262536875030e-01 1.120142711807134983e-01
2.536135693215340048e-01 1.084015700025246776e-01
2.557522123893805066e-01 1.049054602594800961e-01
2.578908554572270084e-01 1.015222978872882265e-01
2.600294985250739543e-01 9.824854303417135393e-02
2.621681415929204562e-01 9.508075772516849655e-02
2.643067846607669580e-01 9.201560353813406645e-02
2.664454277286134598e-01 8.904983929423831990e-02
2.685840707964604057e-01 8.618031876552854909e-02
2.707227138643069075e-01 8.340398840196151797e-02
2.728613569321534094e-01 8.071788508011301655e-02
2.749999999999999112e-01 7.811913387560735778e-02
2.771386430678468571e-01 7.560494586112993798e-02
2.792772861356933589e-01 7.317261593173955692e-02
2.814159292035398607e-01 7.081952065901239712e-02
2.835545722713863626e-01 6.854311617543652757e-02
2.856932153392333085e-01 6.634093609029563521e-02
2.878318584070798103e-01 6.421058943817270492e-02
2.899705014749263121e-01 6.214975866105219154e-02
2.921091445427728139e-01 6.015619762488880889e-02
2.942477876106193158e-01 5.822772967138606370e-02
2.963864306784662617e-01 5.636224570561564062e-02
2.985250737463127635e-01 5.455770232000661801e-02
3.006637168141592653e-01 5.281211995512314489e-02
3.028023598820057671e-01 5.112358109757379754e-02
3.049410029498527130e-01 4.949022851528346589e-02
3.070796460176992149e-01 4.791026353029500390e-02
3.092182890855457167e-01 4.638194432917464027e-02
3.113569321533922185e-01 4.490358431103661646e-02
3.134955752212391644e-01 4.347355047312339432e-02
3.156342182890856662e-01 4.209026183382074543e-02
3.177728613569321681e-01 4.075218789292402860e-02
3.199115044247786699e-01 3.945784712892549950e-02
3.220501474926256158e-01 3.820580553303648541e-02
3.241887905604721176e-01 3.699467517961511215e-02
3.263274336283186194e-01 3.582311283262824830e-02
3.284660766961651213e-01 3.468981858774218552e-02
3.306047197640120672e-01 3.359353454959654317e-02
3.327433628318585690e-01 3.253304354379209229e-02
3.348820058997050708e-01 3.150716786308734724e-02
3.370206489675515726e-01 3.051476804728589509e-02
3.391592920353980745e-01 2.955474169626308087e-02
3.412979351032450204e-01 2.862602231557108065e-02
3.434365781710915222e-01 2.772757819404170557e-02
3.455752212389380240e-01 2.685841131278945276e-02
3.477138643067845258e-01 2.601755628501623702e-02
3.498525073746314717e-01 2.520407932599552300e-02
3.519911504424779736e-01 2.441707725262124568e-02
3.541297935103244754e-01 2.365567651188863960e-02
3.562684365781709772e-01 2.291903223768029102e-02
3.584070796460179231e-01 2.220632733522289251e-02
3.605457227138644249e-01 2.151677159258211236e-02
3.626843657817109268e-01 2.084960081856111411e-02
3.648230088495574286e-01 2.020407600637594975e-02
3.669616519174043745e-01 1.957948252247552687e-02
3.691002949852508763e-01 1.897512931988857079e-02
3.712389380530973781e-01 1.839034817547364684e-02
3.733775811209438800e-01 1.782449295046477367e-02
3.755162241887908259e-01 1.727693887370530118e-02
3.776548672566373277e-01 1.674708184697315874e-02
3.797935103244838295e-01 1.623433777180552373e-02
3.819321533923303313e-01 1.573814189724491441e-02
3.840707964601768332e-01 1.525794818793266804e-02
3.862094395280237791e-01 1.479322871198707028e-02
3.883480825958702809e-01 1.434347304811553481e-02
3.904867256637167827e-01 1.390818771141503173e-02
3.926253687315632845e-01 1.348689559733192572e-02
3.947640117994102305e-01 1.307913544325787353e-02
3.969026548672567323e-01 1.268446130725188470e-02
3.990412979351032341e-01 1.230244206338789066e-02
4.011799410029497359e-01 1.193266091324081749e-02
4.033185840707966818e-01 1.157471491303175941e-02
4.054572271386431837e-01 1.122821451596688232e-02
4.075958702064896855e-01 1.089278312931381276e-02
4.097345132743361873e-01 1.056805668577172862e-02
4.118731563421831332e-01 1.025368322870155377e-02
4.140117994100296350e-01 9.949322510793770155e-03
4.161504424778761368e-01 9.654645605761718458e-03
4.182890855457226387e-01 9.369334532660878942e-03
4.204277286135695846e-01 9.093081892442419698e-03
4.225663716814160864e-01 8.825590516362181656e-03
4.247050147492625882e-01 8.566573125874990188e-03
4.268436578171090900e-01 8.315752003655474400e-03
4.289823008849555919e-01 8.072858675396312259e-03
4.311209439528025378e-01 7.837633602043259096e-03
4.332595870206490396e-01 7.609825882139032577e-03
4.353982300884955414e-01 7.389192963953741637e-03
4.375368731563420432e-01 7.175500367092014359e-03
4.396755162241889892e-01 6.968521413274603865e-03
4.418141592920354910e-01 6.768036966001304833e-03
4.439528023598819928e-01 6.573835178809832487e-03
4.460914454277284946e-01 6.385711251856590782e-03
4.482300884955754405e-01 6.203467196549484856e-03
4.503687315634219424e-01 6.026911607974946676e-03
4.525073746312684442e-01 5.855859444865762868e-03
4.546460176991149460e-01 5.690131816867474886e-03
4.567846607669618919e-01 5.529555778864704736e-03
4.589233038348083937e-01 5.373964132139973614e-03
4.610619469026548956e-01 5.223195232141470898e-03
4.632005899705013974e-01 5.077092802644901127e-03
4.653392330383483433e-01 4.935505756100998405e-03
4.674778761061948451e-01 4.798288019966514932e-03
4.696165191740413469e-01 4.665298368822051039e-03
4.717551622418878488e-01 4.536400262089114628e-03
4.738938053097343506e-01 4.411461687160505782e-03
4.760324483775812965e-01 4.290355007767835023e-03
4.781710914454277983e-01 4.172956817413657829e-03
4.803097345132743001e-01 4.059147797700997200e-03
4.824483775811208019e-01 3.948812581399475767e-03
4.845870206489677479e-01 3.841839620092063739e-03
4.867256637168142497e-01 3.738121056250514728e-03
4.888643067846607515e-01 3.637552599593555855e-03
4.910029498525072533e-01 3.540033407586666396e-03
4.931415929203541992e-01 3.445465969945472884e-03
4.952802359882007011e-01 3.353755997010954195e-03
4.974188790560472029e-01 3.264812311867473869e-03
4.995575221238937047e-01 3.178546746080121270e-03
5.016961651917406506e-01 3.094874038930509486e-03
5.038348082595871524e-01 3.013711740035403697e-03
5.059734513274336543e-01 2.934980115235166255e-03
5.081120943952801561e-01 2.858602055643750042e-03
5.102507374631271020e-01 2.784502989754526498e-03
5.123893805309736038e-01 2.712610798500352059e-03
5.145280235988201056e-01 2.642855733169397967e-03
5.166666666666666075e-01 2.575170336081493688e-03
5.188053097345131093e-01 2.509489363932521002e-03
5.209439528023600552e-01 2.445749713718326293e-03
5.230825958702065570e-01 2.383890351151371056e-03
5.252212389380530588e-01 2.323852241487149237e-03
5.273598820058995607e-01 2.265578282679455661e-03
5.294985250737465066e-01 2.209013240786929580e-03
5.316371681415930084e-01 2.154103687554979191e-03
5.337758112094395102e-01 2.100797940100591291e-03
5.359144542772860120e-01 2.049046002629332629e-03
5.380530973451329579e-01 1.998799510116372209e-03
5.401917404129794598e-01 1.950011673885726493e-03
5.423303834808259616e-01 1.902637229023729443e-03
5.444690265486724634e-01 1.856632383565456294e-03
5.466076696165194093e-01 1.811954769394178094e-03
5.487463126843659111e-01 1.768563394796637128e-03
5.508849557522124130e-01 1.726418598617794620e-03
5.530235988200589148e-01 1.685482005962096351e-03
5.551622418879058607e-01 1.645716485388341258e-03
5.573008849557523625e-01 1.607086107548520845e-03
5.594395280235988643e-01 1.569556105221376697e-03
5.615781710914453662e-01 1.533092834694297626e-03
5.637168141592918680e-01 1.497663738447442723e-03
5.658554572271388139e-01 1.463237309096711812e-03
5.679941002949853157e-01 1.429783054552777018e-03
5.701327433628318175e-01 1.397271464355094367e-03
5.722713864306783194e-01 1.365673977141494211e-03
5.744100294985252653e-01 1.334962949214659432e-03
5.765486725663717671e-01 1.305111624168844072e-03
5.786873156342182689e-01 1.276094103540434876e-03
5.808259587020647707e-01 1.247885318448297472e-03
5.829646017699117166e-01 1.220461002190158153e-03
5.851032448377582185e-01 1.193797663762685354e-03
5.872418879056047203e-01 1.167872562274087887e-03
5.893805309734512221e-01 1.142663682219041818e-03
5.915191740412981680e-01 1.118149709586708541e-03
5.936578171091446698e-01 1.094310008773701631e-03
5.957964601769911717e-01 1.071124600274659527e-03
5.979351032448376735e-01 1.048574139124227363e-03
6.000737463126846194e-01 1.026639894064825843e-03
6.022123893805311212e-01 1.005303727415903046e-03
6.043510324483776230e-01 9.845480756205272216e-04
6.064896755162241249e-01 9.643559304467283098e-04
6.086283185840710708e-01 9.447108208212155484e-04
6.107669616519175726e-01 9.255967952740642600e-04
6.129056047197640744e-01 9.069984049737741388e-04
6.150442477876105762e-01 8.889006873325797174e-04
6.171828908554570781e-01 8.712891501627121520e-04
6.193215339233040240e-01 8.541497563650482950e-04
6.214601769911505258e-01 8.374689091319689922e-04
6.235988200589970276e-01 8.212334376471433408e-04
6.257374631268435294e-01 8.054305832652629022e-04
6.278761061946904753e-01 7.900479861556467193e-04
6.300147492625369772e-01 7.750736723938192636e-04
6.321533923303834790e-01 7.604960414860650626e-04
6.342920353982299808e-01 7.463038543121720304e-04
6.364306784660769267e-01 7.324862214723083407e-04
6.385693215339234285e-01 7.190325920243022858e-04
6.407079646017699304e-01 7.059327425981065315e-04
6.428466076696164322e-01 6.931767668747778645e-04
6.449852507374633781e-01 6.807550654175247061e-04
6.471238938053098799e-01 6.686583358430542474e-04
6.492625368731563817e-01 6.568775633216005676e-04
6.514011799410028836e-01 6.454040113946422040e-04
6.535398230088498295e-01 6.342292130994979429e-04
6.556784660766963313e-01 6.233449623905400498e-04
6.578171091445428331e-01 6.127433058468718203e-04
6.599557522123893349e-01 6.024165346570483845e-04
6.620943952802358368e-01 5.923571768712380947e-04
6.642330383480827827e-01 5.825579899120628428e-04
6.663716814159292845e-01 5.730119533352229450e-04
6.685103244837757863e-01 5.637122618316536479e-04
6.706489675516222881e-01 5.546523184630240601e-04
6.727876106194692341e-01 5.458257281227154407e-04
6.749262536873157359e-01 5.372262912148457721e-04
6.770648967551622377e-01 5.288479975438673203e-04
6.792035398230087395e-01 5.206850204078222483e-04
6.813421828908556854e-01 5.127317108883529522e-04
6.834808259587021873e-01 5.049825923309475941e-04
6.856194690265486891e-01 4.974323550090569996e-04
6.877581120943951909e-01 4.900758509659325661e-04
6.898967551622421368e-01 4.829080890282859287e-04
6.920353982300886386e-01 4.759242299860550677e-04
6.941740412979351404e-01 4.691195819327652057e-04
6.963126843657816423e-01 4.624895957611072322e-04
6.984513274336285882e-01 4.560298608087062647e-04
7.005899705014750900e-01 4.497361006489640489e-04
7.027286135693215918e-01 4.436041690223134016e-04
7.048672566371680936e-01 4.376300459032038685e-04
7.070058997050145955e-01 4.318098336983327125e-04
7.091445427728615414e-01 4.261397535718642183e-04
7.112831858407080432e-01 4.206161418934563074e-04
7.134218289085545450e-01 4.152354468050197586e-04
7.155604719764010468e-01 4.099942249024758254e-04
7.176991150442479928e-01 4.048891380286217005e-04
7.198377581120944946e-01 3.999169501735999003e-04
7.219764011799409964e-01 3.950745244794139793e-04
7.241150442477874982e-01 3.903588203452403515e-04
7.262536873156344441e-01 3.857668906301389266e-04
7.283923303834809460e-01 3.812958789502001941e-04
7.305309734513274478e-01 3.769430170669958464e-04
7.326696165191739496e-01 3.727056223644557376e-04
7.348082595870208955e-01 3.685810954114141619e-04
7.369469026548673973e-01 3.645669176070558560e-04
7.390855457227138992e-01 3.606606489066590984e-04
7.412241887905604010e-01 3.568599256251872359e-04
7.433628318584073469e-01 3.531624583162014147e-04
7.455014749262538487e-01 3.495660297238535261e-04
7.476401179941003505e-01 3.460684928056371123e-04
7.497787610619468524e-01 3.426677688237721197e-04
7.519174041297933542e-01 3.393618455031014434e-04
7.540560471976403001e-01 3.361487752534980428e-04
7.561946902654868019e-01 3.330266734548570319e-04
7.583333333333333037e-01 3.299937168027532175e-04
7.604719764011798055e-01 3.270481417130580940e-04
7.626106194690267515e-01 3.241882427836846972e-04
7.647492625368732533e-01 3.214123713118616612e-04
7.668879056047197551e-01 3.187189338653279567e-04
7.690265486725662569e-01 3.161063909058726387e-04
7.711651917404132028e-01 3.135732554637887825e-04
7.733038348082597047e-01 3.111180918617945774e-04
7.754424778761062065e-01 3.087395144870561342e-04
7.775811209439527083e-01 3.064361866100060849e-04
7.797197640117996542e-01 3.042068192487239892e-04
7.818584070796461560e-01 3.020501700776127428e-04
7.839970501474926579e-01 2.999650423793063549e-04
7.861356932153391597e-01 2.979502840386290480e-04
7.882743362831861056e-01 2.960047865775651738e-04
7.904129793510326074e-01 2.941274842302722377e-04
7.925516224188791092e-01 2.923173530570978259e-04
7.946902654867256111e-01 2.905734100967681467e-04
7.968289085545721129e-01 2.888947125557765248e-04
7.989675516224190588e-01 2.872803570341859623e-04
8.011061946902655606e-01 2.857294787871064528e-04
8.032448377581120624e-01 2.842412510209285084e-04
8.053834808259585643e-01 2.828148842237882573e-04
8.075221238938055102e-01 2.814496255294803950e-04
8.096607669616520120e-01 2.801447581141562702e-04
8.117994100294985138e-01 2.788996006253030612e-04
8.139380530973450156e-01 2.777135066423620856e-04
8.160766961651919615e-01 2.765858641684949912e-04
8.182153392330384634e-01 2.755160951529459705e-04
8.203539823008849652e-01 2.745036550436546238e-04
8.224926253687314670e-01 2.735480323695612184e-04
8.246312684365784129e-01 2.726487483523132868e-04
8.267699115044249147e-01 2.718053565469695921e-04
8.289085545722714166e-01 2.710174425113926248e-04
8.310471976401179184e-01 2.702846235040241569e-04
8.331858407079648643e-01 2.696065482098111850e-04
8.353244837758113661e-01 2.689828964940282311e-04
8.374631268436578679e-01 2.684133791838332105e-04
8.396017699115043698e-01 2.678977378773528197e-04
8.417404129793508716e-01 2.674357447802245299e-04
8.438790560471978175e-01 2.670272025694496345e-04
8.460176991150443193e-01 2.666719442845175039e-04
8.481563421828908211e-01 2.663698332457646741e-04
8.502949852507373230e-01 2.661207629999666545e-04
8.524336283185842689e-01 2.659246572932062020e-04
8.545722713864307707e-01 2.657814700710620808e-04
8.567109144542772725e-01 2.656911855062402800e-04
8.588495575221237743e-01 2.656538180537544830e-04
8.609882005899707202e-01 2.656694125338816283e-04
8.631268436578172221e-01 2.657380442429752867e-04
8.652654867256637239e-01 2.658598190925344842e-04
8.674041297935102257e-01 2.660348737766239798e-04
8.695427728613571716e-01 2.662633759681099790e-04
8.716814159292036734e-01 2.665455245439385347e-04
8.738200589970501753e-01 2.668815498398856528e-04
8.759587020648966771e-01 2.672717139352201563e-04
8.780973451327436230e-01 2.677163109676692948e-04
8.802359882005901248e-01 2.682156674792430802e-04
8.823746312684366266e-01 2.687701427934273001e-04
8.845132743362831285e-01 2.693801294243269948e-04
8.866519174041296303e-01 2.700460535183765482e-04
8.887905604719765762e-01 2.707683753292990060e-04
8.909292035398230780e-01 2.715475897269985380e-04
8.930678466076695798e-01 2.723842267411614635e-04
8.952064896755160817e-01 2.732788521403617540e-04
8.973451327433630276e-01 2.742320680475326283e-04
8.994837758112095294e-01 2.752445135926773483e-04
9.016224188790560312e-01 2.763168656038318054e-04
9.037610619469025330e-01 2.774498393372138057e-04
9.058997050147494789e-01 2.786441892477150304e-04
9.080383480825959808e-01 2.799007098007645785e-04
9.101769911504424826e-01 2.812202363268121179e-04
9.123156342182889844e-01 2.826036459196816508e-04
9.144542772861359303e-01 2.840518583800310712e-04
9.165929203539824321e-01 2.855658372053926255e-04
9.187315634218289340e-01 2.871465906281689363e-04
9.208702064896754358e-01 2.887951727031282763e-04
9.230088495575223817e-01 2.905126844459990495e-04
9.251474926253688835e-01 2.923002750247978608e-04
9.272861356932153853e-01 2.941591430057134454e-04
9.294247787610618872e-01 2.960905376552739189e-04
9.315634218289083890e-01 2.980957603008113611e-04
9.337020648967553349e-01 3.001761657512208342e-04
9.358407079646018367e-01 3.023331637800375535e-04
9.379793510324483385e-01 3.045682206731678511e-04
9.401179941002948404e-01 3.068828608434430992e-04
9.422566371681417863e-01 3.092786685145392607e-04
9.443952802359882881e-01 3.117572894766613544e-04
9.465339233038347899e-01 3.143204329167402565e-04
9.486725663716812917e-01 3.169698733258256179e-04
9.508112094395282377e-01 3.197074524865826202e-04
9.529498525073747395e-01 3.225350815439450864e-04
9.550884955752212413e-01 3.254547431619993648e-04
9.572271386430677431e-01 3.284684937704752993e-04
9.593657817109146890e-01 3.315784659042644031e-04
9.615044247787611909e-01 3.347868706394991917e-04
9.636430678466076927e-01 3.380960001300817330e-04
9.657817109144541945e-01 3.415082302484824138e-04
9.679203539823011404e-01 3.450260233349574605e-04
9.700589970501476422e-01 3.486519310595272256e-04
9.721976401179941440e-01 3.523885974010900510e-04
9.743362831858406459e-01 3.562387617484977080e-04
9.764749262536871477e-01 3.602052621283745597e-04
9.786135693215340936e-01 3.642910385648903075e-04
9.807522123893805954e-01 3.684991365767391184e-04
9.828908554572270972e-01 3.728327108170689666e-04
9.850294985250735991e-01 3.772950288620366605e-04
9.871681415929205450e-01 3.818894751542053719e-04
9.893067846607670468e-01 3.866195551071586914e-04
9.914454277286135486e-01 3.914888993779522697e-04
9.935840707964600504e-01 3.965012683144497640e-04
9.957227138643069964e-01 4.016605565847495619e-04
9.978613569321534982e-01 4.069707979964098791e-04
1.000000000000000000e+00 4.124361705134024629e-04
