1.000000000000000000e+00
1.000000000000000000e+00
1.000000000000000000e+00
1.000000000000000000e+00
1.000000000000000000e+00
1.000000000000000000e+00
1.000000000000000000e+00
9.720846166372725250e-01
9.303353383007729738e-01
8.460856745281005731e-01
7.766492185001928616e-01
7.204100442032322915e-01
6.702725820696349146e-01
5.990024341612720793e-01
5.424976143013079399e-01
4.835030861547886527e-01
4.546276806174523455e-01
4.167144355775318498e-01
3.807174771843638839e-01
3.393258124050559377e-01
3.209117281906144203e-01
2.969066277447069968e-01
2.488376171699031025e-01
2.230234768548258195e-01
2.039910812792937733e-01
1.948432664707052953e-01
1.825564653998087705e-01
1.708176419441118643e-01
1.544765518682960914e-01
1.418879836171905162e-01
1.297551040860779603e-01
1.150814199471535404e-01
1.051468380019847937e-01
1.037787230830644197e-01
1.011329958078587277e-01
9.463508928908430373e-02
8.961308375284775252e-02
9.559904006668012988e-02
9.201647245990865476e-02
9.320165460111551337e-02
9.320165460111551337e-02
9.100096973239735210e-02
8.883538874875611391e-02
8.675091254505089278e-02
8.367285546813039987e-02
8.066166231470475734e-02
7.768895451308820144e-02
7.576734938721120527e-02
7.294298646229908922e-02
7.016858159169513109e-02
6.836364373092250479e-02
6.570791833302637441e-02
6.310079677244721796e-02
6.224847223176128985e-02
6.141659425386578747e-02
5.895944460401675302e-02
5.735518932449786000e-02
5.420975860966395499e-02
4.999081138302984700e-02
4.693462781919083976e-02
4.543385429185971963e-02
4.469085669417070805e-02
4.179088478266671652e-02
4.179088478266671652e-02
3.966984164262976620e-02
3.758801905381796427e-02
3.690544264796478957e-02
3.556338104498879549e-02
3.424264864596088948e-02
3.358674955984099209e-02
3.358674955984099209e-02
3.295536652872479988e-02
3.044845793403610015e-02
2.407722351602071750e-02
2.286389022379864411e-02
2.226487278100583445e-02
2.167324308383684547e-02
2.108710729165730324e-02
2.108710729165730324e-02
2.051897160061146030e-02
1.883349669568663495e-02
1.772517656688248761e-02
1.662753979398090554e-02
1.554929369796170281e-02
1.448221271765701493e-02
1.342442428999178657e-02
1.342442428999178657e-02
1.342442428999178657e-02
1.189758284254171551e-02
1.139140115827645509e-02
1.139140115827645509e-02
1.089999243716870993e-02
1.041307880013816675e-02
9.443807742372127556e-03
8.964880370759127984e-03
8.964880370759127984e-03
8.498969035574080455e-03
8.498969035574080455e-03
8.043779547690362713e-03
8.043779547690362713e-03
8.043779547690362713e-03
8.043779547690362713e-03
7.602611979603404908e-03
6.734211494578703008e-03
6.304384080826266369e-03
6.304384080826266369e-03
5.459220790040078368e-03
5.459220790040078368e-03
5.043982025576672530e-03
5.043982025576672530e-03
4.637043365133313756e-03
4.637043365133313756e-03
4.637043365133313756e-03
4.239401194249834380e-03
3.846061394410686413e-03
3.846061394410686413e-03
3.459294597913348517e-03
3.076089415912597932e-03
3.076089415912597932e-03
3.076089415912597932e-03
2.329708709577528025e-03
2.329708709577528025e-03
1.595274855751877821e-03
2.323321110097489439e-03
2.323321110097489439e-03
2.323321110097489439e-03
1.967920472894073465e-03
1.967920472894073465e-03
1.967920472894073465e-03
1.620045078117311309e-03
1.275958973345962420e-03
1.275958973345962420e-03
9.359152275022687055e-04
9.359152275022687055e-04
2.677488455259192978e-04
2.677488455259192978e-04
2.677488455259192978e-04
2.677488455259192978e-04
2.677488455259192978e-04
2.677488455259192978e-04
-6.899317381454596505e-04
-6.899317381454596505e-04
-6.899317381454596505e-04
-1.003660232690968459e-03
-1.003660232690968459e-03
-1.003660232690968459e-03
-1.003660232690968459e-03
-1.003660232690968459e-03
-1.003660232690968459e-03
-1.003660232690968459e-03
-1.300876818394453190e-03
-1.300876818394453190e-03
-1.300876818394453190e-03
-1.300876818394453190e-03
-1.300876818394453190e-03
-1.300876818394453190e-03
-1.588201146382081826e-03
-2.158161207772862304e-03
-2.441701301033386267e-03
-2.722831124891251196e-03
-2.722831124891251196e-03
-2.722831124891251196e-03
-2.722831124891251196e-03
-2.996290560151768697e-03
-3.268887136599709677e-03
-3.268887136599709677e-03
-3.268887136599709677e-03
-3.268887136599709677e-03
-3.268887136599709677e-03
-3.268887136599709677e-03
-3.268887136599709677e-03
-3.268887136599709677e-03
-3.528543836989899134e-03
-3.528543836989899134e-03
-3.528543836989899134e-03
-3.528543836989899134e-03
-3.528543836989899134e-03
-3.528543836989899134e-03
-3.528543836989899134e-03
-3.528543836989899134e-03
-3.776978330768349188e-03
-3.776978330768349188e-03
-3.776978330768349188e-03
-3.776978330768349188e-03
-4.020061887841117586e-03
-4.020061887841117586e-03
-4.020061887841117586e-03
-4.258524423360610101e-03
-4.258524423360610101e-03
-4.494273855734361861e-03
-4.494273855734361861e-03
-4.494273855734361861e-03
-4.727066960926576411e-03
-4.727066960926576411e-03
-4.727066960926576411e-03
-4.727066960926576411e-03
-4.727066960926576411e-03
-4.727066960926576411e-03
-4.727066960926576411e-03
-4.727066960926576411e-03
-4.727066960926576411e-03
-4.727066960926576411e-03
-4.727066960926576411e-03
-4.947357037311377395e-03
-4.947357037311377395e-03
-4.947357037311377395e-03
-4.947357037311377395e-03
-4.947357037311377395e-03
-4.947357037311377395e-03
-4.947357037311377395e-03
-5.160225605035380358e-03
-5.160225605035380358e-03
-5.160225605035380358e-03
-5.160225605035380358e-03
-5.160225605035380358e-03
-5.367978544726368859e-03
-5.367978544726368859e-03
-5.573575897147854154e-03
-5.573575897147854154e-03
-5.573575897147854154e-03
-5.573575897147854154e-03
-5.573575897147854154e-03
-5.573575897147854154e-03
-5.573575897147854154e-03
-5.573575897147854154e-03
-5.573575897147854154e-03
-5.573575897147854154e-03
-5.573575897147854154e-03
-5.769167807676126025e-03
-5.769167807676126025e-03
-5.769167807676126025e-03
-5.769167807676126025e-03
-5.961289661558041679e-03
-5.961289661558041679e-03
-5.961289661558041679e-03
-5.961289661558041679e-03
-5.961289661558041679e-03
-5.961289661558041679e-03
-5.961289661558041679e-03
-5.961289661558041679e-03
-5.961289661558041679e-03
-5.961289661558041679e-03
-5.961289661558041679e-03
-5.961289661558041679e-03
-5.961289661558041679e-03
-5.961289661558041679e-03
-5.961289661558041679e-03
-5.961289661558041679e-03
-5.961289661558041679e-03
-5.961289661558041679e-03
