0.000000000000000000e+00
2.433399864004305579e-02
2.264547757290136243e-02
2.026568412840026173e-02
2.198390220466996461e-02
2.029130247936403522e-02
2.256261114064054066e-02
1.957460813087554333e-02
1.852458247239063480e-02
1.844825039924360630e-02
1.712596715306766854e-02
1.622832021811428799e-02
1.650637305158644125e-02
1.660515988628807546e-02
1.760833447429244886e-02
1.501887482381717570e-02
1.464782385808067154e-02
1.208223997867634465e-02
1.017270969525833381e-02
1.183401848781849564e-02
1.218250613845884948e-02
1.172332521429061102e-02
1.207072824614261082e-02
1.154043638711198944e-02
1.251407437993930054e-02
1.367590300184077547e-02
1.277630224871180963e-02
1.209914815044766702e-02
1.219028970037898223e-02
1.299037717742469213e-02
1.319020193212452202e-02
1.105758812069895271e-02
1.307208931671900894e-02
1.297459028878915517e-02
1.174371986627948533e-02
1.238411278305162795e-02
1.122758951079855759e-02
1.131022795110835262e-02
1.142637213886116103e-02
1.025727232585522432e-02
1.066558737101583852e-02
1.056261026488482767e-02
1.145012365138972817e-02
1.219171383046834499e-02
1.303507844099573154e-02
1.412539837254469383e-02
1.316002004015577771e-02
1.268386326195389789e-02
1.272551517664686355e-02
1.365370237566783211e-02
1.485350886679303456e-02
1.400226263602627301e-02
1.512862611212163928e-02
1.371797763206020898e-02
1.466677979338584098e-02
1.418079233989135747e-02
1.438129939877468705e-02
1.302428198223867621e-02
1.364843261208876189e-02
1.475557088130470366e-02
1.429470802800317242e-02
1.470837694046814997e-02
1.406840157169465637e-02
1.418625239162172279e-02
1.246943154193023116e-02
1.183283957244991857e-02
1.121906268458001434e-02
1.144893833687752639e-02
1.219378203731995985e-02
1.182449234966263980e-02
1.122920778255770240e-02
1.174631507896735372e-02
1.166086642910371500e-02
1.246225075891992801e-02
1.381431928264762778e-02
1.415450925890612312e-02
1.404541287150875423e-02
1.577918779101755362e-02
1.407531961454406948e-02
1.384575131556165135e-02
1.393504035298200570e-02
1.386970670596474574e-02
1.446050147164710392e-02
1.413228579909360343e-02
1.463198018112359979e-02
1.450945673201222558e-02
1.568147457909821810e-02
1.599229575517386800e-02
1.572426031778039954e-02
1.505372774094754403e-02
1.499131513309952257e-02
1.330163477914454023e-02
1.341403780158994391e-02
1.213818823884376362e-02
1.134571314191293312e-02
1.068219116686572497e-02
1.023127180180418740e-02
9.155221213249737158e-03
9.898167641203717976e-03
8.876115296578631839e-03
9.270520690852121146e-03
9.833472369851995604e-03
9.629398304113401946e-03
1.089121136710669881e-02
1.231251040831138344e-02
1.128478563639332376e-02
1.156301555087095589e-02
1.108074073200008419e-02
1.083926353309633446e-02
1.006589199982488303e-02
1.006298935299230861e-02
1.001666381099488440e-02
1.090305874067960812e-02
1.121828575004343680e-02
1.125347834398002060e-02
1.136840694073551657e-02
1.118319854576049766e-02
1.081288677921136802e-02
1.008467473067963492e-02
1.002791350156058935e-02
8.962999003104942658e-03
8.323067816151824908e-03
8.282826231277561416e-03
8.344487936941646922e-03
8.506029578106498457e-03
8.196375468670779804e-03
7.213950797606084701e-03
7.286159247014909780e-03
8.431750469906240664e-03
8.583112112710180111e-03
8.841791497674247186e-03
9.263925547537740085e-03
9.890898530619153181e-03
1.029438342114328934e-02
1.154313713674793435e-02
1.156613848017078693e-02
1.144802861037898939e-02
1.149038175142944908e-02
1.143010914204392083e-02
1.122070405026622149e-02
1.000903347087507902e-02
9.865430773910730325e-03
1.022859700758051334e-02
1.008716724807988234e-02
1.095074831066823566e-02
1.037892238295032819e-02
9.538694174003338119e-03
9.364899280547296645e-03
9.873677182752336676e-03
9.697749366349124947e-03
9.435572169672045220e-03
1.093629220150701097e-02
1.080364601749877508e-02
1.040473050876876589e-02
9.747096894308736673e-03
8.671668047854087444e-03
9.088121837800002337e-03
9.108079011455641819e-03
9.030741162278655906e-03
8.398612466474440416e-03
7.920996824620876384e-03
8.425487828088851563e-03
8.544594818334206796e-03
8.511302417263602246e-03
9.010934455304609944e-03
8.443084531932695813e-03
8.760602443581778226e-03
8.330700744049615233e-03
8.645194646883406359e-03
8.384970302236881626e-03
8.656064676075169578e-03
8.619877437043068150e-03
8.133004218166189209e-03
8.737995918096375103e-03
8.670322861197975184e-03
9.498200247203129540e-03
9.389251489190236430e-03
9.945525283125445162e-03
9.413591521713103941e-03
8.726469250978531947e-03
8.691790540868103362e-03
9.495770275136780278e-03
9.612335614885199678e-03
9.049380858079594456e-03
9.488790008223843900e-03
9.311173808180179742e-03
8.673950765084701905e-03
9.199966260999685799e-03
9.286951422497306124e-03
9.061396006747086604e-03
8.625856449604906578e-03
8.553258162648567572e-03
8.856644893774186927e-03
8.818733123124681064e-03
8.741093213527369524e-03
9.180237407178831396e-03
9.721254556111889530e-03
9.778880694563165873e-03
9.572420729222270996e-03
9.493395240484463898e-03
8.903216653385486595e-03
8.759142469170965242e-03
8.138183175438386263e-03
8.576440775827818067e-03
8.609230603287535213e-03
8.670318256566734647e-03
8.513942778042722301e-03
7.994558031352601637e-03
8.644513738409071238e-03
8.236740930207641156e-03
8.152362814887173167e-03
8.571087113019187562e-03
8.259070394985456101e-03
8.871742024706681315e-03
8.533692822642999568e-03
8.710695422933454821e-03
8.620503065125321648e-03
9.068198586698057728e-03
7.581995942352278035e-03
7.706536740872123141e-03
7.565027442375104640e-03
7.873296907054625968e-03
7.959237143284328062e-03
8.506525624918414782e-03
8.596240341477484961e-03
8.645539143486440439e-03
9.182942413590661213e-03
9.553933210536458623e-03
1.020759454557650971e-02
9.458901093429490300e-03
8.907999439308689898e-03
8.332352830137826002e-03
8.566227436661138714e-03
8.752404517921892960e-03
8.756864914724363583e-03
8.167704282887962644e-03
8.129963882652992829e-03
8.159989772075233044e-03
8.159089831837060616e-03
8.126303583396955396e-03
7.905420453019926935e-03
7.994377561606412844e-03
7.742490544690322669e-03
7.974259591531127067e-03
7.945991258673656618e-03
7.462771219779402998e-03
8.091906024655775090e-03
8.279208584694336057e-03
8.737421713859416447e-03
8.554492837996160656e-03
