0.000000000000000000e+00
4.722793435510023313e-02
4.682251577654425456e-02
4.704353385223209588e-02
4.697963638891375360e-02
4.725464394457936507e-02
4.693057777128042257e-02
4.687700944944626219e-02
4.733114212737615095e-02
4.737819416385413013e-02
4.725084805248469522e-02
4.737496700698479862e-02
4.737496700698479862e-02
4.737742763798322154e-02
4.745636955234017879e-02
4.745636955234017879e-02
4.739702450701282349e-02
4.757790679777665344e-02
4.759435297364381784e-02
4.759435297364381784e-02
4.759435297364381784e-02
4.759435297364381784e-02
4.762067228942470226e-02
4.762067228942470226e-02
4.762067228942470226e-02
4.762067228942470226e-02
4.762067228942470226e-02
4.759051022003627646e-02
4.759051022003627646e-02
4.759051022003627646e-02
4.759051022003627646e-02
4.759051022003627646e-02
4.759051022003627646e-02
4.759051022003627646e-02
4.759051022003627646e-02
4.759051022003627646e-02
4.759051022003627646e-02
4.759051022003627646e-02
4.759051022003627646e-02
4.759051022003627646e-02
4.759051022003627646e-02
4.759051022003627646e-02
4.759051022003627646e-02
4.759051022003627646e-02
4.759051022003627646e-02
4.759051022003627646e-02
4.759051022003627646e-02
4.759051022003627646e-02
4.759051022003627646e-02
4.759051022003627646e-02
4.759051022003627646e-02
4.759051022003627646e-02
4.759051022003627646e-02
4.759051022003627646e-02
4.759051022003627646e-02
4.759051022003627646e-02
4.759051022003627646e-02
4.759051022003627646e-02
4.759051022003627646e-02
4.759051022003627646e-02
4.759051022003627646e-02
4.759051022003627646e-02
4.759051022003627646e-02
4.759051022003627646e-02
4.759051022003627646e-02
4.759051022003627646e-02
4.759051022003627646e-02
4.759051022003627646e-02
4.759051022003627646e-02
4.759051022003627646e-02
4.759051022003627646e-02
4.759051022003627646e-02
4.759051022003627646e-02
4.759051022003627646e-02
4.759051022003627646e-02
4.759051022003627646e-02
4.759051022003627646e-02
4.759051022003627646e-02
4.759051022003627646e-02
4.759051022003627646e-02
4.759051022003627646e-02
4.759051022003627646e-02
4.759051022003627646e-02
4.759051022003627646e-02
4.759051022003627646e-02
4.759051022003627646e-02
4.759051022003627646e-02
4.759051022003627646e-02
4.759051022003627646e-02
4.759051022003627646e-02
4.759051022003627646e-02
4.759051022003627646e-02
4.759051022003627646e-02
4.759051022003627646e-02
4.759051022003627646e-02
4.759051022003627646e-02
4.759051022003627646e-02
4.759051022003627646e-02
4.759051022003627646e-02
4.759051022003627646e-02
4.759051022003627646e-02
4.759051022003627646e-02
4.759051022003627646e-02
4.759051022003627646e-02
4.759051022003627646e-02
4.759051022003627646e-02
4.759051022003627646e-02
4.759051022003627646e-02
4.759051022003627646e-02
4.759051022003627646e-02
4.759051022003627646e-02
4.759051022003627646e-02
4.759051022003627646e-02
4.759051022003627646e-02
4.759051022003627646e-02
4.759051022003627646e-02
4.759051022003627646e-02
4.759051022003627646e-02
4.759051022003627646e-02
4.759051022003627646e-02
4.759051022003627646e-02
4.759051022003627646e-02
4.759051022003627646e-02
4.759051022003627646e-02
4.759051022003627646e-02
4.759051022003627646e-02
4.759051022003627646e-02
4.759051022003627646e-02
4.759051022003627646e-02
4.759051022003627646e-02
4.759051022003627646e-02
4.759051022003627646e-02
4.759051022003627646e-02
4.759051022003627646e-02
4.759051022003627646e-02
4.759051022003627646e-02
4.759051022003627646e-02
4.759051022003627646e-02
4.759051022003627646e-02
4.759051022003627646e-02
4.759051022003627646e-02
4.759051022003627646e-02
4.759051022003627646e-02
4.759051022003627646e-02
4.759051022003627646e-02
4.759051022003627646e-02
4.759051022003627646e-02
4.759051022003627646e-02
4.759051022003627646e-02
4.759051022003627646e-02
4.759051022003627646e-02
4.759051022003627646e-02
4.759051022003627646e-02
4.759051022003627646e-02
4.759051022003627646e-02
4.759051022003627646e-02
4.759051022003627646e-02
4.759051022003627646e-02
4.759051022003627646e-02
4.759051022003627646e-02
4.759051022003627646e-02
4.759051022003627646e-02
4.759051022003627646e-02
4.759051022003627646e-02
4.759051022003627646e-02
4.759051022003627646e-02
4.759051022003627646e-02
4.759051022003627646e-02
4.759051022003627646e-02
4.759051022003627646e-02
4.759051022003627646e-02
4.759051022003627646e-02
4.759051022003627646e-02
4.759051022003627646e-02
4.759051022003627646e-02
4.759051022003627646e-02
4.759051022003627646e-02
4.759051022003627646e-02
4.759051022003627646e-02
4.759051022003627646e-02
4.759051022003627646e-02
4.759051022003627646e-02
4.759051022003627646e-02
4.759051022003627646e-02
4.759051022003627646e-02
4.759051022003627646e-02
4.759051022003627646e-02
4.759051022003627646e-02
4.759051022003627646e-02
4.759051022003627646e-02
4.759051022003627646e-02
4.759051022003627646e-02
4.759051022003627646e-02
4.759051022003627646e-02
4.759051022003627646e-02
4.759051022003627646e-02
4.759051022003627646e-02
4.759051022003627646e-02
4.759051022003627646e-02
4.759051022003627646e-02
4.759051022003627646e-02
4.759051022003627646e-02
4.759051022003627646e-02
4.759051022003627646e-02
4.759051022003627646e-02
4.759051022003627646e-02
4.759051022003627646e-02
4.759051022003627646e-02
4.759051022003627646e-02
4.759051022003627646e-02
4.759051022003627646e-02
4.759051022003627646e-02
4.759051022003627646e-02
4.759051022003627646e-02
4.759051022003627646e-02
4.759051022003627646e-02
4.759051022003627646e-02
4.759051022003627646e-02
4.759051022003627646e-02
4.759051022003627646e-02
4.759051022003627646e-02
4.759051022003627646e-02
4.759051022003627646e-02
4.759051022003627646e-02
4.759051022003627646e-02
4.759051022003627646e-02
4.759051022003627646e-02
4.759051022003627646e-02
4.759051022003627646e-02
4.759051022003627646e-02
4.759051022003627646e-02
4.759051022003627646e-02
4.759051022003627646e-02
4.759051022003627646e-02
4.759051022003627646e-02
4.759051022003627646e-02
4.759051022003627646e-02
4.759051022003627646e-02
4.759051022003627646e-02
4.759051022003627646e-02
4.759051022003627646e-02
4.759051022003627646e-02
4.759051022003627646e-02
4.759051022003627646e-02
4.759051022003627646e-02
4.759051022003627646e-02
4.759051022003627646e-02
4.759051022003627646e-02
4.759051022003627646e-02
4.759051022003627646e-02
