1.000000000000000000e+00
9.993760703661157541e-01
9.963038740603221699e-01
9.949008044038435417e-01
9.919203389614186239e-01
9.902634970273878068e-01
9.863664056223252485e-01
9.850462154337545906e-01
9.826668996879486251e-01
9.824483490696717114e-01
9.801915206333144948e-01
9.783403085989182957e-01
9.783403085989182957e-01
9.787174680298491580e-01
9.783579275289011612e-01
9.783579275289011612e-01
9.776599193409021282e-01
9.768724828799832949e-01
9.751994022189344191e-01
9.751994022189344191e-01
9.751994022189344191e-01
9.751994022189344191e-01
9.751052196520760829e-01
9.751052196520760829e-01
9.751052196520760829e-01
9.751052196520760829e-01
9.751052196520760829e-01
9.752899072498206756e-01
9.752899072498206756e-01
9.752899072498206756e-01
9.752899072498206756e-01
9.752899072498206756e-01
9.752899072498206756e-01
9.752899072498206756e-01
9.752899072498206756e-01
9.752899072498206756e-01
9.752899072498206756e-01
9.752899072498206756e-01
9.752899072498206756e-01
9.752899072498206756e-01
9.752899072498206756e-01
9.752899072498206756e-01
9.752899072498206756e-01
9.752899072498206756e-01
9.752899072498206756e-01
9.752899072498206756e-01
9.752899072498206756e-01
9.752899072498206756e-01
9.752899072498206756e-01
9.752899072498206756e-01
9.752899072498206756e-01
9.752899072498206756e-01
9.752899072498206756e-01
9.752899072498206756e-01
9.752899072498206756e-01
9.752899072498206756e-01
9.752899072498206756e-01
9.752899072498206756e-01
9.752899072498206756e-01
9.752899072498206756e-01
9.752899072498206756e-01
9.752899072498206756e-01
9.752899072498206756e-01
9.752899072498206756e-01
9.752899072498206756e-01
9.752899072498206756e-01
9.752899072498206756e-01
9.752899072498206756e-01
9.752899072498206756e-01
9.752899072498206756e-01
9.752899072498206756e-01
9.752899072498206756e-01
9.752899072498206756e-01
9.752899072498206756e-01
9.752899072498206756e-01
9.752899072498206756e-01
9.752899072498206756e-01
9.752899072498206756e-01
9.752899072498206756e-01
9.752899072498206756e-01
9.752899072498206756e-01
9.752899072498206756e-01
9.752899072498206756e-01
9.752899072498206756e-01
9.752899072498206756e-01
9.752899072498206756e-01
9.752899072498206756e-01
9.752899072498206756e-01
9.752899072498206756e-01
9.752899072498206756e-01
9.752899072498206756e-01
9.752899072498206756e-01
9.752899072498206756e-01
9.752899072498206756e-01
9.752899072498206756e-01
9.752899072498206756e-01
9.752899072498206756e-01
9.752899072498206756e-01
9.752899072498206756e-01
9.752899072498206756e-01
9.752899072498206756e-01
9.752899072498206756e-01
9.752899072498206756e-01
9.752899072498206756e-01
9.752899072498206756e-01
9.752899072498206756e-01
9.752899072498206756e-01
9.752899072498206756e-01
9.752899072498206756e-01
9.752899072498206756e-01
9.752899072498206756e-01
9.752899072498206756e-01
9.752899072498206756e-01
9.752899072498206756e-01
9.752899072498206756e-01
9.752899072498206756e-01
9.752899072498206756e-01
9.752899072498206756e-01
9.752899072498206756e-01
9.752899072498206756e-01
9.752899072498206756e-01
9.752899072498206756e-01
9.752899072498206756e-01
9.752899072498206756e-01
9.752899072498206756e-01
9.752899072498206756e-01
9.752899072498206756e-01
9.752899072498206756e-01
9.752899072498206756e-01
9.752899072498206756e-01
9.752899072498206756e-01
9.752899072498206756e-01
9.752899072498206756e-01
9.752899072498206756e-01
9.752899072498206756e-01
9.752899072498206756e-01
9.752899072498206756e-01
9.752899072498206756e-01
9.752899072498206756e-01
9.752899072498206756e-01
9.752899072498206756e-01
9.752899072498206756e-01
9.752899072498206756e-01
9.752899072498206756e-01
9.752899072498206756e-01
9.752899072498206756e-01
9.752899072498206756e-01
9.752899072498206756e-01
9.752899072498206756e-01
9.752899072498206756e-01
9.752899072498206756e-01
9.752899072498206756e-01
9.752899072498206756e-01
9.752899072498206756e-01
9.752899072498206756e-01
9.752899072498206756e-01
9.752899072498206756e-01
9.752899072498206756e-01
9.752899072498206756e-01
9.752899072498206756e-01
9.752899072498206756e-01
9.752899072498206756e-01
9.752899072498206756e-01
9.752899072498206756e-01
9.752899072498206756e-01
9.752899072498206756e-01
9.752899072498206756e-01
9.752899072498206756e-01
9.752899072498206756e-01
9.752899072498206756e-01
9.752899072498206756e-01
9.752899072498206756e-01
9.752899072498206756e-01
9.752899072498206756e-01
9.752899072498206756e-01
9.752899072498206756e-01
9.752899072498206756e-01
9.752899072498206756e-01
9.752899072498206756e-01
9.752899072498206756e-01
9.752899072498206756e-01
9.752899072498206756e-01
9.752899072498206756e-01
9.752899072498206756e-01
9.752899072498206756e-01
9.752899072498206756e-01
9.752899072498206756e-01
9.752899072498206756e-01
9.752899072498206756e-01
9.752899072498206756e-01
9.752899072498206756e-01
9.752899072498206756e-01
9.752899072498206756e-01
9.752899072498206756e-01
9.752899072498206756e-01
9.752899072498206756e-01
9.752899072498206756e-01
9.752899072498206756e-01
9.752899072498206756e-01
9.752899072498206756e-01
9.752899072498206756e-01
9.752899072498206756e-01
9.752899072498206756e-01
9.752899072498206756e-01
9.752899072498206756e-01
9.752899072498206756e-01
9.752899072498206756e-01
9.752899072498206756e-01
9.752899072498206756e-01
9.752899072498206756e-01
9.752899072498206756e-01
9.752899072498206756e-01
9.752899072498206756e-01
9.752899072498206756e-01
9.752899072498206756e-01
9.752899072498206756e-01
9.752899072498206756e-01
9.752899072498206756e-01
9.752899072498206756e-01
9.752899072498206756e-01
9.752899072498206756e-01
9.752899072498206756e-01
9.752899072498206756e-01
9.752899072498206756e-01
9.752899072498206756e-01
9.752899072498206756e-01
9.752899072498206756e-01
9.752899072498206756e-01
9.752899072498206756e-01
9.752899072498206756e-01
9.752899072498206756e-01
9.752899072498206756e-01
9.752899072498206756e-01
9.752899072498206756e-01
9.752899072498206756e-01
9.752899072498206756e-01
9.752899072498206756e-01
9.752899072498206756e-01
9.752899072498206756e-01
9.752899072498206756e-01
9.752899072498206756e-01
9.752899072498206756e-01
9.752899072498206756e-01
9.752899072498206756e-01
9.752899072498206756e-01
9.752899072498206756e-01
9.752899072498206756e-01
9.752899072498206756e-01
9.752899072498206756e-01
9.752899072498206756e-01
