0.000000000000000000e+00
8.221857662760172214e-02
8.221857662760172214e-02
8.221857662760172214e-02
8.221857662760172214e-02
8.221857662760172214e-02
8.228961177213658940e-02
8.228961177213658940e-02
7.998595053983316439e-02
8.085450275604484649e-02
8.085450275604484649e-02
8.137637959230777096e-02
8.137637959230777096e-02
8.137637959230777096e-02
8.166141670740671710e-02
8.166141670740671710e-02
8.114305503174480683e-02
8.114305503174480683e-02
8.088984668887751195e-02
8.088984668887751195e-02
8.088984668887751195e-02
8.088984668887751195e-02
8.088984668887751195e-02
8.088984668887751195e-02
8.088984668887751195e-02
8.088984668887751195e-02
8.088984668887751195e-02
8.088984668887751195e-02
8.088984668887751195e-02
8.075418191095463938e-02
8.075418191095463938e-02
8.075418191095463938e-02
8.075418191095463938e-02
8.075418191095463938e-02
8.075418191095463938e-02
8.075418191095463938e-02
8.075418191095463938e-02
8.075418191095463938e-02
8.075418191095463938e-02
8.075418191095463938e-02
8.075418191095463938e-02
8.075418191095463938e-02
8.075418191095463938e-02
8.075418191095463938e-02
8.075418191095463938e-02
8.075418191095463938e-02
8.075418191095463938e-02
8.075418191095463938e-02
8.075418191095463938e-02
8.075418191095463938e-02
8.075418191095463938e-02
8.075418191095463938e-02
8.075418191095463938e-02
8.075418191095463938e-02
8.075418191095463938e-02
8.075418191095463938e-02
8.075418191095463938e-02
8.075418191095463938e-02
8.075418191095463938e-02
8.075418191095463938e-02
8.075418191095463938e-02
8.075418191095463938e-02
8.075418191095463938e-02
8.075418191095463938e-02
8.075418191095463938e-02
8.075418191095463938e-02
8.075418191095463938e-02
8.075418191095463938e-02
8.075418191095463938e-02
8.075418191095463938e-02
8.075418191095463938e-02
8.075418191095463938e-02
8.075418191095463938e-02
8.075418191095463938e-02
8.075418191095463938e-02
8.075418191095463938e-02
8.075418191095463938e-02
8.075418191095463938e-02
8.075418191095463938e-02
8.075418191095463938e-02
8.075418191095463938e-02
8.075418191095463938e-02
8.075418191095463938e-02
8.075418191095463938e-02
8.075418191095463938e-02
8.075418191095463938e-02
8.075418191095463938e-02
8.075418191095463938e-02
8.075418191095463938e-02
8.075418191095463938e-02
8.075418191095463938e-02
8.075418191095463938e-02
8.075418191095463938e-02
8.075418191095463938e-02
8.075418191095463938e-02
8.075418191095463938e-02
8.075418191095463938e-02
8.075418191095463938e-02
8.075418191095463938e-02
8.075418191095463938e-02
8.075418191095463938e-02
8.075418191095463938e-02
8.075418191095463938e-02
8.075418191095463938e-02
8.075418191095463938e-02
8.075418191095463938e-02
8.075418191095463938e-02
8.075418191095463938e-02
8.075418191095463938e-02
8.075418191095463938e-02
8.075418191095463938e-02
8.075418191095463938e-02
8.075418191095463938e-02
8.075418191095463938e-02
8.075418191095463938e-02
8.075418191095463938e-02
8.075418191095463938e-02
8.075418191095463938e-02
8.075418191095463938e-02
8.075418191095463938e-02
8.075418191095463938e-02
8.075418191095463938e-02
8.075418191095463938e-02
8.075418191095463938e-02
8.075418191095463938e-02
8.075418191095463938e-02
8.075418191095463938e-02
8.075418191095463938e-02
8.075418191095463938e-02
8.075418191095463938e-02
8.075418191095463938e-02
8.075418191095463938e-02
8.075418191095463938e-02
8.075418191095463938e-02
8.075418191095463938e-02
8.075418191095463938e-02
8.075418191095463938e-02
8.075418191095463938e-02
8.075418191095463938e-02
8.075418191095463938e-02
8.075418191095463938e-02
8.075418191095463938e-02
8.075418191095463938e-02
8.075418191095463938e-02
8.075418191095463938e-02
8.075418191095463938e-02
8.075418191095463938e-02
8.075418191095463938e-02
8.075418191095463938e-02
8.075418191095463938e-02
8.075418191095463938e-02
8.075418191095463938e-02
8.075418191095463938e-02
8.075418191095463938e-02
8.075418191095463938e-02
8.075418191095463938e-02
8.075418191095463938e-02
8.075418191095463938e-02
8.075418191095463938e-02
8.075418191095463938e-02
8.075418191095463938e-02
8.075418191095463938e-02
8.075418191095463938e-02
8.075418191095463938e-02
8.075418191095463938e-02
8.075418191095463938e-02
8.075418191095463938e-02
8.075418191095463938e-02
8.075418191095463938e-02
8.075418191095463938e-02
8.075418191095463938e-02
8.075418191095463938e-02
8.075418191095463938e-02
8.075418191095463938e-02
8.075418191095463938e-02
8.075418191095463938e-02
8.075418191095463938e-02
8.075418191095463938e-02
8.075418191095463938e-02
8.075418191095463938e-02
8.075418191095463938e-02
8.075418191095463938e-02
8.075418191095463938e-02
8.075418191095463938e-02
8.075418191095463938e-02
8.075418191095463938e-02
8.075418191095463938e-02
8.075418191095463938e-02
8.075418191095463938e-02
8.075418191095463938e-02
8.075418191095463938e-02
8.075418191095463938e-02
8.075418191095463938e-02
8.075418191095463938e-02
8.075418191095463938e-02
8.075418191095463938e-02
8.075418191095463938e-02
8.075418191095463938e-02
8.075418191095463938e-02
8.075418191095463938e-02
8.075418191095463938e-02
8.075418191095463938e-02
8.075418191095463938e-02
8.075418191095463938e-02
8.075418191095463938e-02
8.075418191095463938e-02
8.075418191095463938e-02
8.075418191095463938e-02
8.075418191095463938e-02
8.075418191095463938e-02
8.075418191095463938e-02
8.075418191095463938e-02
8.075418191095463938e-02
8.075418191095463938e-02
8.075418191095463938e-02
8.075418191095463938e-02
8.075418191095463938e-02
8.075418191095463938e-02
8.075418191095463938e-02
8.075418191095463938e-02
8.075418191095463938e-02
8.075418191095463938e-02
8.075418191095463938e-02
8.075418191095463938e-02
8.075418191095463938e-02
8.075418191095463938e-02
8.075418191095463938e-02
8.075418191095463938e-02
8.075418191095463938e-02
8.075418191095463938e-02
8.075418191095463938e-02
8.075418191095463938e-02
8.075418191095463938e-02
8.075418191095463938e-02
8.075418191095463938e-02
8.075418191095463938e-02
8.075418191095463938e-02
8.075418191095463938e-02
8.075418191095463938e-02
8.075418191095463938e-02
8.075418191095463938e-02
8.075418191095463938e-02
8.075418191095463938e-02
8.075418191095463938e-02
8.075418191095463938e-02
8.075418191095463938e-02
8.075418191095463938e-02
8.075418191095463938e-02
8.075418191095463938e-02
8.075418191095463938e-02
