1.000000000000000000e+00
1.000000000000000000e+00
1.000000000000000000e+00
1.000000000000000000e+00
1.000000000000000000e+00
1.000000000000000000e+00
1.000000000000000000e+00
1.000000000000000000e+00
1.000000000000000000e+00
1.000000000000000000e+00
1.000000000000000000e+00
1.000000000000000000e+00
1.000000000000000000e+00
1.000000000000000000e+00
1.000000000000000000e+00
1.000000000000000000e+00
1.000000000000000000e+00
1.000000000000000000e+00
1.000000000000000000e+00
1.000000000000000000e+00
1.000000000000000000e+00
9.910761255868881792e-01
9.910761255868881792e-01
9.910761255868881792e-01
9.910761255868881792e-01
9.910761255868881792e-01
9.910761255868881792e-01
9.910761255868881792e-01
9.844399797092278082e-01
9.720627832811810087e-01
9.540060425411578393e-01
9.363982213336261573e-01
9.307632894407121826e-01
9.091099757155620686e-01
8.879004219894007788e-01
8.567949515059316568e-01
8.366673014045795664e-01
8.267163028759000332e-01
8.124367878876015414e-01
8.033480023854427943e-01
7.809051753321948341e-01
7.720619559296735268e-01
7.634850453078375621e-01
7.593582764521509265e-01
7.431353402224349924e-01
7.190563937847407328e-01
7.033140706718038482e-01
6.803471556709159707e-01
6.653180208440289123e-01
6.285771493980434332e-01
6.071220134145458580e-01
5.930379130991306758e-01
5.792213912790132868e-01
5.690339189673410125e-01
5.391636768387662038e-01
5.130219933187046832e-01
5.098194272365572655e-01
4.940754985040827774e-01
4.909922852382572200e-01
4.818531990829024170e-01
4.609471671979620822e-01
4.404323265654822017e-01
4.288872459414022620e-01
4.118116191254406200e-01
4.062146463979043332e-01
3.864134076364609816e-01
3.809648669530432685e-01
3.622898149921175981e-01
3.517324152104315815e-01
3.361578788106064919e-01
3.233734629504279590e-01
3.158144089620525397e-01
3.133369418454679534e-01
3.059753432608113832e-01
3.035726763053228638e-01
2.940442965784326734e-01
2.869865058528408008e-01
2.777280358382379077e-01
2.731363740087841552e-01
2.708747320688102422e-01
2.641698171800908046e-01
2.575644099289279843e-01
2.488665285006535777e-01
2.467102226115383545e-01
2.467102226115383545e-01
2.383089077393587274e-01
2.341550492852686738e-01
2.328053122278976039e-01
2.247042269564884787e-01
2.206745900246930014e-01
2.167068873741746504e-01
2.127808499789878016e-01
2.176572608762956662e-01
2.157388582667328358e-01
2.138416434102204389e-01
2.082113236498749076e-01
1.934503337839220405e-01
1.879320192487493602e-01
1.861164489832216884e-01
1.825081080312986603e-01
1.771486481044358130e-01
1.736075868685921786e-01
1.700994715565203597e-01
1.683745866678348635e-01
1.530599129199170794e-01
1.530599129199170794e-01
1.496904511519328851e-01
1.418715288338048830e-01
1.402200294756379695e-01
1.353136858736068981e-01
1.341487558348558873e-01
1.309284426868271012e-01
1.245661023588316152e-01
1.199484998799363183e-01
1.027504787723821783e-01
9.256675940512444634e-02
9.103345553714890792e-02
8.950628178243773270e-02
8.649195091363694188e-02
8.187238743922313489e-02
8.038301054297107562e-02
7.744924862136112753e-02
7.744924862136112753e-02
7.990729469635281246e-02
7.545796144242256087e-02
7.118408453861377327e-02
6.694590082837197087e-02
6.340302894891158836e-02
6.340302894891158836e-02
5.799518586968939460e-02
5.799518586968939460e-02
5.663357841071619408e-02
5.141718989382491889e-02
5.741438957285022876e-02
5.319390645329783590e-02
4.735893961826769666e-02
4.605201653067109852e-02
4.320261812022475889e-02
4.341069096092182306e-02
3.567376797549446504e-02
2.790460325383864459e-02
2.790460325383864459e-02
2.790460325383864459e-02
4.348391822801346562e-02
4.034007121744665608e-02
3.788604755694020138e-02
3.788604755694020138e-02
3.788604755694020138e-02
3.788604755694020138e-02
3.669594400985656812e-02
4.027343455712011078e-02
3.789824565751803709e-02
3.672654490564355306e-02
3.672654490564355306e-02
3.554158965807931170e-02
3.133987471956400928e-02
2.906397767275419042e-02
2.793149632317440748e-02
4.104289900068935210e-02
4.104289900068935210e-02
5.088874604532851037e-02
4.381467885463478928e-02
3.179969185472137500e-02
2.483597081871545195e-02
1.523075351127332715e-02
1.307500066939552320e-02
1.083178995645966113e-02
1.083178995645966113e-02
2.562135809967201056e-03
-5.464975679769304168e-04
2.799731864508785487e-03
2.019049897114108994e-04
-8.289563320503439770e-04
-7.160065479652003191e-03
-1.251000387240271648e-02
-1.489289824216875370e-02
-1.102863305371066735e-02
-9.021012737548786062e-03
-1.611874495915061045e-02
-1.102570138612386785e-02
-1.629236176091475308e-02
-1.825413792035101082e-02
-1.825413792035101082e-02
-2.345360374473311540e-02
-3.722147015211429988e-02
-3.364168179705601114e-02
-3.459655499854276395e-02
-4.097403659684718813e-02
-4.475419027826745000e-02
-3.615095270090292606e-02
-3.673687872413858996e-02
-3.777438585268407673e-02
-3.331786225187580164e-02
-3.317499010342511018e-02
-3.409234370454067298e-02
-3.711888297241799917e-02
-3.153270815622000178e-02
-3.392224078235221707e-02
-3.735833880241151012e-02
-3.497788727141075416e-02
-3.301456810214554310e-02
-2.846431023034200897e-02
-1.447065957400969771e-02
-1.534524886809746601e-02
-4.944425931517434057e-03
-6.819840461451152219e-03
-3.142209595711390347e-03
-1.403746875339722741e-02
-9.213556641100779585e-03
-9.213556641100779585e-03
-6.422473604368973861e-03
-1.468931986576271602e-02
-1.997656134730814090e-02
-1.426232640853228664e-02
-1.694975999430256217e-02
-1.843050409255861041e-02
-1.723248095768397867e-02
-2.037033613932676471e-02
-2.043517194180127436e-02
-1.951823531313922472e-02
-1.842697392861990247e-02
-1.572867026708778954e-02
-1.093933713704301966e-02
-5.703483226052111568e-03
-4.731741594202731535e-03
-5.520063030834717124e-03
-1.452890992539901741e-02
-2.034262245307468311e-02
-1.580038546590882900e-02
-1.580038546590882900e-02
-9.841717734608210894e-03
-1.138044824954059439e-02
-1.650183804220804740e-02
-1.964576439163078642e-02
-2.318653838488158800e-02
-2.474446323205531373e-02
-1.177375618192707911e-02
-5.862642503055045043e-03
2.200916818494975599e-03
2.816336193863044988e-03
-1.840222869415172532e-03
-1.235378474989131184e-02
-6.856076794618996481e-03
-1.062377110071269226e-02
-1.062377110071269226e-02
-6.236351199235504184e-03
-6.236351199235504184e-03
-7.673571091678612309e-03
-8.953224160120232256e-03
-6.511512745086864284e-03
