0.000000000000000000e+00
4.751767581232633347e-02
4.760429262837539977e-02
5.076072098575606234e-02
5.333055598852006612e-02
4.804473473348828266e-02
5.317539726929296218e-02
-3.756840625756224100e-02
-3.252458665779115604e-02
-3.294794331935845672e-02
-2.929901681486476658e-02
-2.997128405028011422e-02
3.937932045160230654e-02
4.355626787459603716e-02
4.147901225639730877e-02
4.175383906393103500e-02
4.285060764402081473e-02
3.780953978916362646e-02
3.122902869808654239e-02
2.450171324084739199e-02
2.647083374616964954e-02
2.684704203480275941e-02
2.683175820070069287e-02
2.717504488081529460e-02
2.598605327105704341e-02
2.591167189902547976e-02
2.651212183574207237e-02
2.676159968782523477e-02
2.657911560643250529e-02
2.946411517931704638e-02
3.490329166399510491e-02
3.304302010744575302e-02
3.297197431017265951e-02
3.266680272699377247e-02
3.270481251583892690e-02
3.383504322464241793e-02
3.234958105981106807e-02
2.868311706729285981e-02
2.928538856519469560e-02
3.147890363062618574e-02
3.048615990113888452e-02
3.284410483213936333e-02
3.071449843180928951e-02
3.152093307177802894e-02
3.086263777957995447e-02
3.082915215596651604e-02
3.173503304489983662e-02
3.398482242294576655e-02
3.035067703250483515e-02
2.983155007396996392e-02
2.962985798554000974e-02
2.950960907434510908e-02
2.737911228873353073e-02
3.028774122669317115e-02
2.932080875594262823e-02
3.162400155622696607e-02
3.094767093096780983e-02
3.095903151264316547e-02
3.289569802929628861e-02
2.935668895050991267e-02
3.092429877726332252e-02
2.693016839626278039e-02
2.722257532679890971e-02
2.843416036306681619e-02
2.580927061135129472e-02
3.151763646505129080e-02
2.819757192846095162e-02
3.200472742342046900e-02
2.939744669378037759e-02
2.901089707447833399e-02
3.080369985782788200e-02
2.773687358169201270e-02
3.162359215637193521e-02
2.673639752601524033e-02
2.634584489118426895e-02
2.415801634488291827e-02
2.376517895392625188e-02
2.830407981714546869e-02
2.645634484164370234e-02
3.018425691060479601e-02
2.986929152585365843e-02
3.120310966461587246e-02
2.977288874375736902e-02
2.928488497875915766e-02
2.954088242871930059e-02
2.462329097194299390e-02
2.495407307520521034e-02
2.436305447261149018e-02
2.763098205465519194e-02
2.896222345990521682e-02
2.916942292343143936e-02
3.105798603190000964e-02
3.227921560226062331e-02
3.243457041228030302e-02
3.013955643476636317e-02
3.212977037687515108e-02
3.150189295684774349e-02
2.760379852390220864e-02
2.437470253973176779e-02
2.331503565155170279e-02
2.466835941217513858e-02
2.655281618003052860e-02
2.773461025746098985e-02
3.049990488551332021e-02
3.275695000656164008e-02
3.235524246947811544e-02
2.938007344600730708e-02
3.026380048418337090e-02
2.896792563683730018e-02
2.546597386040766464e-02
2.291053079621344080e-02
2.453984725651812970e-02
2.443728595371614729e-02
2.653928380674254114e-02
2.773310399244902427e-02
3.271355828143886896e-02
3.266864080352140098e-02
3.079698909903487089e-02
2.962255405763761229e-02
3.139112161447722010e-02
3.084262705753963371e-02
2.382565641428249434e-02
2.348949439287400034e-02
2.409567287405971550e-02
2.805529735346499673e-02
2.890122788933706041e-02
2.978243817193225104e-02
3.265388979740462688e-02
3.425500918239495624e-02
3.233324370562213473e-02
3.150331308204446651e-02
3.166303295009489233e-02
2.991925604979972855e-02
2.441261020715116900e-02
2.399321846054455407e-02
2.556348768589437881e-02
2.818069873403640166e-02
2.877377313277612592e-02
3.046046282746444830e-02
3.367840940512275422e-02
3.243063877702969527e-02
3.239232239808189501e-02
3.188252552218512337e-02
3.156568347463583474e-02
2.889583256878612907e-02
2.520925649604033661e-02
2.423932326936656736e-02
2.613242770310904295e-02
2.865179847346418715e-02
2.952002924396371353e-02
3.011697210486266943e-02
3.105979763470457719e-02
3.210689223272608639e-02
3.216489409683111894e-02
3.021466004513148965e-02
2.906677915164278606e-02
2.785514048998594464e-02
2.544084800271696409e-02
2.652454912165914946e-02
2.892773878448674785e-02
2.902111943887887222e-02
3.024639739553756923e-02
3.040237744748197635e-02
3.113206200884759481e-02
3.076255267362972001e-02
2.999671977009303256e-02
2.842400031809665106e-02
2.651624693919352529e-02
2.632166360389205997e-02
2.523554907383235638e-02
2.620653797461141091e-02
2.862681836298337779e-02
2.906101829677704487e-02
3.011948427896545336e-02
3.077371279535797213e-02
3.077371279535797213e-02
3.127451663001322435e-02
2.986583322147972133e-02
2.853241046642290488e-02
2.663875451914922074e-02
2.696212148153935215e-02
2.586326092500453033e-02
2.621404796295735348e-02
2.750828428678918011e-02
2.952806231679500071e-02
2.925768365045736466e-02
2.946503200028574576e-02
2.843717727565843109e-02
2.946628283728839129e-02
2.988160015543860071e-02
2.714594578209987216e-02
2.678596521295285859e-02
2.713886636638904171e-02
2.590407507240337706e-02
2.635271536805655276e-02
2.952724668403106448e-02
2.903382283665288666e-02
2.987081316191371808e-02
2.971024141432758794e-02
2.865777076592112074e-02
3.048303971093488038e-02
2.929190679076212889e-02
2.749662533338298118e-02
2.773687742363071043e-02
2.778154350065551934e-02
2.712725638737588374e-02
2.643856463006436994e-02
2.848287227910713260e-02
2.825815904389784861e-02
2.932686892305613399e-02
2.952369840601218667e-02
2.838255207828868296e-02
3.024582988196079444e-02
2.990130356660425370e-02
2.959233725386811731e-02
2.897639298731070553e-02
2.905596945175779877e-02
2.875451543589966838e-02
2.804966313050326690e-02
2.892937159084038243e-02
2.984912421777595123e-02
2.986931611054717550e-02
2.852390208099311875e-02
2.846142522279744569e-02
2.978683251722780492e-02
2.985509042124027609e-02
2.913243758306994016e-02
2.887648760902445169e-02
2.868730730348811875e-02
2.958200743697956756e-02
2.839838733636943294e-02
2.938184268991217082e-02
3.040774304459520003e-02
2.958580661226858921e-02
2.872067783157764009e-02
2.872067783157764009e-02
3.003824911731828307e-02
3.004937186980330410e-02
2.887648760902445169e-02
2.887648760902445169e-02
2.993577068303826180e-02
2.881706533483347280e-02
2.984091745482566824e-02
2.956334088307348631e-02
2.893705855285757036e-02
2.966662974236513109e-02
2.859891512022201543e-02
2.882400222209196769e-02
2.930157482491363083e-02
2.986219517360888184e-02
