1.000000000000000000e+00
9.999999999999998890e-01
9.984586586925706664e-01
9.736715266715625372e-01
9.235882640644474950e-01
8.894969703802666494e-01
8.693889361602029631e-01
8.598622018365836839e-01
8.506797450083358747e-01
8.438322173992672814e-01
8.356330591141692965e-01
8.262036371742416119e-01
8.242865571806529124e-01
8.200619296918195689e-01
8.167810339495320537e-01
8.144218797490024864e-01
8.081543533673657409e-01
8.047543978908880957e-01
7.958662720763095555e-01
7.911990570474977114e-01
7.885138389332084774e-01
7.837604246328595536e-01
7.815461163943692169e-01
7.791218066095538797e-01
7.740915114522531892e-01
7.694921905148253138e-01
7.668042524246164726e-01
7.624844908449401881e-01
7.561952351424029439e-01
7.538230917568822242e-01
7.508848820421977210e-01
7.467305374815428332e-01
7.435639023053394192e-01
7.395106766717294278e-01
7.367628415542034626e-01
7.337504791517674985e-01
7.308329558008063165e-01
7.283103725986583843e-01
7.266528388832618202e-01
7.244317021242009380e-01
7.214564009018082924e-01
7.193752177731842501e-01
7.165964908415960455e-01
7.154547197268843473e-01
7.121596694594164445e-01
7.103339113950165595e-01
7.086347835576209953e-01
7.056955311131580810e-01
7.023852011696808395e-01
7.010473617575571081e-01
6.995762621987444696e-01
6.960599820793437198e-01
6.937243541335834651e-01
6.907296070894456408e-01
6.908309891160436811e-01
6.890982728668157975e-01
6.876624909121127338e-01
6.848158751958990376e-01
6.845136260689735908e-01
6.808453550090541873e-01
6.765710914774810680e-01
6.756004444351966232e-01
6.743734967058623297e-01
6.729346516143831503e-01
6.709414111932572311e-01
6.686597482909835133e-01
6.679491506589225747e-01
6.674134700966073419e-01
6.657286523974685899e-01
6.654464684441826483e-01
6.628547194440729262e-01
6.614075565704830018e-01
6.595037059695084691e-01
6.580139745318160927e-01
6.582748326360831070e-01
6.580544125728852167e-01
6.570390372915964061e-01
6.548606831014237573e-01
6.542441295171096405e-01
6.539423267607578083e-01
6.528556073554526717e-01
6.517140992971285351e-01
6.497959777692288164e-01
6.494187506678402722e-01
6.485323331121055634e-01
6.481455459233915750e-01
6.461893561122072915e-01
6.448545418199176371e-01
6.444231477859484469e-01
6.443849616035389749e-01
6.429215463889397242e-01
6.411476510195004419e-01
6.395777566232176969e-01
6.379761199021594109e-01
6.374468313697343458e-01
6.363757364401007033e-01
6.354633340143133191e-01
6.350267662465944873e-01
6.338873114170759937e-01
6.331316027802016411e-01
6.316386844095893682e-01
6.301535183831608045e-01
6.284232161183573862e-01
6.260044288406181323e-01
6.252269229837452702e-01
6.240803813989077575e-01
6.236301597395128571e-01
6.232820522757737125e-01
6.230276875866366249e-01
6.243318017376434659e-01
6.241462697315312003e-01
6.236429663950801006e-01
6.226428791772802285e-01
6.221926656228157215e-01
6.224828037408351999e-01
6.208740007075571610e-01
6.203895100640713922e-01
6.192062707656500464e-01
6.184473876517789792e-01
6.178331347740723123e-01
6.172324326497280467e-01
6.166185974256688240e-01
6.170651242434560535e-01
6.153783200302423984e-01
6.156040323525413527e-01
6.144048256308261013e-01
6.138623213078485685e-01
6.132812793632265169e-01
6.126966479676015931e-01
6.115989582916661060e-01
6.105315562139106422e-01
6.108410023217173412e-01
6.101225546851958281e-01
6.096648478455846121e-01
6.086103897778064598e-01
6.068154717310344504e-01
6.062062794886340367e-01
6.049372965095884958e-01
6.041639503066874584e-01
6.042389641802519140e-01
6.040882508402578566e-01
6.034131991260717198e-01
6.025289089821782573e-01
6.017827533090340797e-01
6.017784576980510503e-01
6.007621838517427371e-01
6.010022610545984190e-01
6.002885567128972699e-01
5.998975687428987902e-01
5.996278770053481422e-01
5.994095328990047822e-01
5.983302404345290926e-01
5.982748154712842492e-01
5.974644554178619726e-01
5.963996614551939635e-01
5.960739634510764384e-01
5.952141577033670528e-01
5.961864545544391936e-01
5.956236009893127736e-01
5.956478920183188031e-01
5.956175105033933992e-01
5.951003043046569907e-01
5.944681180239618223e-01
5.942766614482234422e-01
5.946545311566755476e-01
5.944463036513335519e-01
5.935909179548932713e-01
5.936994988037328502e-01
5.932828539827108560e-01
5.935891556802030955e-01
5.923547556994126495e-01
5.915007801148575162e-01
5.909515350425312841e-01
5.911725565218642897e-01
5.907316506543224266e-01
5.906864805056060153e-01
5.898506449518247097e-01
5.901200169696327880e-01
5.899121916564128432e-01
5.892973525436536741e-01
5.886382744595879402e-01
5.879522561648098389e-01
5.866590993247626784e-01
5.858832988441166068e-01
5.851639712081635469e-01
5.849415816383216615e-01
5.838886031149042033e-01
5.838072147647400678e-01
5.840184872626356105e-01
5.838972413380091320e-01
5.835448340155175995e-01
5.834814162227177636e-01
5.833928453571366468e-01
5.830057146187436201e-01
5.824139136218020596e-01
5.820432230173835375e-01
5.820896864699803830e-01
5.822082517474846952e-01
5.820466075411402374e-01
5.809365630988562179e-01
5.807412466613333102e-01
5.806425707878365428e-01
5.804473636284154248e-01
5.804583496252850860e-01
5.802840173901295806e-01
5.802199381664597810e-01
5.806448424718394508e-01
5.810960573954987440e-01
5.812106645004072591e-01
5.805071132808875545e-01
5.807446336809328757e-01
5.809316528832755289e-01
5.791596103252406591e-01
5.783059693865880702e-01
5.778102781428651191e-01
5.776667297249595823e-01
5.771078663827152733e-01
5.768345379434580700e-01
5.768640679650934855e-01
5.769126699143749537e-01
5.768278615134592169e-01
5.760575036303305918e-01
5.759945230566374530e-01
5.752116720533313465e-01
5.756653088856034106e-01
5.756476314485946544e-01
5.755603211309183731e-01
5.742986293553413724e-01
5.740692526589381561e-01
5.739227278624089434e-01
5.736122818356979014e-01
5.726141948985891128e-01
5.724583543542166586e-01
5.730103206688271777e-01
5.723023147278299971e-01
5.724673837601373938e-01
5.718510837250619927e-01
5.713231649884584762e-01
5.703235144686629177e-01
5.704204945356918799e-01
5.704871116454587332e-01
5.701732574542061061e-01
5.701126749846643360e-01
5.697067893587642873e-01
5.697660246382911797e-01
5.694043857330298719e-01
5.688855414330947768e-01
5.692181864579446415e-01
5.695307710557268033e-01
5.685236503574532252e-01
