-1.899999999999999911e+00 0.000000000000000000e+00
-1.896386430678465906e+00 0.000000000000000000e+00
-1.892772861356932124e+00 0.000000000000000000e+00
-1.889159292035398119e+00 0.000000000000000000e+00
-1.885545722713864114e+00 0.000000000000000000e+00
-1.881932153392330331e+00 0.000000000000000000e+00
-1.878318584070796327e+00 0.000000000000000000e+00
-1.874705014749262544e+00 0.000000000000000000e+00
-1.871091445427728539e+00 0.000000000000000000e+00
-1.867477876106194534e+00 0.000000000000000000e+00
-1.863864306784660752e+00 0.000000000000000000e+00
-1.860250737463126747e+00 0.000000000000000000e+00
-1.856637168141592742e+00 0.000000000000000000e+00
-1.853023598820058959e+00 0.000000000000000000e+00
-1.849410029498524954e+00 0.000000000000000000e+00
-1.845796460176990950e+00 0.000000000000000000e+00
-1.842182890855457167e+00 0.000000000000000000e+00
-1.838569321533923162e+00 0.000000000000000000e+00
-1.834955752212389379e+00 0.000000000000000000e+00
-1.831342182890855375e+00 0.000000000000000000e+00
-1.827728613569321370e+00 0.000000000000000000e+00
-1.824115044247787587e+00 0.000000000000000000e+00
-1.820501474926253582e+00 0.000000000000000000e+00
-1.816887905604719577e+00 0.000000000000000000e+00
-1.813274336283185795e+00 0.000000000000000000e+00
-1.809660766961651790e+00 0.000000000000000000e+00
-1.806047197640118007e+00 0.000000000000000000e+00
-1.802433628318584002e+00 0.000000000000000000e+00
-1.798820058997049998e+00 0.000000000000000000e+00
-1.795206489675516215e+00 0.000000000000000000e+00
-1.791592920353982210e+00 0.000000000000000000e+00
-1.787979351032448205e+00 0.000000000000000000e+00
-1.784365781710914423e+00 0.000000000000000000e+00
-1.780752212389380418e+00 0.000000000000000000e+00
-1.777138643067846413e+00 0.000000000000000000e+00
-1.773525073746312630e+00 0.000000000000000000e+00
-1.769911504424778625e+00 0.000000000000000000e+00
-1.766297935103244843e+00 0.000000000000000000e+00
-1.762684365781710838e+00 0.000000000000000000e+00
-1.759070796460176833e+00 0.000000000000000000e+00
-1.755457227138643050e+00 0.000000000000000000e+00
-1.751843657817109046e+00 0.000000000000000000e+00
-1.748230088495575041e+00 0.000000000000000000e+00
-1.744616519174041258e+00 0.000000000000000000e+00
-1.741002949852507253e+00 0.000000000000000000e+00
-1.737389380530973249e+00 0.000000000000000000e+00
-1.733775811209439466e+00 0.000000000000000000e+00
-1.730162241887905461e+00 0.000000000000000000e+00
-1.726548672566371678e+00 0.000000000000000000e+00
-1.722935103244837673e+00 0.000000000000000000e+00
-1.719321533923303669e+00 0.000000000000000000e+00
-1.715707964601769886e+00 0.000000000000000000e+00
-1.712094395280235881e+00 0.000000000000000000e+00
-1.708480825958701876e+00 0.000000000000000000e+00
-1.704867256637168094e+00 0.000000000000000000e+00
-1.701253687315634089e+00 0.000000000000000000e+00
-1.697640117994100084e+00 0.000000000000000000e+00
-1.694026548672566301e+00 0.000000000000000000e+00
-1.690412979351032297e+00 0.000000000000000000e+00
-1.686799410029498514e+00 0.000000000000000000e+00
-1.683185840707964509e+00 0.000000000000000000e+00
-1.679572271386430504e+00 0.000000000000000000e+00
-1.675958702064896721e+00 0.000000000000000000e+00
-1.672345132743362717e+00 0.000000000000000000e+00
-1.668731563421828712e+00 0.000000000000000000e+00
-1.665117994100294929e+00 0.000000000000000000e+00
-1.661504424778760924e+00 0.000000000000000000e+00
-1.657890855457226920e+00 0.000000000000000000e+00
-1.654277286135693137e+00 0.000000000000000000e+00
-1.650663716814159132e+00 0.000000000000000000e+00
-1.647050147492625349e+00 0.000000000000000000e+00
-1.643436578171091345e+00 0.000000000000000000e+00
-1.639823008849557340e+00 0.000000000000000000e+00
-1.636209439528023557e+00 0.000000000000000000e+00
-1.632595870206489552e+00 0.000000000000000000e+00
-1.628982300884955770e+00 0.000000000000000000e+00
-1.625368731563421765e+00 0.000000000000000000e+00
-1.621755162241887760e+00 0.000000000000000000e+00
-1.618141592920353755e+00 0.000000000000000000e+00
-1.614528023598819972e+00 0.000000000000000000e+00
-1.610914454277285968e+00 0.000000000000000000e+00
-1.607300884955752185e+00 0.000000000000000000e+00
-1.603687315634218180e+00 0.000000000000000000e+00
-1.600073746312684175e+00 0.000000000000000000e+00
-1.596460176991150393e+00 0.000000000000000000e+00
-1.592846607669616388e+00 0.000000000000000000e+00
-1.589233038348082605e+00 0.000000000000000000e+00
-1.585619469026548600e+00 0.000000000000000000e+00
-1.582005899705014595e+00 0.000000000000000000e+00
-1.578392330383480591e+00 0.000000000000000000e+00
-1.574778761061946808e+00 0.000000000000000000e+00
-1.571165191740412803e+00 0.000000000000000000e+00
-1.567551622418879020e+00 0.000000000000000000e+00
-1.563938053097345016e+00 0.000000000000000000e+00
-1.560324483775811011e+00 0.000000000000000000e+00
-1.556710914454277228e+00 0.000000000000000000e+00
-1.553097345132743223e+00 0.000000000000000000e+00
-1.549483775811209441e+00 0.000000000000000000e+00
-1.545870206489675436e+00 0.000000000000000000e+00
-1.542256637168141431e+00 0.000000000000000000e+00
-1.538643067846607426e+00 0.000000000000000000e+00
-1.535029498525073643e+00 0.000000000000000000e+00
-1.531415929203539639e+00 0.000000000000000000e+00
-1.527802359882005856e+00 0.000000000000000000e+00
-1.524188790560471851e+00 0.000000000000000000e+00
-1.520575221238937846e+00 0.000000000000000000e+00
-1.516961651917404064e+00 0.000000000000000000e+00
-1.513348082595870059e+00 0.000000000000000000e+00
-1.509734513274336276e+00 0.000000000000000000e+00
-1.506120943952802271e+00 0.000000000000000000e+00
-1.502507374631268267e+00 0.000000000000000000e+00
-1.498893805309734262e+00 0.000000000000000000e+00
-1.495280235988200479e+00 0.000000000000000000e+00
-1.491666666666666474e+00 0.000000000000000000e+00
-1.488053097345132691e+00 0.000000000000000000e+00
-1.484439528023598687e+00 0.000000000000000000e+00
-1.480825958702064682e+00 0.000000000000000000e+00
-1.477212389380530899e+00 0.000000000000000000e+00
-1.473598820058996894e+00 0.000000000000000000e+00
-1.469985250737463112e+00 0.000000000000000000e+00
-1.466371681415929107e+00 0.000000000000000000e+00
-1.462758112094395102e+00 0.000000000000000000e+00
-1.459144542772861097e+00 0.000000000000000000e+00
-1.455530973451327315e+00 0.000000000000000000e+00
-1.451917404129793310e+00 0.000000000000000000e+00
-1.448303834808259527e+00 0.000000000000000000e+00
-1.444690265486725522e+00 0.000000000000000000e+00
-1.441076696165191517e+00 0.000000000000000000e+00
-1.437463126843657735e+00 0.000000000000000000e+00
-1.433849557522123730e+00 0.000000000000000000e+00
-1.430235988200589947e+00 0.000000000000000000e+00
-1.426622418879055942e+00 0.000000000000000000e+00
-1.423008849557521938e+00 0.000000000000000000e+00
-1.419395280235987933e+00 0.000000000000000000e+00
-1.415781710914454150e+00 0.000000000000000000e+00
-1.412168141592920145e+00 0.000000000000000000e+00
-1.408554572271386363e+00 0.000000000000000000e+00
-1.404941002949852358e+00 0.000000000000000000e+00
-1.401327433628318353e+00 0.000000000000000000e+00
-1.397713864306784570e+00 0.000000000000000000e+00
-1.394100294985250565e+00 0.000000000000000000e+00
-1.390486725663716783e+00 0.000000000000000000e+00
-1.386873156342182778e+00 0.000000000000000000e+00
-1.383259587020648773e+00 0.000000000000000000e+00
-1.379646017699114768e+00 0.000000000000000000e+00
-1.376032448377580986e+00 0.000000000000000000e+00
-1.372418879056047203e+00 0.000000000000000000e+00
-1.368805309734513198e+00 0.000000000000000000e+00
-1.365191740412979193e+00 0.000000000000000000e+00
-1.361578171091445189e+00 0.000000000000000000e+00
-1.357964601769911406e+00 0.000000000000000000e+00
-1.354351032448377401e+00 0.000000000000000000e+00
-1.350737463126843618e+00 0.000000000000000000e+00
-1.347123893805309613e+00 0.000000000000000000e+00
-1.343510324483775609e+00 0.000000000000000000e+00
-1.339896755162241604e+00 0.000000000000000000e+00
-1.336283185840707821e+00 0.000000000000000000e+00
-1.332669616519174038e+00 0.000000000000000000e+00
-1.329056047197640034e+00 0.000000000000000000e+00
-1.325442477876106029e+00 0.000000000000000000e+00
-1.321828908554572024e+00 0.000000000000000000e+00
-1.318215339233038241e+00 0.000000000000000000e+00
-1.314601769911504237e+00 0.000000000000000000e+00
-1.310988200589970454e+00 0.000000000000000000e+00
-1.307374631268436449e+00 0.000000000000000000e+00
-1.303761061946902444e+00 0.000000000000000000e+00
-1.300147492625368439e+00 0.000000000000000000e+00
-1.296533923303834657e+00 0.000000000000000000e+00
-1.292920353982300874e+00 0.000000000000000000e+00
-1.289306784660766869e+00 0.000000000000000000e+00
-1.285693215339232864e+00 0.000000000000000000e+00
-1.282079646017698860e+00 0.000000000000000000e+00
-1.278466076696165077e+00 0.000000000000000000e+00
-1.274852507374631072e+00 0.000000000000000000e+00
-1.271238938053097289e+00 0.000000000000000000e+00
-1.267625368731563285e+00 0.000000000000000000e+00
-1.264011799410029280e+00 0.000000000000000000e+00
-1.260398230088495275e+00 0.000000000000000000e+00
-1.256784660766961492e+00 0.000000000000000000e+00
-1.253171091445427709e+00 0.000000000000000000e+00
-1.249557522123893705e+00 0.000000000000000000e+00
-1.245943952802359700e+00 0.000000000000000000e+00
-1.242330383480825695e+00 0.000000000000000000e+00
-1.238716814159291912e+00 0.000000000000000000e+00
-1.235103244837757908e+00 0.000000000000000000e+00
-1.231489675516224125e+00 0.000000000000000000e+00
-1.227876106194690120e+00 0.000000000000000000e+00
-1.224262536873156115e+00 0.000000000000000000e+00
-1.220648967551622111e+00 0.000000000000000000e+00
-1.217035398230088328e+00 0.000000000000000000e+00
-1.213421828908554545e+00 0.000000000000000000e+00
-1.209808259587020540e+00 0.000000000000000000e+00
-1.206194690265486535e+00 0.000000000000000000e+00
-1.202581120943952531e+00 0.000000000000000000e+00
-1.198967551622418748e+00 0.000000000000000000e+00
-1.195353982300884743e+00 0.000000000000000000e+00
-1.191740412979350960e+00 0.000000000000000000e+00
-1.188126843657816956e+00 0.000000000000000000e+00
-1.184513274336282951e+00 0.000000000000000000e+00
-1.180899705014748946e+00 0.000000000000000000e+00
-1.177286135693215163e+00 0.000000000000000000e+00
-1.173672566371681381e+00 0.000000000000000000e+00
-1.170058997050147376e+00 0.000000000000000000e+00
-1.166445427728613371e+00 0.000000000000000000e+00
-1.162831858407079366e+00 0.000000000000000000e+00
-1.159218289085545583e+00 0.000000000000000000e+00
-1.155604719764011579e+00 0.000000000000000000e+00
-1.151991150442477796e+00 0.000000000000000000e+00
-1.148377581120943791e+00 0.000000000000000000e+00
-1.144764011799409786e+00 0.000000000000000000e+00
-1.141150442477875782e+00 0.000000000000000000e+00
-1.137536873156341999e+00 0.000000000000000000e+00
-1.133923303834808216e+00 0.000000000000000000e+00
-1.130309734513274211e+00 0.000000000000000000e+00
-1.126696165191740207e+00 0.000000000000000000e+00
-1.123082595870206202e+00 0.000000000000000000e+00
-1.119469026548672419e+00 0.000000000000000000e+00
-1.115855457227138636e+00 0.000000000000000000e+00
-1.112241887905604631e+00 0.000000000000000000e+00
-1.108628318584070627e+00 0.000000000000000000e+00
-1.105014749262536622e+00 0.000000000000000000e+00
-1.101401179941002617e+00 0.000000000000000000e+00
-1.097787610619468834e+00 0.000000000000000000e+00
-1.094174041297935052e+00 0.000000000000000000e+00
-1.090560471976401047e+00 0.000000000000000000e+00
-1.086946902654867042e+00 0.000000000000000000e+00
-1.083333333333333037e+00 0.000000000000000000e+00
-1.079719764011799255e+00 0.000000000000000000e+00
-1.076106194690265472e+00 0.000000000000000000e+00
-1.072492625368731467e+00 0.000000000000000000e+00
-1.068879056047197462e+00 0.000000000000000000e+00
-1.065265486725663457e+00 0.000000000000000000e+00
-1.061651917404129453e+00 0.000000000000000000e+00
-1.058038348082595670e+00 0.000000000000000000e+00
-1.054424778761061887e+00 0.000000000000000000e+00
-1.050811209439527882e+00 0.000000000000000000e+00
-1.047197640117993878e+00 0.000000000000000000e+00
-1.043584070796459873e+00 0.000000000000000000e+00
-1.039970501474926090e+00 0.000000000000000000e+00
-1.036356932153392307e+00 0.000000000000000000e+00
-1.032743362831858303e+00 0.000000000000000000e+00
-1.029129793510324298e+00 0.000000000000000000e+00
-1.025516224188790293e+00 0.000000000000000000e+00
-1.021902654867256510e+00 0.000000000000000000e+00
-1.018289085545722505e+00 0.000000000000000000e+00
-1.014675516224188723e+00 0.000000000000000000e+00
-1.011061946902654718e+00 0.000000000000000000e+00
-1.007448377581120713e+00 0.000000000000000000e+00
-1.003834808259586708e+00 0.000000000000000000e+00
-1.000221238938052926e+00 0.000000000000000000e+00
-9.966076696165190318e-01 0.000000000000000000e+00
-9.929941002949850271e-01 0.000000000000000000e+00
-9.893805309734511333e-01 0.000000000000000000e+00
-9.857669616519172395e-01 0.000000000000000000e+00
-9.821533923303833458e-01 0.000000000000000000e+00
-9.785398230088493410e-01 0.000000000000000000e+00
-9.749262536873154472e-01 0.000000000000000000e+00
-9.713126843657815535e-01 0.000000000000000000e+00
-9.676991150442475487e-01 0.000000000000000000e+00
-9.640855457227136549e-01 0.000000000000000000e+00
-9.604719764011797611e-01 0.000000000000000000e+00
-9.568584070796458674e-01 0.000000000000000000e+00
-9.532448377581118626e-01 0.000000000000000000e+00
-9.496312684365779688e-01 0.000000000000000000e+00
-9.460176991150440751e-01 0.000000000000000000e+00
-9.424041297935101813e-01 0.000000000000000000e+00
-9.387905604719761765e-01 0.000000000000000000e+00
-9.351769911504422828e-01 0.000000000000000000e+00
-9.315634218289083890e-01 0.000000000000000000e+00
-9.279498525073743842e-01 0.000000000000000000e+00
-9.243362831858404904e-01 0.000000000000000000e+00
-9.207227138643065967e-01 0.000000000000000000e+00
-9.171091445427727029e-01 0.000000000000000000e+00
-9.134955752212386981e-01 0.000000000000000000e+00
-9.098820058997048044e-01 0.000000000000000000e+00
-9.062684365781709106e-01 0.000000000000000000e+00
-9.026548672566370168e-01 0.000000000000000000e+00
-8.990412979351030121e-01 0.000000000000000000e+00
-8.954277286135692293e-01 0.000000000000000000e+00
-8.918141592920352245e-01 0.000000000000000000e+00
-8.882005899705012197e-01 0.000000000000000000e+00
-8.845870206489674370e-01 0.000000000000000000e+00
-8.809734513274334322e-01 0.000000000000000000e+00
-8.773598820058994274e-01 0.000000000000000000e+00
-8.737463126843656447e-01 0.000000000000000000e+00
-8.701327433628316399e-01 0.000000000000000000e+00
-8.665191740412976351e-01 0.000000000000000000e+00
-8.629056047197638524e-01 0.000000000000000000e+00
-8.592920353982298476e-01 0.000000000000000000e+00
-8.556784660766960648e-01 0.000000000000000000e+00
-8.520648967551620601e-01 0.000000000000000000e+00
-8.484513274336280553e-01 0.000000000000000000e+00
-8.448377581120942725e-01 0.000000000000000000e+00
-8.412241887905602677e-01 0.000000000000000000e+00
-8.376106194690262630e-01 0.000000000000000000e+00
-8.339970501474924802e-01 0.000000000000000000e+00
-8.303834808259584754e-01 0.000000000000000000e+00
-8.267699115044244706e-01 0.000000000000000000e+00
-8.231563421828906879e-01 0.000000000000000000e+00
-8.195427728613566831e-01 0.000000000000000000e+00
-8.159292035398229004e-01 0.000000000000000000e+00
-8.123156342182888956e-01 0.000000000000000000e+00
-8.087020648967548908e-01 0.000000000000000000e+00
-8.050884955752211081e-01 0.000000000000000000e+00
-8.014749262536871033e-01 0.000000000000000000e+00
-7.978613569321530985e-01 0.000000000000000000e+00
-7.942477876106193158e-01 0.000000000000000000e+00
-7.906342182890853110e-01 0.000000000000000000e+00
-7.870206489675513062e-01 0.000000000000000000e+00
-7.834070796460175234e-01 0.000000000000000000e+00
-7.797935103244835187e-01 0.000000000000000000e+00
-7.761799410029497359e-01 0.000000000000000000e+00
-7.725663716814157311e-01 0.000000000000000000e+00
-7.689528023598817263e-01 0.000000000000000000e+00
-7.653392330383479436e-01 0.000000000000000000e+00
-7.617256637168139388e-01 0.000000000000000000e+00
-7.581120943952799340e-01 0.000000000000000000e+00
-7.544985250737461513e-01 0.000000000000000000e+00
-7.508849557522121465e-01 0.000000000000000000e+00
-7.472713864306783638e-01 0.000000000000000000e+00
-7.436578171091443590e-01 0.000000000000000000e+00
-7.400442477876103542e-01 0.000000000000000000e+00
-7.364306784660765715e-01 0.000000000000000000e+00
-7.328171091445425667e-01 0.000000000000000000e+00
-7.292035398230085619e-01 0.000000000000000000e+00
-7.255899705014747791e-01 0.000000000000000000e+00
-7.219764011799407744e-01 0.000000000000000000e+00
-7.183628318584067696e-01 0.000000000000000000e+00
-7.147492625368729868e-01 0.000000000000000000e+00
-7.111356932153389820e-01 0.000000000000000000e+00
-7.075221238938051993e-01 0.000000000000000000e+00
-7.039085545722711945e-01 0.000000000000000000e+00
-7.002949852507371897e-01 0.000000000000000000e+00
-6.966814159292034070e-01 0.000000000000000000e+00
-6.930678466076694022e-01 0.000000000000000000e+00
-6.894542772861353974e-01 0.000000000000000000e+00
-6.858407079646016147e-01 0.000000000000000000e+00
-6.822271386430676099e-01 0.000000000000000000e+00
-6.786135693215336051e-01 0.000000000000000000e+00
-6.749999999999998224e-01 0.000000000000000000e+00
-6.713864306784658176e-01 0.000000000000000000e+00
-6.677728613569320348e-01 0.000000000000000000e+00
-6.641592920353980301e-01 0.000000000000000000e+00
-6.605457227138640253e-01 0.000000000000000000e+00
-6.569321533923302425e-01 0.000000000000000000e+00
-6.533185840707962377e-01 0.000000000000000000e+00
-6.497050147492622330e-01 0.000000000000000000e+00
-6.460914454277284502e-01 0.000000000000000000e+00
-6.424778761061944454e-01 0.000000000000000000e+00
-6.388643067846604406e-01 0.000000000000000000e+00
-6.352507374631266579e-01 0.000000000000000000e+00
-6.316371681415926531e-01 0.000000000000000000e+00
-6.280235988200588704e-01 0.000000000000000000e+00
-6.244100294985248656e-01 0.000000000000000000e+00
-6.207964601769908608e-01 0.000000000000000000e+00
-6.171828908554570781e-01 0.000000000000000000e+00
-6.135693215339230733e-01 0.000000000000000000e+00
-6.099557522123890685e-01 0.000000000000000000e+00
-6.063421828908552857e-01 0.000000000000000000e+00
-6.027286135693212810e-01 0.000000000000000000e+00
-5.991150442477872762e-01 0.000000000000000000e+00
-5.955014749262534934e-01 0.000000000000000000e+00
-5.918879056047194887e-01 0.000000000000000000e+00
-5.882743362831857059e-01 0.000000000000000000e+00
-5.846607669616517011e-01 0.000000000000000000e+00
-5.810471976401176963e-01 0.000000000000000000e+00
-5.774336283185839136e-01 0.000000000000000000e+00
-5.738200589970499088e-01 0.000000000000000000e+00
-5.702064896755159040e-01 0.000000000000000000e+00
-5.665929203539821213e-01 0.000000000000000000e+00
-5.629793510324481165e-01 0.000000000000000000e+00
-5.593657817109143338e-01 0.000000000000000000e+00
-5.557522123893803290e-01 2.839614604644897307e-306
-5.521386430678463242e-01 2.060836628793227519e-288
-5.485250737463125414e-01 1.438824088124874917e-271
-5.449115044247785367e-01 1.102873090574847964e-255
-5.412979351032445319e-01 1.051337044779011029e-240
-5.376843657817107491e-01 1.402021093435065094e-226
-5.340707964601767443e-01 2.922704221748753118e-213
-5.304572271386427396e-01 1.057645768303900627e-200
-5.268436578171089568e-01 7.334428999338585964e-189
-5.232300884955749520e-01 1.070018092402382025e-177
-5.196165191740411693e-01 3.586419080093092066e-167
-5.160029498525071645e-01 3.001021105481949500e-157
-5.123893805309731597e-01 6.780721081951330025e-148
-5.087758112094393770e-01 4.454759464891355743e-139
-5.051622418879053722e-01 9.125292438564367550e-131
-5.015486725663713674e-01 6.225407102803065833e-123
-4.979351032448375847e-01 1.505217263485740510e-115
-4.943215339233035799e-01 1.367828219426619398e-108
-4.907079646017695751e-01 4.937639098275775369e-102
-4.870943952802357924e-01 7.460394742279993579e-96
-4.834808259587017876e-01 4.956547028106034410e-90
-4.798672566371680048e-01 1.516997464470580235e-84
-4.762536873156340000e-01 2.234872648111225284e-79
-4.726401179940999953e-01 1.651893540894621389e-74
-4.690265486725662125e-01 6.370259935211375508e-70
-4.654129793510322077e-01 1.329857358494788135e-65
-4.617994100294982029e-01 1.556141701075942519e-61
-4.581858407079644202e-01 1.054775383191131064e-57
-4.545722713864304154e-01 4.271726076962234401e-54
-4.509587020648964106e-01 1.064352960478615612e-50
-4.473451327433626279e-01 1.677244418357688303e-47
-4.437315634218286231e-01 1.715728489327916743e-44
-4.401179941002948404e-01 1.167661770817470757e-41
-4.365044247787608356e-01 5.410958428428668956e-39
-4.328908554572268308e-01 1.745113999563992717e-36
-4.292772861356930481e-01 3.998832382605876236e-34
-4.256637168141590433e-01 6.638399848571424705e-32
-4.220501474926250385e-01 8.132005036695548352e-30
-4.184365781710912557e-01 7.479424958917829075e-28
-4.148230088495572510e-01 5.250273434241954851e-26
-4.112094395280232462e-01 2.856564473942257274e-24
-4.075958702064894634e-01 1.222308556594056819e-22
-4.039823008849554586e-01 4.170240555356786624e-21
-4.003687315634216759e-01 1.149254108443372326e-19
-3.967551622418876711e-01 2.589754205608140886e-18
-3.931415929203536663e-01 4.827261989420678481e-17
-3.895280235988198836e-01 7.524398251604610009e-16
-3.859144542772858788e-01 9.909058695573811478e-15
-3.823008849557518740e-01 1.113246590795621883e-13
-3.786873156342180913e-01 1.076760279412472905e-12
-3.750737463126840865e-01 9.044005842672143450e-12
-3.714601769911500817e-01 6.650435535405689289e-11
-3.678466076696162990e-01 4.314394523802645747e-10
-3.642330383480822942e-01 2.487220401916853491e-09
-3.606194690265485114e-01 1.282918848879597340e-08
-3.570058997050145067e-01 5.958984050787152020e-08
-3.533923303834805019e-01 2.507680865149009064e-07
-3.497787610619467191e-01 9.615866203901711070e-07
-3.461651917404127143e-01 3.378068257792596942e-06
-3.425516224188787096e-01 1.092764783875246880e-05
-3.389380530973449268e-01 3.270783385500971647e-05
-3.353244837758109220e-01 9.099416076019468318e-05
-3.317109144542771393e-01 2.363032563517347522e-04
-3.280973451327431345e-01 5.751384671524122343e-04
-3.244837758112091297e-01 1.316964282445380998e-03
-3.208702064896753470e-01 2.847296453758512563e-03
-3.172566371681413422e-01 5.832005617273881663e-03
-3.136430678466073374e-01 1.135312464515224502e-02
-3.100294985250735547e-01 2.106840858408636982e-02
-3.064159292035395499e-01 3.737652871519808045e-02
-3.028023598820055451e-01 6.355925461077989447e-02
-2.991887905604717623e-01 1.038643564906111677e-01
-2.955752212389377576e-01 1.634913815786495639e-01
-2.919616519174039748e-01 2.484490713687288466e-01
-2.883480825958699700e-01 3.652682534059762953e-01
-2.847345132743359652e-01 5.205755614860424485e-01
-2.811209439528021825e-01 7.205573815276239413e-01
-2.775073746312681777e-01 9.703650784280023478e-01
-2.738938053097341729e-01 1.273527210957096090e+00
-2.702802359882003902e-01 1.631438924852692374e+00
-2.666666666666663854e-01 2.042992055535342466e+00
-2.630530973451323806e-01 2.504393002963440029e+00
-2.594395280235985979e-01 3.009192333719620915e+00
-2.558259587020645931e-01 3.548524482971274097e+00
-2.522123893805308104e-01 4.111532067448721683e+00
-2.485988200589968056e-01 4.685930588787440065e+00
-2.449852507374628008e-01 5.258657810527749277e+00
-2.413716814159290180e-01 5.816548477238542070e+00
-2.377581120943950133e-01 6.346978651448194952e+00
-2.341445427728610085e-01 6.838433174526675984e+00
-2.305309734513272257e-01 7.280962523580528867e+00
-2.269174041297932209e-01 7.666509489077479422e+00
-2.233038348082592162e-01 7.989099759904320308e+00
-2.196902654867254334e-01 8.244902271204315625e+00
-2.160766961651914286e-01 8.432174193639729864e+00
-2.124631268436576459e-01 8.551111392257933375e+00
-2.088495575221236411e-01 8.603628158923420699e+00
-2.052359882005896363e-01 8.593090425125950560e+00
-2.016224188790558536e-01 8.524025062645920414e+00
-1.980088495575218488e-01 8.401824904709950914e+00
-1.943952802359878440e-01 8.232465365994215745e+00
-1.907817109144540613e-01 8.022244515516248953e+00
-1.871681415929200565e-01 7.777554556486341752e+00
-1.835545722713860517e-01 7.504689164796973344e+00
-1.799410029498522690e-01 7.209688194454314747e+00
-1.763274336283182642e-01 6.898218941971058449e+00
-1.727138643067844814e-01 6.575491469520795107e+00
-1.691002949852504766e-01 6.246204366628391291e+00
-1.654867256637164719e-01 5.914516701359216810e+00
-1.618731563421826891e-01 5.584041680335813496e+00
-1.582595870206486843e-01 5.257857607253839660e+00
-1.546460176991146795e-01 4.938532013597821901e+00
-1.510324483775808968e-01 4.628155256299865350e+00
-1.474188790560468920e-01 4.328380372273183951e+00
-1.438053097345131093e-01 4.040466500260179394e+00
-1.401917404129791045e-01 3.765323690533732393e+00
-1.365781710914450997e-01 3.503557398371695442e+00
-1.329646017699113170e-01 3.255511382993210745e+00
-1.293510324483773122e-01 3.021308102313684074e+00
-1.257374631268433074e-01 2.800886003462473184e+00
-1.221238938053095247e-01 2.594033361405242655e+00
-1.185103244837755199e-01 2.400418517634662852e+00
-1.148967551622415151e-01 2.219616523591762203e+00
-1.112831858407077323e-01 2.051132305753289753e+00
-1.076696165191737276e-01 1.894420547734238403e+00
-1.040560471976399448e-01 1.748902535548929826e+00
-1.004424778761059400e-01 1.613980241034361551e+00
-9.682890855457193524e-02 1.489047930369209460e+00
-9.321533923303815250e-02 1.373501583894496392e+00
-8.960176991150414771e-02 1.266746403622724060e+00
-8.598820058997014293e-02 1.168202668808440592e+00
-8.237463126843636019e-02 1.077310180045978338e+00
-7.876106194690235540e-02 9.935315103449953167e-01
-7.514749262536835062e-02 9.163542588542105127e-01
-7.153392330383456788e-02 8.452924803398761400e-01
-6.792035398230056309e-02 7.798874418655182827e-01
-6.430678466076678035e-02 7.197078378159950107e-01
-6.069321533923277556e-02 6.643495757347682718e-01
-5.707964601769877078e-02 6.134352285349041756e-01
-5.346607669616498804e-02 5.666132335358509131e-01
-4.985250737463098325e-02 5.235569054335642569e-01
-4.623893805309697846e-02 4.839633186453619618e-01
-4.262536873156319572e-02 4.475521043668906906e-01
-3.901179941002919094e-02 4.140641990031055930e-01
-3.539823008849518615e-02 3.832605732472383342e-01
-3.178466076696140341e-02 3.549209648397826378e-01
-2.817109144542739863e-02 3.288426328072245330e-01
-2.455752212389361588e-02 3.048391466286652363e-01
-2.094395280235961110e-02 2.827392201888844769e-01
-1.733038348082560631e-02 2.623855974409336489e-01
-1.371681415929182357e-02 2.436339943231779770e-01
-1.010324483775781879e-02 2.263520995691894744e-01
-6.489675516223814000e-03 2.104186355387745733e-01
-2.876106194690031259e-03 1.957224790190864316e-01
7.374631268439735265e-04 1.821618372080640591e-01
4.351032448377978312e-03 1.696427833543734942e-01
7.964601769911761053e-03 1.580780631607943409e-01
1.157817109144576584e-02 1.473881131948598378e-01
1.519174041297954858e-02 1.375005383864905673e-01
1.880530973451355337e-02 1.283494206502742985e-01
2.241887905604755815e-02 1.198746983600016136e-01
2.603244837758134089e-02 1.120216090067964326e-01
2.964601769911534568e-02 1.047401882444833759e-01
3.325958702064935046e-02 9.798481929429397885e-02
3.687315634218313321e-02 9.171382735848652989e-02
4.048672566371713799e-02 8.588911429023717015e-02
4.410029498525114278e-02 8.047582929500544935e-02
4.771386430678492552e-02 7.544207190499142845e-02
5.132743362831893030e-02 7.075862388081995136e-02
5.494100294985271304e-02 6.639870705963313302e-02
5.855457227138671783e-02 6.233776449209627729e-02
6.216814159292072262e-02 5.855326249739006145e-02
6.578171091445450536e-02 5.502451151943362623e-02
6.939528023598851014e-02 5.173250389318177073e-02
7.300884955752251493e-02 4.865976683024030025e-02
7.662241887905629767e-02 4.579022911115131211e-02
8.023598820059030245e-02 4.310910013014308817e-02
8.384955752212408520e-02 4.060276007916212987e-02
8.746312684365808998e-02 3.825866018361831489e-02
9.107669616519209477e-02 3.606523201424153419e-02
9.469026548672587751e-02 3.401180499930548523e-02
9.830383480825988229e-02 3.208853135061408984e-02
1.019174041297938871e-01 3.028631769624888503e-02
1.055309734513278919e-01 2.859676278422038434e-02
1.091445427728614526e-01 2.701210068479373283e-02
1.127581120943954573e-01 2.552514897619402590e-02
1.163716814159294621e-01 2.412926144938320333e-02
1.199852507374634669e-01 2.281828491328050448e-02
1.235988200589974717e-01 2.158651972275778957e-02
1.272123893805314765e-01 2.042868368848971619e-02
1.308259587020650372e-01 1.933987906072091867e-02
1.344395280235990420e-01 1.831556230864559223e-02
1.380530973451330468e-01 1.735151644372761454e-02
1.416666666666670515e-01 1.644382565923601172e-02
1.452802359882010563e-01 1.558885207982807670e-02
1.488938053097346170e-01 1.478321443441656460e-02
1.525073746312686218e-01 1.402376848304097597e-02
1.561209439528026266e-01 1.330758904422664479e-02
1.597345132743366314e-01 1.263195348352809909e-02
1.633480825958706362e-01 1.199432653678625393e-02
1.669616519174046410e-01 1.139234635321392797e-02
1.705752212389382017e-01 1.082381165389076881e-02
1.741887905604722064e-01 1.028666991071457842e-02
1.778023598820062112e-01 9.779006459413311023e-03
1.814159292035402160e-01 9.299034467970080514e-03
1.850294985250742208e-01 8.845085688826880010e-03
1.886430678466077815e-01 8.415601929590363003e-03
1.922566371681417863e-01 8.009127182720392202e-03
1.958702064896757911e-01 7.624300359910743223e-03
1.994837758112097958e-01 7.259848581608895762e-03
2.030973451327438006e-01 6.914580976429674994e-03
2.067109144542778054e-01 6.587382949125024367e-03
2.103244837758113661e-01 6.277210879327870148e-03
2.139380530973453709e-01 5.983087216517549330e-03
2.175516224188793757e-01 5.704095939596405193e-03
2.211651917404133805e-01 5.439378352139792074e-03
2.247787610619473853e-01 5.188129186821627270e-03
2.283923303834809460e-01 4.949592994735342762e-03
2.320058997050149507e-01 4.723060797355205578e-03
2.356194690265489555e-01 4.507866980727953839e-03
2.392330383480829603e-01 4.303386413168835273e-03
2.428466076696169651e-01 4.109031769273316891e-03
2.464601769911509699e-01 3.924251044459688663e-03
2.500737463126845306e-01 3.748525245540715745e-03
2.536873156342185354e-01 3.581366243994634716e-03
2.573008849557525402e-01 3.422314779678865392e-03
2.609144542772865449e-01 3.270938603710425979e-03
2.645280235988205497e-01 3.126830750135632577e-03
2.681415929203541104e-01 2.989607926834122499e-03
2.717551622418881152e-01 2.858909016855673731e-03
2.753687315634221200e-01 2.734393682079439697e-03
2.789823008849561248e-01 2.615741061718250288e-03
2.825958702064901296e-01 2.502648558771847914e-03
2.862094395280241343e-01 2.394830708066639745e-03
2.898230088495576950e-01 2.292018120008433146e-03
2.934365781710916998e-01 2.193956494625354942e-03
2.970501474926257046e-01 2.100405700890751320e-03
3.006637168141597094e-01 2.011138916696401067e-03
3.042772861356937142e-01 1.925941825195524133e-03
3.078908554572272749e-01 1.844611863556818191e-03
3.115044247787612797e-01 1.766957520466697507e-03
3.151179941002952845e-01 1.692797678989624733e-03
3.187315634218292892e-01 1.621961001647019215e-03
3.223451327433632940e-01 1.554285354807282381e-03
3.259587020648972988e-01 1.489617269692341314e-03
3.295722713864308595e-01 1.427811437502880245e-03
3.331858407079648643e-01 1.368730236346208957e-03
3.367994100294988691e-01 1.312243287818046569e-03
3.404129793510328739e-01 1.258227041244159780e-03
3.440265486725668787e-01 1.206564383730936597e-03
3.476401179941004393e-01 1.157144274305732566e-03
3.512536873156344441e-01 1.109861400550062266e-03
3.548672566371684489e-01 1.064615856241593996e-03
3.584808259587024537e-01 1.021312838625122819e-03
3.620943952802364585e-01 9.798623640295191662e-04
3.657079646017700192e-01 9.401790006370108147e-04
3.693215339233040240e-01 9.021816172940151125e-04
3.729351032448380288e-01 8.657931473294138694e-04
3.765486725663720335e-01 8.309403664173160408e-04
3.801622418879060383e-01 7.975536835873246570e-04
3.837758112094400431e-01 7.655669445463458367e-04
3.873893805309736038e-01 7.349172465327946917e-04
3.910029498525076086e-01 7.055447639766001958e-04
3.946165191740416134e-01 6.773925842873657456e-04
3.982300884955756182e-01 6.504065531382648667e-04
4.018436578171096230e-01 6.245351286555783340e-04
4.054572271386431837e-01 5.997292439627611429e-04
4.090707964601771884e-01 5.759421775644487903e-04
4.126843657817111932e-01 5.531294310896755356e-04
4.162979351032451980e-01 5.312486139449160713e-04
4.199115044247792028e-01 5.102593344570302081e-04
4.235250737463132076e-01 4.901230971133597493e-04
4.271386430678467683e-01 4.708032055316265473e-04
4.307522123893807731e-01 4.522646708159311422e-04
4.343657817109147778e-01 4.344741249772063330e-04
4.379793510324487826e-01 4.173997391169329604e-04
4.415929203539827874e-01 4.010111460921281950e-04
4.452064896755163481e-01 3.852793673974320662e-04
4.488200589970503529e-01 3.701767440167496865e-04
4.524336283185843577e-01 3.556768710124891589e-04
4.560471976401183625e-01 3.417545356348160638e-04
4.596607669616523673e-01 3.283856587470090839e-04
4.632743362831863720e-01 3.155472393755537818e-04
4.668879056047199327e-01 3.032173022054138450e-04
4.705014749262539375e-01 2.913748478520077371e-04
4.741150442477879423e-01 2.799998057516631046e-04
4.777286135693219471e-01 2.690729895219921516e-04
4.813421828908559519e-01 2.585760546526462314e-04
4.849557522123895126e-01 2.484914583953192510e-04
4.885693215339235174e-01 2.388024217297866263e-04
4.921828908554575222e-01 2.294928932901339790e-04
4.957964601769915269e-01 2.205475151422466777e-04
4.994100294985255317e-01 2.119515903101052584e-04
5.030235988200595365e-01 2.036910519545100963e-04
5.066371681415930972e-01 1.957524341135274796e-04
5.102507374631271020e-01 1.881228439192810138e-04
5.138643067846611068e-01 1.807899352107188639e-04
5.174778761061951116e-01 1.737418834666414394e-04
5.210914454277291163e-01 1.669673619877059666e-04
5.247050147492626770e-01 1.604555192602110769e-04
5.283185840707966818e-01 1.541959574383549539e-04
5.319321533923306866e-01 1.481787118852881076e-04
5.355457227138646914e-01 1.423942317166776710e-04
5.391592920353986962e-01 1.368333612937248326e-04
5.427728613569327010e-01 1.314873226155645900e-04
5.463864306784662617e-01 1.263476985638183243e-04
5.500000000000002665e-01 1.214064169547184556e-04
5.536135693215342712e-01 1.166557353567307354e-04
5.572271386430682760e-01 1.120882266339359848e-04
5.608407079646022808e-01 1.076967651776501847e-04
5.644542772861358415e-01 1.034745137908522222e-04
5.680678466076698463e-01 9.941491119191412436e-05
5.716814159292038511e-01 9.551166010600474314e-05
5.752949852507378559e-01 9.175871591424207129e-05
5.789085545722718606e-01 8.815027583232693767e-05
5.825221238938058654e-01 8.468076859190117869e-05
5.861356932153394261e-01 8.134484459935165134e-05
5.897492625368734309e-01 7.813736654811878981e-05
5.933628318584074357e-01 7.505340046187938396e-05
5.969764011799414405e-01 7.208820714716170639e-05
6.005899705014754453e-01 6.923723403512081992e-05
6.042035398230090060e-01 6.649610739325624294e-05
6.078171091445430108e-01 6.386062488889205724e-05
6.114306784660770155e-01 6.132674848718590213e-05
6.150442477876110203e-01 5.889059766734729454e-05
6.186578171091450251e-01 5.654844294159611589e-05
6.222713864306790299e-01 5.429669966220792752e-05
6.258849557522125906e-01 5.213192210274202845e-05
6.294985250737465954e-01 5.005079780028767603e-05
6.331120943952806002e-01 4.805014214622518572e-05
6.367256637168146050e-01 4.612689321365512438e-05
6.403392330383486097e-01 4.427810681025356565e-05
6.439528023598821704e-01 4.250095174588365858e-05
6.475663716814161752e-01 4.079270530483855892e-05
6.511799410029501800e-01 3.915074891310903443e-05
6.547935103244841848e-01 3.757256399154819843e-05
6.584070796460181896e-01 3.605572798627029827e-05
6.620206489675521944e-01 3.459791056805570404e-05
6.656342182890857551e-01 3.319686999294512884e-05
6.692477876106197598e-01 3.185044961659588218e-05
6.728613569321537646e-01 3.055657455534494817e-05
6.764749262536877694e-01 2.931324848726708072e-05
6.800884955752217742e-01 2.811855058685727921e-05
6.837020648967553349e-01 2.697063258727033766e-05
6.873156342182893397e-01 2.586771596435451589e-05
6.909292035398233445e-01 2.480808923699632932e-05
6.945427728613573493e-01 2.379010537855844639e-05
6.981563421828913540e-01 2.281217933444904572e-05
7.017699115044253588e-01 2.187278564109908924e-05
7.053834808259589195e-01 2.097045614185195193e-05
7.089970501474929243e-01 2.010377779548599419e-05
7.126106194690269291e-01 1.927139057329683110e-05
7.162241887905609339e-01 1.847198544085652315e-05
7.198377581120949387e-01 1.770430242075663160e-05
7.234513274336284994e-01 1.696712873281360244e-05
7.270648967551625041e-01 1.625929700838083582e-05
7.306784660766965089e-01 1.557968357557401509e-05
7.342920353982305137e-01 1.492720681235948558e-05
7.379056047197645185e-01 1.430082556460377390e-05
7.415191740412985233e-01 1.369953762631442095e-05
7.451327433628320840e-01 1.312237827943154594e-05
7.487463126843660888e-01 1.256841889065056401e-05
7.523598820059000936e-01 1.203676556287600477e-05
7.559734513274340983e-01 1.152655783901146538e-05
7.595870206489681031e-01 1.103696745589944878e-05
7.632005899705016638e-01 1.056719714632385526e-05
7.668141592920356686e-01 1.011647948708061579e-05
7.704277286135696734e-01 9.684075791215767366e-06
7.740412979351036782e-01 9.269275042611650343e-06
7.776548672566376830e-01 8.871392871187530941e-06
7.812684365781712437e-01 8.489770567055722987e-06
7.848820058997052485e-01 8.123774132050194132e-06
7.884955752212392532e-01 7.772793367113337785e-06
7.921091445427732580e-01 7.436240994094447033e-06
7.957227138643072628e-01 7.113551810577671662e-06
7.993362831858412676e-01 6.804181876416035387e-06
8.029498525073748283e-01 6.507607730708801453e-06
8.065634218289088331e-01 6.223325638010869366e-06
8.101769911504428379e-01 5.950850862619780688e-06
8.137905604719768426e-01 5.689716969831550839e-06
8.174041297935108474e-01 5.439475153107176079e-06
8.210176991150444081e-01 5.199693586135888418e-06
8.246312684365784129e-01 4.969956798824648455e-06
8.282448377581124177e-01 4.749865076284768229e-06
8.318584070796464225e-01 4.539033879926035548e-06
8.354719764011804273e-01 4.337093289805498746e-06
8.390855457227144321e-01 4.143687467415274194e-06
8.426991150442479928e-01 3.958474138126455538e-06
8.463126843657819975e-01 3.781124092539446736e-06
8.499262536873160023e-01 3.611320706022975333e-06
8.535398230088500071e-01 3.448759475751298293e-06
8.571533923303840119e-01 3.293147574580811192e-06
8.607669616519175726e-01 3.144203421130966460e-06
8.643805309734515774e-01 3.001656265463214423e-06
8.679941002949855822e-01 2.865245789774065382e-06
8.716076696165195870e-01 2.734721723543048039e-06
8.752212389380535917e-01 2.609843472599028183e-06
8.788348082595875965e-01 2.490379761589280474e-06
8.824483775811211572e-01 2.376108289356520297e-06
8.860619469026551620e-01 2.266815396748695804e-06
8.896755162241891668e-01 2.162295746405686066e-06
8.932890855457231716e-01 2.062352014084051226e-06
8.969026548672571764e-01 1.966794591098753377e-06
9.005162241887907371e-01 1.875441297477729187e-06
9.041297935103247418e-01 1.788117105439391969e-06
9.077433628318587466e-01 1.704653872820220250e-06
9.113569321533927514e-01 1.624890086092069657e-06
9.149705014749267562e-01 1.548670612624061695e-06
9.185840707964607610e-01 1.475846461856440728e-06
9.221976401179943217e-01 1.406274555066434182e-06
9.258112094395283265e-01 1.339817503418645118e-06
9.294247787610623313e-01 1.276343394003790720e-06
9.330383480825963360e-01 1.215725583580679003e-06
9.366519174041303408e-01 1.157842499747400336e-06
9.402654867256639015e-01 1.102577449277462240e-06
9.438790560471979063e-01 1.049818433366589024e-06
9.474926253687319111e-01 9.994579695453958545e-07
9.511061946902659159e-01 9.513929200220505463e-07
9.547197640117999207e-01 9.055243262276083349e-07
9.583333333333339255e-01 8.617572493451972482e-07
9.619469026548674861e-01 8.200006166121639410e-07
9.655604719764014909e-01 7.801670731916121412e-07
9.691740412979354957e-01 7.421728394177382361e-07
9.727876106194695005e-01 7.059375732257409683e-07
9.764011799410035053e-01 6.713842375843116344e-07
9.800147492625370660e-01 6.384389727550976005e-07
9.836283185840710708e-01 6.070309732096895566e-07
9.872418879056050756e-01 5.770923690408476399e-07
9.908554572271390803e-01 5.485581117102988670e-07
9.944690265486730851e-01 5.213658639811987747e-07
9.980825958702070899e-01 4.954558938884796941e-07
1.001696165191740651e+00 4.707709726056330092e-07
1.005309734513274655e+00 4.472562760712825211e-07
1.008923303834808660e+00 4.248592902438154421e-07
1.012536873156342665e+00 4.035297198567247519e-07
1.016150442477876670e+00 3.832194005519804091e-07
1.019764011799410230e+00 3.638822142727584106e-07
1.023377581120944235e+00 3.454740078011030218e-07
1.026991150442478240e+00 3.279525143300321298e-07
1.030604719764012245e+00 3.112772779633009654e-07
1.034218289085546250e+00 2.954095810398271037e-07
1.037831858407080254e+00 2.803123741832244322e-07
1.041445427728613815e+00 2.659502089803432104e-07
1.045058997050147820e+00 2.522891731959658988e-07
1.048672566371681825e+00 2.392968284340531003e-07
1.052286135693215829e+00 2.269421501588435424e-07
1.055899705014749834e+00 2.151954699922406752e-07
1.059513274336283395e+00 2.040284202066105468e-07
1.063126843657817400e+00 1.934138803349649251e-07
1.066740412979351404e+00 1.833259258230963281e-07
1.070353982300885409e+00 1.737397786508196523e-07
1.073967551622419414e+00 1.646317598519413054e-07
1.077581120943953419e+00 1.559792438649494722e-07
1.081194690265486980e+00 1.477606146487644494e-07
1.084808259587020984e+00 1.399552235000534706e-07
1.088421828908554989e+00 1.325433485108400808e-07
1.092035398230088994e+00 1.255061556071545852e-07
1.095648967551622999e+00 1.188256611115154833e-07
1.099262536873156559e+00 1.124846957739739036e-07
1.102876106194690564e+00 1.064668702183196200e-07
1.106489675516224569e+00 1.007565417518618699e-07
1.110103244837758574e+00 9.533878248897526673e-08
1.113716814159292579e+00 9.019934874026627495e-08
1.117330383480826583e+00 8.532465162087575515e-08
1.120943952802360144e+00 8.070172883302996692e-08
1.124557522123894149e+00 7.631821757945520139e-08
1.128171091445428154e+00 7.216232856579281607e-08
1.131784660766962158e+00 6.822282105155757270e-08
1.135398230088496163e+00 6.448897891058931227e-08
1.139011799410029724e+00 6.095058766328675011e-08
1.142625368731563729e+00 5.759791244420323743e-08
1.146238938053097733e+00 5.442167686986650556e-08
1.149852507374631738e+00 5.141304277286342575e-08
1.153466076696165743e+00 4.856359076944619071e-08
1.157079646017699748e+00 4.586530162902959020e-08
1.160693215339233308e+00 4.331053841506125987e-08
1.164306784660767313e+00 4.089202936781091424e-08
1.167920353982301318e+00 3.860285150065878876e-08
1.171533923303835323e+00 3.643641488245115591e-08
1.175147492625369328e+00 3.438644757947390824e-08
1.178761061946902888e+00 3.244698123151118729e-08
1.182374631268436893e+00 3.061233723737077405e-08
1.185988200589970898e+00 2.887711352613297404e-08
1.189601769911504903e+00 2.723617189121200343e-08
1.193215339233038907e+00 2.568462586515782206e-08
1.196828908554572468e+00 2.421782911390035229e-08
1.200442477876106473e+00 2.283136432990918973e-08
1.204056047197640478e+00 2.152103260448887600e-08
1.207669616519174483e+00 2.028284326013353247e-08
1.211283185840708487e+00 1.911300412456743638e-08
1.214896755162242492e+00 1.800791222876312460e-08
1.218510324483776053e+00 1.696414491187625269e-08
1.222123893805310058e+00 1.597845131666423418e-08
1.225737463126844062e+00 1.504774425955997997e-08
1.229351032448378067e+00 1.416909246015543522e-08
1.232964601769912072e+00 1.333971311541974697e-08
1.236578171091445633e+00 1.255696480451730437e-08
1.240191740412979637e+00 1.181834071062527700e-08
1.243805309734513642e+00 1.112146214665677423e-08
1.247418879056047647e+00 1.046407237228883258e-08
1.251032448377581652e+00 9.844030690174762113e-09
1.254646017699115657e+00 9.259306809675692680e-09
1.258259587020649217e+00 8.707975466894041267e-09
1.261873156342183222e+00 8.188211290219611442e-09
1.265486725663717227e+00 7.698283901014257451e-09
1.269100294985251232e+00 7.236553239459952550e-09
1.272713864306785236e+00 6.801465105982760151e-09
1.276327433628318797e+00 6.391546909037829722e-09
1.279941002949852802e+00 6.005403610399747559e-09
1.283554572271386807e+00 5.641713859451136486e-09
1.287168141592920811e+00 5.299226308295082337e-09
1.290781710914454816e+00 4.976756099843048770e-09
1.294395280235988821e+00 4.673181521339494444e-09
1.298008849557522382e+00 4.387440816085956943e-09
1.301622418879056386e+00 4.118529146416360746e-09
1.305235988200590391e+00 3.865495701256252653e-09
1.308849557522124396e+00 3.627440941865717542e-09
1.312463126843658401e+00 3.403513979627370347e-09
1.316076696165191962e+00 3.192910079989746925e-09
1.319690265486725966e+00 2.994868286916819564e-09
1.323303834808259971e+00 2.808669162428253996e-09
1.326917404129793976e+00 2.633632636036340660e-09
1.330530973451327981e+00 2.469115959102019804e-09
1.334144542772861985e+00 2.314511759339009160e-09
1.337758112094395546e+00 2.169246190894888981e-09
1.341371681415929551e+00 2.032777175628890131e-09
1.344985250737463556e+00 1.904592731392072487e-09
1.348598820058997561e+00 1.784209383291725660e-09
1.352212389380531565e+00 1.671170654093797636e-09
1.355825958702065126e+00 1.565045630080706421e-09
1.359439528023599131e+00 1.465427598839766937e-09
1.363053097345133136e+00 1.371932755609953271e-09
1.366666666666667140e+00 1.284198974959545342e-09
1.370280235988201145e+00 1.201884644708036989e-09
1.373893805309735150e+00 1.124667559140471138e-09
1.377507374631268711e+00 1.052243868690955611e-09
1.381120943952802715e+00 9.843270833969504353e-10
1.384734513274336720e+00 9.206471275450389449e-10
1.388348082595870725e+00 8.609494430430312072e-10
1.391961651917404730e+00 8.049941391634025202e-10
1.395575221238938290e+00 7.525551864083460169e-10
1.399188790560472295e+00 7.034196523478399088e-10
1.402802359882006300e+00 6.573869773790876698e-10
1.406415929203540305e+00 6.142682884486566986e-10
1.410029498525074310e+00 5.738857488678014584e-10
1.413643067846608314e+00 5.360719424369804277e-10
1.417256637168141875e+00 5.006692901772909959e-10
1.420870206489675880e+00 4.675294980451708803e-10
1.424483775811209885e+00 4.365130340818217144e-10
1.428097345132743889e+00 4.074886335206457134e-10
1.431710914454277894e+00 3.803328304451875833e-10
1.435324483775811455e+00 3.549295146557101039e-10
1.438938053097345460e+00 3.311695124659531991e-10
1.442551622418879465e+00 3.089501902119067899e-10
1.446165191740413469e+00 2.881750793122206565e-10
1.449778761061947474e+00 2.687535217752073936e-10
1.453392330383481479e+00 2.506003351002987888e-10
1.457005899705015040e+00 2.336354955722126555e-10
1.460619469026549044e+00 2.177838389945798434e-10
1.464233038348083049e+00 2.029747779558420261e-10
1.467846607669617054e+00 1.891420347643243245e-10
1.471460176991151059e+00 1.762233892316369878e-10
1.475073746312684619e+00 1.641604405236668756e-10
1.478687315634218624e+00 1.528983823369362477e-10
1.482300884955752629e+00 1.423857906947382416e-10
1.485914454277286634e+00 1.325744236924885330e-10
1.489528023598820639e+00 1.234190325550877530e-10
1.493141592920354643e+00 1.148771834010170099e-10
1.496755162241888204e+00 1.069090891382264232e-10
1.500368731563422209e+00 9.947745094585183677e-11
1.503982300884956214e+00 9.254730882347837492e-11
1.507595870206490218e+00 8.608590071590585494e-11
1.511209439528024223e+00 8.006252974655220216e-11
1.514823008849557784e+00 7.444843911646329098e-11
1.518436578171091789e+00 6.921669424870494294e-11
1.522050147492625793e+00 6.434207177958087344e-11
1.525663716814159798e+00 5.980095501874558483e-11
1.529277286135693803e+00 5.557123551995610793e-11
1.532890855457227808e+00 5.163222042288019957e-11
1.536504424778761368e+00 4.796454524417175014e-11
1.540117994100295373e+00 4.455009181294995060e-11
1.543731563421829378e+00 4.137191106190377339e-11
1.547345132743363383e+00 3.841415040054584679e-11
1.550958702064897388e+00 3.566198541167299041e-11
1.554572271386430948e+00 3.310155562593105930e-11
1.558185840707964953e+00 3.071990414248818178e-11
1.561799410029498958e+00 2.850492087631846428e-11
1.565412979351032963e+00 2.644528922442746202e-11
1.569026548672566967e+00 2.453043595460877847e-11
1.572640117994100972e+00 2.275048413099852616e-11
1.576253687315634533e+00 2.109620890082731229e-11
1.579867256637168538e+00 1.955899597638546074e-11
1.583480825958702543e+00 1.813080265534480750e-11
1.587094395280236547e+00 1.680412123122745145e-11
1.590707964601770552e+00 1.557194465401854423e-11
1.594321533923304113e+00 1.442773430870056802e-11
1.597935103244838118e+00 1.336538978685644030e-11
1.601548672566372122e+00 1.237922053347535408e-11
1.605162241887906127e+00 1.146391925771407865e-11
1.608775811209440132e+00 1.061453700263534534e-11
1.612389380530973693e+00 9.826459774881770512e-12
1.616002949852507697e+00 9.095386640861979633e-12
1.619616519174041702e+00 8.417309201349672144e-12
1.623230088495575707e+00 7.788492361425590750e-12
1.626843657817109712e+00 7.205456317459565499e-12
1.630457227138643717e+00 6.664959687333978356e-12
1.634070796460177277e+00 6.163983714368995083e-12
1.637684365781711282e+00 5.699717479442169540e-12
1.641297935103245287e+00 5.269544059600419037e-12
1.644911504424779292e+00 4.871027575060662378e-12
1.648525073746313296e+00 4.501901069899508465e-12
1.652138643067846857e+00 4.160055174940513666e-12
1.655752212389380862e+00 3.843527504383895337e-12
1.659365781710914867e+00 3.550492740587737712e-12
1.662979351032448871e+00 3.279253364112033356e-12
1.666592920353982876e+00 3.028230988692903573e-12
1.670206489675516881e+00 2.795958263218160732e-12
1.673820058997050442e+00 2.581071305051376290e-12
1.677433628318584447e+00 2.382302631191101914e-12
1.681047197640118451e+00 2.198474555775712112e-12
1.684660766961652456e+00 2.028493024346198244e-12
1.688274336283186461e+00 1.871341857077508619e-12
1.691887905604720022e+00 1.726077374879347500e-12
1.695501474926254026e+00 1.591823383862140964e-12
1.699115044247788031e+00 1.467766495165485268e-12
1.702728613569322036e+00 1.353151758560296820e-12
1.706342182890856041e+00 1.247278589567081442e-12
1.709955752212390045e+00 1.149496971086339294e-12
1.713569321533923606e+00 1.059203911716410157e-12
1.717182890855457611e+00 9.758401440432309755e-13
1.720796460176991616e+00 8.988870472312736484e-13
1.724410029498525621e+00 8.278637792258420176e-13
1.728023598820059625e+00 7.623246048003758320e-13
1.731637168141593186e+00 7.018564065502022879e-13
1.735250737463127191e+00 6.460763667495618694e-13
1.738864306784661196e+00 5.946298087553545327e-13
1.742477876106195200e+00 5.471881873606820424e-13
1.746091445427729205e+00 5.034472181777607037e-13
1.749705014749263210e+00 4.631251367647381031e-13
1.753318584070796771e+00 4.259610788068233107e-13
1.756932153392330775e+00 3.917135732220659964e-13
1.760545722713864780e+00 3.601591405870005433e-13
1.764159292035398785e+00 3.310909897700137416e-13
1.767772861356932790e+00 3.043178061225985404e-13
1.771386430678466350e+00 2.796626250117834792e-13
1.775000000000000355e+00 2.569617848836089106e-13
1.778613569321534360e+00 2.360639544282576042e-13
1.782227138643068365e+00 2.168292287744530322e-13
1.785840707964602370e+00 1.991282899752923192e-13
1.789454277286136374e+00 1.828416273609443523e-13
1.793067846607669935e+00 1.678588136271668955e-13
1.796681415929203940e+00 1.540778328033476452e-13
1.800294985250737945e+00 1.414044565011045548e-13
1.803908554572271949e+00 1.297516650851995015e-13
1.807522123893805954e+00 1.190391106339024326e-13
1.811135693215339515e+00 1.091926187667146467e-13
1.814749262536873520e+00 1.001437266145809336e-13
1.818362831858407525e+00 9.182925439209509011e-14
1.821976401179941529e+00 8.419090820360611624e-14
1.825589970501475534e+00 7.717491187633367116e-14
1.829203539823009539e+00 7.073166576417357453e-14
1.832817109144543100e+00 6.481543060662463069e-14
1.836430678466077104e+00 5.938403465873888066e-14
1.840044247787611109e+00 5.439860243076946875e-14
1.843657817109145114e+00 4.982330349084048969e-14
1.847271386430679119e+00 4.562511989099904831e-14
1.850884955752212679e+00 4.177363087691459873e-14
1.854498525073746684e+00 3.824081363470500940e-14
1.858112094395280689e+00 3.500085891534797279e-14
1.861725663716814694e+00 3.203000045825801855e-14
1.865339233038348699e+00 2.930635721126298022e-14
1.868952802359882703e+00 2.680978741476354941e-14
1.872566371681416264e+00 2.452175368359010190e-14
1.876179941002950269e+00 2.242519828137014917e-14
1.879793510324484274e+00 2.050442783930802597e-14
1.883407079646018278e+00 1.874500682446799640e-14
1.887020648967552283e+00 1.713365911219703539e-14
1.890634218289085844e+00 1.565817706345126301e-14
1.894247787610619849e+00 1.430733755073288879e-14
1.897861356932153853e+00 1.307082441632791367e-14
1.901474926253687858e+00 1.193915688371777000e-14
1.905088495575221863e+00 1.090362347766256454e-14
1.908702064896755868e+00 9.956221040634887587e-15
1.912315634218289429e+00 9.089598463227586831e-15
1.915929203539823433e+00 8.297004773991751013e-15
1.919542772861357438e+00 7.572241260043792753e-15
1.923156342182891443e+00 6.909617313821213176e-15
1.926769911504425448e+00 6.303909723724525872e-15
1.930383480825959008e+00 5.750325147135033686e-15
1.933997050147493013e+00 5.244465523585207763e-15
1.937610619469027018e+00 4.782296203764831886e-15
1.941224188790561023e+00 4.360116586668063898e-15
1.944837758112095027e+00 3.974533072619936989e-15
1.948451327433629032e+00 3.622434154242067192e-15
1.952064896755162593e+00 3.300967480702651951e-15
1.955678466076696598e+00 3.007518742923011118e-15
1.959292035398230603e+00 2.739692238844793416e-15
1.962905604719764607e+00 2.495292988460097187e-15
1.966519174041298612e+00 2.272310278136278234e-15
1.970132743362832173e+00 2.068902522871977196e-15
1.973746312684366178e+00 1.883383343564168665e-15
1.977359882005900182e+00 1.714208764183400702e-15
1.980973451327434187e+00 1.559965440998589454e-15
1.984587020648968192e+00 1.419359842700216134e-15
1.988200589970502197e+00 1.291208306481668964e-15
1.991814159292035757e+00 1.174427900887715845e-15
1.995427728613569762e+00 1.068028031559952602e-15
1.999041297935103767e+00 9.711027309330875992e-16
2.002654867256637772e+00 8.828235774904365038e-16
2.006268436578171777e+00 8.024331944006012203e-16
2.009882005899705337e+00 7.292392812528710832e-16
2.013495575221239342e+00 6.626091362111564799e-16
2.017109144542773347e+00 6.019646292357492656e-16
2.020722713864307352e+00 5.467775900994163162e-16
2.024336283185841356e+00 4.965655777671565299e-16
2.027949852507374917e+00 4.508880003359908294e-16
2.031563421828908922e+00 4.093425571561424285e-16
2.035176991150442927e+00 3.715619769957369423e-16
2.038790560471976931e+00 3.372110281784412569e-16
2.042404129793510936e+00 3.059837785326831722e-16
2.046017699115044941e+00 2.776010847523039042e-16
2.049631268436578502e+00 2.518082923938188836e-16
2.053244837758112507e+00 2.283731292345706596e-16
2.056858407079646511e+00 2.070837760987327314e-16
2.060471976401180516e+00 1.877471005329347784e-16
2.064085545722714521e+00 1.701870398885960778e-16
2.067699115044248082e+00 1.542431214513225764e-16
2.071312684365782086e+00 1.397691082558645439e-16
2.074926253687316091e+00 1.266317601449090175e-16
2.078539823008850096e+00 1.147097004769781141e-16
2.082153392330384101e+00 1.038923796689732205e-16
2.085766961651918106e+00 9.407912747715060851e-17
2.089380530973451666e+00 8.517828658159204714e-17
2.092994100294985671e+00 7.710642064784560974e-17
2.096607669616519676e+00 6.978759059942320509e-17
2.100221238938053236e+00 6.315269335004361008e-17
2.103834808259587685e+00 5.713885771843669271e-17
2.107448377581121246e+00 5.168889268432694996e-17
2.111061946902655695e+00 4.675078354487245176e-17
2.114675516224189256e+00 4.227723189923801547e-17
2.118289085545722816e+00 3.822523572741810284e-17
2.121902654867257265e+00 3.455570614057067953e-17
2.125516224188790826e+00 3.123311766580972820e-17
2.129129793510325275e+00 2.822518919091278910e-17
2.132743362831858835e+00 2.550259293543323611e-17
2.136356932153393284e+00 2.303868903597577174e-17
2.139970501474926845e+00 2.080928353655315835e-17
2.143584070796460406e+00 1.879240776134878633e-17
2.147197640117994855e+00 1.696811721828358800e-17
2.150811209439528415e+00 1.531830833870044213e-17
2.154424778761062864e+00 1.382655150240796849e-17
2.158038348082596425e+00 1.247793892932343691e-17
2.161651917404129986e+00 1.125894613994169987e-17
2.165265486725664434e+00 1.015730579779552354e-17
2.168879056047197995e+00 9.161892848709446145e-18
2.172492625368732444e+00 8.262619964795051893e-18
2.176106194690266005e+00 7.450342386463144525e-18
2.179719764011799565e+00 6.716771333866435322e-18
2.183333333333334014e+00 6.054395230755227007e-18
2.186946902654867575e+00 5.456408049241791295e-18
2.190560471976402024e+00 4.916644143935058282e-18
2.194174041297935585e+00 4.429518998794569857e-18
2.197787610619469145e+00 3.989975360262474989e-18
2.201401179941003594e+00 3.593434276171801283e-18
2.205014749262537155e+00 3.235750601942188333e-18
2.208628318584071604e+00 2.913172573990069198e-18
2.212241887905605164e+00 2.622305085409194605e-18
2.215855457227138725e+00 2.360076331075125130e-18
2.219469026548673174e+00 2.123707518673884448e-18
2.223082595870206735e+00 1.910685368957385733e-18
2.226696165191741184e+00 1.718737153019275787e-18
2.230309734513274744e+00 1.545808036751578034e-18
2.233923303834809193e+00 1.390040523063380658e-18
2.237536873156342754e+00 1.249755801092205015e-18
2.241150442477876314e+00 1.123436828654698415e-18
2.244764011799410763e+00 1.009712989717797178e-18
2.248377581120944324e+00 9.073461828415304741e-19
2.251991150442478773e+00 8.152182094724087477e-19
2.255604719764012334e+00 7.323193427579611787e-19
2.259218289085545894e+00 6.577379683028468058e-19
2.262831858407080343e+00 5.906511980906091368e-19
2.266445427728613904e+00 5.303163677284868088e-19
2.270058997050148353e+00 4.760633353152463717e-19
2.273672566371681913e+00 4.272875076512053186e-19
2.277286135693215474e+00 3.834435262669229607e-19
2.280899705014749923e+00 3.440395519030539398e-19
2.284513274336283484e+00 3.086320916780956576e-19
2.288126843657817933e+00 2.768213182839582861e-19
2.291740412979351493e+00 2.482468351939791929e-19
2.295353982300885054e+00 2.225838460947374360e-19
2.298967551622419503e+00 1.995396905994749001e-19
2.302581120943953064e+00 1.788507117992766301e-19
2.306194690265487512e+00 1.602794243904488031e-19
2.309808259587021073e+00 1.436119550102658987e-19
2.313421828908555522e+00 1.286557290437609570e-19
2.317035398230089083e+00 1.152373805558621077e-19
2.320648967551622643e+00 1.032008641760399183e-19
2.324262536873157092e+00 9.240574973751002008e-20
2.327876106194690653e+00 8.272568226672171082e-20
2.331489675516225102e+00 7.404699154805103318e-20
2.335103244837758663e+00 6.626743696828269470e-20
2.338716814159292223e+00 5.929507468845129363e-20
2.342330383480826672e+00 5.304723541007597189e-20
2.345943952802360233e+00 4.744960210925128322e-20
2.349557522123894682e+00 4.243537811610932114e-20
2.353171091445428242e+00 3.794453682804667288e-20
2.356784660766961803e+00 3.392314517120333212e-20
2.360398230088496252e+00 3.032275367387892950e-20
2.364011799410029813e+00 2.709984669479827513e-20
2.367625368731564262e+00 2.421534696482898090e-20
2.371238938053097822e+00 2.163416915878886318e-20
2.374852507374631383e+00 1.932481771958249482e-20
2.378466076696165832e+00 1.725902461498217966e-20
2.382079646017699393e+00 1.541142312225699803e-20
2.385693215339233841e+00 1.375925411157327532e-20
2.389306784660767402e+00 1.228210163928577465e-20
2.392920353982301851e+00 1.096165497015608298e-20
2.396533923303835412e+00 9.781494426268820620e-21
2.400147492625368972e+00 8.726898712574059711e-21
2.403761061946903421e+00 7.784671597170202316e-21
2.407374631268436982e+00 6.942986030797106451e-21
2.410988200589971431e+00 6.191243976644107868e-21
2.414601769911504991e+00 5.519950390331222539e-21
2.418215339233038552e+00 4.920599942455334761e-21
2.421828908554573001e+00 4.385575213976648455e-21
2.425442477876106562e+00 3.908055219300794538e-21
2.429056047197641011e+00 3.481933224472114239e-21
2.432669616519174571e+00 3.101742929571526773e-21
2.436283185840708132e+00 2.762592176227868305e-21
2.439896755162242581e+00 2.460103424066870314e-21
2.443510324483776142e+00 2.190360314766315106e-21
2.447123893805310590e+00 1.949859709940485540e-21
2.450737463126844151e+00 1.735468650043490176e-21
2.454351032448377712e+00 1.544385736479949681e-21
2.457964601769912161e+00 1.374106488728545968e-21
2.461578171091445721e+00 1.222392273031626641e-21
2.465191740412980170e+00 1.087242439550969133e-21
2.468805309734513731e+00 9.668693412677882300e-22
2.472418879056048180e+00 8.596759406900523552e-22
2.476032448377581741e+00 7.642357399801745351e-22
2.479646017699115301e+00 6.792747967360502026e-22
2.483259587020649750e+00 6.036556116426098923e-22
2.486873156342183311e+00 5.363626958098327642e-22
2.490486725663717760e+00 4.764896450637800209e-22
2.494100294985251320e+00 4.232275659687016038e-22
2.497713864306784881e+00 3.758547141201088072e-22
2.501327433628319330e+00 3.337272194351044312e-22
2.504941002949852891e+00 2.962707859296869872e-22
2.508554572271387340e+00 2.629732649555237589e-22
2.512168141592920900e+00 2.333780111970216551e-22
2.515781710914454461e+00 2.070779400164154498e-22
2.519395280235988910e+00 1.837102130856500705e-22
2.523008849557522471e+00 1.629514867496319341e-22
2.526622418879056919e+00 1.445136643118449460e-22
2.530235988200590480e+00 1.281400994953865980e-22
2.533849557522124041e+00 1.136022037783128174e-22
2.537463126843658490e+00 1.006964151942154596e-22
2.541076696165192050e+00 8.924149058184378201e-23
2.544690265486726499e+00 7.907608721210837516e-23
2.548303834808260060e+00 7.005660326179827795e-23
2.551917404129794509e+00 6.205524978137331282e-23
2.555530973451328070e+00 5.495832965619985237e-23
2.559144542772861630e+00 4.866470161926425675e-23
2.562758112094396079e+00 4.308440966862015988e-23
2.566371681415929640e+00 3.813746030125230148e-23
2.569985250737464089e+00 3.375273182078267029e-23
2.573598820058997649e+00 2.986700163116512893e-23
2.577212389380531210e+00 2.642407891163070251e-23
2.580825958702065659e+00 2.337403139733022910e-23
2.584439528023599220e+00 2.067249618096693888e-23
2.588053097345133668e+00 1.828006551752626685e-23
2.591666666666667229e+00 1.616173956970352203e-23
2.595280235988200790e+00 1.428643888718660468e-23
2.598893805309735239e+00 1.262657017900325714e-23
2.602507374631268799e+00 1.115763962378685238e-23
2.606120943952803248e+00 9.857908576474788067e-24
2.609734513274336809e+00 8.708087079034520601e-24
2.613348082595870370e+00 7.691061074020584223e-24
2.616961651917404819e+00 6.791649659129668502e-24
2.620575221238938379e+00 5.996389113828254101e-24
2.624188790560472828e+00 5.293340780418294215e-24
2.627802359882006389e+00 4.671920195951181006e-24
2.631415929203539950e+00 4.122745152054030224e-24
2.635029498525074398e+00 3.637500610553472015e-24
2.638643067846607959e+00 3.208818626834898210e-24
2.642256637168142408e+00 2.830171633037303672e-24
2.645870206489675969e+00 2.495777611928017601e-24
2.649483775811210418e+00 2.200515851905108528e-24
2.653097345132743978e+00 1.939852116065755661e-24
2.656710914454277539e+00 1.709772185450203158e-24
2.660324483775811988e+00 1.506722850067515249e-24
2.663938053097345549e+00 1.327559522566808158e-24
2.667551622418879997e+00 1.169499739748428572e-24
2.671165191740413558e+00 1.030081897673283222e-24
2.674778761061947119e+00 9.071286379671378445e-25
2.678392330383481568e+00 7.987143669667198884e-25
2.682005899705015128e+00 7.031364464438289873e-25
2.685619469026549577e+00 6.188896455244535858e-25
2.689233038348083138e+00 5.446434887561103073e-25
2.692846607669616699e+00 4.792221756635479302e-25
2.696460176991151148e+00 4.215867831084213551e-25
2.700073746312684708e+00 3.708194938026496377e-25
2.703687315634219157e+00 3.261096228493028897e-25
2.707300884955752718e+00 2.867412395758309851e-25
2.710914454277286278e+00 2.520822045229726087e-25
2.714528023598820727e+00 2.215744615624965072e-25
2.718141592920354288e+00 1.947254430077611808e-25
2.721755162241888737e+00 1.711004614956893140e-25
2.725368731563422298e+00 1.503159765723694723e-25
2.728982300884956747e+00 1.320336364991213385e-25
2.732595870206490307e+00 1.159550069844941399e-25
2.736209439528023868e+00 1.018169084917988919e-25
2.739823008849558317e+00 8.938729260953304337e-26
2.743436578171091877e+00 7.846159582405686090e-26
2.747050147492626326e+00 6.885951600918171736e-26
2.750663716814159887e+00 6.042216314282111148e-26
2.754277286135693448e+00 5.300954126207612117e-26
2.757890855457227897e+00 4.649832355267851231e-26
2.761504424778761457e+00 4.077988680429373553e-26
2.765117994100295906e+00 3.575857531115577497e-26
2.768731563421829467e+00 3.135016771191461113e-26
2.772345132743363028e+00 2.748052329164323195e-26
2.775958702064897476e+00 2.408438695582123026e-26
2.779572271386431037e+00 2.110433446884183281e-26
2.783185840707965486e+00 1.848984166227640077e-26
2.786799410029499047e+00 1.619646319105923708e-26
2.790412979351032607e+00 1.418510807570813004e-26
2.794026548672567056e+00 1.242140073976694226e-26
2.797640117994100617e+00 1.087511755494612109e-26
2.801253687315635066e+00 9.519690060958956487e-27
2.804867256637168627e+00 8.331767049580457324e-27
2.808480825958703075e+00 7.290828607849023397e-27
2.812094395280236636e+00 6.378846016959000667e-27
2.815707964601770197e+00 5.579982112910701145e-27
2.819321533923304646e+00 4.880327342943452852e-27
2.822935103244838206e+00 4.267667307384219770e-27
2.826548672566372655e+00 3.731278068081330916e-27
2.830162241887906216e+00 3.261745939360708987e-27
2.833775811209439777e+00 2.850808861899371890e-27
2.837389380530974226e+00 2.491216799856322663e-27
2.841002949852507786e+00 2.176608902097125380e-27
2.844616519174042235e+00 1.901405433939966506e-27
2.848230088495575796e+00 1.660712720547140319e-27
2.851843657817109357e+00 1.450239550436077644e-27
2.855457227138643805e+00 1.266223670746225456e-27
2.859070796460177366e+00 1.105367167658757383e-27
2.862684365781711815e+00 9.647796682017564560e-28
2.866297935103245376e+00 8.419284257760687811e-28
2.869911504424778936e+00 7.345944630389981813e-28
2.873525073746313385e+00 6.408340440142987112e-28
2.877138643067846946e+00 5.589448339639718678e-28
2.880752212389381395e+00 4.874361820172628781e-28
2.884365781710914955e+00 4.250030289887471391e-28
2.887979351032449404e+00 3.705030022855079093e-28
2.891592920353982965e+00 3.229363122371090157e-28
2.895206489675516526e+00 2.814281104005860734e-28
2.898820058997050975e+00 2.452130111296617713e-28
2.902433628318584535e+00 2.136215135928404540e-28
2.906047197640118984e+00 1.860680930498596814e-28
2.909660766961652545e+00 1.620407580534619507e-28
2.913274336283186106e+00 1.410918947763288495e-28
2.916887905604720554e+00 1.228302412658924696e-28
2.920501474926254115e+00 1.069138534471379567e-28
2.924115044247788564e+00 9.304394143319749308e-29
2.927728613569322125e+00 8.095946943487157420e-29
2.931342182890855685e+00 7.043242552158175307e-29
2.934955752212390134e+00 6.126367888884719565e-29
2.938569321533923695e+00 5.327935231610360928e-29
2.942182890855458144e+00 4.632764631779876111e-29
2.945796460176991705e+00 4.027605924467067066e-29
2.949410029498525265e+00 3.500895440805189315e-29
2.953023598820059714e+00 3.042543129061152067e-29
2.956637168141593275e+00 2.643746317092089132e-29
2.960250737463127724e+00 2.296826811390933269e-29
2.963864306784661284e+00 1.995088434163269823e-29
2.967477876106195733e+00 1.732692456637771490e-29
2.971091445427729294e+00 1.504548700079265694e-29
2.974705014749262855e+00 1.306220350983573240e-29
2.978318584070797304e+00 1.133840778327480875e-29
2.981932153392330864e+00 9.840408525837201611e-30
2.985545722713865313e+00 8.538854520810154709e-30
2.989159292035398874e+00 7.408180053446697807e-30
2.992772861356932435e+00 6.426120610641776857e-30
2.996386430678466883e+00 5.573290027471305825e-30
3.000000000000000000e+00 4.832811350726441444e-30
