0.000000000000000000e+00
7.259481990953041419e-02
-4.392676946528294851e-02
-4.096062994189969553e-02
5.743672165353506248e-02
-3.351772551815982576e-02
-3.949441815229694924e-02
8.018502538535283997e-02
-4.121996886545824940e-02
-3.934361641467077481e-02
7.453513078242722523e-02
7.149288136016181128e-02
-4.039451409036443758e-02
7.476446930742815244e-02
7.349790773328318538e-02
-4.267788879954289433e-02
7.433673958099017154e-02
7.299457910976712982e-02
-4.188470532884022018e-02
6.725843506769930980e-02
6.649362670154494726e-02
-3.785426823617841358e-02
-4.043287062294111806e-02
7.037719653014036514e-02
-3.683305495759065656e-02
-3.846053910517742425e-02
7.529482411776691753e-02
-3.583129432891021815e-02
-3.796659579581028454e-02
7.489277427163207324e-02
-4.621389373750176693e-02
-3.639590544010364720e-02
7.428563438708964128e-02
7.266134581183546215e-02
-3.770755714141348081e-02
7.404302866326752108e-02
7.385543896997186220e-02
-3.674308603090371134e-02
7.545810821711845806e-02
7.402412630395681370e-02
-3.655956726711332566e-02
-4.766639170710712525e-02
7.159687400324979412e-02
-3.704328545685745683e-02
-3.738681456565327854e-02
7.094555762715713809e-02
-3.532198761660144265e-02
-3.794890240510496310e-02
6.751125570128058140e-02
-3.878160454389956852e-02
-4.010851958173827780e-02
6.839453656542074378e-02
6.828442944366866496e-02
-4.188084844754155767e-02
6.863909635622772454e-02
6.850087285618107480e-02
-4.362771724256925970e-02
7.099945693317431805e-02
6.953956417962726955e-02
-4.475203521622268116e-02
6.681105161788311597e-02
6.890987461836739492e-02
-4.397532722466542671e-02
-4.491966971391639363e-02
6.666254960833235821e-02
-4.344537438802326124e-02
-4.431837770610727589e-02
6.782026429388740563e-02
-3.941354853085274335e-02
-4.267903118984654048e-02
6.748331250214179011e-02
6.036510150089672427e-02
-4.237768460369131102e-02
6.781369973333424561e-02
6.684737842716040324e-02
-4.153856444857458724e-02
6.912555726589228455e-02
6.866884396413232283e-02
-4.154340623593563014e-02
7.126622099405056920e-02
6.886269502788279484e-02
-4.124945060185930545e-02
-4.529274693800014462e-02
6.885268598530189244e-02
-4.006056272597626616e-02
-4.060238313506524255e-02
6.882855687848342396e-02
-3.952913421515149434e-02
-4.060969840142836240e-02
6.892710875042300234e-02
-3.868318921399813148e-02
-4.042059132378105629e-02
6.933869058357648718e-02
6.883353897130323196e-02
-4.043763532114889175e-02
6.965405265657760581e-02
6.843084895506253151e-02
-4.026051745117933262e-02
7.011520427620702989e-02
6.887214658444691662e-02
-4.003812124548518370e-02
-6.183872499609788242e-02
6.843801294455312267e-02
-3.937705787550820069e-02
-4.094478626712842045e-02
6.838669401040760321e-02
-3.833560004475587007e-02
-3.834083887739924562e-02
6.846497015872561598e-02
-3.827650381006975772e-02
-4.013081499303190053e-02
6.555615173209027036e-02
6.145723354275459821e-02
-3.663425149616870991e-02
6.535524390861498223e-02
6.533504089185802888e-02
-3.677945214646050759e-02
6.449876775458569800e-02
6.551817576563749579e-02
-3.652697984477031729e-02
6.667492550504390547e-02
6.570191666713272316e-02
-3.654178533327397116e-02
-3.703918534487093267e-02
6.300660074365209418e-02
-4.052203199558272045e-02
-4.000470898593665864e-02
6.309086322046290884e-02
-3.928172801805500380e-02
-3.987023875008188084e-02
6.322469070815241177e-02
4.331210260017175767e-02
-3.944613326509294887e-02
6.238086861505034997e-02
6.212399152885948045e-02
-4.089485486465439107e-02
6.320078659047530245e-02
6.188468311512745207e-02
-4.175226956439070242e-02
6.232468894687345773e-02
6.232533784749703237e-02
-4.186239542346508608e-02
-5.178456316234705120e-02
6.219888025473141457e-02
-4.255171310730868767e-02
-4.212955519425218287e-02
6.223785880465474568e-02
-4.157720313053878125e-02
-4.241879192113517244e-02
6.305930510198552719e-02
-3.731183668024874028e-02
-4.144277417380060752e-02
6.315281540828697471e-02
6.299180212838388637e-02
-4.134614369284937002e-02
6.307703745600116985e-02
6.211884436825518274e-02
-4.112280247472998446e-02
6.409694838702510722e-02
6.281486897593009655e-02
-4.105812625924214893e-02
5.316003564941810394e-02
5.886568631692635362e-02
-4.123921386932883487e-02
-4.184206030591099829e-02
5.885867923585788586e-02
-4.113223759363793947e-02
-4.146144197350321026e-02
5.875554709703170037e-02
-4.075575877544105469e-02
-4.139459473476205659e-02
5.862146025397018539e-02
4.916863586205926645e-02
-4.336557573999502702e-02
5.974574026128648407e-02
5.837844199959552755e-02
-4.332189070189202545e-02
5.877968907178354047e-02
5.838041769272971776e-02
-4.337849322714479317e-02
6.103292057180343538e-02
5.951866564950140243e-02
-4.354835388769821153e-02
-4.553947754846734974e-02
5.951280345258522231e-02
-4.311123196940042784e-02
-4.341097018753892894e-02
5.947335905738428824e-02
-4.059184446154455450e-02
-4.336095557930153693e-02
6.010197331701061518e-02
-4.181281021540548398e-02
-4.331210401395262782e-02
6.014424704694217722e-02
5.894427762773032931e-02
-4.387890560025160119e-02
6.030808312142749150e-02
5.889254975032182093e-02
-4.342475568820789583e-02
6.029153511352425276e-02
5.923514553347281053e-02
-4.352936167836776726e-02
-4.961286137874351687e-02
5.948483787696415281e-02
-4.363169768126193976e-02
-4.399461624496020518e-02
6.158479419304702107e-02
-4.058291344656301397e-02
-4.433116537681253133e-02
6.166361431016128408e-02
-4.358496982480678655e-02
-4.414905441245628448e-02
6.280404593144239822e-02
5.811596705987919637e-02
-4.434046122622695846e-02
6.210231137618728997e-02
6.175988071052510020e-02
-4.410051560434217338e-02
6.243688559223361384e-02
6.158605181663532463e-02
-4.336249176549859113e-02
5.930982211073548144e-02
6.140654344172707946e-02
-4.388840536670698261e-02
-4.444658622883194271e-02
6.171281590428962655e-02
-4.140914562746552535e-02
-4.452491490060504070e-02
6.169420587585671550e-02
-4.247676576273506921e-02
-4.434734765795930039e-02
6.271114567176024057e-02
4.790869797519112933e-02
-4.406664671665292549e-02
6.333945595480124091e-02
6.169360907260063032e-02
-4.395845106531123120e-02
6.437331209685365208e-02
6.184500791832168304e-02
-4.367237338410356884e-02
6.443612203831974861e-02
6.132985510463243028e-02
-4.341189131711883226e-02
-4.985548718311007960e-02
6.140633836711369836e-02
-4.287769477815648461e-02
-4.452391843986066439e-02
6.165660061550368165e-02
-4.090761181253600026e-02
-4.429167914171705522e-02
