-1.899999999999999911e+00 0.000000000000000000e+00
-1.896386430678465906e+00 0.000000000000000000e+00
-1.892772861356932124e+00 0.000000000000000000e+00
-1.889159292035398119e+00 0.000000000000000000e+00
-1.885545722713864114e+00 0.000000000000000000e+00
-1.881932153392330331e+00 0.000000000000000000e+00
-1.878318584070796327e+00 0.000000000000000000e+00
-1.874705014749262544e+00 0.000000000000000000e+00
-1.871091445427728539e+00 0.000000000000000000e+00
-1.867477876106194534e+00 0.000000000000000000e+00
-1.863864306784660752e+00 0.000000000000000000e+00
-1.860250737463126747e+00 0.000000000000000000e+00
-1.856637168141592742e+00 0.000000000000000000e+00
-1.853023598820058959e+00 0.000000000000000000e+00
-1.849410029498524954e+00 0.000000000000000000e+00
-1.845796460176990950e+00 0.000000000000000000e+00
-1.842182890855457167e+00 0.000000000000000000e+00
-1.838569321533923162e+00 0.000000000000000000e+00
-1.834955752212389379e+00 0.000000000000000000e+00
-1.831342182890855375e+00 0.000000000000000000e+00
-1.827728613569321370e+00 0.000000000000000000e+00
-1.824115044247787587e+00 0.000000000000000000e+00
-1.820501474926253582e+00 0.000000000000000000e+00
-1.816887905604719577e+00 0.000000000000000000e+00
-1.813274336283185795e+00 0.000000000000000000e+00
-1.809660766961651790e+00 0.000000000000000000e+00
-1.806047197640118007e+00 0.000000000000000000e+00
-1.802433628318584002e+00 0.000000000000000000e+00
-1.798820058997049998e+00 0.000000000000000000e+00
-1.795206489675516215e+00 0.000000000000000000e+00
-1.791592920353982210e+00 0.000000000000000000e+00
-1.787979351032448205e+00 0.000000000000000000e+00
-1.784365781710914423e+00 0.000000000000000000e+00
-1.780752212389380418e+00 0.000000000000000000e+00
-1.777138643067846413e+00 0.000000000000000000e+00
-1.773525073746312630e+00 0.000000000000000000e+00
-1.769911504424778625e+00 0.000000000000000000e+00
-1.766297935103244843e+00 0.000000000000000000e+00
-1.762684365781710838e+00 0.000000000000000000e+00
-1.759070796460176833e+00 0.000000000000000000e+00
-1.755457227138643050e+00 0.000000000000000000e+00
-1.751843657817109046e+00 0.000000000000000000e+00
-1.748230088495575041e+00 0.000000000000000000e+00
-1.744616519174041258e+00 0.000000000000000000e+00
-1.741002949852507253e+00 0.000000000000000000e+00
-1.737389380530973249e+00 0.000000000000000000e+00
-1.733775811209439466e+00 0.000000000000000000e+00
-1.730162241887905461e+00 0.000000000000000000e+00
-1.726548672566371678e+00 0.000000000000000000e+00
-1.722935103244837673e+00 0.000000000000000000e+00
-1.719321533923303669e+00 0.000000000000000000e+00
-1.715707964601769886e+00 0.000000000000000000e+00
-1.712094395280235881e+00 0.000000000000000000e+00
-1.708480825958701876e+00 0.000000000000000000e+00
-1.704867256637168094e+00 0.000000000000000000e+00
-1.701253687315634089e+00 0.000000000000000000e+00
-1.697640117994100084e+00 0.000000000000000000e+00
-1.694026548672566301e+00 0.000000000000000000e+00
-1.690412979351032297e+00 0.000000000000000000e+00
-1.686799410029498514e+00 0.000000000000000000e+00
-1.683185840707964509e+00 0.000000000000000000e+00
-1.679572271386430504e+00 0.000000000000000000e+00
-1.675958702064896721e+00 0.000000000000000000e+00
-1.672345132743362717e+00 0.000000000000000000e+00
-1.668731563421828712e+00 0.000000000000000000e+00
-1.665117994100294929e+00 0.000000000000000000e+00
-1.661504424778760924e+00 0.000000000000000000e+00
-1.657890855457226920e+00 0.000000000000000000e+00
-1.654277286135693137e+00 0.000000000000000000e+00
-1.650663716814159132e+00 0.000000000000000000e+00
-1.647050147492625349e+00 0.000000000000000000e+00
-1.643436578171091345e+00 0.000000000000000000e+00
-1.639823008849557340e+00 0.000000000000000000e+00
-1.636209439528023557e+00 0.000000000000000000e+00
-1.632595870206489552e+00 0.000000000000000000e+00
-1.628982300884955770e+00 0.000000000000000000e+00
-1.625368731563421765e+00 0.000000000000000000e+00
-1.621755162241887760e+00 0.000000000000000000e+00
-1.618141592920353755e+00 0.000000000000000000e+00
-1.614528023598819972e+00 0.000000000000000000e+00
-1.610914454277285968e+00 0.000000000000000000e+00
-1.607300884955752185e+00 0.000000000000000000e+00
-1.603687315634218180e+00 0.000000000000000000e+00
-1.600073746312684175e+00 0.000000000000000000e+00
-1.596460176991150393e+00 0.000000000000000000e+00
-1.592846607669616388e+00 0.000000000000000000e+00
-1.589233038348082605e+00 0.000000000000000000e+00
-1.585619469026548600e+00 0.000000000000000000e+00
-1.582005899705014595e+00 0.000000000000000000e+00
-1.578392330383480591e+00 0.000000000000000000e+00
-1.574778761061946808e+00 0.000000000000000000e+00
-1.571165191740412803e+00 0.000000000000000000e+00
-1.567551622418879020e+00 0.000000000000000000e+00
-1.563938053097345016e+00 0.000000000000000000e+00
-1.560324483775811011e+00 0.000000000000000000e+00
-1.556710914454277228e+00 0.000000000000000000e+00
-1.553097345132743223e+00 0.000000000000000000e+00
-1.549483775811209441e+00 0.000000000000000000e+00
-1.545870206489675436e+00 0.000000000000000000e+00
-1.542256637168141431e+00 0.000000000000000000e+00
-1.538643067846607426e+00 0.000000000000000000e+00
-1.535029498525073643e+00 0.000000000000000000e+00
-1.531415929203539639e+00 0.000000000000000000e+00
-1.527802359882005856e+00 0.000000000000000000e+00
-1.524188790560471851e+00 0.000000000000000000e+00
-1.520575221238937846e+00 0.000000000000000000e+00
-1.516961651917404064e+00 0.000000000000000000e+00
-1.513348082595870059e+00 0.000000000000000000e+00
-1.509734513274336276e+00 0.000000000000000000e+00
-1.506120943952802271e+00 0.000000000000000000e+00
-1.502507374631268267e+00 0.000000000000000000e+00
-1.498893805309734262e+00 0.000000000000000000e+00
-1.495280235988200479e+00 0.000000000000000000e+00
-1.491666666666666474e+00 0.000000000000000000e+00
-1.488053097345132691e+00 0.000000000000000000e+00
-1.484439528023598687e+00 0.000000000000000000e+00
-1.480825958702064682e+00 0.000000000000000000e+00
-1.477212389380530899e+00 0.000000000000000000e+00
-1.473598820058996894e+00 0.000000000000000000e+00
-1.469985250737463112e+00 0.000000000000000000e+00
-1.466371681415929107e+00 0.000000000000000000e+00
-1.462758112094395102e+00 0.000000000000000000e+00
-1.459144542772861097e+00 0.000000000000000000e+00
-1.455530973451327315e+00 0.000000000000000000e+00
-1.451917404129793310e+00 0.000000000000000000e+00
-1.448303834808259527e+00 0.000000000000000000e+00
-1.444690265486725522e+00 0.000000000000000000e+00
-1.441076696165191517e+00 0.000000000000000000e+00
-1.437463126843657735e+00 0.000000000000000000e+00
-1.433849557522123730e+00 0.000000000000000000e+00
-1.430235988200589947e+00 0.000000000000000000e+00
-1.426622418879055942e+00 0.000000000000000000e+00
-1.423008849557521938e+00 0.000000000000000000e+00
-1.419395280235987933e+00 0.000000000000000000e+00
-1.415781710914454150e+00 0.000000000000000000e+00
-1.412168141592920145e+00 0.000000000000000000e+00
-1.408554572271386363e+00 0.000000000000000000e+00
-1.404941002949852358e+00 0.000000000000000000e+00
-1.401327433628318353e+00 0.000000000000000000e+00
-1.397713864306784570e+00 0.000000000000000000e+00
-1.394100294985250565e+00 0.000000000000000000e+00
-1.390486725663716783e+00 0.000000000000000000e+00
-1.386873156342182778e+00 0.000000000000000000e+00
-1.383259587020648773e+00 0.000000000000000000e+00
-1.379646017699114768e+00 0.000000000000000000e+00
-1.376032448377580986e+00 0.000000000000000000e+00
-1.372418879056047203e+00 0.000000000000000000e+00
-1.368805309734513198e+00 0.000000000000000000e+00
-1.365191740412979193e+00 0.000000000000000000e+00
-1.361578171091445189e+00 0.000000000000000000e+00
-1.357964601769911406e+00 0.000000000000000000e+00
-1.354351032448377401e+00 0.000000000000000000e+00
-1.350737463126843618e+00 0.000000000000000000e+00
-1.347123893805309613e+00 0.000000000000000000e+00
-1.343510324483775609e+00 0.000000000000000000e+00
-1.339896755162241604e+00 0.000000000000000000e+00
-1.336283185840707821e+00 0.000000000000000000e+00
-1.332669616519174038e+00 0.000000000000000000e+00
-1.329056047197640034e+00 0.000000000000000000e+00
-1.325442477876106029e+00 0.000000000000000000e+00
-1.321828908554572024e+00 0.000000000000000000e+00
-1.318215339233038241e+00 0.000000000000000000e+00
-1.314601769911504237e+00 0.000000000000000000e+00
-1.310988200589970454e+00 0.000000000000000000e+00
-1.307374631268436449e+00 0.000000000000000000e+00
-1.303761061946902444e+00 0.000000000000000000e+00
-1.300147492625368439e+00 0.000000000000000000e+00
-1.296533923303834657e+00 0.000000000000000000e+00
-1.292920353982300874e+00 0.000000000000000000e+00
-1.289306784660766869e+00 0.000000000000000000e+00
-1.285693215339232864e+00 0.000000000000000000e+00
-1.282079646017698860e+00 0.000000000000000000e+00
-1.278466076696165077e+00 0.000000000000000000e+00
-1.274852507374631072e+00 0.000000000000000000e+00
-1.271238938053097289e+00 0.000000000000000000e+00
-1.267625368731563285e+00 0.000000000000000000e+00
-1.264011799410029280e+00 0.000000000000000000e+00
-1.260398230088495275e+00 0.000000000000000000e+00
-1.256784660766961492e+00 0.000000000000000000e+00
-1.253171091445427709e+00 0.000000000000000000e+00
-1.249557522123893705e+00 0.000000000000000000e+00
-1.245943952802359700e+00 0.000000000000000000e+00
-1.242330383480825695e+00 0.000000000000000000e+00
-1.238716814159291912e+00 0.000000000000000000e+00
-1.235103244837757908e+00 0.000000000000000000e+00
-1.231489675516224125e+00 0.000000000000000000e+00
-1.227876106194690120e+00 0.000000000000000000e+00
-1.224262536873156115e+00 0.000000000000000000e+00
-1.220648967551622111e+00 0.000000000000000000e+00
-1.217035398230088328e+00 0.000000000000000000e+00
-1.213421828908554545e+00 0.000000000000000000e+00
-1.209808259587020540e+00 0.000000000000000000e+00
-1.206194690265486535e+00 0.000000000000000000e+00
-1.202581120943952531e+00 0.000000000000000000e+00
-1.198967551622418748e+00 0.000000000000000000e+00
-1.195353982300884743e+00 0.000000000000000000e+00
-1.191740412979350960e+00 0.000000000000000000e+00
-1.188126843657816956e+00 0.000000000000000000e+00
-1.184513274336282951e+00 0.000000000000000000e+00
-1.180899705014748946e+00 0.000000000000000000e+00
-1.177286135693215163e+00 0.000000000000000000e+00
-1.173672566371681381e+00 0.000000000000000000e+00
-1.170058997050147376e+00 0.000000000000000000e+00
-1.166445427728613371e+00 0.000000000000000000e+00
-1.162831858407079366e+00 0.000000000000000000e+00
-1.159218289085545583e+00 0.000000000000000000e+00
-1.155604719764011579e+00 0.000000000000000000e+00
-1.151991150442477796e+00 0.000000000000000000e+00
-1.148377581120943791e+00 0.000000000000000000e+00
-1.144764011799409786e+00 0.000000000000000000e+00
-1.141150442477875782e+00 0.000000000000000000e+00
-1.137536873156341999e+00 0.000000000000000000e+00
-1.133923303834808216e+00 0.000000000000000000e+00
-1.130309734513274211e+00 0.000000000000000000e+00
-1.126696165191740207e+00 0.000000000000000000e+00
-1.123082595870206202e+00 0.000000000000000000e+00
-1.119469026548672419e+00 0.000000000000000000e+00
-1.115855457227138636e+00 0.000000000000000000e+00
-1.112241887905604631e+00 0.000000000000000000e+00
-1.108628318584070627e+00 0.000000000000000000e+00
-1.105014749262536622e+00 0.000000000000000000e+00
-1.101401179941002617e+00 0.000000000000000000e+00
-1.097787610619468834e+00 0.000000000000000000e+00
-1.094174041297935052e+00 0.000000000000000000e+00
-1.090560471976401047e+00 0.000000000000000000e+00
-1.086946902654867042e+00 0.000000000000000000e+00
-1.083333333333333037e+00 0.000000000000000000e+00
-1.079719764011799255e+00 0.000000000000000000e+00
-1.076106194690265472e+00 0.000000000000000000e+00
-1.072492625368731467e+00 0.000000000000000000e+00
-1.068879056047197462e+00 0.000000000000000000e+00
-1.065265486725663457e+00 0.000000000000000000e+00
-1.061651917404129453e+00 0.000000000000000000e+00
-1.058038348082595670e+00 0.000000000000000000e+00
-1.054424778761061887e+00 0.000000000000000000e+00
-1.050811209439527882e+00 0.000000000000000000e+00
-1.047197640117993878e+00 0.000000000000000000e+00
-1.043584070796459873e+00 0.000000000000000000e+00
-1.039970501474926090e+00 0.000000000000000000e+00
-1.036356932153392307e+00 0.000000000000000000e+00
-1.032743362831858303e+00 0.000000000000000000e+00
-1.029129793510324298e+00 0.000000000000000000e+00
-1.025516224188790293e+00 0.000000000000000000e+00
-1.021902654867256510e+00 0.000000000000000000e+00
-1.018289085545722505e+00 0.000000000000000000e+00
-1.014675516224188723e+00 0.000000000000000000e+00
-1.011061946902654718e+00 0.000000000000000000e+00
-1.007448377581120713e+00 0.000000000000000000e+00
-1.003834808259586708e+00 0.000000000000000000e+00
-1.000221238938052926e+00 0.000000000000000000e+00
-9.966076696165190318e-01 0.000000000000000000e+00
-9.929941002949850271e-01 0.000000000000000000e+00
-9.893805309734511333e-01 0.000000000000000000e+00
-9.857669616519172395e-01 0.000000000000000000e+00
-9.821533923303833458e-01 0.000000000000000000e+00
-9.785398230088493410e-01 0.000000000000000000e+00
-9.749262536873154472e-01 0.000000000000000000e+00
-9.713126843657815535e-01 0.000000000000000000e+00
-9.676991150442475487e-01 0.000000000000000000e+00
-9.640855457227136549e-01 0.000000000000000000e+00
-9.604719764011797611e-01 0.000000000000000000e+00
-9.568584070796458674e-01 0.000000000000000000e+00
-9.532448377581118626e-01 0.000000000000000000e+00
-9.496312684365779688e-01 0.000000000000000000e+00
-9.460176991150440751e-01 0.000000000000000000e+00
-9.424041297935101813e-01 0.000000000000000000e+00
-9.387905604719761765e-01 0.000000000000000000e+00
-9.351769911504422828e-01 0.000000000000000000e+00
-9.315634218289083890e-01 0.000000000000000000e+00
-9.279498525073743842e-01 0.000000000000000000e+00
-9.243362831858404904e-01 0.000000000000000000e+00
-9.207227138643065967e-01 0.000000000000000000e+00
-9.171091445427727029e-01 0.000000000000000000e+00
-9.134955752212386981e-01 0.000000000000000000e+00
-9.098820058997048044e-01 0.000000000000000000e+00
-9.062684365781709106e-01 0.000000000000000000e+00
-9.026548672566370168e-01 0.000000000000000000e+00
-8.990412979351030121e-01 0.000000000000000000e+00
-8.954277286135692293e-01 0.000000000000000000e+00
-8.918141592920352245e-01 0.000000000000000000e+00
-8.882005899705012197e-01 0.000000000000000000e+00
-8.845870206489674370e-01 0.000000000000000000e+00
-8.809734513274334322e-01 0.000000000000000000e+00
-8.773598820058994274e-01 0.000000000000000000e+00
-8.737463126843656447e-01 0.000000000000000000e+00
-8.701327433628316399e-01 0.000000000000000000e+00
-8.665191740412976351e-01 0.000000000000000000e+00
-8.629056047197638524e-01 0.000000000000000000e+00
-8.592920353982298476e-01 0.000000000000000000e+00
-8.556784660766960648e-01 0.000000000000000000e+00
-8.520648967551620601e-01 0.000000000000000000e+00
-8.484513274336280553e-01 0.000000000000000000e+00
-8.448377581120942725e-01 0.000000000000000000e+00
-8.412241887905602677e-01 0.000000000000000000e+00
-8.376106194690262630e-01 0.000000000000000000e+00
-8.339970501474924802e-01 0.000000000000000000e+00
-8.303834808259584754e-01 0.000000000000000000e+00
-8.267699115044244706e-01 0.000000000000000000e+00
-8.231563421828906879e-01 0.000000000000000000e+00
-8.195427728613566831e-01 0.000000000000000000e+00
-8.159292035398229004e-01 0.000000000000000000e+00
-8.123156342182888956e-01 0.000000000000000000e+00
-8.087020648967548908e-01 0.000000000000000000e+00
-8.050884955752211081e-01 0.000000000000000000e+00
-8.014749262536871033e-01 0.000000000000000000e+00
-7.978613569321530985e-01 0.000000000000000000e+00
-7.942477876106193158e-01 0.000000000000000000e+00
-7.906342182890853110e-01 0.000000000000000000e+00
-7.870206489675513062e-01 0.000000000000000000e+00
-7.834070796460175234e-01 0.000000000000000000e+00
-7.797935103244835187e-01 0.000000000000000000e+00
-7.761799410029497359e-01 0.000000000000000000e+00
-7.725663716814157311e-01 0.000000000000000000e+00
-7.689528023598817263e-01 0.000000000000000000e+00
-7.653392330383479436e-01 0.000000000000000000e+00
-7.617256637168139388e-01 0.000000000000000000e+00
-7.581120943952799340e-01 0.000000000000000000e+00
-7.544985250737461513e-01 0.000000000000000000e+00
-7.508849557522121465e-01 0.000000000000000000e+00
-7.472713864306783638e-01 0.000000000000000000e+00
-7.436578171091443590e-01 0.000000000000000000e+00
-7.400442477876103542e-01 0.000000000000000000e+00
-7.364306784660765715e-01 0.000000000000000000e+00
-7.328171091445425667e-01 0.000000000000000000e+00
-7.292035398230085619e-01 0.000000000000000000e+00
-7.255899705014747791e-01 0.000000000000000000e+00
-7.219764011799407744e-01 0.000000000000000000e+00
-7.183628318584067696e-01 0.000000000000000000e+00
-7.147492625368729868e-01 0.000000000000000000e+00
-7.111356932153389820e-01 0.000000000000000000e+00
-7.075221238938051993e-01 0.000000000000000000e+00
-7.039085545722711945e-01 0.000000000000000000e+00
-7.002949852507371897e-01 0.000000000000000000e+00
-6.966814159292034070e-01 0.000000000000000000e+00
-6.930678466076694022e-01 0.000000000000000000e+00
-6.894542772861353974e-01 0.000000000000000000e+00
-6.858407079646016147e-01 0.000000000000000000e+00
-6.822271386430676099e-01 0.000000000000000000e+00
-6.786135693215336051e-01 0.000000000000000000e+00
-6.749999999999998224e-01 0.000000000000000000e+00
-6.713864306784658176e-01 0.000000000000000000e+00
-6.677728613569320348e-01 0.000000000000000000e+00
-6.641592920353980301e-01 0.000000000000000000e+00
-6.605457227138640253e-01 0.000000000000000000e+00
-6.569321533923302425e-01 0.000000000000000000e+00
-6.533185840707962377e-01 0.000000000000000000e+00
-6.497050147492622330e-01 0.000000000000000000e+00
-6.460914454277284502e-01 0.000000000000000000e+00
-6.424778761061944454e-01 0.000000000000000000e+00
-6.388643067846604406e-01 0.000000000000000000e+00
-6.352507374631266579e-01 0.000000000000000000e+00
-6.316371681415926531e-01 0.000000000000000000e+00
-6.280235988200588704e-01 0.000000000000000000e+00
-6.244100294985248656e-01 0.000000000000000000e+00
-6.207964601769908608e-01 0.000000000000000000e+00
-6.171828908554570781e-01 0.000000000000000000e+00
-6.135693215339230733e-01 0.000000000000000000e+00
-6.099557522123890685e-01 0.000000000000000000e+00
-6.063421828908552857e-01 0.000000000000000000e+00
-6.027286135693212810e-01 0.000000000000000000e+00
-5.991150442477872762e-01 0.000000000000000000e+00
-5.955014749262534934e-01 0.000000000000000000e+00
-5.918879056047194887e-01 0.000000000000000000e+00
-5.882743362831857059e-01 0.000000000000000000e+00
-5.846607669616517011e-01 0.000000000000000000e+00
-5.810471976401176963e-01 0.000000000000000000e+00
-5.774336283185839136e-01 0.000000000000000000e+00
-5.738200589970499088e-01 0.000000000000000000e+00
-5.702064896755159040e-01 0.000000000000000000e+00
-5.665929203539821213e-01 0.000000000000000000e+00
-5.629793510324481165e-01 0.000000000000000000e+00
-5.593657817109143338e-01 0.000000000000000000e+00
-5.557522123893803290e-01 2.348322692229792034e-314
-5.521386430678463242e-01 2.409444038940768451e-296
-5.485250737463125414e-01 2.369116267246004432e-279
-5.449115044247785367e-01 2.547749108769449912e-263
-5.412979351032445319e-01 3.394603046788628630e-248
-5.376843657817107491e-01 6.303724722708457090e-234
-5.340707964601767443e-01 1.823136222166891842e-220
-5.304572271386427396e-01 9.119645508877137319e-208
-5.268436578171089568e-01 8.710343409048111291e-196
-5.232300884955749520e-01 1.743953304815546081e-184
-5.196165191740411693e-01 7.993530612733118460e-174
-5.160029498525071645e-01 9.114967059509696435e-164
-5.123893805309731597e-01 2.796792699987305277e-154
-5.087758112094393770e-01 2.486635215346968781e-145
-5.051622418879053722e-01 6.870022552674218866e-137
-5.015486725663713674e-01 6.299958886220829648e-129
-4.979351032448375847e-01 2.040692372421144244e-121
-4.943215339233035799e-01 2.476182998154221647e-114
-4.907079646017695751e-01 1.189658395162492535e-107
-4.870943952802357924e-01 2.384568284363864397e-101
-4.834808259587017876e-01 2.094979088418725526e-95
-4.798672566371680048e-01 8.451997559660286082e-90
-4.762536873156340000e-01 1.636201529582267127e-84
-4.726401179940999953e-01 1.584253968725132261e-79
-4.690265486725662125e-01 7.978504360088499145e-75
-4.654129793510322077e-01 2.168539291752980641e-70
-4.617994100294982029e-01 3.293812770404999960e-66
-4.581858407079644202e-01 2.889349465471935027e-62
-4.545722713864304154e-01 1.509904851234038195e-58
-4.509587020648964106e-01 4.840236219455140423e-55
-4.473451327433626279e-01 9.784827976724975452e-52
-4.437315634218286231e-01 1.280368807399466414e-48
-4.401179941002948404e-01 1.111473934654062219e-45
-4.365044247787608356e-01 6.551341304014998944e-43
-4.328908554572268308e-01 2.680054575532481633e-40
-4.292772861356930481e-01 7.768166430154648827e-38
-4.256637168141590433e-01 1.626774467517831950e-35
-4.220501474926250385e-01 2.507058961907965946e-33
-4.184365781710912557e-01 2.893166345203725511e-31
-4.148230088495572510e-01 2.541390606705120242e-29
-4.112094395280232462e-01 1.725735622960221257e-27
-4.075958702064894634e-01 9.192176666458564392e-26
-4.039823008849554586e-01 3.893876936647836629e-24
-4.003687315634216759e-01 1.328943578038259976e-22
-3.967551622418876711e-01 3.699245919456573107e-21
-3.931415929203536663e-01 8.496169491711346711e-20
-3.895280235988198836e-01 1.627696324976643513e-18
-3.859144542772858788e-01 2.628044541612207714e-17
-3.823008849557518740e-01 3.610912960690464802e-16
-3.786873156342180913e-01 4.260918875306700470e-15
-3.750737463126840865e-01 4.355549748651865654e-14
-3.714601769911500817e-01 3.888434916241172344e-13
-3.678466076696162990e-01 3.055178344145502967e-12
-3.642330383480822942e-01 2.128022404875601233e-11
-3.606194690265485114e-01 1.323008428061680337e-10
-3.570058997050145067e-01 7.389168156211562328e-10
-3.533923303834805019e-01 3.730053060258234559e-09
-3.497787610619467191e-01 1.711630869797834081e-08
-3.461651917404127143e-01 7.178396665886188987e-08
-3.425516224188787096e-01 2.765533929272609905e-07
-3.389380530973449268e-01 9.834435754264937631e-07
-3.353244837758109220e-01 3.242674072353448492e-06
-3.317109144542771393e-01 9.956148170030767086e-06
-3.280973451327431345e-01 2.857965148356231681e-05
-3.244837758112091297e-01 7.699130790495162539e-05
-3.208702064896753470e-01 1.953399828400944607e-04
-3.172566371681413422e-01 4.683383599174699603e-04
-3.136430678466073374e-01 1.064426615197652847e-03
-3.100294985250735547e-01 2.300094931889339056e-03
-3.064159292035395499e-01 4.738698775041701346e-03
-3.028023598820055451e-01 9.332363712542290565e-03
-2.991887905604717623e-01 1.761204271288418360e-02
-2.955752212389377576e-01 3.192372504779244363e-02
-2.919616519174039748e-01 5.569813120441695353e-02
-2.883480825958699700e-01 9.372786427986080915e-02
-2.847345132743359652e-01 1.524119044136595380e-01
-2.811209439528021825e-01 2.399153926181726015e-01
-2.775073746312681777e-01 3.661861046435536116e-01
-2.738938053097341729e-01 5.427707937146202255e-01
-2.702802359882003902e-01 7.823865430657448439e-01
-2.666666666666663854e-01 1.098224614771453167e+00
-2.630530973451323806e-01 1.502995278536777723e+00
-2.594395280235985979e-01 2.007758218020536667e+00
-2.558259587020645931e-01 2.620619510969044441e+00
-2.522123893805308104e-01 3.345407505162534267e+00
-2.485988200589968056e-01 4.180461152868439889e+00
-2.449852507374628008e-01 5.117671655577299639e+00
-2.413716814159290180e-01 6.141909476863495421e+00
-2.377581120943950133e-01 7.230943808140955831e+00
-2.341445427728610085e-01 8.355922354732618018e+00
-2.305309734513272257e-01 9.482429544139591826e+00
-2.269174041297932209e-01 1.057208593922632289e+01
-2.233038348082592162e-01 1.158459648674799247e+01
-2.196902654867254334e-01 1.248010608615063077e+01
-2.160766961651914286e-01 1.322168320137744679e+01
-2.124631268436576459e-01 1.377773025136270491e+01
-2.088495575221236411e-01 1.412411627333157860e+01
-2.052359882005896363e-01 1.424584407037724176e+01
-2.016224188790558536e-01 1.413809997284312736e+01
-1.980088495575218488e-01 1.380658666543913959e+01
-1.943952802359878440e-01 1.326710354006119807e+01
-1.907817109144540613e-01 1.254440841831676146e+01
-1.871681415929200565e-01 1.167046191215932183e+01
-1.835545722713860517e-01 1.068221357835360763e+01
-1.799410029498522690e-01 9.619130495740876086e+00
-1.763274336283182642e-01 8.520688762796067905e+00
-1.727138643067844814e-01 7.424044042696281487e+00
-1.691002949852504766e-01 6.362069171963912417e+00
-1.654867256637164719e-01 5.361898748169996232e+00
-1.618731563421826891e-01 4.444059102785400839e+00
-1.582595870206486843e-01 3.622195601199738491e+00
-1.546460176991146795e-01 2.903346773303419504e+00
-1.510324483775808968e-01 2.288664380200282178e+00
-1.474188790560468920e-01 1.774445889163825951e+00
-1.438053097345131093e-01 1.353333517287510945e+00
-1.401917404129791045e-01 1.015541175058166656e+00
-1.365781710914450997e-01 7.499935072052438256e-01
-1.329646017699113170e-01 5.452940513447172011e-01
-1.293510324483773122e-01 3.904759072220326810e-01
-1.257374631268433074e-01 2.755224046205821398e-01
-1.221238938053095247e-01 1.916727759996406377e-01
-1.185103244837755199e-01 1.315464771002977651e-01
-1.148967551622415151e-01 8.912922286054890397e-02
-1.112831858407077323e-01 5.966523942652885576e-02
-1.076696165191737276e-01 3.949582583820338000e-02
-1.040560471976399448e-01 2.587650295797315481e-02
-1.004424778761059400e-01 1.679599978176312194e-02
-9.682890855457193524e-02 1.081174016123316248e-02
-9.321533923303815250e-02 6.909349775937436225e-03
-8.960176991150414771e-02 4.388418010999485877e-03
-8.598820058997014293e-02 2.773296990922064203e-03
-8.237463126843636019e-02 1.745811813559939142e-03
-7.876106194690235540e-02 1.095995078366370466e-03
-7.514749262536835062e-02 6.869505157090817493e-04
-7.153392330383456788e-02 4.303654118358865642e-04
-6.792035398230056309e-02 2.697885275930722842e-04
-6.430678466076678035e-02 1.694138534872554919e-04
-6.069321533923277556e-02 1.066746587453990246e-04
-5.707964601769877078e-02 6.741979137519914938e-05
-5.346607669616498804e-02 4.280858412574912726e-05
-4.985250737463098325e-02 2.733187951512929822e-05
-4.623893805309697846e-02 1.756117960476786651e-05
-4.262536873156319572e-02 1.136331306566381588e-05
-3.901179941002919094e-02 7.409948154942491830e-06
-3.539823008849518615e-02 4.872433013550780143e-06
-3.178466076696140341e-02 3.232424683614236136e-06
-2.817109144542739863e-02 2.164532512714317258e-06
-2.455752212389361588e-02 1.463608538390153863e-06
-2.094395280235961110e-02 9.996646936691698685e-07
-1.733038348082560631e-02 6.898719386771744774e-07
-1.371681415929182357e-02 4.811243532548640322e-07
-1.010324483775781879e-02 3.391456880903858185e-07
-6.489675516223814000e-03 2.416559871177159366e-07
-2.876106194690031259e-03 1.740650983472454204e-07
7.374631268439735265e-04 1.267445300219876817e-07
4.351032448377978312e-03 9.328897071457284255e-08
7.964601769911761053e-03 6.940236324005062775e-08
1.157817109144576584e-02 5.218007587945625887e-08
1.519174041297954858e-02 3.964162548637612681e-08
1.880530973451355337e-02 3.042508764886806135e-08
2.241887905604755815e-02 2.358587487991192385e-08
2.603244837758134089e-02 1.846324665597819443e-08
2.964601769911534568e-02 1.459108090568846556e-08
3.325958702064935046e-02 1.163777473478373458e-08
3.687315634218313321e-02 9.365453749901829908e-09
4.048672566371713799e-02 7.602073479288303505e-09
4.410029498525114278e-02 6.222191757677499330e-09
4.771386430678492552e-02 5.133615875295977868e-09
5.132743362831893030e-02 4.268059229135022120e-09
5.494100294985271304e-02 3.574554461754478040e-09
5.855457227138671783e-02 3.014775431544370933e-09
6.216814159292072262e-02 2.559690552068753946e-09
6.578171091445450536e-02 2.187151355943747916e-09
6.939528023598851014e-02 1.880142637796335279e-09
7.300884955752251493e-02 1.625503849539516213e-09
7.662241887905629767e-02 1.412988470741900056e-09
8.023598820059030245e-02 1.234567399221623670e-09
8.384955752212408520e-02 1.083909689005482091e-09
8.746312684365808998e-02 9.559930143606181452e-10
9.107669616519209477e-02 8.468096281636583172e-10
9.469026548672587751e-02 7.531430527378788922e-10
9.830383480825988229e-02 6.723974806935158950e-10
1.019174041297938871e-01 6.024666889494552156e-10
1.055309734513278919e-01 5.416327452683492260e-10
1.091445427728614526e-01 4.884873055060128760e-10
1.127581120943954573e-01 4.418701355809682631e-10
1.163716814159294621e-01 4.008208377603521257e-10
1.199852507374634669e-01 3.645407526367685308e-10
1.235988200589974717e-01 3.323627431632641692e-10
1.272123893805314765e-01 3.037271147092735858e-10
1.308259587020650372e-01 2.781623352446378999e-10
1.344395280235990420e-01 2.552695284525932421e-10
1.380530973451330468e-01 2.347099461782404301e-10
1.416666666666670515e-01 2.161948041590910651e-10
1.452802359882010563e-01 1.994770006321581450e-10
1.488938053097346170e-01 1.843443415340398221e-10
1.525073746312686218e-01 1.706139760049651392e-10
1.561209439528026266e-01 1.581278089382803285e-10
1.597345132743366314e-01 1.467487038678289834e-10
1.633480825958706362e-01 1.363573294550989637e-10
1.669616519174046410e-01 1.268495306631968966e-10
1.705752212389382017e-01 1.181341299048220425e-10
1.741887905604722064e-01 1.101310816258366401e-10
1.778023598820062112e-01 1.027699184426412404e-10
1.814159292035402160e-01 9.598843860145972143e-11
1.850294985250742208e-01 8.973159384195505860e-11
1.886430678466077815e-01 8.395054422117280158e-11
1.922566371681417863e-01 7.860185247149561315e-11
1.958702064896757911e-01 7.364679532828221683e-11
1.994837758112097958e-01 6.905077320413704412e-11
2.030973451327438006e-01 6.478280279222910079e-11
2.067109144542778054e-01 6.081507979627985828e-11
2.103244837758113661e-01 5.712260112520821082e-11
2.139380530973453709e-01 5.368283764742127469e-11
2.175516224188793757e-01 5.047545004637559040e-11
2.211651917404133805e-01 4.748204151353330122e-11
2.247787610619473853e-01 4.468594200398653201e-11
2.283923303834809460e-01 4.207201960135729925e-11
2.320058997050149507e-01 3.962651522244508822e-11
2.356194690265489555e-01 3.733689746298201923e-11
2.392330383480829603e-01 3.519173486367818905e-11
2.428466076696169651e-01 3.318058327668097019e-11
2.464601769911509699e-01 3.129388634982233587e-11
2.500737463126845306e-01 2.952288743040863086e-11
2.536873156342185354e-01 2.785955143065846791e-11
2.573008849557525402e-01 2.629649540051540325e-11
2.609144542772865449e-01 2.482692672644972656e-11
2.645280235988205497e-01 2.344458802198540169e-11
2.681415929203541104e-01 2.214370790116127309e-11
2.717551622418881152e-01 2.091895693335361158e-11
2.753687315634221200e-01 1.976540816973206760e-11
2.789823008849561248e-01 1.867850171041104201e-11
2.825958702064901296e-01 1.765401284912941810e-11
2.862094395280241343e-01 1.668802339066945657e-11
2.898230088495576950e-01 1.577689578619896722e-11
2.934365781710916998e-01 1.491724977823088179e-11
2.970501474926257046e-01 1.410594127579478072e-11
3.006637168141597094e-01 1.334004322808299344e-11
3.042772861356937142e-01 1.261682827829096501e-11
3.078908554572272749e-01 1.193375301329879862e-11
3.115044247787612797e-01 1.128844364342882430e-11
3.151179941002952845e-01 1.067868296587899644e-11
3.187315634218292892e-01 1.010239848199267327e-11
3.223451327433632940e-01 9.557651553266782069e-12
3.259587020648972988e-01 9.042627492222579676e-12
3.295722713864308595e-01 8.555626500099261235e-12
3.331858407079648643e-01 8.095055365423204374e-12
3.367994100294988691e-01 7.659419854083577837e-12
3.404129793510328739e-01 7.247317724466684348e-12
3.440265486725668787e-01 6.857432309615818220e-12
3.476401179941004393e-01 6.488526614179820135e-12
3.512536873156344441e-01 6.139437879257477939e-12
3.548672566371684489e-01 5.809072572998194521e-12
3.584808259587024537e-01 5.496401769036121589e-12
3.620943952802364585e-01 5.200456878599191335e-12
3.657079646017700192e-01 4.920325705484540110e-12
3.693215339233040240e-01 4.655148796083772485e-12
3.729351032448380288e-01 4.404116059315478000e-12
3.765486725663720335e-01 4.166463633714308244e-12
3.801622418879060383e-01 3.941470981068848786e-12
3.837758112094400431e-01 3.728458187922494021e-12
3.873893805309736038e-01 3.526783457975257045e-12
3.910029498525076086e-01 3.335840779975960000e-12
3.946165191740416134e-01 3.155057757088502854e-12
3.982300884955756182e-01 2.983893584971442327e-12
4.018436578171096230e-01 2.821837166943499946e-12
4.054572271386431837e-01 2.668405355628432619e-12
4.090707964601771884e-01 2.523141311396434879e-12
4.126843657817111932e-01 2.385612968753637360e-12
4.162979351032451980e-01 2.255411602586499762e-12
4.199115044247792028e-01 2.132150486852205132e-12
4.235250737463132076e-01 2.015463638926851475e-12
4.271386430678467683e-01 1.905004643385903726e-12
4.307522123893807731e-01 1.800445549502951212e-12
4.343657817109147778e-01 1.701475837218239742e-12
4.379793510324487826e-01 1.607801446750555364e-12
4.415929203539827874e-01 1.519143867412478574e-12
4.452064896755163481e-01 1.435239281539301815e-12
4.488200589970503529e-01 1.355837759762945310e-12
4.524336283185843577e-01 1.280702504154111351e-12
4.560471976401183625e-01 1.209609136023519805e-12
4.596607669616523673e-01 1.142345025417279530e-12
4.632743362831863720e-01 1.078708659565061597e-12
4.668879056047199327e-01 1.018509047744480545e-12
4.705014749262539375e-01 9.615651602129360243e-13
4.741150442477879423e-01 9.077053990301873245e-13
4.777286135693219471e-01 8.567670987529390305e-13
4.813421828908559519e-01 8.085960551280799033e-13
4.849557522123895126e-01 7.630460800444137666e-13
4.885693215339235174e-01 7.199785811256605940e-13
4.921828908554575222e-01 6.792621644605472097e-13
4.957964601769915269e-01 6.407722590697251142e-13
4.994100294985255317e-01 6.043907618055413330e-13
5.030235988200595365e-01 5.700057014690443470e-13
5.066371681415930972e-01 5.375109210104843055e-13
5.102507374631271020e-01 5.068057767551262256e-13
5.138643067846611068e-01 4.777948536660215603e-13
5.174778761061951116e-01 4.503876957200139769e-13
5.210914454277291163e-01 4.244985505331638275e-13
5.247050147492626770e-01 4.000461274271339435e-13
5.283185840707966818e-01 3.769533681795348201e-13
5.319321533923306866e-01 3.551472297489951760e-13
5.355457227138646914e-01 3.345584783098136969e-13
5.391592920353986962e-01 3.151214939724034194e-13
5.427728613569327010e-01 2.967740856038464132e-13
5.463864306784662617e-01 2.794573151985373195e-13
5.500000000000002665e-01 2.631153312819597714e-13
5.536135693215342712e-01 2.476952108615684718e-13
5.572271386430682760e-01 2.331468094674610584e-13
5.608407079646022808e-01 2.194226188523778485e-13
5.644542772861358415e-01 2.064776319456340964e-13
5.680678466076698463e-01 1.942692146789499547e-13
5.716814159292038511e-01 1.827569843240490738e-13
5.752949852507378559e-01 1.719026940023256495e-13
5.789085545722718606e-01 1.616701230459993918e-13
5.825221238938058654e-01 1.520249729081489485e-13
5.861356932153394261e-01 1.429347683357796189e-13
5.897492625368734309e-01 1.343687635357993137e-13
5.933628318584074357e-01 1.262978530786191941e-13
5.969764011799414405e-01 1.186944872978820096e-13
6.005899705014754453e-01 1.115325919579151347e-13
6.042035398230090060e-01 1.047874919726885101e-13
6.078171091445430108e-01 9.843583897161663899e-14
6.114306784660770155e-01 9.245554251835469400e-14
6.150442477876110203e-01 8.682570479892391591e-14
6.186578171091450251e-01 8.152655860513352995e-14
6.222713864306790299e-01 7.653940844829932839e-14
6.258849557522125906e-01 7.184657464680923534e-14
6.294985250737465954e-01 6.743134023912399330e-14
6.331120943952806002e-01 6.327790058142361517e-14
6.367256637168146050e-01 5.937131549627438996e-14
6.403392330383486097e-01 5.569746384547393198e-14
6.439528023598821704e-01 5.224300040665936441e-14
6.475663716814161752e-01 4.899531493930750050e-14
6.511799410029501800e-01 4.594249333151458946e-14
6.547935103244841848e-01 4.307328072434850654e-14
6.584070796460181896e-01 4.037704651573279486e-14
6.620206489675521944e-01 3.784375115067257123e-14
6.656342182890857551e-01 3.546391460926712455e-14
6.692477876106197598e-01 3.322858650830573944e-14
6.728613569321537646e-01 3.112931773642335076e-14
6.764749262536877694e-01 2.915813354669365252e-14
6.800884955752217742e-01 2.730750803430622901e-14
6.837020648967553349e-01 2.557033993049365229e-14
6.873156342182893397e-01 2.393992964725811370e-14
6.909292035398233445e-01 2.240995751063554958e-14
6.945427728613573493e-01 2.097446312327633721e-14
6.981563421828913540e-01 1.962782580000589521e-14
7.017699115044253588e-01 1.836474602277667443e-14
7.053834808259589195e-01 1.718022786402614007e-14
7.089970501474929243e-01 1.606956232993760379e-14
7.126106194690269291e-01 1.502831157746209992e-14
7.162241887905609339e-01 1.405229396119879513e-14
7.198377581120949387e-01 1.313756986836944525e-14
7.234513274336284994e-01 1.228042830215445896e-14
7.270648967551625041e-01 1.147737417558687840e-14
7.306784660766965089e-01 1.072511628004799677e-14
7.342920353982305137e-01 1.002055589415160181e-14
7.379056047197645185e-01 9.360776000478559073e-15
7.415191740412985233e-01 8.743031079207572851e-15
7.451327433628320840e-01 8.164737449199186952e-15
7.487463126843660888e-01 7.623464128533040054e-15
7.523598820059000936e-01 7.116924187865792555e-15
7.559734513274340983e-01 6.642966571285407600e-15
7.595870206489681031e-01 6.199568360578471089e-15
7.632005899705016638e-01 5.784827460015170025e-15
7.668141592920356686e-01 5.396955679879597766e-15
7.704277286135696734e-01 5.034272198052958023e-15
7.740412979351036782e-01 4.695197379975526310e-15
7.776548672566376830e-01 4.378246938290961501e-15
7.812684365781712437e-01 4.082026414403488276e-15
7.848820058997052485e-01 3.805225965062794555e-15
7.884955752212392532e-01 3.546615437933289805e-15
7.921091445427732580e-01 3.305039720906157235e-15
7.957227138643072628e-01 3.079414350675876780e-15
7.993362831858412676e-01 2.868721366830469642e-15
8.029498525073748283e-01 2.672005398396161219e-15
8.065634218289088331e-01 2.488369970436743225e-15
8.101769911504428379e-01 2.316974018935174966e-15
8.137905604719768426e-01 2.157028602782114135e-15
8.174041297935108474e-01 2.007793802264371130e-15
8.210176991150444081e-01 1.868575793988101741e-15
8.246312684365784129e-01 1.738724092685299120e-15
8.282448377581124177e-01 1.617628950843221715e-15
8.318584070796464225e-01 1.504718907561659462e-15
8.354719764011804273e-01 1.399458478486886433e-15
8.390855457227144321e-01 1.301345979092967010e-15
8.426991150442479928e-01 1.209911473982124000e-15
8.463126843657819975e-01 1.124714845257276535e-15
8.499262536873160023e-01 1.045343973383240438e-15
8.535398230088500071e-01 9.714130242971448417e-16
8.571533923303840119e-01 9.025608368570620567e-16
8.607669616519175726e-01 8.384494050292389868e-16
8.643805309734515774e-01 7.787624495103743589e-16
8.679941002949855822e-01 7.232040737628130276e-16
8.716076696165195870e-01 6.714974997076600031e-16
8.752212389380535917e-01 6.233838785748650657e-16
8.788348082595875965e-01 5.786211726502034639e-16
8.824483775811211572e-01 5.369831038881328322e-16
8.860619469026551620e-01 4.982581655767291769e-16
8.896755162241891668e-01 4.622486934472795637e-16
8.932890855457231716e-01 4.287699928167432975e-16
8.969026548672571764e-01 3.976495185371184405e-16
9.005162241887907371e-01 3.687261047019923505e-16
9.041297935103247418e-01 3.418492412275831978e-16
9.077433628318587466e-01 3.168783945842309850e-16
9.113569321533927514e-01 2.936823701044829395e-16
9.149705014749267562e-01 2.721387134363822881e-16
9.185840707964607610e-01 2.521331488457055831e-16
9.221976401179943217e-01 2.335590521987554830e-16
9.258112094395283265e-01 2.163169565785742867e-16
9.294247787610623313e-01 2.003140886023383764e-16
9.330383480825963360e-01 1.854639336163460499e-16
9.366519174041303408e-01 1.716858280481150247e-16
9.402654867256639015e-01 1.589045772924982175e-16
9.438790560471979063e-01 1.470500976010562871e-16
9.474926253687319111e-01 1.360570805312325604e-16
9.511061946902659159e-01 1.258646785944754402e-16
9.547197640117999207e-01 1.164162108206344164e-16
9.583333333333339255e-01 1.076588870298014776e-16
9.619469026548674861e-01 9.954354967272886372e-17
9.655604719764014909e-01 9.202443216693091302e-17
9.691740412979354957e-01 8.505893271808007028e-17
9.727876106194695005e-01 7.860740267524497792e-17
9.764011799410035053e-01 7.263294852430483211e-17
9.800147492625370660e-01 6.710124667648350382e-17
9.836283185840710708e-01 6.198037025867442373e-17
9.872418879056050756e-01 5.724062715917007439e-17
9.908554572271390803e-01 5.285440862669835931e-17
9.944690265486730851e-01 4.879604776249378874e-17
9.980825958702070899e-01 4.504168728458040817e-17
1.001696165191740651e+00 4.156915598065666431e-17
1.005309734513274655e+00 3.835785330106714177e-17
1.008923303834808660e+00 3.538864157645318529e-17
1.012536873156342665e+00 3.264374537585825973e-17
1.016150442477876670e+00 3.010665755048330939e-17
1.019764011799410230e+00 2.776205153599229588e-17
1.023377581120944235e+00 2.559569951236681174e-17
1.026991150442478240e+00 2.359439604490936468e-17
1.030604719764012245e+00 2.174588685313719459e-17
1.034218289085546250e+00 2.003880237611852640e-17
1.037831858407080254e+00 1.846259582331505239e-17
1.041445427728613815e+00 1.700748541931080916e-17
1.045058997050147820e+00 1.566440056897138022e-17
1.048672566371681825e+00 1.442493168667452873e-17
1.052286135693215829e+00 1.328128344931799326e-17
1.055899705014749834e+00 1.222623124793016866e-17
1.059513274336283395e+00 1.125308062691265900e-17
1.063126843657817400e+00 1.035562951329404195e-17
1.066740412979351404e+00 9.528133050925444447e-18
1.070353982300885409e+00 8.765270866325565349e-18
1.073967551622419414e+00 8.062116603961877192e-18
1.077581120943953419e+00 7.414109579140936197e-18
1.081194690265486980e+00 6.817028406443312965e-18
1.084808259587020984e+00 6.266966470796332343e-18
1.088421828908554989e+00 5.760309116872509822e-18
1.092035398230088994e+00 5.293712440563430576e-18
1.095648967551622999e+00 4.864083573845177424e-18
1.099262536873156559e+00 4.468562361439662776e-18
1.102876106194690564e+00 4.104504334330153525e-18
1.106489675516224569e+00 3.769464891418870032e-18
1.110103244837758574e+00 3.461184606457474787e-18
1.113716814159292579e+00 3.177575582853962620e-18
1.117330383480826583e+00 2.916708784085870068e-18
1.120943952802360144e+00 2.676802272251025095e-18
1.124557522123894149e+00 2.456210291782784442e-18
1.128171091445428154e+00 2.253413139564961753e-18
1.131784660766962158e+00 2.067007766619820861e-18
1.135398230088496163e+00 1.895699060228404562e-18
1.139011799410029724e+00 1.738291758790162290e-18
1.142625368731563729e+00 1.593682954952512718e-18
1.146238938053097733e+00 1.460855145557628536e-18
1.149852507374631738e+00 1.338869789771075806e-18
1.153466076696165743e+00 1.226861339392825344e-18
1.157079646017699748e+00 1.124031707812758842e-18
1.160693215339233308e+00 1.029645146372904538e-18
1.164306784660767313e+00 9.430234990475276825e-19
1.167920353982301318e+00 8.635418083584564345e-19
1.171533923303835323e+00 7.906242473162879411e-19
1.175147492625369328e+00 7.237403539268133969e-19
1.178761061946902888e+00 6.624015464340294759e-19
1.182374631268436893e+00 6.061578989934348257e-19
1.185988200589970898e+00 5.545951588900704734e-19
1.189601769911504903e+00 5.073319877399878311e-19
1.193215339233038907e+00 4.640174103493639594e-19
1.196828908554572468e+00 4.243284560566849659e-19
1.200442477876106473e+00 3.879679784567476970e-19
1.204056047197640478e+00 3.546626404051242270e-19
1.207669616519174483e+00 3.241610521333655637e-19
1.211283185840708487e+00 2.962320511730030911e-19
1.214896755162242492e+00 2.706631135943778869e-19
1.218510324483776053e+00 2.472588868186105387e-19
1.222123893805310058e+00 2.258398349612712699e-19
1.225737463126844062e+00 2.062409883179755198e-19
1.229351032448378067e+00 1.883107892083064354e-19
1.232964601769912072e+00 1.719100269585944758e-19
1.236578171091445633e+00 1.569108553284154289e-19
1.240191740412979637e+00 1.431958861734457737e-19
1.243805309734513642e+00 1.306573535906183809e-19
1.247418879056047647e+00 1.191963432128269268e-19
1.251032448377581652e+00 1.087220817119682349e-19
1.254646017699115657e+00 9.915128193280599164e-20
1.258259587020649217e+00 9.040753941792498531e-20
1.261873156342183222e+00 8.242077639774725957e-20
1.265486725663717227e+00 7.512672961083168087e-20
1.269100294985251232e+00 6.846647858993117745e-20
1.272713864306785236e+00 6.238601130022457395e-20
1.276327433628318797e+00 5.683582424878465142e-20
1.279941002949852802e+00 5.177055440033136987e-20
1.283554572271386807e+00 4.714864043447128552e-20
1.287168141592920811e+00 4.293201106529255055e-20
1.290781710914454816e+00 3.908579831629664744e-20
1.294395280235988821e+00 3.557807380311445603e-20
1.298008849557522382e+00 3.237960622427823988e-20
1.301622418879056386e+00 2.946363839721475814e-20
1.305235988200590391e+00 2.680568230346800849e-20
1.308849557522124396e+00 2.438333072456553902e-20
1.312463126843658401e+00 2.217608415869218850e-20
1.316076696165191962e+00 2.016519180895538757e-20
1.319690265486725966e+00 1.833350552716806157e-20
1.323303834808259971e+00 1.666534568324573216e-20
1.326917404129793976e+00 1.514637801001938383e-20
1.330530973451327981e+00 1.376350054699248638e-20
1.334144542772861985e+00 1.250473987473069974e-20
1.337758112094395546e+00 1.135915589459309442e-20
1.341371681415929551e+00 1.031675446674870526e-20
1.344985250737463556e+00 9.368407273252061192e-21
1.348598820058997561e+00 8.505778322662674271e-21
1.352212389380531565e+00 7.721256558628843179e-21
1.355825958702065126e+00 7.007894077263872781e-21
1.359439528023599131e+00 6.359349497303684639e-21
1.363053097345133136e+00 5.769836063182020245e-21
1.366666666666667140e+00 5.234074094517947738e-21
1.370280235988201145e+00 4.747247426293234324e-21
1.373893805309735150e+00 4.304963512393005089e-21
1.377507374631268711e+00 3.903216891372764916e-21
1.381120943952802715e+00 3.538355737466134557e-21
1.384734513274336720e+00 3.207051242112230020e-21
1.388348082595870725e+00 2.906269591804594716e-21
1.391961651917404730e+00 2.633246326975944530e-21
1.395575221238938290e+00 2.385462884058250156e-21
1.399188790560472295e+00 2.160625138908800618e-21
1.402802359882006300e+00 1.956643784575979936e-21
1.406415929203540305e+00 1.771616389989624146e-21
1.410029498525074310e+00 1.603810998692114170e-21
1.413643067846608314e+00 1.451651138258898151e-21
1.417256637168141875e+00 1.313702121670704883e-21
1.420870206489675880e+00 1.188658531663037086e-21
1.424483775811209885e+00 1.075332788059955603e-21
1.428097345132743889e+00 9.726447063584667289e-22
1.431710914454277894e+00 8.796119634236319315e-22
1.435324483775811455e+00 7.953413931355145670e-22
1.438938053097345460e+00 7.190210412444444655e-22
1.442551622418879465e+00 6.499129145866625103e-22
1.446165191740413469e+00 5.873463652279055709e-22
1.449778761061947474e+00 5.307120550771802012e-22
1.453392330383481479e+00 4.794564510807689889e-22
1.457005899705015040e+00 4.330768053005811778e-22
1.460619469026549044e+00 3.911165780305126114e-22
1.464233038348083049e+00 3.531612656378105431e-22
1.467846607669617054e+00 3.188345980577586414e-22
1.471460176991151059e+00 2.877950738441935451e-22
1.475073746312684619e+00 2.597328034056242078e-22
1.478687315634218624e+00 2.343666335578577957e-22
1.482300884955752629e+00 2.114415288171296286e-22
1.485914454277286634e+00 1.907261869592137679e-22
1.489528023598820639e+00 1.720108682964060243e-22
1.493141592920354643e+00 1.551054198887383454e-22
1.496755162241888204e+00 1.398374775225338133e-22
1.500368731563422209e+00 1.260508297699216730e-22
1.503982300884956214e+00 1.136039297986077229e-22
1.507595870206490218e+00 1.023685418423949961e-22
1.511209439528024223e+00 9.222851037888246423e-23
1.514823008849557784e+00 8.307864110039843769e-23
1.518436578171091789e+00 7.482368371531362777e-23
1.522050147492625793e+00 6.737740748694630234e-23
1.525663716814159798e+00 6.066176121293452755e-23
1.529277286135693803e+00 5.460611007554335887e-23
1.532890855457227808e+00 4.914654245846748551e-23
1.536504424778761368e+00 4.422524043362689863e-23
1.540117994100295373e+00 3.978990817696468321e-23
1.543731563421829378e+00 3.579325307980845092e-23
1.547345132743363383e+00 3.219251478595923745e-23
1.550958702064897388e+00 2.894903780805930332e-23
1.554572271386430948e+00 2.602788376341006375e-23
1.558185840707964953e+00 2.339747962228163204e-23
1.561799410029498958e+00 2.102929868390896572e-23
1.565412979351032963e+00 1.889757128925309263e-23
1.569026548672566967e+00 1.697902254780613893e-23
1.572640117994100972e+00 1.525263460029606744e-23
1.576253687315634533e+00 1.369943116223221486e-23
1.579867256637168538e+00 1.230228229662147125e-23
1.583480825958702543e+00 1.104572754960082957e-23
1.587094395280236547e+00 9.915815751718789852e-24
1.590707964601770552e+00 8.899959941588483802e-24
1.594321533923304113e+00 7.986806008931788567e-24
1.597935103244838118e+00 7.166113781815672120e-24
1.601548672566372122e+00 6.428649399260825200e-24
1.605162241887906127e+00 5.766087916363709262e-24
1.608775811209440132e+00 5.170925185527564496e-24
1.612389380530973693e+00 4.636398145192767251e-24
1.616002949852507697e+00 4.156412727338562408e-24
1.619616519174041702e+00 3.725478667709239744e-24
1.623230088495575707e+00 3.338650568823775826e-24
1.626843657817109712e+00 2.991474625948062511e-24
1.630457227138643717e+00 2.679940480870530495e-24
1.634070796460177277e+00 2.400437718013961312e-24
1.637684365781711282e+00 2.149716562576943326e-24
1.641297935103245287e+00 1.924852381439773624e-24
1.644911504424779292e+00 1.723213624850022105e-24
1.648525073746313296e+00 1.542432880772987536e-24
1.652138643067846857e+00 1.380380744544377420e-24
1.655752212389380862e+00 1.235142234389010356e-24
1.659365781710914867e+00 1.104995508718902279e-24
1.662979351032448871e+00 9.883926641310579729e-25
1.666592920353982876e+00 8.839424139036259053e-25
1.670206489675516881e+00 7.903944657299360436e-25
1.673820058997050442e+00 7.066254346108001502e-25
1.677433628318584447e+00 6.316261424066445480e-25
1.681047197640118451e+00 5.644901696786520095e-25
1.684660766961652456e+00 5.044035382547888715e-25
1.688274336283186461e+00 4.506354145643924617e-25
1.691887905604720022e+00 4.025297343034798305e-25
1.695501474926254026e+00 3.594976585220580200e-25
1.699115044247788031e+00 3.210107798575075442e-25
1.702728613569322036e+00 2.865950054547002530e-25
1.706342182890856041e+00 2.558250501924436965e-25
1.709955752212390045e+00 2.283194802433529642e-25
1.713569321533923606e+00 2.037362527941051810e-25
1.717182890855457611e+00 1.817687030011857967e-25
1.720796460176991616e+00 1.621419340056651663e-25
1.724410029498525621e+00 1.446095701255775264e-25
1.728023598820059625e+00 1.289508372290527805e-25
1.731637168141593186e+00 1.149679378036263647e-25
1.735250737463127191e+00 1.024836914124888977e-25
1.738864306784661196e+00 9.133941409843004338e-26
1.742477876106195200e+00 8.139301288968979788e-26
1.746091445427729205e+00 7.251727390526091676e-26
1.749705014749263210e+00 6.459832467387487389e-26
1.753318584070796771e+00 5.753425319254256796e-26
1.756932153392330775e+00 5.123386797677738034e-26
1.760545722713864780e+00 4.561558491297304221e-26
1.764159292035398785e+00 4.060642813005062960e-26
1.767772861356932790e+00 3.614113337684989150e-26
1.771386430678466350e+00 3.216134353710158806e-26
1.775000000000000355e+00 2.861488694693268441e-26
1.778613569321534360e+00 2.545513011173329558e-26
1.782227138643068365e+00 2.264039725942908759e-26
1.785840707964602370e+00 2.013344992476882259e-26
1.789454277286136374e+00 1.790102044205563288e-26
1.793067846607669935e+00 1.591339383911873890e-26
1.796681415929203940e+00 1.414403317978766607e-26
1.800294985250737945e+00 1.256924390162354916e-26
1.803908554572271949e+00 1.116787314554456227e-26
1.807522123893805954e+00 9.921040479097796037e-27
1.811135693215339515e+00 8.811896779869443879e-27
1.814749262536873520e+00 7.825408373849738168e-27
1.818362831858407525e+00 6.948163819049837990e-27
1.821976401179941529e+00 6.168200990535497791e-27
1.825589970501475534e+00 5.474852362244041843e-27
1.829203539823009539e+00 4.858606596079072914e-27
1.832817109144543100e+00 4.310984742251752072e-27
1.836430678466077104e+00 3.824429528787070319e-27
1.840044247787611109e+00 3.392206374481575151e-27
1.843657817109145114e+00 3.008314900136606211e-27
1.847271386430679119e+00 2.667409839173555074e-27
1.850884955752212679e+00 2.364730362194652046e-27
1.854498525073746684e+00 2.096036931961375899e-27
1.858112094395280689e+00 1.857554896780839421e-27
1.861725663716814694e+00 1.645924112467777211e-27
1.865339233038348699e+00 1.458153956817736372e-27
1.868952802359882703e+00 1.291583166739313555e-27
1.872566371681416264e+00 1.143843987607616713e-27
1.876179941002950269e+00 1.012830177709309249e-27
1.879793510324484274e+00 8.966684584669346333e-28
1.883407079646018278e+00 7.936930440155168533e-28
1.887020648967552283e+00 7.024229221579560483e-28
1.890634218289085844e+00 6.215415932008026724e-28
1.894247787610619849e+00 5.498790040710239353e-28
1.897861356932153853e+00 4.863954428063212976e-28
1.901474926253687858e+00 4.301671833224643858e-28
1.905088495575221863e+00 3.803736925870480912e-28
1.908702064896755868e+00 3.362862322350204336e-28
1.912315634218289429e+00 2.972577044878164247e-28
1.915929203539823433e+00 2.627136081961215492e-28
1.919542772861357438e+00 2.321439851121466560e-28
1.923156342182891443e+00 2.050962492818867632e-28
1.926769911504425448e+00 1.811688038872315912e-28
1.930383480825959008e+00 1.600053601017050396e-28
1.933997050147493013e+00 1.412898816771092512e-28
1.937610619469027018e+00 1.247420871639586123e-28
1.941224188790561023e+00 1.101134489873078839e-28
1.944837758112095027e+00 9.718363514205453029e-29
1.948451327433629032e+00 8.575734511889113277e-29
1.952064896755162593e+00 7.566149689710987786e-29
1.955678466076696598e+00 6.674272650858265794e-29
1.959292035398230603e+00 5.886516584672270783e-29
1.962905604719764607e+00 5.190846811815054736e-29
1.966519174041298612e+00 4.576605365967653651e-29
1.970132743362832173e+00 4.034355181146984189e-29
1.973746312684366178e+00 3.555741718663362182e-29
1.977359882005900182e+00 3.133370104160487382e-29
1.980973451327434187e+00 2.760696056121064752e-29
1.984587020648968192e+00 2.431929075383888474e-29
1.988200589970502197e+00 2.141946533043903693e-29
1.991814159292035757e+00 1.886217443746951638e-29
1.995427728613569762e+00 1.660734844810203152e-29
1.999041297935103767e+00 1.461955820515682041e-29
2.002654867256637772e+00 1.286748316908640768e-29
2.006268436578171777e+00 1.132343986860521456e-29
2.009882005899705337e+00 9.962963892845605103e-30
2.013495575221239342e+00 8.764439413175975480e-30
2.017109144542773347e+00 7.708770890076335131e-30
2.020722713864307352e+00 6.779092214550646383e-30
2.024336283185841356e+00 5.960509062381443831e-30
2.027949852507374917e+00 5.239870710209345006e-30
2.031563421828908922e+00 4.605567981228685550e-30
2.035176991150442927e+00 4.047354360908867525e-30
2.038790560471976931e+00 3.556187654571717595e-30
2.042404129793510936e+00 3.124089853425389809e-30
2.046017699115044941e+00 2.744023137727841043e-30
2.049631268436578502e+00 2.409780178749373568e-30
2.053244837758112507e+00 2.115887108292276775e-30
2.056858407079646511e+00 1.857517708553703529e-30
2.060471976401180516e+00 1.630417538626579981e-30
2.064085545722714521e+00 1.430836859181463004e-30
2.067699115044248082e+00 1.255471345873409791e-30
2.071312684365782086e+00 1.101409696567907949e-30
2.074926253687316091e+00 9.660873391829022113e-31
2.078539823008850096e+00 8.472455372131814884e-31
2.082153392330384101e+00 7.428952701229433787e-31
2.085766961651918106e+00 6.512853368780765953e-31
2.089380530973451666e+00 5.708741939548828130e-31
2.092994100294985671e+00 5.003050950986228146e-31
2.096607669616519676e+00 4.383841497106844702e-31
2.100221238938053236e+00 3.840609607251609116e-31
2.103834808259587685e+00 3.364115418236662564e-31
2.107448377581121246e+00 2.946232483941190928e-31
2.111061946902655695e+00 2.579814872595271168e-31
2.114675516224189256e+00 2.258579973327446814e-31
2.118289085545722816e+00 1.977005173846679296e-31
2.121902654867257265e+00 1.730236783958811261e-31
2.125516224188790826e+00 1.514009768079219134e-31
2.129129793510325275e+00 1.324577016735671190e-31
2.132743362831858835e+00 1.158647034736545174e-31
2.136356932153393284e+00 1.013329054363181161e-31
2.139970501474926845e+00 8.860846975810394031e-32
2.143584070796460406e+00 7.746854135550809075e-32
2.147197640117994855e+00 6.771750082311707282e-32
2.150811209439528415e+00 5.918366627510087156e-32
2.154424778761062864e+00 5.171639082064651520e-32
2.158038348082596425e+00 4.518350867675682605e-32
2.161651917404129986e+00 3.946908844826719784e-32
2.165265486725664434e+00 3.447145698818895971e-32
2.168879056047197995e+00 3.010146156582547470e-32
2.172492625368732444e+00 2.628094188078052740e-32
2.176106194690266005e+00 2.294138682660029901e-32
2.179719764011799565e+00 2.002275387925778171e-32
2.183333333333334014e+00 1.747243160918070829e-32
2.186946902654867575e+00 1.524432813094266232e-32
2.190560471976402024e+00 1.329807034810832560e-32
2.194174041297935585e+00 1.159830065365883574e-32
2.197787610619469145e+00 1.011405933676081832e-32
2.201401179941003594e+00 8.818242349396730695e-33
2.205014749262537155e+00 7.687125323281822501e-33
2.208628318584071604e+00 6.699945818020150721e-33
2.212241887905605164e+00 5.838536742764168490e-33
2.215855457227138725e+00 5.087004740806413675e-33
2.219469026548673174e+00 4.431448073093668318e-33
2.223082595870206735e+00 3.859709194283141240e-33
2.226696165191741184e+00 3.361157794277634516e-33
2.230309734513274744e+00 2.926500588330822660e-33
2.233923303834809193e+00 2.547614587999536328e-33
2.237536873156342754e+00 2.217400980668469853e-33
2.241150442477876314e+00 1.929657093413503537e-33
2.244764011799410763e+00 1.678964223261783688e-33
2.248377581120944324e+00 1.460589385382109025e-33
2.251991150442478773e+00 1.270399267795496780e-33
2.255604719764012334e+00 1.104784889688112239e-33
2.259218289085545894e+00 9.605956437407135099e-34
2.262831858407080343e+00 8.350815640762710781e-34
2.266445427728613904e+00 7.258428031098023829e-34
2.270058997050148353e+00 6.307854251027095408e-34
2.273672566371681913e+00 5.480827336381685654e-34
2.277286135693215474e+00 4.761414463552800016e-34
2.280899705014749923e+00 4.135721147090542262e-34
2.284513274336283484e+00 3.591632606701130171e-34
2.288126843657817933e+00 3.118587673785127952e-34
2.291740412979351493e+00 2.707381179193461309e-34
2.295353982300885054e+00 2.349991265478660242e-34
2.298967551622419503e+00 2.039428507123690383e-34
2.302581120943953064e+00 1.769604108436913796e-34
2.306194690265487512e+00 1.535214787597638787e-34
2.309808259587021073e+00 1.331642252476473196e-34
2.313421828908555522e+00 1.154865434408987704e-34
2.317035398230089083e+00 1.001383874541725516e-34
2.320648967551622643e+00 8.681508576052567639e-35
2.324262536873157092e+00 7.525150634621865126e-35
2.327876106194690653e+00 6.521696605455611097e-35
2.331489675516225102e+00 5.651079000183426304e-35
2.335103244837758663e+00 4.895843874813173387e-35
2.338716814159292223e+00 4.240813123927851803e-35
2.342330383480826672e+00 3.672790058435147357e-35
2.345943952802360233e+00 3.180302765364969685e-35
2.349557522123894682e+00 2.753380441495842793e-35
2.353171091445428242e+00 2.383358499265946436e-35
2.356784660766961803e+00 2.062708774231467133e-35
2.360398230088496252e+00 1.784891627666896952e-35
2.364011799410029813e+00 1.544227144021200522e-35
2.367625368731564262e+00 1.335782978055570882e-35
2.371238938053097822e+00 1.155276716978601545e-35
2.374852507374631383e+00 9.989908942861470053e-36
2.378466076696165832e+00 8.636990292053996519e-36
2.382079646017699393e+00 7.466012729009102448e-36
2.385693215339233841e+00 6.452684236674070105e-36
2.389306784660767402e+00 5.575932314916937197e-36
2.392920353982301851e+00 4.817480504911391861e-36
2.396533923303835412e+00 4.161480183334052130e-36
2.400147492625368972e+00 3.594190470299619887e-36
2.403761061946903421e+00 3.103700013888845047e-36
2.407374631268436982e+00 2.679685216064202687e-36
2.410988200589971431e+00 2.313200164472979213e-36
2.414601769911504991e+00 1.996494145006011001e-36
2.418215339233038552e+00 1.722853142339364169e-36
2.421828908554573001e+00 1.486462199924983188e-36
2.425442477876106562e+00 1.282285915629240793e-36
2.429056047197641011e+00 1.105964702041239062e-36
2.432669616519174571e+00 9.537247479628972850e-37
2.436283185840708132e+00 8.222998855320821429e-37
2.439896755162242581e+00 7.088638008696263538e-37
2.443510324483776142e+00 6.109712294737522640e-37
2.447123893805310590e+00 5.265069546688076248e-37
2.450737463126844151e+00 4.536415816105779628e-37
2.454351032448377712e+00 3.907931935839165233e-37
2.457964601769912161e+00 3.365941141711551988e-37
2.461578171091445721e+00 2.898621005504532435e-37
2.465191740412980170e+00 2.495753816541639434e-37
2.468805309734513731e+00 2.148510318837008069e-37
2.472418879056048180e+00 1.849262380166841535e-37
2.476032448377581741e+00 1.591420751567168791e-37
2.479646017699115301e+00 1.369294581885577427e-37
2.483259587020649750e+00 1.177969791996111207e-37
2.486873156342183311e+00 1.013203795677608172e-37
2.490486725663717760e+00 8.713343864507596432e-38
2.494100294985251320e+00 7.492008983651458388e-38
2.497713864306784881e+00 6.440759995040996257e-38
2.501327433628319330e+00 5.536066947732260879e-38
2.504941002949852891e+00 4.757633036559231593e-38
2.508554572271387340e+00 4.087953428112784637e-38
2.512168141592920900e+00 3.511933859021690334e-38
2.515781710914454461e+00 3.016560967274367055e-38
2.519395280235988910e+00 2.590617390504996879e-38
2.523008849557522471e+00 2.224435596179583793e-38
2.526622418879056919e+00 1.909685216175314969e-38
2.530235988200590480e+00 1.639189358552424497e-38
2.533849557522124041e+00 1.406765976525200859e-38
2.537463126843658490e+00 1.207090901021609654e-38
2.541076696165192050e+00 1.035579599459654651e-38
2.544690265486726499e+00 8.882851187257590405e-39
2.548303834808260060e+00 7.618100128915214968e-39
2.551917404129794509e+00 6.532303529339183039e-39
2.555530973451328070e+00 5.600301727308413655e-39
2.559144542772861630e+00 4.800449281446563591e-39
2.562758112094396079e+00 4.114127386852907209e-39
2.566371681415929640e+00 3.525323480272956407e-39
2.569985250737464089e+00 3.020268840023540859e-39
2.573598820058997649e+00 2.587126235888349285e-39
2.577212389380531210e+00 2.215720764803944275e-39
2.580825958702065659e+00 1.897307942837387763e-39
2.584439528023599220e+00 1.624373932305804433e-39
2.588053097345133668e+00 1.390463481832087853e-39
2.591666666666667229e+00 1.190031761388637227e-39
2.595280235988200790e+00 1.018316796653577264e-39
2.598893805309735239e+00 8.712296583687859840e-40
2.602507374631268799e+00 7.452599523623394758e-40
2.606120943952803248e+00 6.373944928026775597e-40
2.609734513274336809e+00 5.450473322345443581e-40
2.613348082595870370e+00 4.659995732299805985e-40
2.616961651917404819e+00 3.983476034439060250e-40
2.620575221238938379e+00 3.404585831540112222e-40
2.624188790560472828e+00 2.909321760054059898e-40
2.627802359882006389e+00 2.485676531722855217e-40
2.631415929203539950e+00 2.123356214912511351e-40
2.635029498525074398e+00 1.813537299351467123e-40
2.638643067846607959e+00 1.548657983262723064e-40
2.642256637168142408e+00 1.322238893935301403e-40
2.645870206489675969e+00 1.128729118372565603e-40
2.649483775811210418e+00 9.633739943893267819e-41
2.653097345132743978e+00 8.221016069881137529e-41
2.656710914454277539e+00 7.014253609081123337e-41
2.660324483775811988e+00 5.983603672813906809e-41
2.663938053097345549e+00 5.103516985009313594e-41
2.667551622418879997e+00 4.352128376711472699e-41
2.671165191740413558e+00 3.710728834556910641e-41
2.674778761061947119e+00 3.163312729567686928e-41
2.678392330383481568e+00 2.696189589724897608e-41
2.682005899705015128e+00 2.297651274727796976e-41
2.685619469026549577e+00 1.957686697534536010e-41
2.689233038348083138e+00 1.667737343796461322e-41
2.692846607669616699e+00 1.420487791933619680e-41
2.696460176991151148e+00 1.209686255010702578e-41
2.700073746312684708e+00 1.029990869176513792e-41
2.703687315634219157e+00 8.768380582818718948e-42
2.707300884955752718e+00 7.463298241460145163e-42
2.710914454277286278e+00 6.351372586379821419e-42
2.714528023598820727e+00 5.404179575458729078e-42
2.718141592920354288e+00 4.597453458624446714e-42
2.721755162241888737e+00 3.910482072661649446e-42
2.725368731563422298e+00 3.325589536946908588e-42
2.728982300884956747e+00 2.827693796351072396e-42
2.732595870206490307e+00 2.403928249222599096e-42
2.736209439528023868e+00 2.043318235992656911e-42
2.739823008849558317e+00 1.736504483266759595e-42
2.743436578171091877e+00 1.475506730204149532e-42
2.747050147492626326e+00 1.253521734785658729e-42
2.750663716814159887e+00 1.064750690225709300e-42
2.754277286135693448e+00 9.042517956325680334e-43
2.757890855457227897e+00 7.678143370625641080e-43
2.761504424778761457e+00 6.518511596439015172e-43
2.765117994100295906e+00 5.533068609941062840e-43
2.768731563421829467e+00 4.695794213031087938e-43
2.772345132743363028e+00 3.984533154046158323e-43
2.775958702064897476e+00 3.380424347515129119e-43
2.779572271386431037e+00 2.867413892148724065e-43
2.783185840707965486e+00 2.431839658172472552e-43
2.786799410029499047e+00 2.062076988773718592e-43
2.790412979351032607e+00 1.748236578442933751e-43
2.794026548672567056e+00 1.481906889991479899e-43
2.797640117994100617e+00 1.255934583371810367e-43
2.801253687315635066e+00 1.064237380107382253e-43
2.804867256637168627e+00 9.016446001917880143e-44
2.808480825958703075e+00 7.637613035431706598e-44
2.812094395280236636e+00 6.468525625168741083e-44
2.815707964601770197e+00 5.477449000154187136e-44
2.819321533923304646e+00 4.637423619749131522e-44
2.822935103244838206e+00 3.925550640132724220e-44
2.826548672566372655e+00 3.322383690070869548e-44
2.830162241887906216e+00 2.811411231009656917e-44
2.833775811209439777e+00 2.378616088774064001e-44
2.837389380530974226e+00 2.012100718356493077e-44
2.841002949852507786e+00 1.701768448751133383e-44
2.844616519174042235e+00 1.439052393328810768e-44
2.848230088495575796e+00 1.216684938929659962e-44
2.851843657817109357e+00 1.028501774335258592e-44
2.855457227138643805e+00 8.692753123451095214e-45
2.859070796460177366e+00 7.345731218727598341e-45
2.862684365781711815e+00 6.206376363866326433e-45
2.866297935103245376e+00 5.242839592000104846e-45
2.869911504424778936e+00 4.428130584871450862e-45
2.873525073746313385e+00 3.739380475346626880e-45
2.877138643067846946e+00 3.157215888236446400e-45
2.880752212389381395e+00 2.665227528547849844e-45
2.884365781710914955e+00 2.249519116371676010e-45
2.887979351032449404e+00 1.898324588267879662e-45
2.891592920353982965e+00 1.601683290989714164e-45
2.895206489675516526e+00 1.351164430800132361e-45
2.898820058997050975e+00 1.139633350413530034e-45
2.902433628318584535e+00 9.610533194210387902e-46
2.906047197640118984e+00 8.103174718343513527e-46
2.909660766961652545e+00 6.831063307144116959e-46
2.913274336283186106e+00 5.757670457213765699e-46
2.916887905604720554e+00 4.852110527323113807e-46
2.920501474926254115e+00 4.088273606422075375e-46
2.924115044247788564e+00 3.444090921303139282e-46
2.927728613569322125e+00 2.900912635690939611e-46
2.931342182890855685e+00 2.442980938475593272e-46
2.934955752212390134e+00 2.056983906715627346e-46
2.938569321533923695e+00 1.731677827694770109e-46
2.942182890855458144e+00 1.457567531748731111e-46
2.945796460176991705e+00 1.226635873395428795e-46
2.949410029498525265e+00 1.032114844866334524e-46
2.953023598820059714e+00 8.682919491680683444e-47
2.956637168141593275e+00 7.303464300313323495e-47
2.960250737463127724e+00 6.142107793965984298e-47
2.963864306784661284e+00 5.164536416463275281e-47
2.967477876106195733e+00 4.341808263742693088e-47
2.971091445427729294e+00 3.649516440679372040e-47
2.974705014749262855e+00 3.067082052889822968e-47
2.978318584070797304e+00 2.577156852747840581e-47
2.981932153392330864e+00 2.165118622068451930e-47
2.985545722713865313e+00 1.818644969898870628e-47
2.989159292035398874e+00 1.527353423826418520e-47
2.992772861356932435e+00 1.282497556974120027e-47
2.996386430678466883e+00 1.076710471671801205e-47
3.000000000000000000e+00 9.037882978770695303e-48
