-7.000000000000000888e+00 1.420047193062080889e-49
-6.987389829497858251e+00 2.573009013286313302e-49
-6.974779658995713838e+00 4.654685354455637609e-49
-6.962169488493571201e+00 8.407170469884828187e-49
-6.949559317991428564e+00 1.516072229128127501e-48
-6.936949147489284151e+00 2.729609100905029924e-48
-6.924338976987141514e+00 4.906723208990921596e-48
-6.911728806484998877e+00 8.806294627167197178e-48
-6.899118635982854464e+00 1.577994275642017991e-47
-6.886508465480711827e+00 2.823112649115495315e-47
-6.873898294978569190e+00 5.042681939909293908e-47
-6.861288124476424777e+00 8.993019622319667973e-47
-6.848677953974282140e+00 1.601253578458794967e-46
-6.836067783472139503e+00 2.846592529511063226e-46
-6.823457612969995090e+00 5.052439582490678328e-46
-6.810847442467852453e+00 8.953391935129941796e-46
-6.798237271965709816e+00 1.584107751851931073e-45
-6.785627101463565403e+00 2.798288644592850559e-45
-6.773016930961422766e+00 4.935270726871971969e-45
-6.760406760459280129e+00 8.690407562121188383e-45
-6.747796589957135716e+00 1.527847515870878436e-44
-6.735186419454993079e+00 2.681826003022192151e-44
-6.722576248952850442e+00 4.699935650516652259e-44
-6.709966078450706028e+00 8.223637687185294002e-44
-6.697355907948563392e+00 1.436636112299575936e-43
-6.684745737446420755e+00 2.505765104186740783e-43
-6.672135566944276341e+00 4.363597803954423350e-43
-6.659525396442133705e+00 7.586821471790654685e-43
-6.646915225939991068e+00 1.317000136715554823e-42
-6.634305055437846654e+00 2.282562056211785639e-42
-6.621694884935704017e+00 3.949755369173686585e-42
-6.609084714433561381e+00 6.823837037020389392e-42
-6.596474543931416967e+00 1.177058241067050894e-41
-6.583864373429274330e+00 2.027113790417412327e-41
-6.571254202927131693e+00 3.485532907094753447e-41
-6.558644032424987280e+00 5.983718344944020574e-41
-6.546033861922844643e+00 1.025614160755115640e-40
-6.533423691420702006e+00 1.755123969495603449e-40
-6.520813520918557593e+00 2.998765617842367677e-40
-6.508203350416414956e+00 5.115501289148322369e-40
-6.495593179914272319e+00 8.712541059195408992e-40
-6.482983009412127906e+00 1.481536837745444113e-39
-6.470372838909985269e+00 2.515307363692972887e-39
-6.457762668407842632e+00 4.263641441632764804e-39
-6.445152497905698219e+00 7.215747141980118875e-39
-6.432542327403555582e+00 1.219250577047057318e-38
-6.419932156901412945e+00 2.056911849721280720e-38
-6.407321986399268532e+00 3.464570881910676147e-38
-6.394711815897125895e+00 5.826319501466423360e-38
-6.382101645394983258e+00 9.782508436190332364e-38
-6.369491474892838845e+00 1.639899633162610091e-37
-6.356881304390696208e+00 2.744703422245797627e-37
-6.344271133888551795e+00 4.586534987545321780e-37
-6.331660963386409158e+00 7.652179416193882705e-37
-6.319050792884266521e+00 1.274666987992673791e-36
-6.306440622382123884e+00 2.119920175672290003e-36
-6.293830451879979471e+00 3.520087573990806445e-36
-6.281220281377836834e+00 5.835776262700195611e-36
-6.268610110875692421e+00 9.659508256656479436e-36
-6.255999940373549784e+00 1.596329861262435446e-35
-6.243389769871407147e+00 2.633913493557355442e-35
-6.230779599369264510e+00 4.339019896113141313e-35
-6.218169428867120097e+00 7.136627940756498226e-35
-6.205559258364977460e+00 1.171941047068216763e-34
-6.192949087862833046e+00 1.921453088988651525e-34
-6.180338917360690409e+00 3.145322141807196005e-34
-6.167728746858547773e+00 5.140576422652208778e-34
-6.155118576356405136e+00 8.388221014664654247e-34
-6.142508405854260722e+00 1.366593284838977942e-33
-6.129898235352118085e+00 2.222900831543466227e-33
-6.117288064849973672e+00 3.610042364727557569e-33
-6.104677894347831035e+00 5.853504125701188936e-33
-6.092067723845688398e+00 9.476129676230359937e-33
-6.079457553343545761e+00 1.531642870773879335e-32
-6.066847382841401348e+00 2.471698537814354936e-32
-6.054237212339258711e+00 3.982400851262658926e-32
-6.041627041837114298e+00 6.406280411613457205e-32
-6.029016871334971661e+00 1.028912477733983091e-31
-6.016406700832829024e+00 1.649918367739134265e-31
-6.003796530330684611e+00 2.641545106923960877e-31
-5.991186359828541974e+00 4.222456380521482879e-31
-5.978576189326399337e+00 6.738820625260231980e-31
-5.965966018824254924e+00 1.073777307568061599e-30
-5.953355848322112287e+00 1.708268625152599220e-30
-5.940745677819969650e+00 2.713374517361720455e-30
-5.928135507317827013e+00 4.303035918892720322e-30
-5.915525336815682600e+00 6.813211481417229738e-30
-5.902915166313539963e+00 1.077061381248663512e-29
-5.890304995811395550e+00 1.699967985552089863e-29
-5.877694825309252913e+00 2.678876869178107877e-29
-5.865084654807110276e+00 4.214795433899670665e-29
-5.852474484304965863e+00 6.620823432267971240e-29
-5.839864313802823226e+00 1.038387103294721827e-28
-5.827254143300680589e+00 1.625991823749386624e-28
-5.814643972798536176e+00 2.542080150883961660e-28
-5.802033802296393539e+00 3.968002619258741238e-28
-5.789423631794250902e+00 6.183957659132521019e-28
-5.776813461292106489e+00 9.622167871684169137e-28
-5.764203290789963852e+00 1.494828037273744634e-27
-5.751593120287821215e+00 2.318576567039064092e-27
-5.738982949785676801e+00 3.590571423612167299e-27
-5.726372779283534165e+00 5.551593226011742362e-27
-5.713762608781391528e+00 8.570056048960901003e-27
-5.701152438279247114e+00 1.320874829385235311e-26
-5.688542267777104477e+00 2.032598788780100605e-26
-5.675932097274961841e+00 3.122868347035282896e-26
-5.663321926772818315e+00 4.790355270868044516e-26
-5.650711756270674790e+00 7.336582830999344947e-26
-5.638101585768532154e+00 1.121842787386203768e-25
-5.625491415266388628e+00 1.712703826356532610e-25
-5.612881244764245103e+00 2.610625937258860020e-25
-5.600271074262102466e+00 3.973005456896349069e-25
-5.587660903759958941e+00 6.036786644103416040e-25
-5.575050733257815416e+00 9.158084892352493358e-25
-5.562440562755672779e+00 1.387125308420182211e-24
-5.549830392253529254e+00 2.097678559199360645e-24
-5.537220221751385729e+00 3.167192178332560221e-24
-5.524610051249243092e+00 4.774436780891088776e-24
-5.511999880747099567e+00 7.185916272615454335e-24
-5.499389710244956042e+00 1.079827674313628291e-23
-5.486779539742813405e+00 1.620089736666336825e-23
-5.474169369240669880e+00 2.426811393602477315e-23
-5.461559198738526355e+00 3.629487777169938049e-23
-5.448949028236382830e+00 5.419597464091601617e-23
-5.436338857734240193e+00 8.079809562029996573e-23
-5.423728687232096668e+00 1.202673221868068388e-22
-5.411118516729953143e+00 1.787337643367639030e-22
-5.398508346227810506e+00 2.652027537405076332e-22
-5.385898175725666981e+00 3.928818303614765240e-22
-5.373288005223523456e+00 5.811100276962776731e-22
-5.360677834721380819e+00 8.581581421483583054e-22
-5.348067664219237294e+00 1.265286399184947103e-21
-5.335457493717093769e+00 1.862614284451521413e-21
-5.322847323214951132e+00 2.737597644486518022e-21
-5.310237152712807607e+00 4.017250655531199668e-21
-5.297626982210664082e+00 5.885737479874134932e-21
-5.285016811708520557e+00 8.609650321394199046e-21
-5.272406641206377920e+00 1.257427141242795054e-20
-5.259796470704234395e+00 1.833550442868813904e-20
-5.247186300202090870e+00 2.669412149794496340e-20
-5.234576129699948233e+00 3.880173678523184948e-20
-5.221965959197804708e+00 5.631180955754838044e-20
-5.209355788695661182e+00 8.159444848147572625e-20
-5.196745618193518546e+00 1.180414600827028476e-19
-5.184135447691375020e+00 1.704988256914612195e-19
-5.171525277189231495e+00 2.458788050274509116e-19
-5.158915106687088858e+00 3.540248131012349562e-19
-5.146304936184945333e+00 5.089313944416555794e-19
-5.133694765682801808e+00 7.304621851150813268e-19
-5.121084595180659171e+00 1.046765054109948027e-18
-5.108474424678515646e+00 1.497661615593553220e-18
-5.095864254176372121e+00 2.139396172875048628e-18
-5.083254083674229484e+00 3.051278066045531595e-18
-5.070643913172085959e+00 4.344956596906701972e-18
-5.058033742669942434e+00 6.177349970357575916e-18
-5.045423572167799797e+00 8.768637267821197161e-18
-5.032813401665656272e+00 1.242725369273648594e-17
-5.020203231163512747e+00 1.758455613493985123e-17
-5.007593060661370110e+00 2.484281871155765073e-17
-4.994982890159226585e+00 3.504157112628381226e-17
-4.982372719657083060e+00 4.934913410391525184e-17
-4.969762549154940423e+00 6.938870743521478874e-17
-4.957152378652796898e+00 9.741175762723698351e-17
-4.944542208150653373e+00 1.365360422797512369e-16
-4.931932037648510736e+00 1.910718094877220715e-16
-4.919321867146367211e+00 2.669680730407288779e-16
-4.906711696644223686e+00 3.724221207118081353e-16
-4.894101526142081049e+00 5.187105374526233841e-16
-4.881491355639937524e+00 7.213203098813364837e-16
-4.868881185137793999e+00 1.001485733773494653e-15
-4.856271014635651362e+00 1.388273133000289673e-15
-4.843660844133507837e+00 1.921403798096838877e-15
-4.831050673631364312e+00 2.655069990163674805e-15
-4.818440503129221675e+00 3.663084487365747644e-15
-4.805830332627078150e+00 5.045817737718373689e-15
-4.793220162124934625e+00 6.939527070493458442e-15
-4.780609991622791988e+00 9.528881164367548246e-15
-4.767999821120648463e+00 1.306374513469564347e-14
-4.755389650618504938e+00 1.788163677775271888e-14
-4.742779480116362301e+00 2.443771813322611311e-14
-4.730169309614218776e+00 3.334478155551088641e-14
-4.717559139112075250e+00 4.542646853664037099e-14
-4.704948968609932614e+00 6.178797759548918515e-14
-4.692338798107789088e+00 8.390984546736616082e-14
-4.679728627605645563e+00 1.137721146275057452e-13
-4.667118457103502926e+00 1.540184466225682930e-13
-4.654508286601359401e+00 2.081726542217585948e-13
-4.641898116099215876e+00 2.809238969450804403e-13
-4.629287945597073239e+00 3.785016574449820994e-13
-4.616677775094929714e+00 5.091679000918341528e-13
-4.604067604592786189e+00 6.838619009450531050e-13
-4.591457434090643552e+00 9.170436279304048242e-13
-4.578847263588500027e+00 1.227794870840743977e-12
-4.566237093086356502e+00 1.641254366623551488e-12
-4.553626922584213865e+00 2.190484935653769420e-12
-4.541016752082070340e+00 2.918898394560814810e-12
-4.528406581579926815e+00 3.883399313992594302e-12
-4.515796411077784178e+00 5.158453513161952199e-12
-4.503186240575640653e+00 6.841343982718715000e-12
-4.490576070073497128e+00 9.058948761203564814e-12
-4.477965899571354491e+00 1.197646595727796381e-11
-4.465355729069210966e+00 1.580862532006350766e-11
-4.452745558567067441e+00 2.083406933934483362e-11
-4.440135388064924804e+00 2.741376699643456612e-11
-4.427525217562781279e+00 3.601454883926133530e-11
-4.414915047060637754e+00 4.723913389960616257e-11
-4.402304876558495117e+00 6.186437043979458278e-11
-4.389694706056351592e+00 8.088984991599578467e-11
-4.377084535554208067e+00 1.055995967689582920e-10
-4.364474365052065430e+00 1.376402099135075209e-10
-4.351864194549921905e+00 1.791196644967213997e-10
-4.339254024047778380e+00 2.327320102455569829e-10
-4.326643853545635743e+00 3.019144685641454125e-10
-4.314033683043492218e+00 3.910449863453946385e-10
-4.301423512541348693e+00 5.056902126087964848e-10
-4.288813342039206056e+00 6.529161993829239701e-10
-4.276203171537062531e+00 8.416769802238506061e-10
-4.263593001034919006e+00 1.083299655206256230e-09
-4.250982830532776369e+00 1.392088837258995076e-09
-4.238372660030632844e+00 1.786078442234581873e-09
-4.225762489528489319e+00 2.287965012724121456e-09
-4.213152319026346682e+00 2.926264264254581703e-09
-4.200542148524203157e+00 3.736741580413233449e-09
-4.187931978022059631e+00 4.764178052134703540e-09
-4.175321807519916995e+00 6.064546697096085983e-09
-4.162711637017773469e+00 7.707689106215806121e-09
-4.150101466515629944e+00 9.780601409152735638e-09
-4.137491296013487307e+00 1.239146066729518725e-08
-4.124881125511343782e+00 1.567454921301175449e-08
-4.112270955009200257e+00 1.979626577509256877e-08
-4.099660784507057620e+00 2.496244928644601178e-08
-4.087050614004914095e+00 3.142728500517199869e-08
-4.074440443502770570e+00 3.950411407132633253e-08
-4.061830273000627933e+00 4.957852809439612952e-08
-4.049220102498484408e+00 6.212420120888495101e-08
-4.036609931996340883e+00 7.772199481470935354e-08
-4.023999761494198246e+00 9.708296669736463979e-08
-4.011389590992054721e+00 1.210760283728900430e-07
-3.998779420489911196e+00 1.507611245241639020e-07
-3.986169249987768559e+00 1.874289587296124592e-07
-3.973559079485625034e+00 2.326484630291374488e-07
-3.960948908983481509e+00 2.883234081893686726e-07
-3.948338738481338872e+00 3.567597800609183141e-07
-3.935728567979194459e+00 4.407458086859558811e-07
-3.923118397477051822e+00 5.436468346191882090e-07
-3.910508226974909185e+00 6.695175353533340575e-07
-3.897898056472764772e+00 8.232344181370297403e-07
-3.885287885970622135e+00 1.010651918438021049e-06
-3.872677715468479498e+00 1.238785930646625478e-06
-3.860067544966335085e+00 1.516029144322238672e-06
-3.847457374464192448e+00 1.852403170466366920e-06
-3.834847203962049811e+00 2.259853123122608075e-06
-3.822237033459905398e+00 2.752591077174277713e-06
-3.809626862957762761e+00 3.347495658525042535e-06
-3.797016692455620124e+00 4.064575942621282773e-06
-3.784406521953475711e+00 4.927508845805483065e-06
-3.771796351451333074e+00 5.964260294993394285e-06
-3.759186180949190437e+00 7.207801657577853736e-06
-3.746576010447046023e+00 8.696934207170871749e-06
-3.733965839944903387e+00 1.047723579248159547e-05
-3.721355669442760750e+00 1.260214536537109629e-05
-3.708745498940616336e+00 1.513420260718700509e-05
-3.696135328438473699e+00 1.814646156490424636e-05
-3.683525157936331063e+00 2.172409896295774982e-05
-3.670914987434186649e+00 2.596623968242032935e-05
-3.658304816932044012e+00 3.098802378276737003e-05
-3.645694646429901375e+00 3.692294136529423825e-05
-3.633084475927756962e+00 4.392546351974597275e-05
-3.620474305425614325e+00 5.217399953072523333e-05
-3.607864134923471688e+00 6.187421241683023010e-05
-3.595253964421327275e+00 7.326272669672759133e-05
-3.582643793919184638e+00 8.661126398051487119e-05
-3.570033623417041113e+00 1.022312435234843547e-04
-3.557423452914897588e+00 1.204788861987711392e-04
-3.544813282412754951e+00 1.417608613845379960e-04
-3.532203111910611426e+00 1.665405169537830725e-04
-3.519592941408467901e+00 1.953447328269878323e-04
-3.506982770906325264e+00 2.287714383210638343e-04
-3.494372600404181739e+00 2.674978327172748585e-04
-3.481762429902038214e+00 3.122893469864382711e-04
-3.469152259399895577e+00 3.640093823578893729e-04
-3.456542088897752052e+00 4.236298583023444730e-04
-3.443931918395608527e+00 4.922425984182528247e-04
-3.431321747893465890e+00 5.710715775683532051e-04
-3.418711577391322365e+00 6.614860473074742108e-04
-3.406101406889178840e+00 7.650145490822683183e-04
-3.393491236387036203e+00 8.833598157764559460e-04
-3.380881065884892678e+00 1.018414551842520719e-03
-3.368270895382749153e+00 1.172278070431540713e-03
-3.355660724880606516e+00 1.347273752551465982e-03
-3.343050554378462991e+00 1.545967278313421225e-03
-3.330440383876319466e+00 1.771185563743490465e-03
-3.317830213374176829e+00 2.026036318457676184e-03
-3.305220042872033304e+00 2.313928119745607345e-03
-3.292609872369889779e+00 2.638590877356796708e-03
-3.279999701867747142e+00 3.004096540626243796e-03
-3.267389531365603617e+00 3.414879875656511715e-03
-3.254779360863460091e+00 3.875759115262439238e-03
-3.242169190361317455e+00 4.391956258513768363e-03
-3.229559019859173929e+00 4.969116770235795268e-03
-3.216948849357030404e+00 5.613328404072750848e-03
-3.204338678854887767e+00 6.331138846030294476e-03
-3.191728508352744242e+00 7.129571849223933708e-03
-3.179118337850600717e+00 8.016141505282368962e-03
-3.166508167348458080e+00 8.998864274036438154e-03
-3.153897996846314555e+00 1.008626837125901551e-02
-3.141287826344171030e+00 1.128740009490512841e-02
-3.128677655842028393e+00 1.261182665413246480e-02
-3.116067485339884868e+00 1.406963505298628077e-02
-3.103457314837741343e+00 1.567142657263801558e-02
-3.090847144335598706e+00 1.742830639314059404e-02
-3.078236973833455181e+00 1.935186789840816213e-02
-3.065626803331311656e+00 2.145417121719010722e-02
-3.053016632829169019e+00 2.374771556876000694e-02
-3.040406462327025494e+00 2.624540500539663396e-02
-3.027796291824881969e+00 2.896050717502413399e-02
-3.015186121322739332e+00 3.190660476691664638e-02
-3.002575950820595807e+00 3.509753935156484372e-02
-2.989965780318452282e+00 3.854734738271887312e-02
-2.977355609816309645e+00 4.227018819548813977e-02
-2.964745439314166120e+00 4.628026390895959019e-02
-2.952135268812022595e+00 5.059173122503173026e-02
-2.939525098309879958e+00 5.521860520656057814e-02
-2.926914927807736433e+00 6.017465521701560044e-02
-2.914304757305592908e+00 6.547329330983812923e-02
-2.901694586803450271e+00 7.112745546776721994e-02
-2.889084416301306746e+00 7.714947620944044571e-02
-2.876474245799163221e+00 8.355095720119479208e-02
-2.863864075297020584e+00 9.034263063507244618e-02
-2.851253904794877059e+00 9.753421825755274888e-02
-2.838643734292733534e+00 1.051342870561388365e-01
-2.826033563790590897e+00 1.131501027304922941e-01
-2.813423393288447372e+00 1.215874821894893376e-01
-2.800813222786303847e+00 1.304506464232627894e-01
-2.788203052284161210e+00 1.397420751978780684e-01
-2.775592881782017685e+00 1.494623651077734428e-01
-2.762982711279874160e+00 1.596100925950851568e-01
-2.750372540777731523e+00 1.701816836039038716e-01
-2.737762370275587998e+00 1.811712915789082112e-01
-2.725152199773444472e+00 1.925706855403173656e-01
-2.712542029271301836e+00 2.043691499688813917e-01
-2.699931858769158310e+00 2.165533982142674452e-01
-2.687321688267014785e+00 2.291075010968235404e-01
-2.674711517764872148e+00 2.420128323050337871e-01
-2.662101347262728623e+00 2.552480320990681006e-01
-2.649491176760585098e+00 2.687889907140591506e-01
-2.636881006258442461e+00 2.826088527157435415e-01
-2.624270835756298936e+00 2.966780433961697661e-01
-2.611660665254155411e+00 3.109643181097369036e-01
-2.599050494752012774e+00 3.254328352410856273e-01
-2.586440324249869249e+00 3.400462532684449535e-01
-2.573830153747725724e+00 3.547648521409017541e-01
-2.561219983245583087e+00 3.695466789289347798e-01
-2.548609812743439562e+00 3.843477174368762350e-01
-2.535999642241296037e+00 3.991220811874261476e-01
-2.523389471739152512e+00 4.138222289056954772e-01
-2.510779301237009875e+00 4.283992013467776694e-01
-2.498169130734866350e+00 4.428028780312594503e-01
-2.485558960232722825e+00 4.569822521809566718e-01
-2.472948789730580188e+00 4.708857218867608663e-01
-2.460338619228436663e+00 4.844613952962069092e-01
-2.447728448726293138e+00 4.976574073835647871e-01
-2.435118278224150501e+00 5.104222456646051453e-01
-2.422508107722006976e+00 5.227050820441635492e-01
-2.409897937219863451e+00 5.344561078417300326e-01
-2.397287766717720814e+00 5.456268689298783281e-01
-2.384677596215577289e+00 5.561705978462357924e-01
-2.372067425713433764e+00 5.660425397030063310e-01
-2.359457255211291127e+00 5.752002687196792197e-01
-2.346847084709147602e+00 5.836039922469450358e-01
-2.334236914207004077e+00 5.912168392306954567e-01
-2.321626743704861440e+00 5.980051301865400015e-01
-2.309016573202717915e+00 6.039386259140142599e-01
-2.296406402700574390e+00 6.089907523755992980e-01
-2.283796232198431753e+00 6.131387993959430682e-01
-2.271186061696288228e+00 6.163640910979092391e-01
-2.258575891194144702e+00 6.186521262820878775e-01
-2.245965720692002066e+00 6.199926872702936631e-01
-2.233355550189858540e+00 6.203799160675691482e-01
-2.220745379687715015e+00 6.198123570469072918e-01
-2.208135209185572378e+00 6.182929657212358210e-01
-2.195525038683428853e+00 6.158290835330391122e-01
-2.182914868181285328e+00 6.124323789588006495e-01
-2.170304697679142691e+00 6.081187555875893214e-01
-2.157694527176999166e+00 6.029082281857165437e-01
-2.145084356674855641e+00 5.968247680981061398e-01
-2.132474186172713004e+00 5.898961196560522646e-01
-2.119864015670569479e+00 5.821535895579852404e-01
-2.107253845168425954e+00 5.736318114585912120e-01
-2.094643674666283317e+00 5.643684882409815140e-01
-2.082033504164139792e+00 5.544041146516353047e-01
-2.069423333661996267e+00 5.437816831478831103e-01
-2.056813163159853630e+00 5.325463759393950225e-01
-2.044202992657710105e+00 5.207452462992060438e-01
-2.031592822155566580e+00 5.084268922732926299e-01
-2.018982651653423943e+00 4.956411259329940311e-01
-2.006372481151280418e+00 4.824386412906165322e-01
-1.993762310649136893e+00 4.688706839376068358e-01
-1.981152140146994256e+00 4.549887253675962140e-01
-1.968541969644850731e+00 4.408441448166405263e-01
-1.955931799142707206e+00 4.264879212919534535e-01
-1.943321628640564569e+00 4.119703382718661322e-01
-1.930711458138421044e+00 3.973407033469637528e-01
-1.918101287636277519e+00 3.826470848391486657e-01
-1.905491117134134882e+00 3.679360671852376363e-01
-1.892880946631991357e+00 3.532525266091605665e-01
-1.880270776129847832e+00 3.386394283353834078e-01
-1.867660605627705195e+00 3.241376463202264024e-01
-1.855050435125561670e+00 3.097858062009610225e-01
-1.842440264623418145e+00 2.956201518890002600e-01
-1.829830094121275508e+00 2.816744359662637920e-01
-1.817219923619131983e+00 2.679798337868973812e-01
-1.804609753116988458e+00 2.545648809421562908e-01
-1.791999582614845821e+00 2.414554335180030542e-01
-1.779389412112702296e+00 2.286746503642433925e-01
-1.766779241610558771e+00 2.162429964036702568e-01
-1.754169071108415245e+00 2.041782658403589745e-01
-1.741558900606272609e+00 1.924956239799307522e-01
-1.728948730104129083e+00 1.812076662513788239e-01
-1.716338559601985558e+00 1.703244929206664537e-01
-1.703728389099842921e+00 1.598537979105704998e-01
-1.691118218597699396e+00 1.498009700888802143e-01
-1.678508048095555871e+00 1.401692053572599073e-01
-1.665897877593413234e+00 1.309596278650245749e-01
-1.653287707091269709e+00 1.221714186842840638e-01
-1.640677536589126184e+00 1.138019503142141953e-01
-1.628067366086983547e+00 1.058469254305608731e-01
-1.615457195584840022e+00 9.830051836051782732e-02
-1.602847025082696497e+00 9.115551784051631468e-02
-1.590236854580553860e+00 8.440346970358739154e-02
-1.577626684078410335e+00 7.803481824151117796e-02
-1.565016513576266810e+00 7.203904509326677919e-02
-1.552406343074124173e+00 6.640480462274211959e-02
-1.539796172571980648e+00 6.112005486496505796e-02
-1.527186002069837123e+00 5.617218323615327802e-02
-1.514575831567694486e+00 5.154812632165380049e-02
-1.501965661065550961e+00 4.723448317156587334e-02
-1.489355490563407436e+00 4.321762164640530895e-02
-1.476745320061264799e+00 3.948377746612404676e-02
-1.464135149559121274e+00 3.601914571819267441e-02
-1.451524979056977749e+00 3.280996467951129147e-02
-1.438914808554835112e+00 2.984259189770512716e-02
-1.426304638052691587e+00 2.710357256116284128e-02
-1.413694467550548062e+00 2.457970026299748437e-02
-1.401084297048405425e+00 2.225807033180276021e-02
-1.388474126546261900e+00 2.012612596147796140e-02
-1.375863956044118375e+00 1.817169742350517245e-02
-1.363253785541975738e+00 1.638303468800452606e-02
-1.350643615039832213e+00 1.474883381489674669e-02
-1.338033444537688688e+00 1.325825750388183281e-02
-1.325423274035546051e+00 1.190095021209917024e-02
-1.312813103533402526e+00 1.066704826173861878e-02
-1.300202933031259001e+00 9.547185367022367058e-03
-1.287592762529116364e+00 8.532494011442902024e-03
-1.274982592026972839e+00 7.614603102489033055e-03
-1.262372421524829313e+00 6.785632322908395110e-03
-1.249762251022686677e+00 6.038183585441204981e-03
-1.237152080520543151e+00 5.365329982489526646e-03
-1.224541910018399626e+00 4.760602603938709002e-03
-1.211931739516256989e+00 4.217975575854702140e-03
-1.199321569014113464e+00 3.731849650573916977e-03
-1.186711398511969939e+00 3.297034655252183578e-03
-1.174101228009827302e+00 2.908731081693213295e-03
-1.161491057507683777e+00 2.562511075644455932e-03
-1.148880887005540252e+00 2.254299059084768301e-03
-1.136270716503397615e+00 1.980352194656748079e-03
-1.123660546001254090e+00 1.737240877594847408e-03
-1.111050375499110565e+00 1.521829417502530311e-03
-1.098440204996967928e+00 1.331257050331602788e-03
-1.085830034494824403e+00 1.162919400074416843e-03
-1.073219863992680878e+00 1.014450490112378707e-03
-1.060609693490538241e+00 8.837053859599314784e-04
-1.047999522988394716e+00 7.687435343601984597e-04
-1.035389352486251191e+00 6.678128483539693717e-04
-1.022779181984108554e+00 5.793345740636492982e-04
-1.010169011481965029e+00 5.018889624922683165e-04
-9.975588409798215039e-01 4.342017585992862514e-04
-9.849486704776788670e-01 3.751315102311054777e-04
-9.723384999755353419e-01 3.236576910924637818e-04
-9.597283294733918169e-01 2.788696247741823705e-04
-9.471181589712491800e-01 2.399561908238240454e-04
-9.345079884691056549e-01 2.061962888752345673e-04
-9.218978179669621298e-01 1.769500328539363868e-04
-9.092876474648186047e-01 1.516506441585754384e-04
-8.966774769626759678e-01 1.297970103984842291e-04
-8.840673064605324427e-01 1.109468746558712809e-04
-8.714571359583889176e-01 9.471061925599044587e-05
-8.588469654562462807e-01 8.074560758835315163e-05
-8.462367949541027556e-01 6.875104755176960291e-05
-8.336266244519592306e-01 5.846334062599968870e-05
-8.210164539498165936e-01 4.965188133677792757e-05
-8.084062834476730686e-01 4.211527291419544649e-05
-7.957961129455295435e-01 3.567792620022835370e-05
-7.831859424433869066e-01 3.018701029845989047e-05
-7.705757719412433815e-01 2.550972493893167138e-05
-7.579656014390998564e-01 2.153086633500498768e-05
-7.453554309369572195e-01 1.815065972641698028e-05
-7.327452604348136944e-01 1.528283379414482909e-05
-7.201350899326701693e-01 1.285291364166129561e-05
-7.075249194305275324e-01 1.079671081227709343e-05
-6.949147489283840073e-01 9.058990430205037257e-06
-6.823045784262404823e-01 7.592297149818597904e-06
-6.696944079240978454e-01 6.355923125721136243e-06
-6.570842374219543203e-01 5.315002665996627191e-06
-6.444740669198107952e-01 4.439719610866775394e-06
-6.318638964176681583e-01 3.704614779252448008e-06
-6.192537259155246332e-01 3.087982029658324008e-06
-6.066435554133811081e-01 2.571342611506007256e-06
-5.940333849112384712e-01 2.138988528988441364e-06
-5.814232144090949461e-01 1.777586606993295256e-06
-5.688130439069514210e-01 1.475835827193201613e-06
-5.562028734048087841e-01 1.224171307398268181e-06
-5.435927029026652590e-01 1.014509040682968338e-06
-5.309825324005217340e-01 8.400261742983648972e-07
-5.183723618983790971e-01 6.949722220368560403e-07
-5.057621913962355720e-01 5.745071336673188172e-07
-4.931520208940920469e-01 4.745626385834980443e-07
-4.805418503919494100e-01 3.917237230946413424e-07
-4.679316798898058849e-01 3.231274862371372447e-07
-4.553215093876623598e-01 2.663769748770948499e-07
-4.427113388855197229e-01 2.194678995770508248e-07
-4.301011683833761978e-01 1.807264062740368804e-07
-4.174909978812326727e-01 1.487563044354496886e-07
-4.048808273790900358e-01 1.223944370275829672e-07
-3.922706568769465107e-01 1.006728336268026280e-07
-3.796604863748029857e-01 8.278706246655912650e-08
-3.670503158726603488e-01 6.806919515873378063e-08
-3.544401453705168237e-01 5.596532976753765530e-08
-3.418299748683732986e-01 4.601660559561679084e-08
-3.292198043662306617e-01 3.784329390258907151e-08
-3.166096338640871366e-01 3.113147063397504450e-08
-3.039994633619436115e-01 2.562186961876270708e-08
-2.913892928598009746e-01 2.110057008852029656e-08
-2.787791223576574495e-01 1.739122912753385011e-08
-2.661689518555139244e-01 1.434861001190867251e-08
-2.535587813533712875e-01 1.185319813535270241e-08
-2.409486108512277625e-01 9.806727111710469151e-09
-2.283384403490842374e-01 8.128466078039358677e-09
-2.157282698469416005e-01 6.752142534030310264e-09
-2.031180993447980754e-01 5.623395166671434345e-09
-1.907296212577645478e-01 4.712408046025249571e-09
-1.790751809198734557e-01 4.003156221302720308e-09
-1.681328766829025823e-01 3.445809851716519370e-09
-1.578591939883211837e-01 3.003150577232393892e-09
-1.482132772030496648e-01 2.648104688938735538e-09
-1.391567671477560997e-01 2.360740749569479466e-09
-1.306536485528615454e-01 2.126216231968581583e-09
-1.226701068356443602e-01 1.933356397050595421e-09
-1.151743936288669723e-01 1.773659019798510210e-09
-1.081367005261812397e-01 1.640589892921839887e-09
-1.015290405422311915e-01 1.529078684705400547e-09
-9.532513681604738720e-02 1.435154557799091384e-09
-8.950031811513789459e-02 1.355680225871874717e-09
-8.403142072473115953e-02 1.288156090317009505e-09
-7.889669633199995757e-02 1.230574594047802120e-09
-7.407572553895482026e-02 1.181311117558697349e-09
-6.954933666007066806e-02 1.139041478431556789e-09
-6.529952948172380867e-02 1.102679080940567220e-09
-6.130940368025181858e-02 1.071326656363544736e-09
-5.756309161397969026e-02 1.044238924473700104e-09
-5.404569522193657799e-02 1.020793489196155170e-09
-5.074322677833183887e-02 1.000467986333512939e-09
-4.764255326718694339e-02 9.828220110063326131e-10
-4.473134415591366320e-02 9.674827238169366055e-10
-4.199802236014917034e-02 9.541333072041028043e-10
-3.943171820485173729e-02 9.425036446762369650e-10
-3.702222619856760516e-02 9.323627451501597514e-10
-3.475996444897584692e-02 9.235125463916999615e-10
-3.263593655831751456e-02 9.157828155623532008e-10
-3.064169584717604811e-02 9.090269283374388162e-10
-2.876931176433708895e-02 9.031183562426343423e-10
-2.701133834915109624e-02 8.979477286107077746e-10
-2.536078462097863737e-02 8.934203637404903122e-10
-2.381108677796769241e-02 8.894541855377982940e-10
-2.235608209460499679e-02 8.859779587258638062e-10
-2.098998441423788677e-02 8.829297887851996216e-10
-1.970736113910750986e-02 8.802558430215518068e-10
-1.850311162639044910e-02 8.779092572163134170e-10
-1.737244690433337180e-02 8.758491986984214660e-10
-1.631087062781888183e-02 8.740400617681475402e-10
-1.531416119762810286e-02 8.724507754917064104e-10
-1.437835497229224616e-02 8.710542071906411542e-10
-1.349973050577157364e-02 8.698266476409587009e-10
-1.267479374828037013e-02 8.687473662024573307e-10
-1.190026415140387275e-02 8.677982259176893653e-10
-1.117306162225225469e-02 8.669633501299672438e-10
-1.049029427477177374e-02 8.662288334273118970e-10
-9.849246929502866038e-03 8.655824907983136127e-10
-9.247370316051994887e-03 8.650136397027811601e-10
-8.682270935339195597e-03 8.645129106321347151e-10
-8.151701541304996398e-03 8.640720822581488469e-10
-7.653552204225974771e-03 8.636839378972134468e-10
-7.185841920100037063e-03 8.633421403904062519e-10
-6.746710732733945948e-03 8.630411230034635168e-10
-6.334412337204842376e-03 8.627759941959020049e-10
-5.947307135282262590e-03 8.625424544500115173e-10
-5.583855715193143839e-03 8.623367235811127269e-10
-5.242612729801200168e-03 8.621554771674920201e-10
-4.922221148855803613e-03 8.619957909213195391e-10
-4.621406862452884928e-03 8.618550919801155029e-10
-4.338973614247355545e-03 8.617311162339822318e-10
-4.073798244268176869e-03 8.616218709209819892e-10
-3.824826222417472815e-03 8.615256018241364943e-10
-3.591067454892035368e-03 8.614407644906062254e-10
-3.371592346850472034e-03 8.613659989689096068e-10
-3.165528105668122608e-03 8.613001076254127059e-10
-2.972055270078842893e-03 8.612420356573124388e-10
-2.790404451401243442e-03 8.611908539687432643e-10
-2.619853273889739126e-03 8.611457441185017838e-10
-2.459723502043294555e-03 8.611059850850915932e-10
-2.309378343447928035e-03 8.610709416266051332e-10
-2.168219916426995363e-03 8.610400540407663030e-10
-2.035686872428882702e-03 8.610128291548343095e-10
-1.911252163696946192e-03 8.609888323960340072e-10
-1.794420947344431763e-03 8.609676808117647373e-10
-1.684728617499294890e-03 8.609490369247914367e-10
-1.581738957693386684e-03 8.609326033227712291e-10
-1.485042406148618429e-03 8.609181178937605126e-10
-1.394254427061488973e-03 8.609053496300682287e-10
-1.309013981409089993e-03 8.608940949322877750e-10
-1.228982091195453740e-03 8.608841743536078953e-10
-1.153840491428526288e-03 8.608754297316700952e-10
-1.083290364467113165e-03 8.608677216616992715e-10
-1.017051151704679570e-03 8.608609272701316868e-10
-9.548594378642998991e-04 8.608549382528976244e-10
-8.964679034679587247e-04 8.608496591468321800e-10
-8.416443413144891576e-04 8.608450058063710851e-10
-7.901707330548732918e-04 8.608409040612050081e-10
-7.418423821927417998e-04 8.608372885332088253e-10
-6.964671000622763746e-04 8.608341015939217000e-10
-6.538644415463101345e-04 8.608312924456049467e-10
-6.138649874953195544e-04 8.608288163113918862e-10
-5.763096709937077546e-04 8.608266337215365458e-10
-5.410491447940707658e-04 8.608247098842542952e-10
-5.079431874039339089e-04 8.608230141312256656e-10
-4.768601454631505969e-04 8.608215194288026079e-10
-4.476764101943878299e-04 8.608202019472549123e-10
-4.202759258447686459e-04 8.608190406809963899e-10
-3.945497281637799845e-04 8.608180171138740958e-10
-3.703955110821903832e-04 8.608171149241470225e-10
-3.477172198687347553e-04 8.608163197244091416e-10
-3.264246691466341703e-04 8.608156188323399160e-10
-3.064331842509692436e-04 8.608150010686732933e-10
-2.876632645006474724e-04 8.608144565790314807e-10
-2.700402670458676067e-04 8.608139766769329921e-10
-2.534941100338807115e-04 8.608135537054095715e-10
-2.379589939125882462e-04 8.608131809149682037e-10
-2.233731397636618432e-04 8.608128523560825546e-10
-2.096785436246481258e-04 8.608125627843673632e-10
-1.968207458230403738e-04 8.608123075770365087e-10
-1.847486144050079770e-04 8.608120826592244822e-10
-1.734141417975726429e-04 8.608118844390700799e-10
-1.627722538955931274e-04 8.608117097504525497e-10
-1.527806308143372189e-04 8.608115558025632496e-10
-1.433995385948514170e-04 8.608114201354166688e-10
-1.345916711928507147e-04 8.608113005806283146e-10
-1.263220021227506255e-04 8.608111952268981200e-10
-1.185576451668948804e-04 8.608111023894898572e-10
-1.112677235960431003e-04 8.608110205834281076e-10
-1.044232473810362147e-04 8.608109484997846482e-10
-9.799699790736354202e-05 8.608108849848332929e-10
-9.196341973416139544e-05 8.608108290216485364e-10
-8.629851896719176359e-05 8.608107797138908495e-10
-8.097976784167412539e-05 8.608107362715336776e-10
-7.598601513551331310e-05 8.608106979982056129e-10
-7.129740205665540287e-05 8.608106642801651106e-10
-6.689528327009240302e-05 8.608106345764442186e-10
-6.276215275045356852e-05 8.608106084102487939e-10
-5.888157416531500463e-05 8.608105853613523704e-10
-5.523811551239205268e-05 8.608105650593775910e-10
-5.181728775067791524e-05 8.608105471778812458e-10
-4.860548718147756638e-05 8.608105314291863581e-10
-4.558994135021126844e-05 8.608105175597241232e-10
-4.275865825384858419e-05 8.608105053460368684e-10
-4.010037865198160146e-05 8.608104945911846773e-10
-3.760453129189908716e-05 8.608104851216170956e-10
-3.526119086959958525e-05 8.608104767843744696e-10
-3.306103855956327154e-05 8.608104694446721644e-10
-3.099532495632644548e-05 8.608104629837259068e-10
-2.905583528048395544e-05 8.608104572968594023e-10
-2.723485671075096226e-05 8.608104522918521456e-10
-2.552514771217800657e-05 8.608104478874075853e-10
-2.391990923854284747e-05 8.608104440119237268e-10
-2.241275769439721272e-05 8.608104406022853453e-10
-2.099769954925015053e-05 8.608104376029001132e-10
-1.966910750293300909e-05 8.608104349647754672e-10
-1.842169810736080741e-05 8.608104326447508805e-10
-1.725051075570132930e-05 8.608104306047974483e-10
-1.615088795539561633e-05 8.608104288114184916e-10
-1.511845680657980123e-05 8.608104272351023777e-10
-1.414911161225593266e-05 8.608104258498511300e-10
-1.323899755105558475e-05 8.608104246327588766e-10
-1.238449534766613459e-05 8.608104235636687769e-10
-1.158220687996078599e-05 8.608104226248034788e-10
-1.082894166559426607e-05 8.608104218005233751e-10
-1.012170417432434343e-05 8.608104210770419498e-10
-9.457681915605696142e-06 8.608104204422333557e-10
-8.834234254082606896e-06 8.608104198854031813e-10
-8.248881908502043135e-06 8.608104193971411097e-10
-7.699297092288845179e-06 8.608104189691778165e-10
-7.183294256573823982e-06 8.608104185942134327e-10
-6.698821398861734940e-06 8.608104182658194208e-10
-6.243951902777456888e-06 8.608104179783626808e-10
-5.816876876438485798e-06 8.608104177268583122e-10
-5.415897958985060038e-06 8.608104175069331144e-10
-5.039420566662596439e-06 8.608104173147366651e-10
-4.685947551597296836e-06 8.608104171468835208e-10
-4.354073248047161842e-06 8.608104170003951076e-10
-4.042477882453245495e-06 8.608104168726505037e-10
-3.749922325059951160e-06 8.608104167613377393e-10
-3.475243162234227762e-06 8.608104166644320829e-10
-3.217348069887064443e-06 8.608104165801569576e-10
-2.975211469598384632e-06 8.608104165069464069e-10
-2.747870450171603521e-06 8.608104164434181087e-10
-2.534420938398601179e-06 8.608104163883610705e-10
-2.334014103807039897e-06 8.608104163407264273e-10
-2.145852983093271333e-06 8.608104162995628181e-10
-1.969189310816785935e-06 8.608104162640661199e-10
-1.803320543752548581e-06 8.608104162335146176e-10
-1.647587067068355029e-06 8.608104162072751044e-10
-1.501369571216668681e-06 8.608104161847911979e-10
-1.364086589109387048e-06 8.608104161655856151e-10
-1.235192183781944781e-06 8.608104161492241894e-10
-1.114173777351006344e-06 8.608104161353429613e-10
-1.000550112631961414e-06 8.608104161236115757e-10
-8.938693393104654022e-07 8.608104161137396921e-10
-7.937072170570570337e-07 8.608104161054886688e-10
-6.996654284390261791e-07 8.608104160986321687e-10
-6.113699949207071113e-07 8.608104160929774587e-10
-5.284697896529079203e-07 8.608104160883687185e-10
-4.506351411371571005e-07 8.608104160846438208e-10
-3.775565222121384326e-07 8.608104160816926472e-10
-3.089433191486484405e-07 8.608104160793898797e-10
-2.445226759580218821e-07 8.608104160776528005e-10
-1.840384093183425875e-07 8.608104160763835952e-10
-1.272499898032904365e-07 8.608104160755181575e-10
-7.393158536218592144e-08 8.608104160749951725e-10
-2.387116324756687046e-08 8.608104160747536358e-10
2.387116324756687046e-08 8.608104160747536358e-10
7.393158536217865548e-08 8.608104160749951725e-10
1.272499898032904365e-07 8.608104160755181575e-10
1.840384093183425875e-07 8.608104160763835952e-10
2.445226759580130942e-07 8.608104160776528005e-10
3.089433191486484405e-07 8.608104160793898797e-10
3.775565222121384326e-07 8.608104160816926472e-10
4.506351411371465126e-07 8.608104160846438208e-10
5.284697896529079203e-07 8.608104160883687185e-10
6.113699949207071113e-07 8.608104160929774587e-10
6.996654284390133677e-07 8.608104160986321687e-10
7.937072170570570337e-07 8.608104161054886688e-10
8.938693393104654022e-07 8.608104161137396921e-10
1.000550112631946167e-06 8.608104161236115757e-10
1.114173777351006344e-06 8.608104161353429613e-10
1.235192183781944781e-06 8.608104161492241894e-10
1.364086589109368413e-06 8.608104161655856151e-10
1.501369571216668681e-06 8.608104161847911979e-10
1.647587067068355029e-06 8.608104162072751044e-10
1.803320543752526134e-06 8.608104162335146176e-10
1.969189310816785935e-06 8.608104162640661199e-10
2.145852983093271333e-06 8.608104162995628181e-10
2.334014103807012369e-06 8.608104163407264273e-10
2.534420938398601179e-06 8.608104163883610705e-10
2.747870450171603521e-06 8.608104164434181087e-10
2.975211469598351597e-06 8.608104165069464069e-10
3.217348069887064443e-06 8.608104165801569576e-10
3.475243162234227762e-06 8.608104166644320829e-10
3.749922325059911349e-06 8.608104167613377393e-10
4.042477882453245495e-06 8.608104168726505037e-10
4.354073248047161842e-06 8.608104170003951076e-10
4.685947551597248555e-06 8.608104171468835208e-10
5.039420566662596439e-06 8.608104173147366651e-10
5.415897958985004981e-06 8.608104175069331144e-10
5.816876876438427352e-06 8.608104177268583122e-10
6.243951902777456888e-06 8.608104179783626808e-10
6.698821398861668871e-06 8.608104182658194208e-10
7.183294256573753678e-06 8.608104185942134327e-10
7.699297092288845179e-06 8.608104189691778165e-10
8.248881908501963514e-06 8.608104193971411097e-10
8.834234254082522193e-06 8.608104198854031813e-10
9.457681915605696142e-06 8.608104204422333557e-10
1.012170417432424687e-05 8.608104210770419498e-10
1.082894166559416273e-05 8.608104218005233751e-10
1.158220687996078599e-05 8.608104226248034788e-10
1.238449534766601939e-05 8.608104235636687769e-10
1.323899755105545939e-05 8.608104246327588766e-10
1.414911161225593266e-05 8.608104258498511300e-10
1.511845680657965724e-05 8.608104272351023777e-10
1.615088795539546725e-05 8.608104288114184916e-10
1.725051075570132930e-05 8.608104306047974483e-10
1.842169810736063801e-05 8.608104326447508805e-10
1.966910750293282952e-05 8.608104349647754672e-10
2.099769954925015053e-05 8.608104376029001132e-10
2.241275769439700604e-05 8.608104406022853453e-10
2.391990923854262385e-05 8.608104440119237268e-10
2.552514771217800657e-05 8.608104478874075853e-10
2.723485671075071492e-05 8.608104522918521456e-10
2.905583528048369117e-05 8.608104572968594023e-10
3.099532495632644548e-05 8.608104629837259068e-10
3.306103855956297338e-05 8.608104694446721644e-10
3.526119086959926676e-05 8.608104767843744696e-10
3.760453129189908716e-05 8.608104851216170956e-10
4.010037865198123555e-05 8.608104945911846773e-10
4.275865825384819795e-05 8.608105053460368684e-10
4.558994135021126844e-05 8.608105175597241232e-10
4.860548718147712592e-05 8.608105314291863581e-10
5.181728775067744768e-05 8.608105471778812458e-10
5.523811551239205268e-05 8.608105650593775910e-10
5.888157416531447608e-05 8.608105853613523704e-10
6.276215275045299931e-05 8.608106084102487939e-10
6.689528327009240302e-05 8.608106345764442186e-10
7.129740205665476590e-05 8.608106642801651106e-10
7.598601513551263547e-05 8.608106979982056129e-10
8.097976784167412539e-05 8.608107362715336776e-10
8.629851896719099109e-05 8.608107797138908495e-10
9.196341973416056873e-05 8.608108290216485364e-10
9.799699790736354202e-05 8.608108849848332929e-10
1.044232473810352796e-04 8.608109484997846482e-10
1.112677235960420974e-04 8.608110205834281076e-10
1.185576451668948804e-04 8.608111023894898572e-10
1.263220021227494871e-04 8.608111952268981200e-10
1.345916711928494950e-04 8.608113005806283146e-10
1.433995385948514170e-04 8.608114201354166688e-10
1.527806308143358637e-04 8.608115558025632496e-10
1.627722538955916909e-04 8.608117097504525497e-10
1.734141417975726429e-04 8.608118844390700799e-10
1.847486144050063236e-04 8.608120826592244822e-10
1.968207458230386390e-04 8.608123075770365087e-10
2.096785436246481258e-04 8.608125627843673632e-10
2.233731397636598375e-04 8.608128523560825546e-10
2.379589939125861320e-04 8.608131809149682037e-10
2.534941100338807115e-04 8.608135537054095715e-10
2.700402670458652214e-04 8.608139766769329921e-10
2.876632645006474724e-04 8.608144565790314807e-10
3.064331842509692436e-04 8.608150010686732933e-10
3.264246691466312429e-04 8.608156188323399160e-10
3.477172198687347553e-04 8.608163197244091416e-10
3.703955110821903832e-04 8.608171149241470225e-10
3.945497281637764609e-04 8.608180171138740958e-10
4.202759258447686459e-04 8.608190406809963899e-10
4.476764101943878299e-04 8.608202019472549123e-10
4.768601454631463685e-04 8.608215194288026079e-10
5.079431874039339089e-04 8.608230141312256656e-10
5.410491447940683806e-04 8.608247098842542952e-10
5.763096709937052609e-04 8.608266337215365458e-10
6.138649874953195544e-04 8.608288163113918862e-10
6.538644415463072072e-04 8.608312924456049467e-10
6.964671000622733388e-04 8.608341015939217000e-10
7.418423821927417998e-04 8.608372885332088253e-10
7.901707330548697139e-04 8.608409040612020096e-10
8.416443413144852545e-04 8.608450058063710851e-10
8.964679034679587247e-04 8.608496591468321800e-10
9.548594378642956708e-04 8.608549382528976244e-10
1.017051151704675017e-03 8.608609272701316868e-10
1.083290364467113165e-03 8.608677216616992715e-10
1.153840491428521084e-03 8.608754297316700952e-10
1.228982091195448319e-03 8.608841743536078953e-10
1.309013981409089993e-03 8.608940949322877750e-10
1.394254427061482901e-03 8.609053496300682287e-10
1.485042406148611707e-03 8.609181178937605126e-10
1.581738957693386684e-03 8.609326033227712291e-10
1.684728617499287517e-03 8.609490369247914367e-10
1.794420947344423523e-03 8.609676808117647373e-10
1.911252163696946192e-03 8.609888323960340072e-10
2.035686872428873594e-03 8.610128291548343095e-10
2.168219916426985822e-03 8.610400540407663030e-10
2.309378343447928035e-03 8.610709416266051332e-10
2.459723502043281544e-03 8.611059850850915932e-10
2.619853273889716141e-03 8.611457441185017838e-10
2.790404451401243442e-03 8.611908539687432643e-10
2.972055270078832485e-03 8.612420356573124388e-10
3.165528105668094852e-03 8.613001076254127059e-10
3.371592346850472034e-03 8.613659989689096068e-10
3.591067454892016286e-03 8.614407644906031235e-10
3.824826222417438987e-03 8.615256018241364943e-10
4.073798244268176869e-03 8.616218709209819892e-10
4.338973614247340800e-03 8.617311162339822318e-10
4.621406862452843295e-03 8.618550919801155029e-10
4.922221148855803613e-03 8.619957909213195391e-10
5.242612729801172412e-03 8.621554771674920201e-10
5.583855715193094399e-03 8.623367235811127269e-10
5.947307135282262590e-03 8.625424544500115173e-10
6.334412337204820692e-03 8.627759941959020049e-10
6.746710732733886100e-03 8.630411230034635168e-10
7.185841920100037063e-03 8.633421403904062519e-10
7.653552204225934005e-03 8.636839378972134468e-10
8.151701541304925275e-03 8.640720822581488469e-10
8.682270935339195597e-03 8.645129106321347151e-10
9.247370316051963662e-03 8.650136397027811601e-10
9.849246929502777567e-03 8.655824907983136127e-10
1.049029427477177374e-02 8.662288334273118970e-10
1.117306162225219397e-02 8.669633501299672438e-10
1.190026415140376694e-02 8.677982259176893653e-10
1.267479374828037013e-02 8.687473662024573307e-10
1.349973050577152334e-02 8.698266476409587009e-10
1.437835497229211779e-02 8.710542071906411542e-10
1.531416119762810286e-02 8.724507754917064104e-10
1.631087062781879510e-02 8.740400617681475402e-10
1.737244690433321567e-02 8.758491986984214660e-10
1.850311162639044910e-02 8.779092572163134170e-10
1.970736113910743700e-02 8.802558430215518068e-10
2.098998441423769942e-02 8.829297887851996216e-10
2.235608209460499679e-02 8.859779587258638062e-10
2.381108677796757098e-02 8.894541855377982940e-10
2.536078462097841185e-02 8.934203637404903122e-10
2.701133834915109624e-02 8.979477286107077746e-10
2.876931176433698834e-02 9.031183562426343423e-10
3.064169584717577749e-02 9.090269283374388162e-10
3.263593655831751456e-02 9.157828155623532008e-10
3.475996444897566651e-02 9.235125463916999615e-10
3.702222619856727903e-02 9.323627451501564427e-10
3.943171820485173729e-02 9.425036446762369650e-10
4.199802236014902462e-02 9.541333072041028043e-10
4.473134415591326768e-02 9.674827238169366055e-10
4.764255326718694339e-02 9.828220110063326131e-10
5.074322677833156825e-02 1.000467986333509217e-09
5.404569522193609227e-02 1.020793489196151447e-09
5.756309161397969026e-02 1.044238924473700104e-09
6.130940368025160347e-02 1.071326656363544736e-09
6.529952948172323968e-02 1.102679080940563291e-09
6.954933666007066806e-02 1.139041478431556789e-09
7.407572553895443168e-02 1.181311117558693006e-09
7.889669633199926368e-02 1.230574594047793434e-09
8.403142072473115953e-02 1.288156090317009505e-09
8.950031811513757540e-02 1.355680225871869961e-09
9.532513681604654066e-02 1.435154557799076081e-09
1.015290405422311915e-01 1.529078684705400547e-09
1.081367005261806707e-01 1.640589892921828306e-09
1.151743936288659592e-01 1.773659019798491392e-09
1.226701068356443602e-01 1.933356397050595421e-09
1.306536485528610736e-01 2.126216231968566693e-09
1.391567671477548507e-01 2.360740749569445966e-09
1.482132772030496648e-01 2.648104688938735538e-09
1.578591939883203232e-01 3.003150577232362046e-09
1.681328766829011112e-01 3.445809851716458158e-09
1.790751809198728173e-01 4.003156221302678122e-09
1.907296212577638539e-01 4.712408046025199113e-09
2.031180993447962990e-01 5.623395166671294552e-09
2.157282698469407123e-01 6.752142534030214311e-09
2.283384403490833492e-01 8.128466078039244526e-09
2.409486108512259861e-01 9.806727111710191218e-09
2.535587813533703994e-01 1.185319813535261804e-08
2.661689518555130363e-01 1.434861001190846737e-08
2.787791223576556732e-01 1.739122912753341667e-08
2.913892928598000864e-01 2.110057008851992268e-08
3.039994633619427233e-01 2.562186961876243576e-08
3.166096338640853602e-01 3.113147063397415776e-08
3.292198043662297735e-01 3.784329390258852888e-08
3.418299748683724104e-01 4.601660559561613572e-08
3.544401453705150473e-01 5.596532976753626564e-08
3.670503158726594606e-01 6.806919515873281449e-08
3.796604863748020975e-01 8.278706246655794860e-08
3.922706568769447344e-01 1.006728336268001266e-07
4.048808273790891477e-01 1.223944370275807967e-07
4.174909978812317846e-01 1.487563044354481004e-07
4.301011683833744215e-01 1.807264062740326982e-07
4.427113388855188347e-01 2.194678995770469338e-07
4.553215093876614716e-01 2.663769748770906147e-07
4.679316798898041085e-01 3.231274862371274509e-07
4.805418503919485218e-01 3.917237230946371602e-07
4.931520208940911587e-01 4.745626385834913210e-07
5.057621913962337956e-01 5.745071336673035706e-07
5.183723618983782089e-01 6.949722220368510640e-07
5.309825324005208458e-01 8.400261742983530388e-07
5.435927029026652590e-01 1.014509040682968338e-06
5.562028734048078960e-01 1.224171307398248487e-06
5.688130439069505329e-01 1.475835827193185731e-06
5.814232144090949461e-01 1.777586606993295256e-06
5.940333849112375830e-01 2.138988528988399436e-06
6.066435554133802199e-01 2.571342611505970410e-06
6.192537259155246332e-01 3.087982029658324008e-06
6.318638964176672701e-01 3.704614779252395068e-06
6.444740669198099070e-01 4.439719610866727961e-06
6.570842374219543203e-01 5.315002665996627191e-06
6.696944079240969572e-01 6.355923125721091351e-06
6.823045784262395941e-01 7.592297149818517436e-06
6.949147489283840073e-01 9.058990430205037257e-06
7.075249194305266442e-01 1.079671081227697824e-05
7.201350899326692812e-01 1.285291364166115839e-05
7.327452604348136944e-01 1.528283379414482909e-05
7.453554309369563313e-01 1.815065972641669229e-05
7.579656014390989682e-01 2.153086633500460821e-05
7.705757719412433815e-01 2.550972493893167138e-05
7.831859424433860184e-01 3.018701029845946018e-05
7.957961129455286553e-01 3.567792620022797423e-05
8.084062834476730686e-01 4.211527291419544649e-05
8.210164539498157055e-01 4.965188133677739902e-05
8.336266244519583424e-01 5.846334062599885522e-05
8.462367949541027556e-01 6.875104755176960291e-05
8.588469654562453925e-01 8.074560758835201322e-05
8.714571359583880295e-01 9.471061925598944298e-05
8.840673064605324427e-01 1.109468746558712809e-04
8.966774769626750796e-01 1.297970103984828468e-04
9.092876474648177165e-01 1.516506441585743813e-04
9.218978179669621298e-01 1.769500328539363868e-04
9.345079884691047667e-01 2.061962888752338354e-04
9.471181589712474036e-01 2.399561908238197899e-04
9.597283294733918169e-01 2.788696247741823705e-04
9.723384999755344538e-01 3.236576910924620471e-04
9.849486704776770907e-01 3.751315102310974546e-04
9.975588409798215039e-01 4.342017585992862514e-04
1.010169011481964141e+00 5.018889624922651723e-04
1.022779181984106778e+00 5.793345740636354204e-04
1.035389352486251191e+00 6.678128483539693717e-04
1.047999522988393828e+00 7.687435343601943397e-04
1.060609693490536465e+00 8.837053859599133723e-04
1.073219863992680878e+00 1.014450490112378707e-03
1.085830034494823515e+00 1.162919400074405351e-03
1.098440204996966152e+00 1.331257050331575466e-03
1.111050375499110565e+00 1.521829417502530311e-03
1.123660546001253202e+00 1.737240877594822689e-03
1.136270716503395839e+00 1.980352194656696905e-03
1.148880887005540252e+00 2.254299059084768301e-03
1.161491057507682889e+00 2.562511075644446825e-03
1.174101228009825526e+00 2.908731081693166892e-03
1.186711398511969939e+00 3.297034655252183578e-03
1.199321569014112576e+00 3.731849650573860599e-03
1.211931739516255213e+00 4.217975575854585914e-03
1.224541910018399626e+00 4.760602603938709002e-03
1.237152080520542263e+00 5.365329982489459859e-03
1.249762251022684900e+00 6.038183585441108704e-03
1.262372421524829313e+00 6.785632322908395110e-03
1.274982592026971950e+00 7.614603102488931574e-03
1.287592762529114587e+00 8.532494011442773654e-03
1.300202933031259001e+00 9.547185367022367058e-03
1.312813103533401637e+00 1.066704826173859970e-02
1.325423274035544274e+00 1.190095021209898983e-02
1.338033444537688688e+00 1.325825750388183281e-02
1.350643615039831325e+00 1.474883381489672067e-02
1.363253785541973961e+00 1.638303468800426585e-02
1.375863956044118375e+00 1.817169742350517245e-02
1.388474126546261012e+00 2.012612596147789201e-02
1.401084297048403648e+00 2.225807033180243408e-02
1.413694467550548062e+00 2.457970026299748437e-02
1.426304638052690699e+00 2.710357256116254290e-02
1.438914808554833336e+00 2.984259189770469001e-02
1.451524979056977749e+00 3.280996467951129147e-02
1.464135149559120386e+00 3.601914571819248706e-02
1.476745320061263023e+00 3.948377746612360961e-02
1.489355490563407436e+00 4.321762164640530895e-02
1.501965661065550073e+00 4.723448317156553333e-02
1.514575831567692710e+00 5.154812632165304415e-02
1.527186002069837123e+00 5.617218323615327802e-02
1.539796172571979760e+00 6.112005486496427387e-02
1.552406343074122397e+00 6.640480462274175877e-02
1.565016513576266810e+00 7.203904509326677919e-02
1.577626684078409447e+00 7.803481824151006774e-02
1.590236854580552084e+00 8.440346970358630907e-02
1.602847025082696497e+00 9.115551784051631468e-02
1.615457195584839134e+00 9.830051836051656444e-02
1.628067366086981771e+00 1.058469254305603041e-01
1.640677536589126184e+00 1.138019503142141953e-01
1.653287707091268821e+00 1.221714186842842859e-01
1.665897877593411458e+00 1.309596278650224377e-01
1.678508048095555871e+00 1.401692053572599073e-01
1.691118218597698508e+00 1.498009700888780216e-01
1.703728389099841145e+00 1.598537979105702223e-01
1.716338559601985558e+00 1.703244929206664537e-01
1.728948730104128195e+00 1.812076662513797953e-01
1.741558900606270832e+00 1.924956239799300306e-01
1.754169071108415245e+00 2.041782658403589745e-01
1.766779241610557882e+00 2.162429964036686747e-01
1.779389412112700519e+00 2.286746503642409223e-01
1.791999582614844932e+00 2.414554335180003619e-01
1.804609753116987569e+00 2.545648809421549585e-01
1.817219923619130206e+00 2.679798337868944946e-01
1.829830094121274620e+00 2.816744359662596842e-01
1.842440264623417256e+00 2.956201518889959301e-01
1.855050435125559893e+00 3.097858062009610225e-01
1.867660605627704307e+00 3.241376463202240155e-01
1.880270776129846944e+00 3.386394283353846846e-01
1.892880946631989580e+00 3.532525266091547378e-01
1.905491117134133994e+00 3.679360671852355824e-01
1.918101287636276631e+00 3.826470848391430590e-01
1.930711458138419268e+00 3.973407033469600891e-01
1.943321628640563681e+00 4.119703382718623019e-01
1.955931799142706318e+00 4.264879212919518991e-01
1.968541969644848955e+00 4.408441448166381393e-01
1.981152140146993368e+00 4.549887253675953258e-01
1.993762310649136005e+00 4.688706839376059476e-01
2.006372481151278642e+00 4.824386412906129795e-01
2.018982651653423055e+00 4.956411259329913110e-01
2.031592822155565692e+00 5.084268922732935181e-01
2.044202992657708329e+00 5.207452462992037123e-01
2.056813163159852742e+00 5.325463759393964658e-01
2.069423333661995379e+00 5.437816831478826662e-01
2.082033504164138016e+00 5.544041146516373031e-01
2.094643674666282429e+00 5.643684882409782944e-01
2.107253845168425066e+00 5.736318114585901018e-01
2.119864015670569479e+00 5.821535895579852404e-01
2.132474186172712116e+00 5.898961196560571496e-01
2.145084356674854753e+00 5.968247680981023651e-01
2.157694527176999166e+00 6.029082281857165437e-01
2.170304697679141803e+00 6.081187555875848805e-01
2.182914868181284440e+00 6.124323789588023148e-01
2.195525038683428853e+00 6.158290835330391122e-01
2.208135209185571490e+00 6.182929657212313801e-01
2.220745379687714127e+00 6.198123570469045163e-01
2.233355550189858540e+00 6.203799160675691482e-01
2.245965720692001177e+00 6.199926872702953284e-01
2.258575891194143814e+00 6.186521262820918743e-01
2.271186061696288228e+00 6.163640910979092391e-01
2.283796232198430864e+00 6.131387993959436233e-01
2.296406402700573501e+00 6.089907523756054042e-01
2.309016573202717915e+00 6.039386259140142599e-01
2.321626743704860552e+00 5.980051301865459967e-01
2.334236914207003188e+00 5.912168392306965670e-01
2.346847084709147602e+00 5.836039922469450358e-01
2.359457255211290239e+00 5.752002687196845487e-01
2.372067425713432876e+00 5.660425397030026673e-01
2.384677596215577289e+00 5.561705978462357924e-01
2.397287766717719926e+00 5.456268689298793273e-01
2.409897937219862563e+00 5.344561078417363609e-01
2.422508107722006976e+00 5.227050820441635492e-01
2.435118278224149613e+00 5.104222456645990391e-01
2.447728448726292250e+00 4.976574073835670631e-01
2.460338619228436663e+00 4.844613952962069092e-01
2.472948789730579300e+00 4.708857218867664174e-01
2.485558960232721937e+00 4.569822521809541738e-01
2.498169130734866350e+00 4.428028780312594503e-01
2.510779301237008987e+00 4.283992013467800009e-01
2.523389471739151624e+00 4.138222289056970316e-01
2.535999642241296037e+00 3.991220811874261476e-01
2.548609812743438674e+00 3.843477174368762350e-01
2.561219983245581311e+00 3.695466789289388321e-01
2.573830153747725724e+00 3.547648521409017541e-01
2.586440324249868361e+00 3.400462532684480621e-01
2.599050494752010998e+00 3.254328352410904013e-01
2.611660665254155411e+00 3.109643181097369036e-01
2.624270835756298048e+00 2.966780433961740959e-01
2.636881006258440685e+00 2.826088527157445407e-01
2.649491176760585098e+00 2.687889907140591506e-01
2.662101347262727735e+00 2.552480320990681006e-01
2.674711517764870372e+00 2.420128323050386998e-01
2.687321688267014785e+00 2.291075010968235404e-01
2.699931858769157422e+00 2.165533982142694158e-01
2.712542029271300059e+00 2.043691499688828350e-01
2.725152199773444472e+00 1.925706855403173656e-01
2.737762370275587109e+00 1.811712915789108758e-01
2.750372540777729746e+00 1.701816836039050929e-01
2.762982711279874160e+00 1.596100925950851568e-01
2.775592881782016796e+00 1.494623651077715554e-01
2.788203052284159433e+00 1.397420751978801223e-01
2.800813222786303847e+00 1.304506464232627894e-01
2.813423393288446483e+00 1.215874821894911140e-01
2.826033563790589120e+00 1.131501027304935431e-01
2.838643734292733534e+00 1.051342870561388365e-01
2.851253904794876171e+00 9.753421825755309582e-02
2.863864075297018807e+00 9.034263063507293190e-02
2.876474245799163221e+00 8.355095720119479208e-02
2.889084416301305858e+00 7.714947620944044571e-02
2.901694586803448495e+00 7.112745546776826078e-02
2.914304757305592908e+00 6.547329330983812923e-02
2.926914927807735545e+00 6.017465521701594738e-02
2.939525098309878182e+00 5.521860520656109161e-02
2.952135268812022595e+00 5.059173122503173026e-02
2.964745439314165232e+00 4.628026390896027020e-02
2.977355609816307869e+00 4.227018819548890999e-02
2.989965780318452282e+00 3.854734738271887312e-02
3.002575950820594919e+00 3.509753935156496862e-02
3.015186121322737556e+00 3.190660476691711128e-02
3.027796291824881969e+00 2.896050717502413399e-02
3.040406462327024606e+00 2.624540500539701907e-02
3.053016632829167243e+00 2.374771556876039552e-02
3.065626803331311656e+00 2.145417121719010722e-02
3.078236973833454293e+00 1.935186789840812743e-02
3.090847144335596930e+00 1.742830639314084037e-02
3.103457314837741343e+00 1.567142657263801558e-02
3.116067485339883980e+00 1.406963505298655485e-02
3.128677655842026617e+00 1.261182665413268858e-02
3.141287826344171030e+00 1.128740009490512841e-02
3.153897996846313667e+00 1.008626837125899643e-02
3.166508167348456304e+00 8.998864274036469380e-03
3.179118337850600717e+00 8.016141505282368962e-03
3.191728508352743354e+00 7.129571849224041261e-03
3.204338678854885991e+00 6.331138846030317027e-03
3.216948849357030404e+00 5.613328404072750848e-03
3.229559019859173041e+00 4.969116770235923637e-03
3.242169190361315678e+00 4.391956258513791782e-03
3.254779360863460091e+00 3.875759115262439238e-03
3.267389531365602728e+00 3.414879875656532966e-03
3.279999701867745365e+00 3.004096540626286296e-03
3.292609872369889779e+00 2.638590877356796708e-03
3.305220042872032415e+00 2.313928119745607345e-03
3.317830213374175052e+00 2.026036318457687026e-03
3.330440383876319466e+00 1.771185563743490465e-03
3.343050554378462103e+00 1.545967278313423827e-03
3.355660724880604739e+00 1.347273752551480294e-03
3.368270895382749153e+00 1.172278070431540713e-03
3.380881065884891790e+00 1.018414551842520719e-03
3.393491236387034427e+00 8.833598157764755701e-04
3.406101406889178840e+00 7.650145490822683183e-04
3.418711577391321477e+00 6.614860473074730182e-04
3.431321747893464114e+00 5.710715775683730460e-04
3.443931918395608527e+00 4.922425984182528247e-04
3.456542088897751164e+00 4.236298583023467498e-04
3.469152259399893801e+00 3.640093823578994018e-04
3.481762429902038214e+00 3.122893469864382711e-04
3.494372600404180851e+00 2.674978327172758343e-04
3.506982770906323488e+00 2.287714383210630211e-04
3.519592941408467901e+00 1.953447328269878323e-04
3.532203111910610538e+00 1.665405169537881140e-04
3.544813282412753175e+00 1.417608613845425226e-04
3.557423452914897588e+00 1.204788861987711392e-04
3.570033623417040225e+00 1.022312435234854524e-04
3.582643793919182862e+00 8.661126398051516935e-05
3.595253964421327275e+00 7.326272669672759133e-05
3.607864134923469912e+00 6.187421241683046050e-05
3.620474305425612549e+00 5.217399953072690707e-05
3.633084475927756962e+00 4.392546351974597275e-05
3.645694646429899599e+00 3.692294136529476680e-05
3.658304816932042236e+00 3.098802378276830515e-05
3.670914987434186649e+00 2.596623968242032935e-05
3.683525157936329286e+00 2.172409896295832919e-05
3.696135328438471923e+00 1.814646156490482573e-05
3.708745498940616336e+00 1.513420260718700509e-05
3.721355669442758973e+00 1.260214536537147576e-05
3.733965839944901610e+00 1.047723579248178182e-05
3.746576010447046023e+00 8.696934207170871749e-06
3.759186180949188660e+00 7.207801657578097681e-06
3.771796351451333074e+00 5.964260294993394285e-06
3.784406521953475711e+00 4.927508845805483065e-06
3.797016692455618347e+00 4.064575942621383570e-06
3.809626862957762761e+00 3.347495658525042535e-06
3.822237033459905398e+00 2.752591077174277713e-06
3.834847203962048034e+00 2.259853123122692354e-06
3.847457374464192448e+00 1.852403170466366920e-06
3.860067544966335085e+00 1.516029144322238672e-06
3.872677715468477722e+00 1.238785930646662959e-06
3.885287885970622135e+00 1.010651918438021049e-06
3.897898056472764772e+00 8.232344181370297403e-07
3.910508226974907409e+00 6.695175353533566097e-07
3.923118397477051822e+00 5.436468346191882090e-07
3.935728567979194459e+00 4.407458086859558811e-07
3.948338738481337096e+00 3.567597800609328725e-07
3.960948908983481509e+00 2.883234081893686726e-07
3.973559079485624146e+00 2.326484630291415781e-07
3.986169249987766783e+00 1.874289587296174620e-07
3.998779420489911196e+00 1.507611245241639020e-07
4.011389590992053833e+00 1.210760283728917635e-07
4.023999761494196470e+00 9.708296669736706178e-08
4.036609931996340883e+00 7.772199481470935354e-08
4.049220102498483520e+00 6.212420120888495101e-08
4.061830273000626157e+00 4.957852809439736037e-08
4.074440443502770570e+00 3.950411407132633253e-08
4.087050614004913207e+00 3.142728500517266705e-08
4.099660784507055844e+00 2.496244928644707388e-08
4.112270955009200257e+00 1.979626577509256877e-08
4.124881125511342894e+00 1.567454921301203242e-08
4.137491296013485531e+00 1.239146066729545029e-08
4.150101466515629944e+00 9.780601409152735638e-09
4.162711637017772581e+00 7.707689106215888839e-09
4.175321807519915218e+00 6.064546697096236530e-09
4.187931978022059631e+00 4.764178052134703540e-09
4.200542148524202268e+00 3.736741580413419565e-09
4.213152319026344905e+00 2.926264264254664835e-09
4.225762489528489319e+00 2.287965012724121456e-09
4.238372660030631955e+00 1.786078442234632538e-09
4.250982830532774592e+00 1.392088837259054426e-09
4.263593001034919006e+00 1.083299655206256230e-09
4.276203171537061642e+00 8.416769802238864850e-10
4.288813342039204279e+00 6.529161993829424783e-10
4.301423512541348693e+00 5.056902126087964848e-10
4.314033683043491330e+00 3.910449863454043579e-10
4.326643853545633966e+00 3.019144685641539945e-10
4.339254024047778380e+00 2.327320102455569829e-10
4.351864194549921017e+00 1.791196644967233125e-10
4.364474365052063654e+00 1.376402099135114242e-10
4.377084535554208067e+00 1.055995967689582920e-10
4.389694706056350704e+00 8.088984991599866687e-11
4.402304876558493341e+00 6.186437043979612082e-11
4.414915047060635978e+00 4.723913389960884445e-11
4.427525217562778614e+00 3.601454883926248560e-11
4.440135388064924804e+00 2.741376699643456612e-11
4.452745558567067441e+00 2.083406933934483362e-11
4.465355729069210078e+00 1.580862532006389864e-11
4.477965899571352715e+00 1.197646595727860197e-11
4.490576070073495352e+00 9.058948761204143194e-12
4.503186240575637989e+00 6.841343982718982380e-12
4.515796411077784178e+00 5.158453513161952199e-12
4.528406581579926815e+00 3.883399313992594302e-12
4.541016752082069452e+00 2.918898394560866913e-12
4.553626922584212089e+00 2.190484935653800521e-12
4.566237093086354726e+00 1.641254366623563201e-12
4.578847263588500915e+00 1.227794870840726610e-12
4.591457434090643552e+00 9.170436279304048242e-13
4.604067604592786189e+00 6.838619009450531050e-13
4.616677775094928826e+00 5.091679000918739366e-13
4.629287945597071463e+00 3.785016574449968921e-13
4.641898116099214100e+00 2.809238969451013924e-13
4.654508286601360290e+00 2.081726542217571054e-13
4.667118457103502926e+00 1.540184466225682930e-13
4.679728627605645563e+00 1.137721146275057452e-13
4.692338798107788200e+00 8.390984546736675405e-14
4.704948968609930837e+00 6.178797759549049782e-14
4.717559139112073474e+00 4.542646853664198027e-14
4.730169309614219664e+00 3.334478155550993978e-14
4.742779480116362301e+00 2.443771813322611311e-14
4.755389650618504938e+00 1.788163677775271888e-14
4.767999821120647574e+00 1.306374513469620041e-14
4.780609991622790211e+00 9.528881164368292931e-15
4.793220162124932848e+00 6.939527070493606748e-15
4.805830332627079038e+00 5.045817737718301902e-15
4.818440503129221675e+00 3.663084487365747644e-15
4.831050673631364312e+00 2.655069990163674805e-15
4.843660844133506949e+00 1.921403798096879504e-15
4.856271014635649586e+00 1.388273133000348837e-15
4.868881185137792222e+00 1.001485733773565847e-15
4.881491355639938412e+00 7.213203098813313561e-16
4.894101526142081049e+00 5.187105374526233841e-16
4.906711696644223686e+00 3.724221207118081353e-16
4.919321867146366323e+00 2.669680730407326743e-16
4.931932037648508960e+00 1.910718094877247832e-16
4.944542208150651597e+00 1.365360422797609251e-16
4.957152378652797786e+00 9.741175762723422249e-17
4.969762549154940423e+00 6.938870743521478874e-17
4.982372719657083060e+00 4.934913410391525184e-17
4.994982890159225697e+00 3.504157112628505718e-17
5.007593060661368334e+00 2.484281871155870768e-17
5.020203231163510971e+00 1.758455613494047677e-17
5.032813401665657160e+00 1.242725369273560310e-17
5.045423572167799797e+00 8.768637267821197161e-18
5.058033742669942434e+00 6.177349970357575916e-18
5.070643913172085071e+00 4.344956596906918446e-18
5.083254083674227708e+00 3.051278066045791596e-18
5.095864254176370345e+00 2.139396172875094080e-18
5.108474424678516534e+00 1.497661615593500064e-18
5.121084595180659171e+00 1.046765054109948027e-18
5.133694765682801808e+00 7.304621851150813268e-19
5.146304936184944445e+00 5.089313944416809054e-19
5.158915106687087082e+00 3.540248131012626414e-19
5.171525277189229719e+00 2.458788050274648745e-19
5.184135447691375909e+00 1.704988256914587880e-19
5.196745618193518546e+00 1.180414600827028476e-19
5.209355788695661182e+00 8.159444848147572625e-20
5.221965959197803819e+00 5.631180955754958415e-20
5.234576129699946456e+00 3.880173678523432912e-20
5.247186300202089093e+00 2.669412149794685924e-20
5.259796470704235283e+00 1.833550442868774784e-20
5.272406641206377920e+00 1.257427141242795054e-20
5.285016811708520557e+00 8.609650321394199046e-21
5.297626982210663193e+00 5.885737479874259817e-21
5.310237152712805830e+00 4.017250655531513384e-21
5.322847323214948467e+00 2.737597644486770801e-21
5.335457493717094657e+00 1.862614284451494706e-21
5.348067664219237294e+00 1.265286399184947103e-21
5.360677834721379931e+00 8.581581421483705305e-22
5.373288005223522568e+00 5.811100276963024995e-22
5.385898175725665205e+00 3.928818303614960372e-22
5.398508346227807841e+00 2.652027537405283689e-22
5.411118516729954031e+00 1.787337643367639030e-22
5.423728687232096668e+00 1.202673221868068388e-22
5.436338857734239305e+00 8.079809562030340993e-23
5.448949028236381942e+00 5.419597464091755606e-23
5.461559198738524579e+00 3.629487777170221931e-23
5.474169369240667216e+00 2.426811393602684202e-23
5.486779539742813405e+00 1.620089736666336825e-23
5.499389710244956042e+00 1.079827674313628291e-23
5.511999880747098679e+00 7.185916272615710005e-24
5.524610051249241316e+00 4.774436780891224693e-24
5.537220221751383953e+00 3.167192178332605037e-24
5.549830392253526590e+00 2.097678559199509786e-24
5.562440562755672779e+00 1.387125308420182211e-24
5.575050733257815416e+00 9.158084892352493358e-25
5.587660903759958053e+00 6.036786644103459203e-25
5.600271074262100690e+00 3.973005456896574984e-25
5.612881244764243327e+00 2.610625937258971600e-25
5.625491415266385964e+00 1.712703826356642124e-25
5.638101585768532154e+00 1.121842787386203768e-25
5.650711756270674790e+00 7.336582830999344947e-26
5.663321926772817427e+00 4.790355270868146683e-26
5.675932097274960064e+00 3.122868347035504449e-26
5.688542267777102701e+00 2.032598788780100605e-26
5.701152438279245338e+00 1.320874829385253965e-26
5.713762608781391528e+00 8.570056048960901003e-27
5.726372779283534165e+00 5.551593226011742362e-27
5.738982949785676801e+00 3.590571423612167299e-27
5.751593120287819438e+00 2.318576567039212607e-27
5.764203290789962075e+00 1.494828037273840236e-27
5.776813461292104712e+00 9.622167871685125159e-28
5.789423631794250902e+00 6.183957659132521019e-28
5.802033802296393539e+00 3.968002619258741238e-28
5.814643972798536176e+00 2.542080150883961660e-28
5.827254143300678813e+00 1.625991823749536843e-28
5.839864313802821449e+00 1.038387103294780794e-28
5.852474484304964086e+00 6.620823432268442076e-29
5.865084654807110276e+00 4.214795433899670665e-29
5.877694825309252913e+00 2.678876869178107877e-29
5.890304995811395550e+00 1.699967985552089863e-29
5.902915166313538187e+00 1.077061381248709334e-29
5.915525336815680824e+00 6.813211481417616497e-30
5.928135507317823460e+00 4.303035918893270331e-30
5.940745677819969650e+00 2.713374517361720455e-30
5.953355848322112287e+00 1.708268625152599220e-30
5.965966018824254924e+00 1.073777307568061599e-30
5.978576189326397561e+00 6.738820625260806512e-31
5.991186359828540198e+00 4.222456380521842838e-31
6.003796530330682835e+00 2.641545106924073418e-31
6.016406700832829024e+00 1.649918367739134265e-31
6.029016871334971661e+00 1.028912477733983091e-31
6.041627041837114298e+00 6.406280411613457205e-32
6.054237212339256935e+00 3.982400851262941922e-32
6.066847382841399572e+00 2.471698537814495613e-32
6.079457553343542209e+00 1.531642870774075297e-32
6.092067723845688398e+00 9.476129676230359937e-33
6.104677894347831035e+00 5.853504125701188936e-33
6.117288064849973672e+00 3.610042364727557569e-33
6.129898235352116309e+00 2.222900831543655758e-33
6.142508405854258946e+00 1.366593284839036273e-33
6.155118576356401583e+00 8.388221014665726774e-34
6.167728746858547773e+00 5.140576422652208778e-34
6.180338917360690409e+00 3.145322141807196005e-34
6.192949087862833046e+00 1.921453088988651525e-34
6.205559258364975683e+00 1.171941047068283475e-34
6.218169428867118320e+00 7.136627940757106547e-35
6.230779599369264510e+00 4.339019896113141313e-35
6.243389769871407147e+00 2.633913493557355442e-35
6.255999940373549784e+00 1.596329861262435446e-35
6.268610110875692421e+00 9.659508256656479436e-36
6.281220281377835057e+00 5.835776262700776269e-36
6.293830451879977694e+00 3.520087573991056348e-36
6.306440622382123884e+00 2.119920175672290003e-36
6.319050792884266521e+00 1.274666987992673791e-36
6.331660963386409158e+00 7.652179416193882705e-37
6.344271133888551795e+00 4.586534987545321780e-37
6.356881304390694432e+00 2.744703422245914560e-37
6.369491474892837068e+00 1.639899633162773171e-37
6.382101645394983258e+00 9.782508436190332364e-38
6.394711815897125895e+00 5.826319501466423360e-38
6.407321986399268532e+00 3.464570881910676147e-38
6.419932156901411169e+00 2.056911849721456120e-38
6.432542327403553806e+00 1.219250577047213142e-38
6.445152497905696443e+00 7.215747141980528664e-39
6.457762668407842632e+00 4.263641441632764804e-39
6.470372838909985269e+00 2.515307363692972887e-39
6.482983009412127906e+00 1.481536837745444113e-39
6.495593179914270543e+00 8.712541059195904915e-40
6.508203350416413180e+00 5.115501289148686155e-40
6.520813520918555817e+00 2.998765617842623387e-40
6.533423691420702006e+00 1.755123969495603449e-40
6.546033861922844643e+00 1.025614160755115640e-40
6.558644032424987280e+00 5.983718344944020574e-41
6.571254202927129917e+00 3.485532907094901796e-41
6.583864373429272554e+00 2.027113790417585145e-41
6.596474543931415191e+00 1.177058241067117932e-41
6.609084714433561381e+00 6.823837037020389392e-42
6.621694884935704017e+00 3.949755369173686585e-42
6.634305055437846654e+00 2.282562056211785639e-42
6.646915225939989291e+00 1.317000136715573462e-42
6.659525396442131928e+00 7.586821471791301480e-43
6.672135566944274565e+00 4.363597803954795336e-43
6.684745737446420755e+00 2.505765104186740783e-43
6.697355907948563392e+00 1.436636112299575936e-43
6.709966078450706028e+00 8.223637687185294002e-44
6.722576248952848665e+00 4.699935650517120230e-44
6.735186419454991302e+00 2.681826003022344491e-44
6.747796589957133939e+00 1.527847515870965310e-44
6.760406760459280129e+00 8.690407562121188383e-45
6.773016930961422766e+00 4.935270726871971969e-45
6.785627101463565403e+00 2.798288644592850559e-45
6.798237271965708040e+00 1.584107751852066424e-45
6.810847442467850676e+00 8.953391935130195384e-46
6.823457612969993313e+00 5.052439582491109272e-46
6.836067783472139503e+00 2.846592529511063226e-46
6.848677953974282140e+00 1.601253578458794967e-46
6.861288124476424777e+00 8.993019622319667973e-47
6.873898294978567414e+00 5.042681939909795639e-47
6.886508465480710051e+00 2.823112649115936760e-47
6.899118635982852688e+00 1.577994275642152417e-47
6.911728806484998877e+00 8.806294627167197178e-48
6.924338976987141514e+00 4.906723208990921596e-48
6.936949147489284151e+00 2.729609100905029924e-48
6.949559317991426788e+00 1.516072229128213493e-48
6.962169488493569425e+00 8.407170469885903845e-49
6.974779658995712062e+00 4.654685354456298500e-49
6.987389829497858251e+00 2.573009013286313302e-49
7.000000000000000888e+00 1.420047193062080889e-49
