-7.000000000000000888e+00 6.519325871311719598e-98
-6.987389829497858251e+00 1.832899579005780832e-97
-6.974779658995713838e+00 5.140797849003036149e-97
-6.962169488493571201e+00 1.438395323361269633e-96
-6.949559317991428564e+00 4.014966134903198872e-96
-6.936949147489284151e+00 1.117998977143618253e-95
-6.924338976987141514e+00 3.105680884892738369e-95
-6.911728806484998877e+00 8.606531496355898286e-95
-6.899118635982854464e+00 2.379334018447012461e-94
-6.886508465480711827e+00 6.562035736275087988e-94
-6.873898294978569190e+00 1.805417724428777794e-93
-6.861288124476424777e+00 4.955331959927563057e-93
-6.848677953974282140e+00 1.356824739836456043e-92
-6.836067783472139503e+00 3.706215863846299813e-92
-6.823457612969995090e+00 1.009935485260924753e-91
-6.810847442467852453e+00 2.745443593869430246e-91
-6.798237271965709816e+00 7.445389098203911434e-91
-6.785627101463565403e+00 2.014272672793479760e-90
-6.773016930961422766e+00 5.436321324896607853e-90
-6.760406760459280129e+00 1.463686208638036253e-89
-6.747796589957135716e+00 3.931396576972503926e-89
-6.735186419454993079e+00 1.053420462262464637e-88
-6.722576248952850442e+00 2.815870472069789493e-88
-6.709966078450706028e+00 7.508957293069511211e-88
-6.697355907948563392e+00 1.997572912185955307e-87
-6.684745737446420755e+00 5.301291676984242706e-87
-6.672135566944276341e+00 1.403514233862080012e-86
-6.659525396442133705e+00 3.706875617119008782e-86
-6.646915225939991068e+00 9.766867253589108985e-86
-6.634305055437846654e+00 2.567193734280412881e-85
-6.621694884935704017e+00 6.731596865376412779e-85
-6.609084714433561381e+00 1.760895809620709072e-84
-6.596474543931416967e+00 4.595209691950079344e-84
-6.583864373429274330e+00 1.196280796092876580e-83
-6.571254202927131693e+00 3.106826918516840631e-83
-6.558644032424987280e+00 8.049281726416970762e-83
-6.546033861922844643e+00 2.080431141926046375e-82
-6.533423691420702006e+00 5.364209396143338709e-82
-6.520813520918557593e+00 1.379794045664553976e-81
-6.508203350416414956e+00 3.540617299859950616e-81
-6.495593179914272319e+00 9.063582526184825588e-81
-6.482983009412127906e+00 2.314605575905009736e-80
-6.470372838909985269e+00 5.896717213686369807e-80
-6.457762668407842632e+00 1.498648629421689503e-79
-6.445152497905698219e+00 3.799667235760256369e-79
-6.432542327403555582e+00 9.610534452406752406e-79
-6.419932156901412945e+00 2.424966583238486363e-78
-6.407321986399268532e+00 6.104080165778036745e-78
-6.394711815897125895e+00 1.532819302415838064e-77
-6.382101645394983258e+00 3.839882757457706969e-77
-6.369491474892838845e+00 9.596243274566455249e-77
-6.356881304390696208e+00 2.392438735583179585e-76
-6.344271133888551795e+00 5.950270410416477513e-76
-6.331660963386409158e+00 1.476348514020891040e-75
-6.319050792884266521e+00 3.654242809863849761e-75
-6.306440622382123884e+00 9.023234464117702759e-75
-6.293830451879979471e+00 2.222713183654251851e-74
-6.281220281377836834e+00 5.462116520425108301e-74
-6.268610110875692421e+00 1.339044030889843647e-73
-6.255999940373549784e+00 3.274802611535278379e-73
-6.243389769871407147e+00 7.989724081120053572e-73
-6.230779599369264510e+00 1.944620362144191171e-72
-6.218169428867120097e+00 4.721655324275176677e-72
-6.205559258364977460e+00 1.143694804070156188e-71
-6.192949087862833046e+00 2.763646181695381937e-71
-6.180338917360690409e+00 6.662100371352603077e-71
-6.167728746858547773e+00 1.602124823735575484e-70
-6.155118576356405136e+00 3.843598245613903431e-70
-6.142508405854260722e+00 9.198904144610591167e-70
-6.129898235352118085e+00 2.196295043474665553e-69
-6.117288064849973672e+00 5.231205270905237152e-69
-6.104677894347831035e+00 1.242994898295449473e-68
-6.092067723845688398e+00 2.946411802193319314e-68
-6.079457553343545761e+00 6.967453378706758651e-68
-6.066847382841401348e+00 1.643657158428877337e-67
-6.054237212339258711e+00 3.868164629569707771e-67
-6.041627041837114298e+00 9.081450600459138228e-67
-6.029016871334971661e+00 2.126973473776690422e-66
-6.016406700832829024e+00 4.969646615173477012e-66
-6.003796530330684611e+00 1.158365299115132190e-65
-5.991186359828541974e+00 2.693532248278657576e-65
-5.978576189326399337e+00 6.248207465359897196e-65
-5.965966018824254924e+00 1.445923569163720818e-64
-5.953355848322112287e+00 3.338042627906853660e-64
-5.940745677819969650e+00 7.687676119841215591e-64
-5.928135507317827013e+00 1.766261282323809583e-63
-5.915525336815682600e+00 4.048288950430525252e-63
-5.902915166313539963e+00 9.256456260809849169e-63
-5.890304995811395550e+00 2.111420395603806705e-62
-5.877694825309252913e+00 4.804645980108727425e-62
-5.865084654807110276e+00 1.090698732776383595e-61
-5.852474484304965863e+00 2.470045604133722941e-61
-5.839864313802823226e+00 5.580355869634223940e-61
-5.827254143300680589e+00 1.257695750613728071e-60
-5.814643972798536176e+00 2.827782997746019087e-60
-5.802033802296393539e+00 6.342688238381504340e-60
-5.789423631794250902e+00 1.419245302874572597e-59
-5.776813461292106489e+00 3.168096443702502630e-59
-5.764203290789963852e+00 7.054986126532031922e-59
-5.751593120287821215e+00 1.567295149826587412e-58
-5.738982949785676801e+00 3.473459861123943337e-58
-5.726372779283534165e+00 7.679459652563397500e-58
-5.713762608781391528e+00 1.693775859997936365e-57
-5.701152438279247114e+00 3.726817504632772028e-57
-5.688542267777104477e+00 8.180450867146464713e-57
-5.675932097274961841e+00 1.791320495839922112e-56
-5.663321926772818315e+00 3.913148278097764041e-56
-5.650711756270674790e+00 8.527785815042405479e-56
-5.638101585768532154e+00 1.853972329446633595e-55
-5.625491415266388628e+00 4.020936470631751646e-55
-5.612881244764245103e+00 8.699778378511050869e-55
-5.600271074262102466e+00 1.877786432623316818e-54
-5.587660903759958941e+00 4.043349188766692260e-54
-5.575050733257815416e+00 8.685470741507835379e-54
-5.562440562755672779e+00 1.861240738397036777e-53
-5.549830392253529254e+00 3.978953180828956490e-53
-5.537220221751385729e+00 8.485788732793962857e-53
-5.524610051249243092e+00 1.805397031231057196e-52
-5.511999880747099567e+00 3.831866512262163460e-52
-5.499389710244956042e+00 8.113442706702738473e-52
-5.486779539742813405e+00 1.713788194566091992e-51
-5.474169369240669880e+00 3.611322778584770228e-51
-5.461559198738526355e+00 7.591588709976763866e-51
-5.448949028236382830e+00 1.592048359267054857e-50
-5.436338857734240193e+00 3.330711961413626747e-50
-5.423728687232096668e+00 6.951445971648950622e-50
-5.411118516729953143e+00 1.447339775134883275e-49
-5.398508346227810506e+00 3.006236412897925098e-49
-5.385898175725666981e+00 6.229211395906278345e-49
-5.373288005223523456e+00 1.287657407152469320e-48
-5.360677834721380819e+00 2.655369309187125110e-48
-5.348067664219237294e+00 5.462694204440055899e-48
-5.335457493717093769e+00 1.121104830316497479e-47
-5.322847323214951132e+00 2.295318467509774657e-47
-5.310237152712807607e+00 4.688102402666038671e-47
-5.297626982210664082e+00 9.552315486645620362e-47
-5.285016811708520557e+00 1.941680073312394764e-46
-5.272406641206377920e+00 3.937351217161879935e-46
-5.259796470704234395e+00 7.965042984103946464e-46
-5.247186300202090870e+00 1.607420843219413899e-45
-5.234576129699948233e+00 3.236149600934494848e-45
-5.221965959197804708e+00 6.499577499715660869e-45
-5.209355788695661182e+00 1.302264568034344043e-44
-5.196745618193518546e+00 2.602980430789589160e-44
-5.184135447691375020e+00 5.190392278255926881e-44
-5.171525277189231495e+00 1.032492917421743819e-43
-5.158915106687088858e+00 2.048951225806305969e-43
-5.146304936184945333e+00 4.056335045212751083e-43
-5.133694765682801808e+00 8.011128525683452333e-43
-5.121084595180659171e+00 1.578378948246089757e-42
-5.108474424678515646e+00 3.102319922087363869e-42
-5.095864254176372121e+00 6.083025343362339995e-42
-5.083254083674229484e+00 1.189899913786247371e-41
-5.070643913172085959e+00 2.321982939675590181e-41
-5.058033742669942434e+00 4.520280877938439074e-41
-5.045423572167799797e+00 8.778688633770296981e-41
-5.032813401665656272e+00 1.700794012477785605e-40
-5.020203231163512747e+00 3.287241882003336943e-40
-5.007593060661370110e+00 6.338251930340293696e-40
-4.994982890159226585e+00 1.219172752500526949e-39
-4.982372719657083060e+00 2.339477839917149582e-39
-4.969762549154940423e+00 4.478479426293637737e-39
-4.957152378652796898e+00 8.552640427890542470e-39
-4.944542208150653373e+00 1.629400516247459909e-38
-4.931932037648510736e+00 3.096802538143292466e-38
-4.919321867146367211e+00 5.871610401579112963e-38
-4.906711696644223686e+00 1.110603464447749606e-37
-4.894101526142081049e+00 2.095650793993558485e-37
-4.881491355639937524e+00 3.944908480338620404e-37
-4.868881185137793999e+00 7.408206783297819898e-37
-4.856271014635651362e+00 1.387865667377384538e-36
-4.843660844133507837e+00 2.593820782926419904e-36
-4.831050673631364312e+00 4.836049314787337947e-36
-4.818440503129221675e+00 8.994970078150377064e-36
-4.805830332627078150e+00 1.669040970068155086e-35
-4.793220162124934625e+00 3.089531089517270172e-35
-4.780609991622791988e+00 5.705273464861984353e-35
-4.767999821120648463e+00 1.051038710109021827e-34
-4.755389650618504938e+00 1.931609502242310714e-34
-4.742779480116362301e+00 3.541427515375953134e-34
-4.730169309614218776e+00 6.477326821685491142e-34
-4.717559139112075250e+00 1.181875472611762430e-33
-4.704948968609932614e+00 2.151325438472016323e-33
-4.692338798107789088e+00 3.906600633548443607e-33
-4.679728627605645563e+00 7.077020575979443285e-33
-4.667118457103502926e+00 1.278970321980887790e-32
-4.654508286601359401e+00 2.305839477935247628e-32
-4.641898116099215876e+00 4.147212579027876693e-32
-4.629287945597073239e+00 7.441186267153554033e-32
-4.616677775094929714e+00 1.331946361287571094e-31
-4.604067604592786189e+00 2.378427983732341368e-31
-4.591457434090643552e+00 4.236937095199043168e-31
-4.578847263588500027e+00 7.529615442794397826e-31
-4.566237093086356502e+00 1.334911198054063835e-30
-4.553626922584213865e+00 2.360971728233364472e-30
-4.541016752082070340e+00 4.165700650462089144e-30
-4.528406581579926815e+00 7.332367465092432419e-30
-4.515796411077784178e+00 1.287535786034893928e-29
-4.503186240575640653e+00 2.255450763149380695e-29
-4.490576070073497128e+00 3.941544007329337521e-29
-4.477965899571354491e+00 6.871608812534316475e-29
-4.465355729069210966e+00 1.195114533584857453e-28
-4.452745558567067441e+00 2.073574828136906065e-28
-4.440135388064924804e+00 3.589128555697315552e-28
-4.427525217562781279e+00 6.197513299573618850e-28
-4.414915047060637754e+00 1.067591495740047567e-27
-4.402304876558495117e+00 1.834644667525700102e-27
-4.389694706056351592e+00 3.145271023077373955e-27
-4.377084535554208067e+00 5.379271610263545867e-27
-4.364474365052065430e+00 9.178003018934185269e-27
-4.351864194549921905e+00 1.562184334122147520e-26
-4.339254024047778380e+00 2.652624370996214390e-26
-4.326643853545635743e+00 4.493437068614932081e-26
-4.314033683043492218e+00 7.593483259141795736e-26
-4.301423512541348693e+00 1.280156072702173315e-25
-4.288813342039206056e+00 2.153001556265261311e-25
-4.276203171537062531e+00 3.612312771596925979e-25
-4.263593001034919006e+00 6.046248148052887079e-25
-4.250982830532776369e+00 1.009592799678617958e-24
-4.238372660030632844e+00 1.681768512719844598e-24
-4.225762489528489319e+00 2.794769043446371069e-24
-4.213152319026346682e+00 4.633246490041107792e-24
-4.200542148524203157e+00 7.662750781479368723e-24
-4.187931978022059631e+00 1.264281699531769461e-23
-4.175321807519916995e+00 2.080956001620718064e-23
-4.162711637017773469e+00 3.416975629203776943e-23
-4.150101466515629944e+00 5.597329116443648814e-23
-4.137491296013487307e+00 9.147024181102704586e-23
-4.124881125511343782e+00 1.491210230588620809e-22
-4.112270955009200257e+00 2.425258463548455629e-22
-4.099660784507057620e+00 3.934932924218036849e-22
-4.087050614004914095e+00 6.369081893696894735e-22
-4.074440443502770570e+00 1.028434344813242749e-21
-4.061830273000627933e+00 1.656672236579206011e-21
-4.049220102498484408e+00 2.662299718828772631e-21
-4.036609931996340883e+00 4.268130345145355402e-21
-4.023999761494198246e+00 6.826197093880141720e-21
-4.011389590992054721e+00 1.089131808985659646e-20
-3.998779420489911196e+00 1.733574767617253237e-20
-3.986169249987768559e+00 2.752740525670703367e-20
-3.973559079485625034e+00 4.360623479802221751e-20
-3.960948908983481509e+00 6.891163645104947607e-20
-3.948338738481338872e+00 1.086418742296133031e-19
-3.935728567979194459e+00 1.708687714629631082e-19
-3.923118397477051822e+00 2.680951497543887747e-19
-3.910508226974909185e+00 4.196392294009416104e-19
-3.897898056472764772e+00 6.552757863009175053e-19
-3.885287885970622135e+00 1.020782292192157136e-18
-3.872677715468479498e+00 1.586365133413635053e-18
-3.860067544966335085e+00 2.459428826227985964e-18
-3.847457374464192448e+00 3.803877222445030196e-18
-3.834847203962049811e+00 5.869213479596927636e-18
-3.822237033459905398e+00 9.034301101915632838e-18
-3.809626862957762761e+00 1.387300398010427280e-17
-3.797016692455620124e+00 2.125239175209193744e-17
-3.784406521953475711e+00 3.247928978941564409e-17
-3.771796351451333074e+00 4.951841132495146592e-17
-3.759186180949190437e+00 7.531620139206503871e-17
-3.746576010447046023e+00 1.142803860496164467e-16
-3.733965839944903387e+00 1.729882619925092076e-16
-3.721355669442760750e+00 2.612301372242182524e-16
-3.708745498940616336e+00 3.935425451172788330e-16
-3.696135328438473699e+00 5.914553054797335398e-16
-3.683525157936331063e+00 8.867762788501034556e-16
-3.670914987434186649e+00 1.326380596486838487e-15
-3.658304816932044012e+00 1.979175355640279737e-15
-3.645694646429901375e+00 2.946201703486299102e-15
-3.633084475927756962e+00 4.375249574997924829e-15
-3.620474305425614325e+00 6.481945967244032663e-15
-3.607864134923471688e+00 9.580105011493949805e-15
-3.595253964421327275e+00 1.412529378146461545e-14
-3.582643793919184638e+00 2.077720546744293959e-14
-3.570033623417041113e+00 3.048872591244547065e-14
-3.557423452914897588e+00 4.463278479461081645e-14
-3.544813282412754951e+00 6.518254794609622722e-14
-3.532203111910611426e+00 9.496671002494863854e-14
-3.519592941408467901e+00 1.380302386075764925e-13
-3.506982770906325264e+00 2.001427880222476913e-13
-3.494372600404181739e+00 2.895133456476304862e-13
-3.481762429902038214e+00 4.177921194251659713e-13
-3.469152259399895577e+00 6.014714120270545051e-13
-3.456542088897752052e+00 8.638391950900615939e-13
-3.443931918395608527e+00 1.237696233925083635e-12
-3.431321747893465890e+00 1.769125175483980021e-12
-3.418711577391322365e+00 2.522704994191899835e-12
-3.406101406889178840e+00 3.588705868029863547e-12
-3.393491236387036203e+00 5.092990194955778515e-12
-3.380881065884892678e+00 7.210601218262629150e-12
-3.368270895382749153e+00 1.018436283504527939e-11
-3.355660724880606516e+00 1.435027040192088648e-11
-3.343050554378462991e+00 2.017205898193168325e-11
-3.330440383876319466e+00 2.828813964169765975e-11
-3.317830213374176829e+00 3.957515720783379780e-11
-3.305220042872033304e+00 5.523382323944999112e-11
-3.292609872369889779e+00 7.690451743857895824e-11
-3.279999701867747142e+00 1.068225595784308036e-10
-3.267389531365603617e+00 1.480261987883675347e-10
-3.254779360863460091e+00 2.046344597563711514e-10
-3.242169190361317455e+00 2.822172952025805433e-10
-3.229559019859173929e+00 3.882873611001366554e-10
-3.216948849357030404e+00 5.329515842116443851e-10
-3.204338678854887767e+00 7.297720685327932191e-10
-3.191728508352744242e+00 9.969004608056796267e-10
-3.179118337850600717e+00 1.358568503127914759e-09
-3.166508167348458080e+00 1.847041182199275498e-09
-3.153897996846314555e+00 2.505168924286804889e-09
-3.141287826344171030e+00 3.389713263320344252e-09
-3.128677655842028393e+00 4.575668264216377689e-09
-3.116067485339884868e+00 6.161860079536071208e-09
-3.103457314837741343e+00 8.278182229212260449e-09
-3.090847144335598706e+00 1.109491799841967947e-08
-3.078236973833455181e+00 1.483471793755899721e-08
-3.065626803331311656e+00 1.978794484489827890e-08
-3.053016632829169019e+00 2.633227681274567140e-08
-3.040406462327025494e+00 3.495767804339519627e-08
-3.027796291824881969e+00 4.629811560670459584e-08
-3.015186121322739332e+00 6.117172800970258316e-08
-3.002575950820595807e+00 8.063154994667932806e-08
-2.989965780318452282e+00 1.060293803439881314e-07
-2.977355609816309645e+00 1.390959633510190180e-07
-2.964745439314166120e+00 1.820413521126339299e-07
-2.952135268812022595e+00 2.376801633658900202e-07
-2.939525098309879958e+00 3.095874302297566310e-07
-2.926914927807736433e+00 4.022919469824536659e-07
-2.914304757305592908e+00 5.215154021456072639e-07
-2.901694586803450271e+00 6.744672469052557084e-07
-2.889084416301306746e+00 8.702071799685581859e-07
-2.876474245799163221e+00 1.120089385530792150e-06
-2.863864075297020584e+00 1.438305279007245355e-06
-2.851253904794877059e+00 1.842544538817528174e-06
-2.838643734292733534e+00 2.354797676824236673e-06
-2.826033563790590897e+00 3.002327371019102615e-06
-2.813423393288447372e+00 3.818840297621808297e-06
-2.800813222786303847e+00 4.845896300339763736e-06
-2.788203052284161210e+00 6.134597463403826666e-06
-2.775592881782017685e+00 7.747606048159525177e-06
-2.762982711279874160e+00 9.761547338724740059e-06
-2.750372540777731523e+00 1.226986123818157447e-05
-2.737762370275587998e+00 1.538617496652766023e-05
-2.725152199773444472e+00 1.924827842098283866e-05
-2.712542029271301836e+00 2.402279363192663040e-05
-2.699931858769158310e+00 2.991064022064258309e-05
-2.687321688267014785e+00 3.715340974338764482e-05
-2.674711517764872148e+00 4.604077315811801961e-05
-2.662101347262728623e+00 5.691905720108889896e-05
-2.649491176760585098e+00 7.020113698796169230e-05
-2.636881006258442461e+00 8.637780338226338714e-05
-2.624270835756298936e+00 1.060307742687188954e-04
-2.611660665254155411e+00 1.298475284335595160e-04
-2.599050494752012774e+00 1.586381488254648181e-04
-2.586440324249869249e+00 1.933543680185880083e-04
-2.573830153747725724e+00 2.351110121235299149e-04
-2.561219983245583087e+00 2.852100395269861646e-04
-2.548609812743439562e+00 3.451673669561943370e-04
-2.535999642241296037e+00 4.167426666748799084e-04
-2.523389471739152512e+00 5.019723042910438030e-04
-2.510779301237009875e+00 6.032055658290624194e-04
-2.498169130734866350e+00 7.231442945099217671e-04
-2.485558960232722825e+00 8.648860212212711998e-04
-2.472948789730580188e+00 1.031970627102819001e-03
-2.460338619228436663e+00 1.228430521246167296e-03
-2.447728448726293138e+00 1.458844250530823240e-03
-2.435118278224150501e+00 1.728393381547388462e-03
-2.422508107722006976e+00 2.042922406026508389e-03
-2.409897937219863451e+00 2.409001321056079316e-03
-2.397287766717720814e+00 2.833990423749008745e-03
-2.384677596215577289e+00 3.326106737360209030e-03
-2.372067425713433764e+00 3.894491352937876766e-03
-2.359457255211291127e+00 4.549276828629991547e-03
-2.346847084709147602e+00 5.301653639392021021e-03
-2.334236914207004077e+00 6.163934515161196941e-03
-2.321626743704861440e+00 7.149615348189628829e-03
-2.309016573202717915e+00 8.273431193260431457e-03
-2.296406402700574390e+00 9.551405731570346627e-03
-2.283796232198431753e+00 1.100089242424865700e-02
-2.271186061696288228e+00 1.264060544933657583e-02
-2.258575891194144702e+00 1.449063840153433542e-02
-2.245965720692002066e+00 1.657246864240379675e-02
-2.233355550189858540e+00 1.890894512547966477e-02
-2.220745379687715015e+00 2.152425749152618931e-02
-2.208135209185572378e+00 2.444388423953609141e-02
-2.195525038683428853e+00 2.769451783442954465e-02
-2.182914868181285328e+00 3.130396471778951889e-02
-2.170304697679142691e+00 3.530101834790144721e-02
-2.157694527176999166e+00 3.971530361357366451e-02
-2.145084356674855641e+00 4.457709124553167063e-02
-2.132474186172713004e+00 4.991708119129326104e-02
-2.119864015670569479e+00 5.576615432467048328e-02
-2.107253845168425954e+00 6.215509232818847152e-02
-2.094643674666283317e+00 6.911426611307344703e-02
-2.082033504164139792e+00 7.667329372220019201e-02
-2.069423333661996267e+00 8.486066929020018301e-02
-2.056813163159853630e+00 9.370336530328711444e-02
-2.044202992657710105e+00 1.032264110989826456e-01
-2.031592822155566580e+00 1.134524512606058244e-01
-2.018982651653423943e+00 1.244012882794055391e-01
-2.006372481151280418e+00 1.360894145629528429e-01
-1.993762310649136893e+00 1.485295395455389356e-01
-1.981152140146994256e+00 1.617301182869506637e-01
-1.968541969644850731e+00 1.756948885123127968e-01
-1.955931799142707206e+00 1.904224235291622769e-01
-1.943321628640564569e+00 2.059057088408888514e-01
-1.930711458138421044e+00 2.221317505408527126e-01
-1.918101287636277519e+00 2.390812237034411480e-01
-1.905491117134134882e+00 2.567281689731126804e-01
-1.892880946631991357e+00 2.750397453788794300e-01
-1.880270776129847832e+00 2.939760470611423315e-01
-1.867660605627705195e+00 3.134899910856232541e-01
-1.855050435125561670e+00 3.335272828334889805e-01
-1.842440264623418145e+00 3.540264646010172211e-01
-1.829830094121275508e+00 3.749190520227821399e-01
-1.817219923619131983e+00 3.961297617611440058e-01
-1.804609753116988458e+00 4.175768325969744232e-01
-1.791999582614845821e+00 4.391724406327201513e-01
-1.779389412112702296e+00 4.608232078017567845e-01
-1.766779241610558771e+00 4.824308012960530356e-01
-1.754169071108415245e+00 5.038926199065242306e-01
-1.741558900606272609e+00 5.251025616507505323e-01
-1.728948730104129083e+00 5.459518654743291677e-01
-1.716338559601985558e+00 5.663300182908214131e-01
-1.703728389099842921e+00 5.861257172051543840e-01
-1.691118218597699396e+00 6.052278754814452988e-01
-1.678508048095555871e+00 6.235266596994284427e-01
-1.665897877593413234e+00 6.409145446244139954e-01
-1.653287707091269709e+00 6.572873716186613535e-01
-1.640677536589126184e+00 6.725453959691454209e-01
-1.628067366086983547e+00 6.865943083136382130e-01
-1.615457195584840022e+00 6.993462154243992313e-01
-1.602847025082696497e+00 7.107205659610518200e-01
-1.590236854580553860e+00 7.206450074299719510e-01
-1.577626684078410335e+00 7.290561614771522425e-01
-1.565016513576266810e+00 7.359003057826986050e-01
-1.552406343074124173e+00 7.411339521954403153e-01
-1.539796172571980648e+00 7.447243123202724746e-01
-1.527186002069837123e+00 7.466496435187853775e-01
-1.514575831567694486e+00 7.468994701686033633e-01
-1.501965661065550961e+00 7.454746770114262233e-01
-1.489355490563407436e+00 7.423874734633103545e-01
-1.476745320061264799e+00 7.376612298201193907e-01
-1.464135149559121274e+00 7.313301883249557767e-01
-1.451524979056977749e+00 7.234390540307485962e-01
-1.438914808554835112e+00 7.140424722500146038e-01
-1.426304638052691587e+00 7.032044010989774163e-01
-1.413694467550548062e+00 6.909973891805196722e-01
-1.401084297048405425e+00 6.775017697823655372e-01
-1.388474126546261900e+00 6.628047840685972192e-01
-1.375863956044118375e+00 6.469996465975376143e-01
-1.363253785541975738e+00 6.301845670939483224e-01
-1.350643615039832213e+00 6.124617427340324216e-01
-1.338033444537688688e+00 5.939363352665077977e-01
-1.325423274035546051e+00 5.747154471002791087e-01
-1.312813103533402526e+00 5.549071100490670094e-01
-1.300202933031259001e+00 5.346192997540261116e-01
-1.287592762529116364e+00 5.139589879280040963e-01
-1.274982592026972839e+00 4.930312435051380504e-01
-1.262372421524829313e+00 4.719383925654860867e-01
-1.249762251022686677e+00 4.507792455673450549e-01
-1.237152080520543151e+00 4.296483989915648172e-01
-1.224541910018399626e+00 4.086356170157879331e-01
-1.211931739516256989e+00 3.878252973240081669e-01
-1.199321569014113464e+00 3.672960236499901443e-01
-1.186711398511969939e+00 3.471202061814454010e-01
-1.174101228009827302e+00 3.273638095422758965e-01
-1.161491057507683777e+00 3.080861667476548771e-01
-1.148880887005540252e+00 2.893398763115084815e-01
-1.136270716503397615e+00 2.711707785958742956e-01
-1.123660546001254090e+00 2.536180065398425665e-01
-1.111050375499110565e+00 2.367141051021600939e-01
-1.098440204996967928e+00 2.204852131013887162e-01
-1.085830034494824403e+00 2.049513006432026052e-01
-1.073219863992680878e+00 1.901264549839140061e-01
-1.060609693490538241e+00 1.760192074880691515e-01
-1.047999522988394716e+00 1.626328942882004358e-01
-1.035389352486251191e+00 1.499660433363644019e-01
-1.022779181984108554e+00 1.380127807376987370e-01
-1.010169011481965029e+00 1.267632495622870170e-01
-9.975588409798215039e-01 1.162040347280512559e-01
-9.849486704776788670e-01 1.063185880188205756e-01
-9.723384999755353419e-01 9.708764783233492235e-02
-9.597283294733918169e-01 8.848964882708316992e-02
-9.471181589712491800e-01 8.050111723951534903e-02
-9.345079884691056549e-01 7.309704826002848266e-02
-9.218978179669621298e-01 6.625126247397129797e-02
-9.092876474648186047e-01 5.993673898089283553e-02
-8.966774769626759678e-01 5.412592339086289700e-02
-8.840673064605324427e-01 4.879100945199657535e-02
-8.714571359583889176e-01 4.390419358097021746e-02
-8.588469654562462807e-01 3.943790204249423420e-02
-8.462367949541027556e-01 3.536499095026668371e-02
-8.336266244519592306e-01 3.165891963804579046e-02
-8.210164539498165936e-01 2.829389827378715055e-02
-8.084062834476730686e-01 2.524501086218518264e-02
-7.957961129455295435e-01 2.248831500236769115e-02
-7.831859424433869066e-01 2.000091993986149660e-02
-7.705757719412433815e-01 1.776104457798701949e-02
-7.579656014390998564e-01 1.574805719688970526e-02
-7.453554309369572195e-01 1.394249867229485976e-02
-7.327452604348136944e-01 1.232609099494430711e-02
-7.201350899326701693e-01 1.088173286987003351e-02
-7.075249194305275324e-01 9.593484126586700536e-03
-6.949147489283840073e-01 8.446540601325875156e-03
-6.823045784262404823e-01 7.427201064807312757e-03
-6.696944079240978454e-01 6.522827667766183633e-03
-6.570842374219543203e-01 5.721801265282563595e-03
-6.444740669198107952e-01 5.013472863303076316e-03
-6.318638964176681583e-01 4.388112309673507759e-03
-6.192537259155246332e-01 3.836855230219896225e-03
-6.066435554133811081e-01 3.351649090236514389e-03
-5.940333849112384712e-01 2.925199145107427665e-03
-5.814232144090949461e-01 2.550914932292274243e-03
-5.688130439069514210e-01 2.222857851779819378e-03
-5.562028734048087841e-01 1.935690284281008566e-03
-5.435927029026652590e-01 1.684626606528320022e-03
-5.309825324005217340e-01 1.465386381445543717e-03
-5.183723618983790971e-01 1.274149927798992610e-03
-5.057621913962355720e-01 1.107516409197986922e-03
-4.931520208940920469e-01 9.624645257718172572e-04
-4.805418503919494100e-01 8.363158431810016006e-04
-4.679316798898058849e-01 7.267007523874093652e-04
-4.553215093876623598e-01 6.315270193020888984e-04
-4.427113388855197229e-01 5.489508554906779528e-04
-4.301011683833761978e-01 4.773504189561391243e-04
-4.174909978812326727e-01 4.153016370340660958e-04
-4.048808273790900358e-01 3.615562310291920529e-04
-3.922706568769465107e-01 3.150218138104528558e-04
-3.796604863748029857e-01 2.747439266080849477e-04
-3.670503158726603488e-01 2.398898791953217363e-04
-3.544401453705168237e-01 2.097342580034349088e-04
-3.418299748683732986e-01 1.836459690666712491e-04
-3.292198043662306617e-01 1.610766866224197155e-04
-3.166096338640871366e-01 1.415505833441858341e-04
-3.039994633619436115e-01 1.246552242467421792e-04
-2.913892928598009746e-01 1.100335130019558787e-04
-2.787791223576574495e-01 9.737658650786831110e-05
-2.661689518555139244e-01 8.641756086685358060e-05
-2.535587813533712875e-01 7.692603928928324079e-05
-2.409486108512277625e-01 6.870329971628015130e-05
-2.283384403490842374e-01 6.157808704487548396e-05
-2.157282698469416005e-01 5.540294166194400686e-05
-2.031180993447980754e-01 5.005100249113176414e-05
-1.907296212577645478e-01 4.548915048275350731e-05
-1.790751809198734557e-01 4.174706944131098313e-05
-1.681328766829025823e-01 3.866004530154318943e-05
-1.578591939883211837e-01 3.609539779014166611e-05
-1.482132772030496648e-01 3.395110243121251306e-05
-1.391567671477560997e-01 3.214791840332656262e-05
-1.306536485528615454e-01 3.062371086478417971e-05
-1.226701068356443602e-01 2.932931450616150083e-05
-1.151743936288669723e-01 2.822549047484304360e-05
-1.081367005261812397e-01 2.728066652993521457e-05
-1.015290405422311915e-01 2.646924354961383640e-05
-9.532513681604738720e-02 2.577031529179575620e-05
-8.950031811513789459e-02 2.516669234029127739e-05
-8.403142072473115953e-02 2.464415184824672811e-05
-7.889669633199995757e-02 2.419085625935754675e-05
-7.407572553895482026e-02 2.379689948251855568e-05
-6.954933666007066806e-02 2.345394993305067438e-05
-6.529952948172380867e-02 2.315496773824693793e-05
-6.130940368025181858e-02 2.289397913317152005e-05
-5.756309161397969026e-02 2.266589526537343924e-05
-5.404569522193657799e-02 2.246636571820219704e-05
-5.074322677833183887e-02 2.229165935699820367e-05
-4.764255326718694339e-02 2.213856681718519561e-05
-4.473134415591366320e-02 2.200432024295812970e-05
-4.199802236014917034e-02 2.188652686124994368e-05
-3.943171820485173729e-02 2.178311371870434248e-05
-3.702222619856760516e-02 2.169228147836261287e-05
-3.475996444897584692e-02 2.161246561096906725e-05
-3.263593655831751456e-02 2.154230365511447545e-05
-3.064169584717604811e-02 2.148060748464164889e-05
-2.876931176433708895e-02 2.142633972854833383e-05
-2.701133834915109624e-02 2.137859365137056899e-05
-2.536078462097863737e-02 2.133657593077794949e-05
-2.381108677796769241e-02 2.129959187148783254e-05
-2.235608209460499679e-02 2.126703267644238095e-05
-2.098998441423788677e-02 2.123836446194244312e-05
-1.970736113910750986e-02 2.121311875652348339e-05
-1.850311162639044910e-02 2.119088426646106475e-05
-1.737244690433337180e-02 2.117129972594035715e-05
-1.631087062781888183e-02 2.115404767874909961e-05
-1.531416119762810286e-02 2.113884906208239793e-05
-1.437835497229224616e-02 2.112545848270547041e-05
-1.349973050577157364e-02 2.111366009204333467e-05
-1.267479374828037013e-02 2.110326398041907826e-05
-1.190026415140387275e-02 2.109410302209449535e-05
-1.117306162225225469e-02 2.108603011241277119e-05
-1.049029427477177374e-02 2.107891574647887097e-05
-9.849246929502866038e-03 2.107264589573438921e-05
-9.247370316051994887e-03 2.106712014466276313e-05
-8.682270935339195597e-03 2.106225005489184459e-05
-8.151701541304996398e-03 2.105795772826717769e-05
-7.653552204225974771e-03 2.105417454416982326e-05
-7.185841920100037063e-03 2.105084004953976329e-05
-6.746710732733945948e-03 2.104790098281825677e-05
-6.334412337204842376e-03 2.104531041540476496e-05
-5.947307135282262590e-03 2.104302699628613540e-05
-5.583855715193143839e-03 2.104101428728954599e-05
-5.242612729801200168e-03 2.103924017797080355e-05
-4.922221148855803613e-03 2.103767637050610369e-05
-4.621406862452884928e-03 2.103629792614171028e-05
-4.338973614247355545e-03 2.103508286579097502e-05
-4.073798244268176869e-03 2.103401181826920486e-05
-3.824826222417472815e-03 2.103306771045451557e-05
-3.591067454892035368e-03 2.103223549434866268e-05
-3.371592346850472034e-03 2.103150190662542125e-05
-3.165528105668122608e-03 2.103085525678329541e-05
-2.972055270078842893e-03 2.103028524048694472e-05
-2.790404451401243442e-03 2.102978277509420923e-05
-2.619853273889739126e-03 2.102933985472328008e-05
-2.459723502043294555e-03 2.102894942253316179e-05
-2.309378343447928035e-03 2.102860525817065252e-05
-2.168219916426995363e-03 2.102830187857509487e-05
-2.035686872428882702e-03 2.102803445055742679e-05
-1.911252163696946192e-03 2.102779871375103231e-05
-1.794420947344431763e-03 2.102759091270322298e-05
-1.684728617499294890e-03 2.102740773702186367e-05
-1.581738957693386684e-03 2.102724626862055471e-05
-1.485042406148618429e-03 2.102710393521897941e-05
-1.394254427061488973e-03 2.102697846935745315e-05
-1.309013981409089993e-03 2.102686787227023627e-05
-1.228982091195453740e-03 2.102677038204207586e-05
-1.153840491428526288e-03 2.102668444553965147e-05
-1.083290364467113165e-03 2.102660869366846535e-05
-1.017051151704679570e-03 2.102654191956546088e-05
-9.548594378642998991e-04 2.102648305937328895e-05
-8.964679034679587247e-04 2.102643117529470233e-05
-8.416443413144891576e-04 2.102638544065552610e-05
-7.901707330548732918e-04 2.102634512673648008e-05
-7.418423821927417998e-04 2.102630959116603575e-05
-6.964671000622763746e-04 2.102627826768965064e-05
-6.538644415463101345e-04 2.102625065715039559e-05
-6.138649874953195544e-04 2.102622631953739903e-05
-5.763096709937077546e-04 2.102620486697930565e-05
-5.410491447940707658e-04 2.102618595756515070e-05
-5.079431874039339089e-04 2.102616928989931377e-05
-4.768601454631505969e-04 2.102615459829956020e-05
-4.476764101943878299e-04 2.102614164856714832e-05
-4.202759258447686459e-04 2.102613023425492424e-05
-3.945497281637799845e-04 2.102612017338024788e-05
-3.703955110821903832e-04 2.102611130552487073e-05
-3.477172198687347553e-04 2.102610348928099938e-05
-3.264246691466341703e-04 2.102609659999786940e-05
-3.064331842509692436e-04 2.102609052779682867e-05
-2.876632645006474724e-04 2.102608517582042877e-05
-2.700402670458676067e-04 2.102608045868971373e-05
-2.534941100338807115e-04 2.102607630114419683e-05
-2.379589939125882462e-04 2.102607263684281430e-05
-2.233731397636618432e-04 2.102606940730691290e-05
-2.096785436246481258e-04 2.102606656098871020e-05
-1.968207458230403738e-04 2.102606405244994368e-05
-1.847486144050079770e-04 2.102606184163765754e-05
-1.734141417975726429e-04 2.102605989324676298e-05
-1.627722538955931274e-04 2.102605817615644959e-05
-1.527806308143372189e-04 2.102605666293493197e-05
-1.433995385948514170e-04 2.102605532940218078e-05
-1.345916711928507147e-04 2.102605415424458720e-05
-1.263220021227506255e-04 2.102605311867522474e-05
-1.185576451668948804e-04 2.102605220613411476e-05
-1.112677235960431003e-04 2.102605140202488398e-05
-1.044232473810362147e-04 2.102605069348160337e-05
-9.799699790736354202e-05 2.102605006916390446e-05
-9.196341973416139544e-05 2.102604951907574476e-05
-8.629851896719176359e-05 2.102604903440687370e-05
-8.097976784167412539e-05 2.102604860739159834e-05
-7.598601513551331310e-05 2.102604823118523180e-05
-7.129740205665540287e-05 2.102604789975470398e-05
-6.689528327009240302e-05 2.102604760778286041e-05
-6.276215275045356852e-05 2.102604735058297971e-05
-5.888157416531500463e-05 2.102604712402450911e-05
-5.523811551239205268e-05 2.102604692446689421e-05
-5.181728775067791524e-05 2.102604674870111681e-05
-4.860548718147756638e-05 2.102604659389991309e-05
-4.558994135021126844e-05 2.102604645757029565e-05
-4.275865825384858419e-05 2.102604633751617235e-05
-4.010037865198160146e-05 2.102604623180159518e-05
-3.760453129189908716e-05 2.102604613872079901e-05
-3.526119086959958525e-05 2.102604605677004627e-05
-3.306103855956327154e-05 2.102604598462465196e-05
-3.099532495632644548e-05 2.102604592111698454e-05
-2.905583528048395544e-05 2.102604586521806502e-05
-2.723485671075096226e-05 2.102604581602140888e-05
-2.552514771217800657e-05 2.102604577272806756e-05
-2.391990923854284747e-05 2.102604573463400081e-05
-2.241275769439721272e-05 2.102604570111909243e-05
-2.099769954925015053e-05 2.102604567163672157e-05
-1.966910750293300909e-05 2.102604564570534321e-05
-1.842169810736080741e-05 2.102604562290073955e-05
-1.725051075570132930e-05 2.102604560284895908e-05
-1.615088795539561633e-05 2.102604558522099389e-05
-1.511845680657980123e-05 2.102604556972674534e-05
-1.414911161225593266e-05 2.102604555611036546e-05
-1.323899755105558475e-05 2.102604554414693987e-05
-1.238449534766613459e-05 2.102604553363836114e-05
-1.158220687996078599e-05 2.102604552440979487e-05
-1.082894166559426607e-05 2.102604551630762319e-05
-1.012170417432434343e-05 2.102604550919615479e-05
-9.457681915605696142e-06 2.102604550295635445e-05
-8.834234254082606896e-06 2.102604549748296985e-05
-8.248881908502043135e-06 2.102604549268356597e-05
-7.699297092288845179e-06 2.102604548847701062e-05
-7.183294256573823982e-06 2.102604548479126195e-05
-6.698821398861734940e-06 2.102604548156323294e-05
-6.243951902777456888e-06 2.102604547873772415e-05
-5.816876876438485798e-06 2.102604547626558056e-05
-5.415897958985060038e-06 2.102604547410385084e-05
-5.039420566662596439e-06 2.102604547221462517e-05
-4.685947551597296836e-06 2.102604547056469985e-05
-4.354073248047161842e-06 2.102604546912483193e-05
-4.042477882453245495e-06 2.102604546786916996e-05
-3.749922325059951160e-06 2.102604546677508122e-05
-3.475243162234227762e-06 2.102604546582247748e-05
-3.217348069887064443e-06 2.102604546499405893e-05
-2.975211469598384632e-06 2.102604546427451460e-05
-2.747870450171603521e-06 2.102604546365010224e-05
-2.534420938398601179e-06 2.102604546310883125e-05
-2.334014103807039897e-06 2.102604546264068630e-05
-2.145852983093271333e-06 2.102604546223611626e-05
-1.969189310816785935e-06 2.102604546188711836e-05
-1.803320543752548581e-06 2.102604546158682824e-05
-1.647587067068355029e-06 2.102604546132888976e-05
-1.501369571216668681e-06 2.102604546110789209e-05
-1.364086589109387048e-06 2.102604546091901391e-05
-1.235192183781944781e-06 2.102604546075829788e-05
-1.114173777351006344e-06 2.102604546062185781e-05
-1.000550112631961414e-06 2.102604546050652242e-05
-8.938693393104654022e-07 2.102604546040948632e-05
-7.937072170570570337e-07 2.102604546032840155e-05
-6.996654284390261791e-07 2.102604546026098451e-05
-6.113699949207071113e-07 2.102604546020537171e-05
-5.284697896529079203e-07 2.102604546016006561e-05
-4.506351411371571005e-07 2.102604546012353816e-05
-3.775565222121384326e-07 2.102604546009451881e-05
-3.089433191486484405e-07 2.102604546007191998e-05
-2.445226759580218821e-07 2.102604546005481330e-05
-1.840384093183425875e-07 2.102604546004230093e-05
-1.272499898032904365e-07 2.102604546003378655e-05
-7.393158536218592144e-08 2.102604546002870774e-05
-2.387116324756687046e-08 2.102604546002624118e-05
2.387116324756687046e-08 2.102604546002624118e-05
7.393158536217865548e-08 2.102604546002870774e-05
1.272499898032904365e-07 2.102604546003378655e-05
1.840384093183425875e-07 2.102604546004230093e-05
2.445226759580130942e-07 2.102604546005481330e-05
3.089433191486484405e-07 2.102604546007191998e-05
3.775565222121384326e-07 2.102604546009451881e-05
4.506351411371465126e-07 2.102604546012353816e-05
5.284697896529079203e-07 2.102604546016006561e-05
6.113699949207071113e-07 2.102604546020537171e-05
6.996654284390133677e-07 2.102604546026098451e-05
7.937072170570570337e-07 2.102604546032840155e-05
8.938693393104654022e-07 2.102604546040948632e-05
1.000550112631946167e-06 2.102604546050652242e-05
1.114173777351006344e-06 2.102604546062185781e-05
1.235192183781944781e-06 2.102604546075829788e-05
1.364086589109368413e-06 2.102604546091901391e-05
1.501369571216668681e-06 2.102604546110789209e-05
1.647587067068355029e-06 2.102604546132888976e-05
1.803320543752526134e-06 2.102604546158682824e-05
1.969189310816785935e-06 2.102604546188711836e-05
2.145852983093271333e-06 2.102604546223611626e-05
2.334014103807012369e-06 2.102604546264068630e-05
2.534420938398601179e-06 2.102604546310883125e-05
2.747870450171603521e-06 2.102604546365010224e-05
2.975211469598351597e-06 2.102604546427451460e-05
3.217348069887064443e-06 2.102604546499405893e-05
3.475243162234227762e-06 2.102604546582247748e-05
3.749922325059911349e-06 2.102604546677508122e-05
4.042477882453245495e-06 2.102604546786916996e-05
4.354073248047161842e-06 2.102604546912483193e-05
4.685947551597248555e-06 2.102604547056469985e-05
5.039420566662596439e-06 2.102604547221462517e-05
5.415897958985004981e-06 2.102604547410385084e-05
5.816876876438427352e-06 2.102604547626558056e-05
6.243951902777456888e-06 2.102604547873772415e-05
6.698821398861668871e-06 2.102604548156323294e-05
7.183294256573753678e-06 2.102604548479126195e-05
7.699297092288845179e-06 2.102604548847701062e-05
8.248881908501963514e-06 2.102604549268356597e-05
8.834234254082522193e-06 2.102604549748296985e-05
9.457681915605696142e-06 2.102604550295635445e-05
1.012170417432424687e-05 2.102604550919615479e-05
1.082894166559416273e-05 2.102604551630762319e-05
1.158220687996078599e-05 2.102604552440979487e-05
1.238449534766601939e-05 2.102604553363836114e-05
1.323899755105545939e-05 2.102604554414693987e-05
1.414911161225593266e-05 2.102604555611036546e-05
1.511845680657965724e-05 2.102604556972674534e-05
1.615088795539546725e-05 2.102604558522099389e-05
1.725051075570132930e-05 2.102604560284895908e-05
1.842169810736063801e-05 2.102604562290073955e-05
1.966910750293282952e-05 2.102604564570534321e-05
2.099769954925015053e-05 2.102604567163672157e-05
2.241275769439700604e-05 2.102604570111909243e-05
2.391990923854262385e-05 2.102604573463400081e-05
2.552514771217800657e-05 2.102604577272806756e-05
2.723485671075071492e-05 2.102604581602140888e-05
2.905583528048369117e-05 2.102604586521806502e-05
3.099532495632644548e-05 2.102604592111698454e-05
3.306103855956297338e-05 2.102604598462465196e-05
3.526119086959926676e-05 2.102604605677004627e-05
3.760453129189908716e-05 2.102604613872079901e-05
4.010037865198123555e-05 2.102604623180159518e-05
4.275865825384819795e-05 2.102604633751617235e-05
4.558994135021126844e-05 2.102604645757029565e-05
4.860548718147712592e-05 2.102604659389991309e-05
5.181728775067744768e-05 2.102604674870111681e-05
5.523811551239205268e-05 2.102604692446689421e-05
5.888157416531447608e-05 2.102604712402450911e-05
6.276215275045299931e-05 2.102604735058297971e-05
6.689528327009240302e-05 2.102604760778286041e-05
7.129740205665476590e-05 2.102604789975470398e-05
7.598601513551263547e-05 2.102604823118523180e-05
8.097976784167412539e-05 2.102604860739159834e-05
8.629851896719099109e-05 2.102604903440687370e-05
9.196341973416056873e-05 2.102604951907574476e-05
9.799699790736354202e-05 2.102605006916390446e-05
1.044232473810352796e-04 2.102605069348160337e-05
1.112677235960420974e-04 2.102605140202488398e-05
1.185576451668948804e-04 2.102605220613411476e-05
1.263220021227494871e-04 2.102605311867522474e-05
1.345916711928494950e-04 2.102605415424458720e-05
1.433995385948514170e-04 2.102605532940218078e-05
1.527806308143358637e-04 2.102605666293493197e-05
1.627722538955916909e-04 2.102605817615644959e-05
1.734141417975726429e-04 2.102605989324676298e-05
1.847486144050063236e-04 2.102606184163765754e-05
1.968207458230386390e-04 2.102606405244994368e-05
2.096785436246481258e-04 2.102606656098871020e-05
2.233731397636598375e-04 2.102606940730691290e-05
2.379589939125861320e-04 2.102607263684281430e-05
2.534941100338807115e-04 2.102607630114419683e-05
2.700402670458652214e-04 2.102608045868971373e-05
2.876632645006474724e-04 2.102608517582042877e-05
3.064331842509692436e-04 2.102609052779682867e-05
3.264246691466312429e-04 2.102609659999786940e-05
3.477172198687347553e-04 2.102610348928099938e-05
3.703955110821903832e-04 2.102611130552487073e-05
3.945497281637764609e-04 2.102612017338024788e-05
4.202759258447686459e-04 2.102613023425492424e-05
4.476764101943878299e-04 2.102614164856714832e-05
4.768601454631463685e-04 2.102615459829956020e-05
5.079431874039339089e-04 2.102616928989931377e-05
5.410491447940683806e-04 2.102618595756515070e-05
5.763096709937052609e-04 2.102620486697930565e-05
6.138649874953195544e-04 2.102622631953739903e-05
6.538644415463072072e-04 2.102625065715039559e-05
6.964671000622733388e-04 2.102627826768965064e-05
7.418423821927417998e-04 2.102630959116603575e-05
7.901707330548697139e-04 2.102634512673648008e-05
8.416443413144852545e-04 2.102638544065552610e-05
8.964679034679587247e-04 2.102643117529470233e-05
9.548594378642956708e-04 2.102648305937328895e-05
1.017051151704675017e-03 2.102654191956546088e-05
1.083290364467113165e-03 2.102660869366846535e-05
1.153840491428521084e-03 2.102668444553965147e-05
1.228982091195448319e-03 2.102677038204207586e-05
1.309013981409089993e-03 2.102686787227023627e-05
1.394254427061482901e-03 2.102697846935745315e-05
1.485042406148611707e-03 2.102710393521897941e-05
1.581738957693386684e-03 2.102724626862055471e-05
1.684728617499287517e-03 2.102740773702186367e-05
1.794420947344423523e-03 2.102759091270322298e-05
1.911252163696946192e-03 2.102779871375103231e-05
2.035686872428873594e-03 2.102803445055742679e-05
2.168219916426985822e-03 2.102830187857509487e-05
2.309378343447928035e-03 2.102860525817065252e-05
2.459723502043281544e-03 2.102894942253316179e-05
2.619853273889716141e-03 2.102933985472328008e-05
2.790404451401243442e-03 2.102978277509420923e-05
2.972055270078832485e-03 2.103028524048694472e-05
3.165528105668094852e-03 2.103085525678329541e-05
3.371592346850472034e-03 2.103150190662542125e-05
3.591067454892016286e-03 2.103223549434866268e-05
3.824826222417438987e-03 2.103306771045451557e-05
4.073798244268176869e-03 2.103401181826920486e-05
4.338973614247340800e-03 2.103508286579097502e-05
4.621406862452843295e-03 2.103629792614171028e-05
4.922221148855803613e-03 2.103767637050610369e-05
5.242612729801172412e-03 2.103924017797080355e-05
5.583855715193094399e-03 2.104101428728954599e-05
5.947307135282262590e-03 2.104302699628613540e-05
6.334412337204820692e-03 2.104531041540476496e-05
6.746710732733886100e-03 2.104790098281825677e-05
7.185841920100037063e-03 2.105084004953976329e-05
7.653552204225934005e-03 2.105417454416982326e-05
8.151701541304925275e-03 2.105795772826717769e-05
8.682270935339195597e-03 2.106225005489184459e-05
9.247370316051963662e-03 2.106712014466276313e-05
9.849246929502777567e-03 2.107264589573438921e-05
1.049029427477177374e-02 2.107891574647887097e-05
1.117306162225219397e-02 2.108603011241277119e-05
1.190026415140376694e-02 2.109410302209449535e-05
1.267479374828037013e-02 2.110326398041907826e-05
1.349973050577152334e-02 2.111366009204333467e-05
1.437835497229211779e-02 2.112545848270547041e-05
1.531416119762810286e-02 2.113884906208239793e-05
1.631087062781879510e-02 2.115404767874909961e-05
1.737244690433321567e-02 2.117129972594035715e-05
1.850311162639044910e-02 2.119088426646106475e-05
1.970736113910743700e-02 2.121311875652348339e-05
2.098998441423769942e-02 2.123836446194244312e-05
2.235608209460499679e-02 2.126703267644238095e-05
2.381108677796757098e-02 2.129959187148783254e-05
2.536078462097841185e-02 2.133657593077787156e-05
2.701133834915109624e-02 2.137859365137056899e-05
2.876931176433698834e-02 2.142633972854833383e-05
3.064169584717577749e-02 2.148060748464164889e-05
3.263593655831751456e-02 2.154230365511447545e-05
3.475996444897566651e-02 2.161246561096906725e-05
3.702222619856727903e-02 2.169228147836253494e-05
3.943171820485173729e-02 2.178311371870434248e-05
4.199802236014902462e-02 2.188652686124994368e-05
4.473134415591326768e-02 2.200432024295805177e-05
4.764255326718694339e-02 2.213856681718519561e-05
5.074322677833156825e-02 2.229165935699820367e-05
5.404569522193609227e-02 2.246636571820219704e-05
5.756309161397969026e-02 2.266589526537343924e-05
6.130940368025160347e-02 2.289397913317152005e-05
6.529952948172323968e-02 2.315496773824685662e-05
6.954933666007066806e-02 2.345394993305067438e-05
7.407572553895443168e-02 2.379689948251855568e-05
7.889669633199926368e-02 2.419085625935746205e-05
8.403142072473115953e-02 2.464415184824672811e-05
8.950031811513757540e-02 2.516669234029127739e-05
9.532513681604654066e-02 2.577031529179557324e-05
1.015290405422311915e-01 2.646924354961383640e-05
1.081367005261806707e-01 2.728066652993511632e-05
1.151743936288659592e-01 2.822549047484294534e-05
1.226701068356443602e-01 2.932931450616150083e-05
1.306536485528610736e-01 3.062371086478417971e-05
1.391567671477548507e-01 3.214791840332644743e-05
1.482132772030496648e-01 3.395110243121251306e-05
1.578591939883203232e-01 3.609539779014134763e-05
1.681328766829011112e-01 3.866004530154291160e-05
1.790751809198728173e-01 4.174706944131068498e-05
1.907296212577638539e-01 4.548915048275318205e-05
2.031180993447962990e-01 5.005100249113105264e-05
2.157282698469407123e-01 5.540294166194361384e-05
2.283384403490833492e-01 6.157808704487505028e-05
2.409486108512259861e-01 6.870329971627880960e-05
2.535587813533703994e-01 7.692603928928268514e-05
2.661689518555130363e-01 8.641756086685297073e-05
2.787791223576556732e-01 9.737658650786692874e-05
2.913892928598000864e-01 1.100335130019543066e-04
3.039994633619427233e-01 1.246552242467408511e-04
3.166096338640853602e-01 1.415505833441828255e-04
3.292198043662297735e-01 1.610766866224171406e-04
3.418299748683724104e-01 1.836459690666699480e-04
3.544401453705150473e-01 2.097342580034319273e-04
3.670503158726594606e-01 2.398898791953200558e-04
3.796604863748020975e-01 2.747439266080810446e-04
3.922706568769447344e-01 3.150218138104478142e-04
4.048808273790891477e-01 3.615562310291882040e-04
4.174909978812317846e-01 4.153016370340646322e-04
4.301011683833744215e-01 4.773504189561322939e-04
4.427113388855188347e-01 5.489508554906697129e-04
4.553215093876614716e-01 6.315270193020804416e-04
4.679316798898041085e-01 7.267007523873932106e-04
4.805418503919485218e-01 8.363158431809927101e-04
4.931520208940911587e-01 9.624645257718086920e-04
5.057621913962337956e-01 1.107516409197964371e-03
5.183723618983782089e-01 1.274149927798984587e-03
5.309825324005208458e-01 1.465386381445529405e-03
5.435927029026652590e-01 1.684626606528320022e-03
5.562028734048078960e-01 1.935690284280989701e-03
5.688130439069505329e-01 2.222857851779803332e-03
5.814232144090949461e-01 2.550914932292274243e-03
5.940333849112375830e-01 2.925199145107396440e-03
6.066435554133802199e-01 3.351649090236484465e-03
6.192537259155246332e-01 3.836855230219896225e-03
6.318638964176672701e-01 4.388112309673472197e-03
6.444740669198099070e-01 5.013472863303026876e-03
6.570842374219543203e-01 5.721801265282563595e-03
6.696944079240969572e-01 6.522827667766125520e-03
6.823045784262395941e-01 7.427201064807272858e-03
6.949147489283840073e-01 8.446540601325875156e-03
7.075249194305266442e-01 9.593484126586615535e-03
7.201350899326692812e-01 1.088173286986995718e-02
7.327452604348136944e-01 1.232609099494430711e-02
7.453554309369563313e-01 1.394249867229468628e-02
7.579656014390989682e-01 1.574805719688952485e-02
7.705757719412433815e-01 1.776104457798701949e-02
7.831859424433860184e-01 2.000091993986127456e-02
7.957961129455286553e-01 2.248831500236761136e-02
8.084062834476730686e-01 2.524501086218518264e-02
8.210164539498157055e-01 2.829389827378683483e-02
8.336266244519583424e-01 3.165891963804538106e-02
8.462367949541027556e-01 3.536499095026668371e-02
8.588469654562453925e-01 3.943790204249393583e-02
8.714571359583880295e-01 4.390419358096991215e-02
8.840673064605324427e-01 4.879100945199657535e-02
8.966774769626750796e-01 5.412592339086248761e-02
9.092876474648177165e-01 5.993673898089283553e-02
9.218978179669621298e-01 6.625126247397129797e-02
9.345079884691047667e-01 7.309704826002821898e-02
9.471181589712474036e-01 8.050111723951459963e-02
9.597283294733918169e-01 8.848964882708316992e-02
9.723384999755344538e-01 9.708764783233453377e-02
9.849486704776770907e-01 1.063185880188186327e-01
9.975588409798215039e-01 1.162040347280512559e-01
1.010169011481964141e+00 1.267632495622864897e-01
1.022779181984106778e+00 1.380127807376964610e-01
1.035389352486251191e+00 1.499660433363644019e-01
1.047999522988393828e+00 1.626328942882013240e-01
1.060609693490536465e+00 1.760192074880678470e-01
1.073219863992680878e+00 1.901264549839140061e-01
1.085830034494823515e+00 2.049513006432014672e-01
1.098440204996966152e+00 2.204852131013863292e-01
1.111050375499110565e+00 2.367141051021600939e-01
1.123660546001253202e+00 2.536180065398402350e-01
1.136270716503395839e+00 2.711707785958703543e-01
1.148880887005540252e+00 2.893398763115084815e-01
1.161491057507682889e+00 3.080861667476537669e-01
1.174101228009825526e+00 3.273638095422740646e-01
1.186711398511969939e+00 3.471202061814454010e-01
1.199321569014112576e+00 3.672960236499881459e-01
1.211931739516255213e+00 3.878252973240010615e-01
1.224541910018399626e+00 4.086356170157879331e-01
1.237152080520542263e+00 4.296483989915608759e-01
1.249762251022684900e+00 4.507792455673417242e-01
1.262372421524829313e+00 4.719383925654860867e-01
1.274982592026971950e+00 4.930312435051353859e-01
1.287592762529114587e+00 5.139589879280022089e-01
1.300202933031259001e+00 5.346192997540261116e-01
1.312813103533401637e+00 5.549071100490658992e-01
1.325423274035544274e+00 5.747154471002750009e-01
1.338033444537688688e+00 5.939363352665077977e-01
1.350643615039831325e+00 6.124617427340302012e-01
1.363253785541973961e+00 6.301845670939459909e-01
1.375863956044118375e+00 6.469996465975376143e-01
1.388474126546261012e+00 6.628047840686019931e-01
1.401084297048403648e+00 6.775017697823642049e-01
1.413694467550548062e+00 6.909973891805196722e-01
1.426304638052690699e+00 7.032044010989710880e-01
1.438914808554833336e+00 7.140424722500080534e-01
1.451524979056977749e+00 7.234390540307485962e-01
1.464135149559120386e+00 7.313301883249611057e-01
1.476745320061263023e+00 7.376612298201301599e-01
1.489355490563407436e+00 7.423874734633103545e-01
1.501965661065550073e+00 7.454746770114262233e-01
1.514575831567692710e+00 7.468994701685992554e-01
1.527186002069837123e+00 7.466496435187853775e-01
1.539796172571979760e+00 7.447243123202670345e-01
1.552406343074122397e+00 7.411339521954457554e-01
1.565016513576266810e+00 7.359003057826986050e-01
1.577626684078409447e+00 7.290561614771469134e-01
1.590236854580552084e+00 7.206450074299746156e-01
1.602847025082696497e+00 7.107205659610518200e-01
1.615457195584839134e+00 6.993462154243927920e-01
1.628067366086981771e+00 6.865943083136419878e-01
1.640677536589126184e+00 6.725453959691454209e-01
1.653287707091268821e+00 6.572873716186661275e-01
1.665897877593411458e+00 6.409145446244139954e-01
1.678508048095555871e+00 6.235266596994284427e-01
1.691118218597698508e+00 6.052278754814419681e-01
1.703728389099841145e+00 5.861257172051586029e-01
1.716338559601985558e+00 5.663300182908214131e-01
1.728948730104128195e+00 5.459518654743341637e-01
1.741558900606270832e+00 5.251025616507553062e-01
1.754169071108415245e+00 5.038926199065242306e-01
1.766779241610557882e+00 4.824308012960547565e-01
1.779389412112700519e+00 4.608232078017567845e-01
1.791999582614844932e+00 4.391724406327169317e-01
1.804609753116987569e+00 4.175768325969744232e-01
1.817219923619130206e+00 3.961297617611447275e-01
1.829830094121274620e+00 3.749190520227800860e-01
1.842440264623417256e+00 3.540264646010140015e-01
1.855050435125559893e+00 3.335272828334931994e-01
1.867660605627704307e+00 3.134899910856215888e-01
1.880270776129846944e+00 2.939760470611444410e-01
1.892880946631989580e+00 2.750397453788784308e-01
1.905491117134133994e+00 2.567281689731140681e-01
1.918101287636276631e+00 2.390812237034389831e-01
1.930711458138419268e+00 2.221317505408543502e-01
1.943321628640563681e+00 2.059057088408869918e-01
1.955931799142706318e+00 1.904224235291633038e-01
1.968541969644848955e+00 1.756948885123147119e-01
1.981152140146993368e+00 1.617301182869518572e-01
1.993762310649136005e+00 1.485295395455394907e-01
2.006372481151278642e+00 1.360894145629543139e-01
2.018982651653423055e+00 1.244012882794055391e-01
2.031592822155565692e+00 1.134524512606070318e-01
2.044202992657708329e+00 1.032264110989837974e-01
2.056813163159852742e+00 9.370336530328898794e-02
2.069423333661995379e+00 8.486066929020126548e-02
2.082033504164138016e+00 7.667329372220213490e-02
2.094643674666282429e+00 6.911426611307418255e-02
2.107253845168425066e+00 6.215509232818915847e-02
2.119864015670569479e+00 5.576615432467048328e-02
2.132474186172712116e+00 4.991708119129389942e-02
2.145084356674854753e+00 4.457709124553133756e-02
2.157694527176999166e+00 3.971530361357366451e-02
2.170304697679141803e+00 3.530101834790163456e-02
2.182914868181284440e+00 3.130396471778974093e-02
2.195525038683428853e+00 2.769451783442954465e-02
2.208135209185571490e+00 2.444388423953617814e-02
2.220745379687714127e+00 2.152425749152618931e-02
2.233355550189858540e+00 1.890894512547966477e-02
2.245965720692001177e+00 1.657246864240391471e-02
2.258575891194143814e+00 1.449063840153463206e-02
2.271186061696288228e+00 1.264060544933657583e-02
2.283796232198430864e+00 1.100089242424876455e-02
2.296406402700573501e+00 9.551405731570584284e-03
2.309016573202717915e+00 8.273431193260431457e-03
2.321626743704860552e+00 7.149615348189749392e-03
2.334236914207003188e+00 6.163934515161284544e-03
2.346847084709147602e+00 5.301653639392021021e-03
2.359457255211290239e+00 4.549276828630076548e-03
2.372067425713432876e+00 3.894491352937897582e-03
2.384677596215577289e+00 3.326106737360209030e-03
2.397287766717719926e+00 2.833990423749049078e-03
2.409897937219862563e+00 2.409001321056154343e-03
2.422508107722006976e+00 2.042922406026508389e-03
2.435118278224149613e+00 1.728393381547388462e-03
2.447728448726292250e+00 1.458844250530836033e-03
2.460338619228436663e+00 1.228430521246167296e-03
2.472948789730579300e+00 1.031970627102838300e-03
2.485558960232721937e+00 8.648860212212788976e-04
2.498169130734866350e+00 7.231442945099217671e-04
2.510779301237008987e+00 6.032055658290688162e-04
2.523389471739151624e+00 5.019723042910508503e-04
2.535999642241296037e+00 4.167426666748799084e-04
2.548609812743438674e+00 3.451673669561992159e-04
2.561219983245581311e+00 2.852100395269953261e-04
2.573830153747725724e+00 2.351110121235299149e-04
2.586440324249868361e+00 1.933543680185900683e-04
2.599050494752010998e+00 1.586381488254698868e-04
2.611660665254155411e+00 1.298475284335595160e-04
2.624270835756298048e+00 1.060307742687207792e-04
2.636881006258440685e+00 8.637780338226493213e-05
2.649491176760585098e+00 7.020113698796169230e-05
2.662101347262727735e+00 5.691905720108950882e-05
2.674711517764870372e+00 4.604077315812006604e-05
2.687321688267014785e+00 3.715340974338764482e-05
2.699931858769157422e+00 2.991064022064311503e-05
2.712542029271300059e+00 2.402279363192748421e-05
2.725152199773444472e+00 1.924827842098283866e-05
2.737762370275587109e+00 1.538617496652804309e-05
2.750372540777729746e+00 1.226986123818183535e-05
2.762982711279874160e+00 9.761547338724740059e-06
2.775592881782016796e+00 7.747606048159552282e-06
2.788203052284159433e+00 6.134597463404163785e-06
2.800813222786303847e+00 4.845896300339763736e-06
2.813423393288446483e+00 3.818840297621916717e-06
2.826033563790589120e+00 3.002327371019177154e-06
2.838643734292733534e+00 2.354797676824236673e-06
2.851253904794876171e+00 1.842544538817564172e-06
2.863864075297018807e+00 1.438305279007276060e-06
2.876474245799163221e+00 1.120089385530792150e-06
2.889084416301305858e+00 8.702071799685581859e-07
2.901694586803448495e+00 6.744672469052724373e-07
2.914304757305592908e+00 5.215154021456072639e-07
2.926914927807735545e+00 4.022919469824593833e-07
2.939525098309878182e+00 3.095874302297631955e-07
2.952135268812022595e+00 2.376801633658900202e-07
2.964745439314165232e+00 1.820413521126378210e-07
2.977355609816307869e+00 1.390959633510251855e-07
2.989965780318452282e+00 1.060293803439881314e-07
3.002575950820594919e+00 8.063154994668133976e-08
3.015186121322737556e+00 6.117172800970433017e-08
3.027796291824881969e+00 4.629811560670459584e-08
3.040406462327024606e+00 3.495767804339594404e-08
3.053016632829167243e+00 2.633227681274688901e-08
3.065626803331311656e+00 1.978794484489827890e-08
3.078236973833454293e+00 1.483471793755931484e-08
3.090847144335596930e+00 1.109491799842011291e-08
3.103457314837741343e+00 8.278182229212260449e-09
3.116067485339883980e+00 6.161860079536246570e-09
3.128677655842026617e+00 4.575668264216540644e-09
3.141287826344171030e+00 3.389713263320344252e-09
3.153897996846313667e+00 2.505168924286840458e-09
3.166508167348456304e+00 1.847041182199334641e-09
3.179118337850600717e+00 1.358568503127914759e-09
3.191728508352743354e+00 9.969004608057114731e-10
3.204338678854885991e+00 7.297720685328295117e-10
3.216948849357030404e+00 5.329515842116443851e-10
3.229559019859173041e+00 3.882873611001504590e-10
3.242169190361315678e+00 2.822172952025905729e-10
3.254779360863460091e+00 2.046344597563711514e-10
3.267389531365602728e+00 1.480261987883675347e-10
3.279999701867745365e+00 1.068225595784353531e-10
3.292609872369889779e+00 7.690451743857895824e-11
3.305220042872032415e+00 5.523382323944999112e-11
3.317830213374175052e+00 3.957515720783534877e-11
3.330440383876319466e+00 2.828813964169765975e-11
3.343050554378462103e+00 2.017205898193168325e-11
3.355660724880604739e+00 1.435027040192129361e-11
3.368270895382749153e+00 1.018436283504527939e-11
3.380881065884891790e+00 7.210601218262782631e-12
3.393491236387034427e+00 5.092990194956104056e-12
3.406101406889178840e+00 3.588705868029863547e-12
3.418711577391321477e+00 2.522704994191918010e-12
3.431321747893464114e+00 1.769125175484080389e-12
3.443931918395608527e+00 1.237696233925083635e-12
3.456542088897751164e+00 8.638391950900861306e-13
3.469152259399893801e+00 6.014714120270865139e-13
3.481762429902038214e+00 4.177921194251659713e-13
3.494372600404180851e+00 2.895133456476346261e-13
3.506982770906323488e+00 2.001427880222519575e-13
3.519592941408467901e+00 1.380302386075764925e-13
3.532203111910610538e+00 9.496671002495269013e-14
3.544813282412753175e+00 6.518254794610016521e-14
3.557423452914897588e+00 4.463278479461081645e-14
3.570033623417040225e+00 3.048872591244644883e-14
3.582643793919182862e+00 2.077720546744382627e-14
3.595253964421327275e+00 1.412529378146461545e-14
3.607864134923469912e+00 9.580105011494154909e-15
3.620474305425612549e+00 6.481945967244493358e-15
3.633084475927756962e+00 4.375249574997924829e-15
3.645694646429899599e+00 2.946201703486466735e-15
3.658304816932042236e+00 1.979175355640420155e-15
3.670914987434186649e+00 1.326380596486838487e-15
3.683525157936329286e+00 8.867762788501602536e-16
3.696135328438471923e+00 5.914553054797671650e-16
3.708745498940616336e+00 3.935425451172788330e-16
3.721355669442758973e+00 2.612301372242367906e-16
3.733965839944901610e+00 1.729882619925190437e-16
3.746576010447046023e+00 1.142803860496164467e-16
3.759186180949188660e+00 7.531620139206985816e-17
3.771796351451333074e+00 4.951841132495146592e-17
3.784406521953475711e+00 3.247928978941564409e-17
3.797016692455618347e+00 2.125239175209314539e-17
3.809626862957762761e+00 1.387300398010427280e-17
3.822237033459905398e+00 9.034301101915632838e-18
3.834847203962048034e+00 5.869213479597344408e-18
3.847457374464192448e+00 3.803877222445030196e-18
3.860067544966335085e+00 2.459428826227985964e-18
3.872677715468477722e+00 1.586365133413725186e-18
3.885287885970622135e+00 1.020782292192157136e-18
3.897898056472764772e+00 6.552757863009175053e-19
3.910508226974907409e+00 4.196392294009684290e-19
3.923118397477051822e+00 2.680951497543887747e-19
3.935728567979194459e+00 1.708687714629631082e-19
3.948338738481337096e+00 1.086418742296210309e-19
3.960948908983481509e+00 6.891163645104947607e-20
3.973559079485624146e+00 4.360623479802345733e-20
3.986169249987766783e+00 2.752740525670820729e-20
3.998779420489911196e+00 1.733574767617253237e-20
4.011389590992053833e+00 1.089131808985682818e-20
4.023999761494196470e+00 6.826197093880626212e-21
4.036609931996340883e+00 4.268130345145355402e-21
4.049220102498483520e+00 2.662299718828810623e-21
4.061830273000626157e+00 1.656672236579276541e-21
4.074440443502770570e+00 1.028434344813242749e-21
4.087050614004913207e+00 6.369081893697166509e-22
4.099660784507055844e+00 3.934932924218316147e-22
4.112270955009200257e+00 2.425258463548455629e-22
4.124881125511342894e+00 1.491210230588684286e-22
4.137491296013485531e+00 9.147024181103093674e-23
4.150101466515629944e+00 5.597329116443648814e-23
4.162711637017772581e+00 3.416975629203874509e-23
4.175321807519915218e+00 2.080956001620895563e-23
4.187931978022059631e+00 1.264281699531769461e-23
4.200542148524202268e+00 7.662750781479966756e-24
4.213152319026344905e+00 4.633246490041404604e-24
4.225762489528489319e+00 2.794769043446371069e-24
4.238372660030631955e+00 1.681768512719916230e-24
4.250982830532774592e+00 1.009592799678704100e-24
4.263593001034919006e+00 6.046248148052887079e-25
4.276203171537061642e+00 3.612312771597234087e-25
4.288813342039204279e+00 2.153001556265444982e-25
4.301423512541348693e+00 1.280156072702173315e-25
4.314033683043491330e+00 7.593483259142011549e-26
4.326643853545633966e+00 4.493437068615314920e-26
4.339254024047778380e+00 2.652624370996214390e-26
4.351864194549921017e+00 1.562184334122203195e-26
4.364474365052063654e+00 9.178003018934967305e-27
4.377084535554208067e+00 5.379271610263545867e-27
4.389694706056350704e+00 3.145271023077508121e-27
4.402304876558493341e+00 1.834644667525804493e-27
4.414915047060635978e+00 1.067591495740176532e-27
4.427525217562778614e+00 6.197513299574366807e-28
4.440135388064924804e+00 3.589128555697315552e-28
4.452745558567067441e+00 2.073574828136906065e-28
4.465355729069210078e+00 1.195114533584908348e-28
4.477965899571352715e+00 6.871608812535000309e-29
4.490576070073495352e+00 3.941544007329785376e-29
4.503186240575637989e+00 2.255450763149637132e-29
4.515796411077784178e+00 1.287535786034893928e-29
4.528406581579926815e+00 7.332367465092432419e-30
4.541016752082069452e+00 4.165700650462325963e-30
4.553626922584212089e+00 2.360971728233465015e-30
4.566237093086354726e+00 1.334911198054120763e-30
4.578847263588500915e+00 7.529615442794183252e-31
4.591457434090643552e+00 4.236937095199043168e-31
4.604067604592786189e+00 2.378427983732341368e-31
4.616677775094928826e+00 1.331946361287741440e-31
4.629287945597071463e+00 7.441186267154188996e-32
4.641898116099214100e+00 4.147212579028347989e-32
4.654508286601360290e+00 2.305839477935181942e-32
4.667118457103502926e+00 1.278970321980887790e-32
4.679728627605645563e+00 7.077020575979443285e-33
4.692338798107788200e+00 3.906600633548554452e-33
4.704948968609930837e+00 2.151325438472138457e-33
4.717559139112073474e+00 1.181875472611863183e-33
4.730169309614219664e+00 6.477326821685214885e-34
4.742779480116362301e+00 3.541427515375953134e-34
4.755389650618504938e+00 1.931609502242310714e-34
4.767999821120647574e+00 1.051038710109096664e-34
4.780609991622790211e+00 5.705273464862714553e-35
4.793220162124932848e+00 3.089531089517489874e-35
4.805830332627079038e+00 1.669040970068107511e-35
4.818440503129221675e+00 8.994970078150377064e-36
4.831050673631364312e+00 4.836049314787337947e-36
4.843660844133506949e+00 2.593820782926567240e-36
4.856271014635649586e+00 1.387865667377502808e-36
4.868881185137792222e+00 7.408206783298767895e-37
4.881491355639938412e+00 3.944908480338564443e-37
4.894101526142081049e+00 2.095650793993558485e-37
4.906711696644223686e+00 1.110603464447749606e-37
4.919321867146366323e+00 5.871610401579280011e-38
4.931932037648508960e+00 3.096802538143424017e-38
4.944542208150651597e+00 1.629400516247668458e-38
4.957152378652797786e+00 8.552640427890177053e-39
4.969762549154940423e+00 4.478479426293637737e-39
4.982372719657083060e+00 2.339477839917149582e-39
4.994982890159225697e+00 1.219172752500596280e-39
5.007593060661368334e+00 6.338251930340743942e-40
5.020203231163510971e+00 3.287241882003617123e-40
5.032813401665657160e+00 1.700794012477664683e-40
5.045423572167799797e+00 8.778688633770296981e-41
5.058033742669942434e+00 4.520280877938439074e-41
5.070643913172085071e+00 2.321982939675754843e-41
5.083254083674227708e+00 1.189899913786399543e-41
5.095864254176370345e+00 6.083025343362772041e-42
5.108474424678516534e+00 3.102319922087143385e-42
5.121084595180659171e+00 1.578378948246089757e-42
5.133694765682801808e+00 8.011128525683452333e-43
5.146304936184944445e+00 4.056335045212982081e-43
5.158915106687087082e+00 2.048951225806568033e-43
5.171525277189229719e+00 1.032492917421846573e-43
5.184135447691375909e+00 5.190392278255779520e-44
5.196745618193518546e+00 2.602980430789589160e-44
5.209355788695661182e+00 1.302264568034344043e-44
5.221965959197803819e+00 6.499577499715752969e-45
5.234576129699946456e+00 3.236149600934954729e-45
5.247186300202089093e+00 1.607420843219528091e-45
5.259796470704235283e+00 7.965042984103380169e-46
5.272406641206377920e+00 3.937351217161879935e-46
5.285016811708520557e+00 1.941680073312394764e-46
5.297626982210663193e+00 9.552315486645754545e-47
5.310237152712805830e+00 4.688102402666704728e-47
5.322847323214948467e+00 2.295318467510231659e-47
5.335457493717094657e+00 1.121104830316433791e-47
5.348067664219237294e+00 5.462694204440055899e-48
5.360677834721379931e+00 2.655369309187163092e-48
5.373288005223522568e+00 1.287657407152560934e-48
5.385898175725665205e+00 6.229211395906898216e-49
5.398508346227807841e+00 3.006236412898437859e-49
5.411118516729954031e+00 1.447339775134821554e-49
5.423728687232096668e+00 6.951445971648950622e-50
5.436338857734239305e+00 3.330711961413863662e-50
5.448949028236381942e+00 1.592048359267122513e-50
5.461559198738524579e+00 7.591588709977734788e-51
5.474169369240667216e+00 3.611322778585437291e-51
5.486779539742813405e+00 1.713788194566091992e-51
5.499389710244956042e+00 8.113442706702738473e-52
5.511999880747098679e+00 3.831866512262381562e-52
5.524610051249241316e+00 1.805397031231185535e-52
5.537220221751383953e+00 8.485788732794686152e-53
5.549830392253526590e+00 3.978953180829465578e-53
5.562440562755672779e+00 1.861240738397036777e-53
5.575050733257815416e+00 8.685470741507835379e-54
5.587660903759958053e+00 4.043349188766921767e-54
5.600271074262100690e+00 1.877786432623610367e-54
5.612881244764243327e+00 8.699778378511546396e-55
5.625491415266385964e+00 4.020936470632322516e-55
5.638101585768532154e+00 1.853972329446633595e-55
5.650711756270674790e+00 8.527785815042405479e-56
5.663321926772817427e+00 3.913148278097986811e-56
5.675932097274960064e+00 1.791320495840074926e-56
5.688542267777102701e+00 8.180450867146929948e-57
5.701152438279245338e+00 3.726817504633089542e-57
5.713762608781391528e+00 1.693775859997936365e-57
5.726372779283534165e+00 7.679459652563397500e-58
5.738982949785676801e+00 3.473459861123943337e-58
5.751593120287819438e+00 1.567295149826765696e-58
5.764203290789962075e+00 7.054986126532834022e-59
5.776813461292104712e+00 3.168096443702772797e-59
5.789423631794250902e+00 1.419245302874572597e-59
5.802033802296393539e+00 6.342688238381504340e-60
5.814643972798536176e+00 2.827782997746019087e-60
5.827254143300678813e+00 1.257695750613870948e-60
5.839864313802821449e+00 5.580355869634699966e-61
5.852474484304964086e+00 2.470045604134073915e-61
5.865084654807110276e+00 1.090698732776383595e-61
5.877694825309252913e+00 4.804645980108727425e-62
5.890304995811395550e+00 2.111420395603806705e-62
5.902915166313538187e+00 9.256456260810375976e-63
5.915525336815680824e+00 4.048288950430870159e-63
5.928135507317823460e+00 1.766261282324160968e-63
5.940745677819969650e+00 7.687676119841215591e-64
5.953355848322112287e+00 3.338042627906853660e-64
5.965966018824254924e+00 1.445923569163720818e-64
5.978576189326397561e+00 6.248207465360608162e-65
5.991186359828540198e+00 2.693532248278963721e-65
6.003796530330682835e+00 1.158365299115296859e-65
6.016406700832829024e+00 4.969646615173477012e-66
6.029016871334971661e+00 2.126973473776690422e-66
6.041627041837114298e+00 9.081450600459138228e-67
6.054237212339256935e+00 3.868164629570147908e-67
6.066847382841399572e+00 1.643657158429064131e-67
6.079457553343542209e+00 6.967453378708144786e-68
6.092067723845688398e+00 2.946411802193319314e-68
6.104677894347831035e+00 1.242994898295449473e-68
6.117288064849973672e+00 5.231205270905237152e-69
6.129898235352116309e+00 2.196295043474915467e-69
6.142508405854258946e+00 9.198904144611376170e-70
6.155118576356401583e+00 3.843598245614886615e-70
6.167728746858547773e+00 1.602124823735575484e-70
6.180338917360690409e+00 6.662100371352603077e-71
6.192949087862833046e+00 2.763646181695381937e-71
6.205559258364975683e+00 1.143694804070318658e-71
6.218169428867118320e+00 4.721655324275713551e-72
6.230779599369264510e+00 1.944620362144191171e-72
6.243389769871407147e+00 7.989724081120053572e-73
6.255999940373549784e+00 3.274802611535278379e-73
6.268610110875692421e+00 1.339044030889843647e-73
6.281220281377835057e+00 5.462116520425728810e-74
6.293830451879977694e+00 2.222713183654630833e-74
6.306440622382123884e+00 9.023234464117702759e-75
6.319050792884266521e+00 3.654242809863849761e-75
6.331660963386409158e+00 1.476348514020891040e-75
6.344271133888551795e+00 5.950270410416477513e-76
6.356881304390694432e+00 2.392438735583451733e-76
6.369491474892837068e+00 9.596243274567819056e-77
6.382101645394983258e+00 3.839882757457706969e-77
6.394711815897125895e+00 1.532819302415838064e-77
6.407321986399268532e+00 6.104080165778036745e-78
6.419932156901411169e+00 2.424966583238830575e-78
6.432542327403553806e+00 9.610534452408664028e-79
6.445152497905696443e+00 3.799667235760796298e-79
6.457762668407842632e+00 1.498648629421689503e-79
6.470372838909985269e+00 5.896717213686369807e-80
6.482983009412127906e+00 2.314605575905009736e-80
6.495593179914270543e+00 9.063582526185857429e-81
6.508203350416413180e+00 3.540617299860654740e-81
6.520813520918555817e+00 1.379794045664671720e-81
6.533423691420702006e+00 5.364209396143338709e-82
6.546033861922844643e+00 2.080431141926046375e-82
6.558644032424987280e+00 8.049281726416970762e-83
6.571254202927129917e+00 3.106826918517017291e-83
6.583864373429272554e+00 1.196280796093012642e-83
6.596474543931415191e+00 4.595209691950732218e-84
6.609084714433561381e+00 1.760895809620709072e-84
6.621694884935704017e+00 6.731596865376412779e-85
6.634305055437846654e+00 2.567193734280412881e-85
6.646915225939989291e+00 9.766867253590219112e-86
6.659525396442131928e+00 3.706875617119640997e-86
6.672135566944274565e+00 1.403514233862279499e-86
6.684745737446420755e+00 5.301291676984242706e-87
6.697355907948563392e+00 1.997572912185955307e-87
6.709966078450706028e+00 7.508957293069511211e-88
6.722576248952848665e+00 2.815870472070109842e-88
6.735186419454991302e+00 1.053420462262614347e-88
6.747796589957133939e+00 3.931396576973174343e-89
6.760406760459280129e+00 1.463686208638036253e-89
6.773016930961422766e+00 5.436321324896607853e-90
6.785627101463565403e+00 2.014272672793479760e-90
6.798237271965708040e+00 7.445389098205392795e-91
6.810847442467850676e+00 2.745443593869820480e-91
6.823457612969993313e+00 1.009935485261096979e-91
6.836067783472139503e+00 3.706215863846299813e-92
6.848677953974282140e+00 1.356824739836456043e-92
6.861288124476424777e+00 4.955331959927563057e-93
6.873898294978567414e+00 1.805417724428983027e-93
6.886508465480710051e+00 6.562035736276394117e-94
6.899118635982852688e+00 2.379334018447282842e-94
6.911728806484998877e+00 8.606531496355898286e-95
6.924338976987141514e+00 3.105680884892738369e-95
6.936949147489284151e+00 1.117998977143618253e-95
6.949559317991426788e+00 4.014966134903769372e-96
6.962169488493569425e+00 1.438395323361555923e-96
6.974779658995712062e+00 5.140797849004059057e-97
6.987389829497858251e+00 1.832899579005780832e-97
7.000000000000000888e+00 6.519325871311719598e-98
