0.000000000000000000e+00
6.173771679941517099e-02
6.169684380522497125e-02
6.162095838127135128e-02
6.140109217266547653e-02
6.140109217266547653e-02
6.140109217266547653e-02
6.140109217266547653e-02
6.140109217266547653e-02
6.140109217266547653e-02
6.140109217266547653e-02
6.140109217266547653e-02
6.140109217266547653e-02
6.140109217266547653e-02
6.140109217266547653e-02
6.140109217266547653e-02
6.140109217266547653e-02
6.140109217266547653e-02
6.140109217266547653e-02
6.140109217266547653e-02
6.140109217266547653e-02
6.140109217266547653e-02
6.140109217266547653e-02
6.140109217266547653e-02
6.140109217266547653e-02
6.140109217266547653e-02
6.140109217266547653e-02
6.140109217266547653e-02
6.140109217266547653e-02
6.140109217266547653e-02
6.140109217266547653e-02
6.140109217266547653e-02
6.140109217266547653e-02
6.140109217266547653e-02
6.140109217266547653e-02
6.140109217266547653e-02
6.140109217266547653e-02
6.140109217266547653e-02
6.140109217266547653e-02
6.140109217266547653e-02
6.140109217266547653e-02
6.140109217266547653e-02
6.140109217266547653e-02
6.140109217266547653e-02
6.140109217266547653e-02
6.140109217266547653e-02
6.140109217266547653e-02
6.140109217266547653e-02
6.140109217266547653e-02
6.140109217266547653e-02
6.140109217266547653e-02
6.140109217266547653e-02
6.140109217266547653e-02
6.140109217266547653e-02
6.140109217266547653e-02
6.140109217266547653e-02
6.140109217266547653e-02
6.140109217266547653e-02
6.140109217266547653e-02
6.140109217266547653e-02
6.140109217266547653e-02
6.140109217266547653e-02
6.140109217266547653e-02
6.140109217266547653e-02
6.140109217266547653e-02
6.140109217266547653e-02
6.140109217266547653e-02
6.140109217266547653e-02
6.140109217266547653e-02
6.140109217266547653e-02
6.140109217266547653e-02
6.140109217266547653e-02
6.140109217266547653e-02
6.140109217266547653e-02
6.140109217266547653e-02
6.140109217266547653e-02
6.140109217266547653e-02
6.140109217266547653e-02
6.140109217266547653e-02
6.140109217266547653e-02
6.140109217266547653e-02
6.140109217266547653e-02
6.140109217266547653e-02
6.140109217266547653e-02
6.140109217266547653e-02
6.140109217266547653e-02
6.140109217266547653e-02
6.140109217266547653e-02
6.140109217266547653e-02
6.140109217266547653e-02
6.140109217266547653e-02
6.140109217266547653e-02
6.140109217266547653e-02
6.140109217266547653e-02
6.140109217266547653e-02
6.140109217266547653e-02
6.140109217266547653e-02
6.140109217266547653e-02
6.140109217266547653e-02
6.140109217266547653e-02
6.140109217266547653e-02
6.140109217266547653e-02
6.140109217266547653e-02
6.140109217266547653e-02
6.140109217266547653e-02
6.140109217266547653e-02
6.140109217266547653e-02
6.140109217266547653e-02
6.140109217266547653e-02
6.140109217266547653e-02
6.140109217266547653e-02
6.140109217266547653e-02
6.140109217266547653e-02
6.140109217266547653e-02
6.140109217266547653e-02
6.140109217266547653e-02
6.140109217266547653e-02
6.140109217266547653e-02
6.140109217266547653e-02
6.140109217266547653e-02
6.140109217266547653e-02
6.140109217266547653e-02
6.140109217266547653e-02
6.140109217266547653e-02
6.140109217266547653e-02
6.140109217266547653e-02
6.140109217266547653e-02
6.140109217266547653e-02
6.140109217266547653e-02
6.140109217266547653e-02
6.140109217266547653e-02
6.140109217266547653e-02
6.140109217266547653e-02
6.140109217266547653e-02
6.140109217266547653e-02
6.140109217266547653e-02
6.140109217266547653e-02
6.140109217266547653e-02
6.140109217266547653e-02
6.140109217266547653e-02
6.140109217266547653e-02
6.140109217266547653e-02
6.140109217266547653e-02
6.140109217266547653e-02
6.140109217266547653e-02
6.140109217266547653e-02
6.140109217266547653e-02
6.140109217266547653e-02
6.140109217266547653e-02
6.140109217266547653e-02
6.140109217266547653e-02
6.140109217266547653e-02
6.140109217266547653e-02
6.140109217266547653e-02
6.140109217266547653e-02
6.140109217266547653e-02
6.140109217266547653e-02
6.140109217266547653e-02
6.140109217266547653e-02
6.140109217266547653e-02
6.140109217266547653e-02
6.140109217266547653e-02
6.140109217266547653e-02
6.140109217266547653e-02
6.140109217266547653e-02
6.140109217266547653e-02
6.140109217266547653e-02
6.140109217266547653e-02
6.140109217266547653e-02
6.140109217266547653e-02
6.140109217266547653e-02
6.140109217266547653e-02
6.140109217266547653e-02
6.140109217266547653e-02
6.140109217266547653e-02
6.140109217266547653e-02
6.140109217266547653e-02
6.140109217266547653e-02
6.140109217266547653e-02
6.140109217266547653e-02
6.140109217266547653e-02
6.140109217266547653e-02
6.140109217266547653e-02
6.140109217266547653e-02
6.140109217266547653e-02
6.140109217266547653e-02
6.140109217266547653e-02
6.140109217266547653e-02
6.140109217266547653e-02
6.140109217266547653e-02
6.140109217266547653e-02
6.140109217266547653e-02
6.140109217266547653e-02
6.140109217266547653e-02
6.140109217266547653e-02
6.140109217266547653e-02
6.140109217266547653e-02
6.140109217266547653e-02
6.140109217266547653e-02
6.140109217266547653e-02
6.140109217266547653e-02
6.140109217266547653e-02
6.140109217266547653e-02
6.140109217266547653e-02
6.140109217266547653e-02
6.140109217266547653e-02
6.140109217266547653e-02
6.140109217266547653e-02
6.140109217266547653e-02
6.140109217266547653e-02
6.140109217266547653e-02
6.140109217266547653e-02
6.140109217266547653e-02
6.140109217266547653e-02
6.140109217266547653e-02
6.140109217266547653e-02
6.140109217266547653e-02
6.140109217266547653e-02
6.140109217266547653e-02
6.140109217266547653e-02
6.140109217266547653e-02
6.140109217266547653e-02
6.140109217266547653e-02
6.140109217266547653e-02
6.140109217266547653e-02
6.140109217266547653e-02
6.140109217266547653e-02
6.140109217266547653e-02
6.140109217266547653e-02
6.140109217266547653e-02
6.140109217266547653e-02
6.140109217266547653e-02
6.140109217266547653e-02
6.140109217266547653e-02
6.140109217266547653e-02
6.140109217266547653e-02
6.140109217266547653e-02
6.140109217266547653e-02
6.140109217266547653e-02
6.140109217266547653e-02
6.140109217266547653e-02
6.140109217266547653e-02
6.140109217266547653e-02
6.140109217266547653e-02
6.140109217266547653e-02
6.140109217266547653e-02
6.140109217266547653e-02
6.140109217266547653e-02
6.140109217266547653e-02
6.140109217266547653e-02
