1.000000000000000000e+00
1.000000000000000000e+00
1.000000000000000000e+00
9.804536571907992437e-01
9.163029187323595837e-01
8.742924255303468062e-01
8.455723369660571587e-01
8.060230716549240393e-01
7.663512972632040565e-01
7.557084095027818416e-01
7.466896582221234091e-01
7.432671447352614535e-01
7.431312062621336922e-01
7.481333681150929005e-01
7.567875815737679090e-01
7.609071849180771840e-01
7.670198187472766493e-01
7.763206452113219358e-01
7.763738097210577394e-01
7.770279632414164306e-01
7.711125692538033372e-01
7.688734029349354460e-01
7.659369276236182023e-01
7.624615489120264433e-01
7.550586687178750811e-01
7.511851900556367756e-01
7.498265714104072055e-01
7.489591581293835176e-01
7.493560543415797026e-01
7.498118096663333176e-01
7.537667845038950043e-01
7.572041340295100342e-01
7.579250968425059742e-01
7.625516933520912755e-01
7.627749297770302084e-01
7.668380751437071652e-01
7.661667070870482599e-01
7.633106864533617530e-01
7.625225602292601268e-01
7.602569547183599674e-01
7.596771846886823942e-01
7.587512757985160894e-01
7.556196022288718117e-01
7.545976576614957798e-01
7.555756165345972608e-01
7.571614359499184710e-01
7.566506898425027217e-01
7.581307829212321492e-01
7.581307829212321492e-01
7.581307829212321492e-01
7.593151374928498454e-01
7.577203223455692971e-01
7.561345029302479759e-01
7.560090029919136478e-01
7.567861065760769224e-01
7.549744157294118185e-01
7.549744157294118185e-01
7.544014526284140709e-01
7.529847442659111101e-01
7.545795594131917694e-01
7.569252565494404283e-01
7.567402189876496488e-01
7.582203120663790763e-01
7.582203120663790763e-01
7.574221877619895515e-01
7.574221877619895515e-01
7.591866365116347604e-01
7.576008170963135502e-01
7.576008170963135502e-01
7.576008170963135502e-01
7.576008170963135502e-01
7.576008170963135502e-01
7.576008170963135502e-01
7.579153003364191843e-01
7.571154482480955128e-01
7.587012676634168340e-01
7.587012676634168340e-01
7.587012676634168340e-01
7.585550959200818566e-01
7.581805905479064300e-01
7.584717731632956150e-01
7.584717731632956150e-01
7.568859537479741828e-01
7.583026621104771436e-01
7.583026621104771436e-01
7.583026621104771436e-01
7.583026621104771436e-01
7.583026621104771436e-01
7.583026621104771436e-01
7.579155497247902495e-01
7.593762883784007656e-01
7.579595800158978047e-01
7.579595800158978047e-01
7.579595800158978047e-01
7.579595800158978047e-01
7.579595800158978047e-01
7.579595800158978047e-01
7.563737606005765945e-01
7.562422685244686305e-01
7.576589768869713692e-01
7.577765923188195529e-01
7.577765923188195529e-01
7.577765923188195529e-01
7.577765923188195529e-01
7.577765923188195529e-01
7.577765923188195529e-01
7.577765923188195529e-01
7.563598839563168141e-01
7.563598839563168141e-01
7.563598839563168141e-01
7.563598839563168141e-01
7.563598839563168141e-01
7.562733166294564047e-01
7.562733166294564047e-01
7.562733166294564047e-01
7.576900249919592545e-01
7.576900249919592545e-01
7.576900249919592545e-01
7.576900249919592545e-01
7.580771373776462596e-01
7.580771373776462596e-01
7.580771373776462596e-01
7.580771373776462596e-01
7.566604290151431877e-01
7.566604290151431877e-01
7.565679561570706202e-01
7.565679561570706202e-01
7.565679561570706202e-01
7.565679561570706202e-01
7.563356023661855776e-01
7.563356023661855776e-01
7.577523107286884274e-01
7.577523107286884274e-01
7.577523107286884274e-01
7.577523107286884274e-01
7.577077782452011911e-01
7.577077782452011911e-01
7.577077782452011911e-01
7.577523107286884274e-01
7.577523107286884274e-01
7.577523107286884274e-01
7.577523107286884274e-01
7.577523107286884274e-01
7.577523107286884274e-01
7.577523107286884274e-01
7.577523107286884274e-01
7.577523107286884274e-01
7.577523107286884274e-01
7.577523107286884274e-01
7.577523107286884274e-01
7.577523107286884274e-01
7.577523107286884274e-01
7.577523107286884274e-01
7.577523107286884274e-01
7.577523107286884274e-01
7.577523107286884274e-01
7.577523107286884274e-01
7.577523107286884274e-01
7.577523107286884274e-01
7.577523107286884274e-01
7.577523107286884274e-01
7.577523107286884274e-01
7.577523107286884274e-01
7.577523107286884274e-01
7.577523107286884274e-01
7.577523107286884274e-01
7.576826980516705445e-01
7.576037408113875937e-01
7.576037408113875937e-01
7.576037408113875937e-01
7.576037408113875937e-01
7.576037408113875937e-01
7.576037408113875937e-01
7.576037408113875937e-01
7.576037408113875937e-01
7.576037408113875937e-01
7.576037408113875937e-01
7.576037408113875937e-01
7.576037408113875937e-01
7.577288215730985099e-01
7.577288215730985099e-01
7.577288215730985099e-01
7.577288215730985099e-01
7.577288215730985099e-01
7.577288215730985099e-01
7.577288215730985099e-01
7.577288215730985099e-01
7.577288215730985099e-01
7.577288215730985099e-01
7.577288215730985099e-01
7.577288215730985099e-01
7.577288215730985099e-01
7.577288215730985099e-01
7.577288215730985099e-01
7.577288215730985099e-01
7.577288215730985099e-01
7.577288215730985099e-01
7.577288215730985099e-01
7.577288215730985099e-01
7.576705931132702299e-01
7.576705931132702299e-01
7.576705931132702299e-01
7.578020851893781940e-01
7.578020851893781940e-01
7.578020851893781940e-01
7.578886525162384924e-01
7.578886525162384924e-01
7.578886525162384924e-01
7.578886525162384924e-01
7.578886525162384924e-01
7.578886525162384924e-01
7.578886525162384924e-01
7.578886525162384924e-01
7.578886525162384924e-01
7.578886525162384924e-01
7.578886525162384924e-01
7.578886525162384924e-01
7.578886525162384924e-01
7.578886525162384924e-01
7.578886525162384924e-01
7.578886525162384924e-01
7.578886525162384924e-01
7.578886525162384924e-01
7.578886525162384924e-01
7.578886525162384924e-01
7.578886525162384924e-01
7.578886525162384924e-01
7.578886525162384924e-01
7.578886525162384924e-01
7.578886525162384924e-01
7.578886525162384924e-01
7.578886525162384924e-01
7.578886525162384924e-01
7.578886525162384924e-01
7.578886525162384924e-01
7.578886525162384924e-01
7.578886525162384924e-01
7.578886525162384924e-01
7.578886525162384924e-01
7.578886525162384924e-01
7.578886525162384924e-01
7.578886525162384924e-01
7.578886525162384924e-01
7.578886525162384924e-01
7.578886525162384924e-01
7.578886525162384924e-01
7.578886525162384924e-01
7.578886525162384924e-01
7.578886525162384924e-01
7.578886525162384924e-01
