0.000000000000000000e+00
1.417101567646027356e-02
1.417101567646027356e-02
1.417101567646027356e-02
1.417101567646027356e-02
1.417101567646027356e-02
1.417101567646027356e-02
1.417101567646027356e-02
1.417101567646027356e-02
1.417101567646027356e-02
1.417101567646027356e-02
1.424456090479465399e-02
1.469006358552301349e-02
1.497077672754443430e-02
1.605236946403832896e-02
1.587072998364379151e-02
1.686545358683437523e-02
1.603574139393807579e-02
1.609023690289310138e-02
1.605230130792725113e-02
1.550616978794759453e-02
1.600902504867403667e-02
1.682539503586944971e-02
1.663110974177280446e-02
1.644608782694468793e-02
1.720476217616053252e-02
1.687045215231208067e-02
1.727585194713363720e-02
1.550387957596210085e-02
1.535028042021789087e-02
1.636983123871448009e-02
1.638883175083471685e-02
1.765698007881815260e-02
1.788009346223860471e-02
1.819926621229744218e-02
1.850875311265588741e-02
1.917017561922617144e-02
2.050422766113343606e-02
1.979861978884315046e-02
2.150086466781187325e-02
2.187810860225299428e-02
2.054623803565275644e-02
2.103308987330563054e-02
2.029453162839982283e-02
2.030904576363552066e-02
2.136562570645496317e-02
2.100769927391075639e-02
2.121477556693945540e-02
2.137069953564018146e-02
2.116417321968530954e-02
2.066605080348589418e-02
2.068837881674884596e-02
2.207820386260025622e-02
2.209134005789645597e-02
2.201972128408069204e-02
2.219702231219233823e-02
2.219563131950875665e-02
2.213769845994541241e-02
2.215766529461739645e-02
2.324165663445273977e-02
2.234846717866490265e-02
2.232139169733645886e-02
2.215990004389939774e-02
2.178063492876367024e-02
2.201781623694555601e-02
2.155837931275070285e-02
2.039429096601939884e-02
2.069716739741199116e-02
1.963750647725533149e-02
1.924796071226396801e-02
1.947819115837526663e-02
1.894487472189447172e-02
1.920537235741049190e-02
1.921908975155115981e-02
1.989039884078876511e-02
1.898944407912152646e-02
1.776770176814781999e-02
1.787342416567965636e-02
1.798578778034487860e-02
1.866365033379052338e-02
1.859135323058055608e-02
1.830416978716598378e-02
1.740711634014445106e-02
1.817383335004535763e-02
1.748283745572928524e-02
1.714354005524160868e-02
1.683668275655985161e-02
1.721293164480092175e-02
1.714476381180455103e-02
1.748388648325983202e-02
1.727010299948357822e-02
1.798145876910816482e-02
1.850147432947083642e-02
1.893714076761048720e-02
1.977492000900974919e-02
1.942266183205265326e-02
1.858903580127163960e-02
1.935226991794901027e-02
1.943364170693925516e-02
1.960813549619400131e-02
1.863105951550505721e-02
1.860746955796018301e-02
1.851703411670740929e-02
1.807160027563107715e-02
1.926849032559130315e-02
1.970602094934709864e-02
1.894809592688015756e-02
1.847516913205809672e-02
1.908243823300663847e-02
1.905620381878990119e-02
1.922298275654715782e-02
1.905572433912376337e-02
1.908755647453677304e-02
1.826052305562421776e-02
1.962418200102240134e-02
2.004433708111458268e-02
1.945004688573794341e-02
1.982231888275747325e-02
2.025367466623190574e-02
2.081499725847265822e-02
2.084199768373951392e-02
2.102569504383853746e-02
2.253182619554325652e-02
2.191910875486365387e-02
2.122011210297535325e-02
2.131713484104281672e-02
2.071819304643745044e-02
2.160473955355034573e-02
2.163904213483953953e-02
2.172628052937417009e-02
2.103305318252380804e-02
2.034684516705203075e-02
2.042007442689660127e-02
1.986194876695970488e-02
1.920774582318419618e-02
1.910754608915046088e-02
1.917926852028218124e-02
2.022012532929744547e-02
2.048889212870643600e-02
2.104533558112671801e-02
2.233038007713690140e-02
2.284874015713980744e-02
2.337799968186811059e-02
2.340602186035778756e-02
2.394157451412371254e-02
2.373081118822974178e-02
2.331467903110788151e-02
2.281242478888101041e-02
2.343511423111299674e-02
2.323761985639301655e-02
2.340369373840744949e-02
2.314953124123203879e-02
2.197273171036032147e-02
2.160351320854920695e-02
2.247043754800219159e-02
2.210104039944022283e-02
2.291343648135803213e-02
2.285002037350883711e-02
2.353599357239530634e-02
2.333203750928155781e-02
2.223575835527047059e-02
2.169753915555003299e-02
2.171892522160699668e-02
2.149005317398942558e-02
2.137981550446198600e-02
2.147362488793673474e-02
2.127643749385930635e-02
2.102578463768972616e-02
2.014172218454731225e-02
1.978371392619821673e-02
1.995566968563615082e-02
2.146535127311059721e-02
2.173266957825725418e-02
2.161868803615967990e-02
2.102516259055432421e-02
2.123589029904697500e-02
2.168301049183620974e-02
2.216533906033461496e-02
2.178222245874346027e-02
2.216037694329235294e-02
2.175959532753294137e-02
2.168640091337471765e-02
2.163055926438388343e-02
2.164822424659815225e-02
2.242940936799001084e-02
2.247511227657434177e-02
2.254546982149032916e-02
2.219229227530042717e-02
2.220973279920703328e-02
2.259950948943682467e-02
2.217113670208191098e-02
2.179004931098384168e-02
2.172251406907616325e-02
2.151038182708842408e-02
2.121120248370715958e-02
2.059561529482270559e-02
2.101134540904996129e-02
2.062319498170381640e-02
2.065205301444169098e-02
1.986337498409293176e-02
1.942319013300270250e-02
2.002200199318980231e-02
1.958361340093529857e-02
1.872923111527646095e-02
1.959370211055651984e-02
1.865705346830378794e-02
1.805275374486895942e-02
1.814794470792721950e-02
1.833193123052037979e-02
1.785966960008037244e-02
1.827428058806749786e-02
1.859156509969148510e-02
1.918577507175096494e-02
1.902750538951599943e-02
1.875463831858908970e-02
1.846472741040882173e-02
1.770660895836127791e-02
1.850233853265894138e-02
1.872324825705038581e-02
1.924780405862332525e-02
1.985566592702859429e-02
1.965996338114130854e-02
1.980443554262858313e-02
2.071261686155176363e-02
2.040419631797401809e-02
2.015387797491925009e-02
2.015607193920869109e-02
2.047587515168684813e-02
2.033167012877082694e-02
2.065458721173890622e-02
1.995186711116344117e-02
2.042721749264519993e-02
2.024166622746943409e-02
1.995728735159559356e-02
1.878912988690011401e-02
1.965976016952355673e-02
1.922545011697111839e-02
1.988737440700990081e-02
2.001881905886206472e-02
1.987629849018814759e-02
2.072643360256135048e-02
2.042254746156260334e-02
2.051081450932371736e-02
2.045811332771649629e-02
2.057006958606044655e-02
2.111265366269181321e-02
2.007142537281215652e-02
2.083048012432326193e-02
2.061865283773459817e-02
2.123175270870449050e-02
