-1.899999999999999911e+00 0.000000000000000000e+00
-1.896386430678465906e+00 0.000000000000000000e+00
-1.892772861356932124e+00 0.000000000000000000e+00
-1.889159292035398119e+00 0.000000000000000000e+00
-1.885545722713864114e+00 0.000000000000000000e+00
-1.881932153392330331e+00 0.000000000000000000e+00
-1.878318584070796327e+00 0.000000000000000000e+00
-1.874705014749262544e+00 0.000000000000000000e+00
-1.871091445427728539e+00 0.000000000000000000e+00
-1.867477876106194534e+00 0.000000000000000000e+00
-1.863864306784660752e+00 0.000000000000000000e+00
-1.860250737463126747e+00 0.000000000000000000e+00
-1.856637168141592742e+00 0.000000000000000000e+00
-1.853023598820058959e+00 0.000000000000000000e+00
-1.849410029498524954e+00 0.000000000000000000e+00
-1.845796460176990950e+00 0.000000000000000000e+00
-1.842182890855457167e+00 0.000000000000000000e+00
-1.838569321533923162e+00 0.000000000000000000e+00
-1.834955752212389379e+00 0.000000000000000000e+00
-1.831342182890855375e+00 0.000000000000000000e+00
-1.827728613569321370e+00 0.000000000000000000e+00
-1.824115044247787587e+00 0.000000000000000000e+00
-1.820501474926253582e+00 0.000000000000000000e+00
-1.816887905604719577e+00 0.000000000000000000e+00
-1.813274336283185795e+00 0.000000000000000000e+00
-1.809660766961651790e+00 0.000000000000000000e+00
-1.806047197640118007e+00 0.000000000000000000e+00
-1.802433628318584002e+00 0.000000000000000000e+00
-1.798820058997049998e+00 0.000000000000000000e+00
-1.795206489675516215e+00 0.000000000000000000e+00
-1.791592920353982210e+00 0.000000000000000000e+00
-1.787979351032448205e+00 0.000000000000000000e+00
-1.784365781710914423e+00 0.000000000000000000e+00
-1.780752212389380418e+00 0.000000000000000000e+00
-1.777138643067846413e+00 0.000000000000000000e+00
-1.773525073746312630e+00 0.000000000000000000e+00
-1.769911504424778625e+00 0.000000000000000000e+00
-1.766297935103244843e+00 0.000000000000000000e+00
-1.762684365781710838e+00 0.000000000000000000e+00
-1.759070796460176833e+00 0.000000000000000000e+00
-1.755457227138643050e+00 0.000000000000000000e+00
-1.751843657817109046e+00 0.000000000000000000e+00
-1.748230088495575041e+00 0.000000000000000000e+00
-1.744616519174041258e+00 0.000000000000000000e+00
-1.741002949852507253e+00 0.000000000000000000e+00
-1.737389380530973249e+00 0.000000000000000000e+00
-1.733775811209439466e+00 0.000000000000000000e+00
-1.730162241887905461e+00 0.000000000000000000e+00
-1.726548672566371678e+00 0.000000000000000000e+00
-1.722935103244837673e+00 0.000000000000000000e+00
-1.719321533923303669e+00 0.000000000000000000e+00
-1.715707964601769886e+00 0.000000000000000000e+00
-1.712094395280235881e+00 0.000000000000000000e+00
-1.708480825958701876e+00 0.000000000000000000e+00
-1.704867256637168094e+00 0.000000000000000000e+00
-1.701253687315634089e+00 0.000000000000000000e+00
-1.697640117994100084e+00 0.000000000000000000e+00
-1.694026548672566301e+00 0.000000000000000000e+00
-1.690412979351032297e+00 0.000000000000000000e+00
-1.686799410029498514e+00 0.000000000000000000e+00
-1.683185840707964509e+00 0.000000000000000000e+00
-1.679572271386430504e+00 0.000000000000000000e+00
-1.675958702064896721e+00 0.000000000000000000e+00
-1.672345132743362717e+00 0.000000000000000000e+00
-1.668731563421828712e+00 0.000000000000000000e+00
-1.665117994100294929e+00 0.000000000000000000e+00
-1.661504424778760924e+00 0.000000000000000000e+00
-1.657890855457226920e+00 0.000000000000000000e+00
-1.654277286135693137e+00 0.000000000000000000e+00
-1.650663716814159132e+00 0.000000000000000000e+00
-1.647050147492625349e+00 0.000000000000000000e+00
-1.643436578171091345e+00 0.000000000000000000e+00
-1.639823008849557340e+00 0.000000000000000000e+00
-1.636209439528023557e+00 0.000000000000000000e+00
-1.632595870206489552e+00 0.000000000000000000e+00
-1.628982300884955770e+00 0.000000000000000000e+00
-1.625368731563421765e+00 0.000000000000000000e+00
-1.621755162241887760e+00 0.000000000000000000e+00
-1.618141592920353755e+00 0.000000000000000000e+00
-1.614528023598819972e+00 0.000000000000000000e+00
-1.610914454277285968e+00 0.000000000000000000e+00
-1.607300884955752185e+00 0.000000000000000000e+00
-1.603687315634218180e+00 0.000000000000000000e+00
-1.600073746312684175e+00 0.000000000000000000e+00
-1.596460176991150393e+00 0.000000000000000000e+00
-1.592846607669616388e+00 0.000000000000000000e+00
-1.589233038348082605e+00 0.000000000000000000e+00
-1.585619469026548600e+00 0.000000000000000000e+00
-1.582005899705014595e+00 0.000000000000000000e+00
-1.578392330383480591e+00 0.000000000000000000e+00
-1.574778761061946808e+00 0.000000000000000000e+00
-1.571165191740412803e+00 0.000000000000000000e+00
-1.567551622418879020e+00 0.000000000000000000e+00
-1.563938053097345016e+00 0.000000000000000000e+00
-1.560324483775811011e+00 0.000000000000000000e+00
-1.556710914454277228e+00 0.000000000000000000e+00
-1.553097345132743223e+00 0.000000000000000000e+00
-1.549483775811209441e+00 0.000000000000000000e+00
-1.545870206489675436e+00 0.000000000000000000e+00
-1.542256637168141431e+00 0.000000000000000000e+00
-1.538643067846607426e+00 0.000000000000000000e+00
-1.535029498525073643e+00 0.000000000000000000e+00
-1.531415929203539639e+00 0.000000000000000000e+00
-1.527802359882005856e+00 0.000000000000000000e+00
-1.524188790560471851e+00 0.000000000000000000e+00
-1.520575221238937846e+00 0.000000000000000000e+00
-1.516961651917404064e+00 0.000000000000000000e+00
-1.513348082595870059e+00 0.000000000000000000e+00
-1.509734513274336276e+00 0.000000000000000000e+00
-1.506120943952802271e+00 0.000000000000000000e+00
-1.502507374631268267e+00 0.000000000000000000e+00
-1.498893805309734262e+00 0.000000000000000000e+00
-1.495280235988200479e+00 0.000000000000000000e+00
-1.491666666666666474e+00 0.000000000000000000e+00
-1.488053097345132691e+00 0.000000000000000000e+00
-1.484439528023598687e+00 0.000000000000000000e+00
-1.480825958702064682e+00 0.000000000000000000e+00
-1.477212389380530899e+00 0.000000000000000000e+00
-1.473598820058996894e+00 0.000000000000000000e+00
-1.469985250737463112e+00 0.000000000000000000e+00
-1.466371681415929107e+00 0.000000000000000000e+00
-1.462758112094395102e+00 0.000000000000000000e+00
-1.459144542772861097e+00 0.000000000000000000e+00
-1.455530973451327315e+00 0.000000000000000000e+00
-1.451917404129793310e+00 0.000000000000000000e+00
-1.448303834808259527e+00 0.000000000000000000e+00
-1.444690265486725522e+00 0.000000000000000000e+00
-1.441076696165191517e+00 0.000000000000000000e+00
-1.437463126843657735e+00 0.000000000000000000e+00
-1.433849557522123730e+00 0.000000000000000000e+00
-1.430235988200589947e+00 0.000000000000000000e+00
-1.426622418879055942e+00 0.000000000000000000e+00
-1.423008849557521938e+00 0.000000000000000000e+00
-1.419395280235987933e+00 0.000000000000000000e+00
-1.415781710914454150e+00 0.000000000000000000e+00
-1.412168141592920145e+00 0.000000000000000000e+00
-1.408554572271386363e+00 0.000000000000000000e+00
-1.404941002949852358e+00 0.000000000000000000e+00
-1.401327433628318353e+00 0.000000000000000000e+00
-1.397713864306784570e+00 0.000000000000000000e+00
-1.394100294985250565e+00 0.000000000000000000e+00
-1.390486725663716783e+00 0.000000000000000000e+00
-1.386873156342182778e+00 0.000000000000000000e+00
-1.383259587020648773e+00 0.000000000000000000e+00
-1.379646017699114768e+00 0.000000000000000000e+00
-1.376032448377580986e+00 0.000000000000000000e+00
-1.372418879056047203e+00 0.000000000000000000e+00
-1.368805309734513198e+00 0.000000000000000000e+00
-1.365191740412979193e+00 0.000000000000000000e+00
-1.361578171091445189e+00 0.000000000000000000e+00
-1.357964601769911406e+00 0.000000000000000000e+00
-1.354351032448377401e+00 0.000000000000000000e+00
-1.350737463126843618e+00 0.000000000000000000e+00
-1.347123893805309613e+00 0.000000000000000000e+00
-1.343510324483775609e+00 0.000000000000000000e+00
-1.339896755162241604e+00 0.000000000000000000e+00
-1.336283185840707821e+00 0.000000000000000000e+00
-1.332669616519174038e+00 0.000000000000000000e+00
-1.329056047197640034e+00 0.000000000000000000e+00
-1.325442477876106029e+00 0.000000000000000000e+00
-1.321828908554572024e+00 0.000000000000000000e+00
-1.318215339233038241e+00 0.000000000000000000e+00
-1.314601769911504237e+00 0.000000000000000000e+00
-1.310988200589970454e+00 0.000000000000000000e+00
-1.307374631268436449e+00 0.000000000000000000e+00
-1.303761061946902444e+00 0.000000000000000000e+00
-1.300147492625368439e+00 0.000000000000000000e+00
-1.296533923303834657e+00 0.000000000000000000e+00
-1.292920353982300874e+00 0.000000000000000000e+00
-1.289306784660766869e+00 0.000000000000000000e+00
-1.285693215339232864e+00 0.000000000000000000e+00
-1.282079646017698860e+00 0.000000000000000000e+00
-1.278466076696165077e+00 0.000000000000000000e+00
-1.274852507374631072e+00 0.000000000000000000e+00
-1.271238938053097289e+00 0.000000000000000000e+00
-1.267625368731563285e+00 0.000000000000000000e+00
-1.264011799410029280e+00 0.000000000000000000e+00
-1.260398230088495275e+00 0.000000000000000000e+00
-1.256784660766961492e+00 0.000000000000000000e+00
-1.253171091445427709e+00 0.000000000000000000e+00
-1.249557522123893705e+00 0.000000000000000000e+00
-1.245943952802359700e+00 0.000000000000000000e+00
-1.242330383480825695e+00 0.000000000000000000e+00
-1.238716814159291912e+00 0.000000000000000000e+00
-1.235103244837757908e+00 0.000000000000000000e+00
-1.231489675516224125e+00 0.000000000000000000e+00
-1.227876106194690120e+00 0.000000000000000000e+00
-1.224262536873156115e+00 0.000000000000000000e+00
-1.220648967551622111e+00 0.000000000000000000e+00
-1.217035398230088328e+00 0.000000000000000000e+00
-1.213421828908554545e+00 0.000000000000000000e+00
-1.209808259587020540e+00 0.000000000000000000e+00
-1.206194690265486535e+00 0.000000000000000000e+00
-1.202581120943952531e+00 0.000000000000000000e+00
-1.198967551622418748e+00 0.000000000000000000e+00
-1.195353982300884743e+00 0.000000000000000000e+00
-1.191740412979350960e+00 0.000000000000000000e+00
-1.188126843657816956e+00 0.000000000000000000e+00
-1.184513274336282951e+00 0.000000000000000000e+00
-1.180899705014748946e+00 0.000000000000000000e+00
-1.177286135693215163e+00 0.000000000000000000e+00
-1.173672566371681381e+00 0.000000000000000000e+00
-1.170058997050147376e+00 0.000000000000000000e+00
-1.166445427728613371e+00 0.000000000000000000e+00
-1.162831858407079366e+00 0.000000000000000000e+00
-1.159218289085545583e+00 0.000000000000000000e+00
-1.155604719764011579e+00 0.000000000000000000e+00
-1.151991150442477796e+00 0.000000000000000000e+00
-1.148377581120943791e+00 0.000000000000000000e+00
-1.144764011799409786e+00 0.000000000000000000e+00
-1.141150442477875782e+00 0.000000000000000000e+00
-1.137536873156341999e+00 0.000000000000000000e+00
-1.133923303834808216e+00 0.000000000000000000e+00
-1.130309734513274211e+00 0.000000000000000000e+00
-1.126696165191740207e+00 0.000000000000000000e+00
-1.123082595870206202e+00 0.000000000000000000e+00
-1.119469026548672419e+00 0.000000000000000000e+00
-1.115855457227138636e+00 0.000000000000000000e+00
-1.112241887905604631e+00 0.000000000000000000e+00
-1.108628318584070627e+00 0.000000000000000000e+00
-1.105014749262536622e+00 0.000000000000000000e+00
-1.101401179941002617e+00 0.000000000000000000e+00
-1.097787610619468834e+00 0.000000000000000000e+00
-1.094174041297935052e+00 0.000000000000000000e+00
-1.090560471976401047e+00 0.000000000000000000e+00
-1.086946902654867042e+00 0.000000000000000000e+00
-1.083333333333333037e+00 0.000000000000000000e+00
-1.079719764011799255e+00 0.000000000000000000e+00
-1.076106194690265472e+00 0.000000000000000000e+00
-1.072492625368731467e+00 0.000000000000000000e+00
-1.068879056047197462e+00 0.000000000000000000e+00
-1.065265486725663457e+00 0.000000000000000000e+00
-1.061651917404129453e+00 0.000000000000000000e+00
-1.058038348082595670e+00 0.000000000000000000e+00
-1.054424778761061887e+00 0.000000000000000000e+00
-1.050811209439527882e+00 0.000000000000000000e+00
-1.047197640117993878e+00 0.000000000000000000e+00
-1.043584070796459873e+00 0.000000000000000000e+00
-1.039970501474926090e+00 0.000000000000000000e+00
-1.036356932153392307e+00 0.000000000000000000e+00
-1.032743362831858303e+00 0.000000000000000000e+00
-1.029129793510324298e+00 0.000000000000000000e+00
-1.025516224188790293e+00 0.000000000000000000e+00
-1.021902654867256510e+00 0.000000000000000000e+00
-1.018289085545722505e+00 0.000000000000000000e+00
-1.014675516224188723e+00 0.000000000000000000e+00
-1.011061946902654718e+00 0.000000000000000000e+00
-1.007448377581120713e+00 0.000000000000000000e+00
-1.003834808259586708e+00 0.000000000000000000e+00
-1.000221238938052926e+00 0.000000000000000000e+00
-9.966076696165190318e-01 0.000000000000000000e+00
-9.929941002949850271e-01 0.000000000000000000e+00
-9.893805309734511333e-01 0.000000000000000000e+00
-9.857669616519172395e-01 0.000000000000000000e+00
-9.821533923303833458e-01 0.000000000000000000e+00
-9.785398230088493410e-01 0.000000000000000000e+00
-9.749262536873154472e-01 0.000000000000000000e+00
-9.713126843657815535e-01 0.000000000000000000e+00
-9.676991150442475487e-01 0.000000000000000000e+00
-9.640855457227136549e-01 0.000000000000000000e+00
-9.604719764011797611e-01 0.000000000000000000e+00
-9.568584070796458674e-01 0.000000000000000000e+00
-9.532448377581118626e-01 0.000000000000000000e+00
-9.496312684365779688e-01 0.000000000000000000e+00
-9.460176991150440751e-01 0.000000000000000000e+00
-9.424041297935101813e-01 0.000000000000000000e+00
-9.387905604719761765e-01 0.000000000000000000e+00
-9.351769911504422828e-01 0.000000000000000000e+00
-9.315634218289083890e-01 0.000000000000000000e+00
-9.279498525073743842e-01 0.000000000000000000e+00
-9.243362831858404904e-01 0.000000000000000000e+00
-9.207227138643065967e-01 0.000000000000000000e+00
-9.171091445427727029e-01 0.000000000000000000e+00
-9.134955752212386981e-01 0.000000000000000000e+00
-9.098820058997048044e-01 0.000000000000000000e+00
-9.062684365781709106e-01 0.000000000000000000e+00
-9.026548672566370168e-01 0.000000000000000000e+00
-8.990412979351030121e-01 0.000000000000000000e+00
-8.954277286135692293e-01 0.000000000000000000e+00
-8.918141592920352245e-01 0.000000000000000000e+00
-8.882005899705012197e-01 0.000000000000000000e+00
-8.845870206489674370e-01 0.000000000000000000e+00
-8.809734513274334322e-01 0.000000000000000000e+00
-8.773598820058994274e-01 0.000000000000000000e+00
-8.737463126843656447e-01 0.000000000000000000e+00
-8.701327433628316399e-01 0.000000000000000000e+00
-8.665191740412976351e-01 0.000000000000000000e+00
-8.629056047197638524e-01 0.000000000000000000e+00
-8.592920353982298476e-01 0.000000000000000000e+00
-8.556784660766960648e-01 0.000000000000000000e+00
-8.520648967551620601e-01 0.000000000000000000e+00
-8.484513274336280553e-01 0.000000000000000000e+00
-8.448377581120942725e-01 0.000000000000000000e+00
-8.412241887905602677e-01 0.000000000000000000e+00
-8.376106194690262630e-01 0.000000000000000000e+00
-8.339970501474924802e-01 0.000000000000000000e+00
-8.303834808259584754e-01 0.000000000000000000e+00
-8.267699115044244706e-01 0.000000000000000000e+00
-8.231563421828906879e-01 0.000000000000000000e+00
-8.195427728613566831e-01 0.000000000000000000e+00
-8.159292035398229004e-01 0.000000000000000000e+00
-8.123156342182888956e-01 0.000000000000000000e+00
-8.087020648967548908e-01 0.000000000000000000e+00
-8.050884955752211081e-01 0.000000000000000000e+00
-8.014749262536871033e-01 0.000000000000000000e+00
-7.978613569321530985e-01 0.000000000000000000e+00
-7.942477876106193158e-01 0.000000000000000000e+00
-7.906342182890853110e-01 0.000000000000000000e+00
-7.870206489675513062e-01 0.000000000000000000e+00
-7.834070796460175234e-01 0.000000000000000000e+00
-7.797935103244835187e-01 0.000000000000000000e+00
-7.761799410029497359e-01 0.000000000000000000e+00
-7.725663716814157311e-01 0.000000000000000000e+00
-7.689528023598817263e-01 0.000000000000000000e+00
-7.653392330383479436e-01 0.000000000000000000e+00
-7.617256637168139388e-01 0.000000000000000000e+00
-7.581120943952799340e-01 0.000000000000000000e+00
-7.544985250737461513e-01 0.000000000000000000e+00
-7.508849557522121465e-01 0.000000000000000000e+00
-7.472713864306783638e-01 0.000000000000000000e+00
-7.436578171091443590e-01 0.000000000000000000e+00
-7.400442477876103542e-01 0.000000000000000000e+00
-7.364306784660765715e-01 0.000000000000000000e+00
-7.328171091445425667e-01 0.000000000000000000e+00
-7.292035398230085619e-01 0.000000000000000000e+00
-7.255899705014747791e-01 0.000000000000000000e+00
-7.219764011799407744e-01 0.000000000000000000e+00
-7.183628318584067696e-01 0.000000000000000000e+00
-7.147492625368729868e-01 0.000000000000000000e+00
-7.111356932153389820e-01 0.000000000000000000e+00
-7.075221238938051993e-01 0.000000000000000000e+00
-7.039085545722711945e-01 0.000000000000000000e+00
-7.002949852507371897e-01 0.000000000000000000e+00
-6.966814159292034070e-01 0.000000000000000000e+00
-6.930678466076694022e-01 0.000000000000000000e+00
-6.894542772861353974e-01 0.000000000000000000e+00
-6.858407079646016147e-01 0.000000000000000000e+00
-6.822271386430676099e-01 0.000000000000000000e+00
-6.786135693215336051e-01 0.000000000000000000e+00
-6.749999999999998224e-01 0.000000000000000000e+00
-6.713864306784658176e-01 0.000000000000000000e+00
-6.677728613569320348e-01 0.000000000000000000e+00
-6.641592920353980301e-01 0.000000000000000000e+00
-6.605457227138640253e-01 0.000000000000000000e+00
-6.569321533923302425e-01 0.000000000000000000e+00
-6.533185840707962377e-01 0.000000000000000000e+00
-6.497050147492622330e-01 0.000000000000000000e+00
-6.460914454277284502e-01 0.000000000000000000e+00
-6.424778761061944454e-01 0.000000000000000000e+00
-6.388643067846604406e-01 0.000000000000000000e+00
-6.352507374631266579e-01 0.000000000000000000e+00
-6.316371681415926531e-01 0.000000000000000000e+00
-6.280235988200588704e-01 0.000000000000000000e+00
-6.244100294985248656e-01 0.000000000000000000e+00
-6.207964601769908608e-01 0.000000000000000000e+00
-6.171828908554570781e-01 0.000000000000000000e+00
-6.135693215339230733e-01 0.000000000000000000e+00
-6.099557522123890685e-01 0.000000000000000000e+00
-6.063421828908552857e-01 0.000000000000000000e+00
-6.027286135693212810e-01 0.000000000000000000e+00
-5.991150442477872762e-01 0.000000000000000000e+00
-5.955014749262534934e-01 0.000000000000000000e+00
-5.918879056047194887e-01 0.000000000000000000e+00
-5.882743362831857059e-01 0.000000000000000000e+00
-5.846607669616517011e-01 0.000000000000000000e+00
-5.810471976401176963e-01 0.000000000000000000e+00
-5.774336283185839136e-01 0.000000000000000000e+00
-5.738200589970499088e-01 0.000000000000000000e+00
-5.702064896755159040e-01 0.000000000000000000e+00
-5.665929203539821213e-01 0.000000000000000000e+00
-5.629793510324481165e-01 0.000000000000000000e+00
-5.593657817109143338e-01 0.000000000000000000e+00
-5.557522123893803290e-01 1.575870301778302454e-317
-5.521386430678463242e-01 1.664465232226661801e-299
-5.485250737463125414e-01 1.684461263863455373e-282
-5.449115044247785367e-01 1.864110718768506882e-266
-5.412979351032445319e-01 2.555465964462933400e-251
-5.376843657817107491e-01 4.881710906422178347e-237
-5.340707964601767443e-01 1.452169243121305105e-223
-5.304572271386427396e-01 7.470175908608916322e-211
-5.268436578171089568e-01 7.336284927174141130e-199
-5.232300884955749520e-01 1.510076200589564376e-187
-5.196165191740411693e-01 7.114797333319632578e-177
-5.160029498525071645e-01 8.338296545467185715e-167
-5.123893805309731597e-01 2.629183804753511159e-157
-5.087758112094393770e-01 2.401888695754156728e-148
-5.051622418879053722e-01 6.817455799198312109e-140
-5.015486725663713674e-01 6.421995707458974353e-132
-4.979351032448375847e-01 2.136604813968845577e-124
-4.943215339233035799e-01 2.662511239843172345e-117
-4.907079646017695751e-01 1.313536483548148304e-110
-4.870943952802357924e-01 2.703281518403204516e-104
-4.834808259587017876e-01 2.438230202979597239e-98
-4.798672566371680048e-01 1.009766782096325180e-92
-4.762536873156340000e-01 2.006410252149936204e-87
-4.726401179940999953e-01 1.993814773989690730e-82
-4.690265486725662125e-01 1.030423344225113729e-77
-4.654129793510322077e-01 2.873783993235500225e-73
-4.617994100294982029e-01 4.478556700280520350e-69
-4.581858407079644202e-01 4.030441255795238677e-65
-4.545722713864304154e-01 2.160616931590393624e-61
-4.509587020648964106e-01 7.104508846218331574e-58
-4.473451327433626279e-01 1.473075417164032924e-54
-4.437315634218286231e-01 1.976867247768802759e-51
-4.401179941002948404e-01 1.759868007146238953e-48
-4.365044247787608356e-01 1.063698750885960801e-45
-4.328908554572268308e-01 4.461803148464748684e-43
-4.292772861356930481e-01 1.325976885830563217e-40
-4.256637168141590433e-01 2.846881785497087437e-38
-4.220501474926250385e-01 4.497871514694135784e-36
-4.184365781710912557e-01 5.321008455259605039e-34
-4.148230088495572510e-01 4.791259109008436902e-32
-4.112094395280232462e-01 3.334970522083273130e-30
-4.075958702064894634e-01 1.820789460283065379e-28
-4.039823008849554586e-01 7.905582609316461772e-27
-4.003687315634216759e-01 2.765399597789172316e-25
-3.967551622418876711e-01 7.889630113904612870e-24
-3.931415929203536663e-01 1.857181542633683944e-22
-3.895280235988198836e-01 3.646628950166114320e-21
-3.859144542772858788e-01 6.034497351517288833e-20
-3.823008849557518740e-01 8.498124712007815080e-19
-3.786873156342180913e-01 1.027825352668810333e-17
-3.750737463126840865e-01 1.076927707895402499e-16
-3.714601769911500817e-01 9.855286252128158514e-16
-3.678466076696162990e-01 7.938007929689517917e-15
-3.642330383480822942e-01 5.668504295681804953e-14
-3.606194690265485114e-01 3.613406098173339758e-13
-3.570058997050145067e-01 2.069496704567931389e-12
-3.533923303834805019e-01 1.071425196135004389e-11
-3.497787610619467191e-01 5.043217506352379642e-11
-3.461651917404127143e-01 2.170003328345972025e-10
-3.425516224188787096e-01 8.579156981325784990e-10
-3.389380530973449268e-01 3.131547858608589965e-09
-3.353244837758109220e-01 1.060189705931778992e-08
-3.317109144542771393e-01 3.343381467827504648e-08
-3.280973451327431345e-01 9.861160088950241299e-08
-3.244837758112091297e-01 2.730686771824322236e-07
-3.208702064896753470e-01 7.125009036009581773e-07
-3.172566371681413422e-01 1.757711405408345580e-06
-3.136430678466073374e-01 4.112949958838042751e-06
-3.100294985250735547e-01 9.156277074479345643e-06
-3.064159292035395499e-01 1.944846546659809345e-05
-3.028023598820055451e-01 3.952059514874849469e-05
-2.991887905604717623e-01 7.702605644337566656e-05
-2.955752212389377576e-01 1.443342855614382152e-04
-2.919616519174039748e-01 2.606162123827434718e-04
-2.883480825958699700e-01 4.544226961440403696e-04
-2.847345132743359652e-01 7.666888810873012791e-04
-2.811209439528021825e-01 1.254016001552634048e-03
-2.775073746312681777e-01 1.991998721634892933e-03
-2.738938053097341729e-01 3.078294410035883368e-03
-2.702802359882003902e-01 4.635084844937254096e-03
-2.666666666666663854e-01 6.810572071076935116e-03
-2.630530973451323806e-01 9.779184697389609396e-03
-2.594395280235985979e-01 1.374024840535808395e-02
-2.558259587020645931e-01 1.891498764335962021e-02
-2.522123893805308104e-01 2.554186163894352907e-02
-2.485988200589968056e-01 3.387038081397435174e-02
-2.449852507374628008e-01 4.415368258105115823e-02
-2.413716814159290180e-01 5.664025337915472302e-02
-2.377581120943950133e-01 7.156525566339831668e-02
-2.341445427728610085e-01 8.914194852764510679e-02
-2.305309734513272257e-01 1.095536782336550136e-01
-2.269174041297932209e-01 1.329468644906385000e-01
-2.233038348082592162e-01 1.594253278670918761e-01
-2.196902654867254334e-01 1.890462033829791721e-01
-2.160766961651914286e-01 2.218175759433337890e-01
-2.124631268436576459e-01 2.576978649950303346e-01
-2.088495575221236411e-01 2.965968871379359162e-01
-2.052359882005896363e-01 3.383784426899181796e-01
-2.016224188790558536e-01 3.828642092415318054e-01
-1.980088495575218488e-01 4.298386835506515791e-01
-1.943952802359878440e-01 4.790548922244317609e-01
-1.907817109144540613e-01 5.302405894766913930e-01
-1.871681415929200565e-01 5.831046737598466478e-01
-1.835545722713860517e-01 6.373435806337472975e-01
-1.799410029498522690e-01 6.926474431050771985e-01
-1.763274336283182642e-01 7.487058493085876343e-01
-1.727138643067844814e-01 8.052130676931135156e-01
-1.691002949852504766e-01 8.618726492710255815e-01
-1.654867256637164719e-01 9.184013530515251489e-01
-1.618731563421826891e-01 9.745323731719621740e-01
-1.582595870206486843e-01 1.030017873677068430e+00
-1.546460176991146795e-01 1.084630859049516838e+00
-1.510324483775808968e-01 1.138166425510950042e+00
-1.474188790560468920e-01 1.190442450108546657e+00
-1.438053097345131093e-01 1.241299782183055589e+00
-1.401917404129791045e-01 1.290602005591462875e+00
-1.365781710914450997e-01 1.338234840688701022e+00
-1.329646017699113170e-01 1.384105253212724485e+00
-1.293510324483773122e-01 1.428140333481118907e+00
-1.257374631268433074e-01 1.470286004251243783e+00
-1.221238938053095247e-01 1.510505609699728691e+00
-1.185103244837755199e-01 1.548778431643928144e+00
-1.148967551622415151e-01 1.585098172680849959e+00
-1.112831858407077323e-01 1.619471439608918262e+00
-1.076696165191737276e-01 1.651916254509160575e+00
-1.040560471976399448e-01 1.682460615322477038e+00
-1.004424778761059400e-01 1.711141122748148558e+00
-9.682890855457193524e-02 1.738001685846048083e+00
-9.321533923303815250e-02 1.763092314862115817e+00
-8.960176991150414771e-02 1.786468006499797312e+00
-8.598820058997014293e-02 1.808187724100996485e+00
-8.237463126843636019e-02 1.828313472937920681e+00
-7.876106194690235540e-02 1.846909469005397320e+00
-7.514749262536835062e-02 1.864041398290905649e+00
-7.153392330383456788e-02 1.879775762437575937e+00
-6.792035398230056309e-02 1.894179305952430559e+00
-6.430678466076678035e-02 1.907318519603702356e+00
-6.069321533923277556e-02 1.919259214352709186e+00
-5.707964601769877078e-02 1.930066160039763501e+00
-5.346607669616498804e-02 1.939802783055109225e+00
-4.985250737463098325e-02 1.948530917344762914e+00
-4.623893805309697846e-02 1.956310603301944173e+00
-4.262536873156319572e-02 1.963199929355071705e+00
-3.901179941002919094e-02 1.969254911364988869e+00
-3.539823008849518615e-02 1.974529405271798765e+00
-3.178466076696140341e-02 1.979075048773515810e+00
-2.817109144542739863e-02 1.982941228164269765e+00
-2.455752212389361588e-02 1.986175066802068123e+00
-2.094395280235961110e-02 1.988821432008601287e+00
-1.733038348082560631e-02 1.990922957522730075e+00
-1.371681415929182357e-02 1.992520078931402150e+00
-1.010324483775781879e-02 1.993651079784982683e+00
-6.489675516223814000e-03 1.994352146368036038e+00
-2.876106194690031259e-03 1.994657429339170340e+00
7.374631268439735265e-04 1.994599068719489887e+00
4.351032448377978312e-03 1.994199002374186458e+00
7.964601769911761053e-03 1.993459891841783183e+00
1.157817109144576584e-02 1.992382041854416697e+00
1.519174041297954858e-02 1.990965931481214257e+00
1.880530973451355337e-02 1.989212213744635083e+00
2.241887905604755815e-02 1.987121715087064144e+00
2.603244837758134089e-02 1.984695434688463989e+00
2.964601769911534568e-02 1.981934543635724522e+00
3.325958702064935046e-02 1.978840383944807879e+00
3.687315634218313321e-02 1.975414467436779065e+00
4.048672566371713799e-02 1.971658474469098365e+00
4.410029498525114278e-02 1.967574252523819567e+00
4.771386430678492552e-02 1.963163814654042660e+00
5.132743362831893030e-02 1.958429337790920766e+00
5.494100294985271304e-02 1.953373160912829087e+00
5.855457227138671783e-02 1.947997783079188805e+00
6.216814159292072262e-02 1.942305861331057315e+00
6.578171091445450536e-02 1.936300208461158912e+00
6.939528023598851014e-02 1.929983790655887654e+00
7.300884955752251493e-02 1.923359725012069310e+00
7.662241887905629767e-02 1.916431276931512384e+00
8.023598820059030245e-02 1.909201857396372271e+00
8.384955752212408520e-02 1.901675020128448690e+00
8.746312684365808998e-02 1.893854458635929605e+00
9.107669616519209477e-02 1.885744003150872761e+00
9.469026548672587751e-02 1.877347617461108786e+00
9.830383480825988229e-02 1.868669395640207620e+00
1.019174041297938871e-01 1.859713558679329415e+00
1.055309734513278919e-01 1.850484451024844379e+00
1.091445427728614526e-01 1.840986537025726344e+00
1.127581120943954573e-01 1.831224397294782147e+00
1.163716814159294621e-01 1.821202724987965871e+00
1.199852507374634669e-01 1.810926322005928180e+00
1.235988200589974717e-01 1.800400095122134170e+00
1.272123893805314765e-01 1.789629052042030155e+00
1.308259587020650372e-01 1.778618297397621228e+00
1.344395280235990420e-01 1.767373028681904490e+00
1.380530973451330468e-01 1.755898532127841971e+00
1.416666666666670515e-01 1.744200178536379431e+00
1.452802359882010563e-01 1.732283419058062046e+00
1.488938053097346170e-01 1.720153780933017629e+00
1.525073746312686218e-01 1.707816863193913681e+00
1.561209439528026266e-01 1.695278332336458194e+00
1.597345132743366314e-01 1.682543917962366686e+00
1.633480825958706362e-01 1.669619408399190874e+00
1.669616519174046410e-01 1.656510646301965872e+00
1.705752212389382017e-01 1.643223524241043787e+00
1.741887905604722064e-01 1.629763980281102143e+00
1.778023598820062112e-01 1.616137993555561314e+00
1.814159292035402160e-01 1.602351579841369222e+00
1.850294985250742208e-01 1.588410787138423652e+00
1.886430678466077815e-01 1.574321691258315115e+00
1.922566371681417863e-01 1.560090391426739664e+00
1.958702064896757911e-01 1.545723005904067415e+00
1.994837758112097958e-01 1.531225667628346887e+00
2.030973451327438006e-01 1.516604519885093039e+00
2.067109144542778054e-01 1.501865712007980358e+00
2.103244837758113661e-01 1.487015395114638094e+00
2.139380530973453709e-01 1.472059717881600172e+00
2.175516224188793757e-01 1.457004822362333307e+00
2.211651917404133805e-01 1.441856839852232008e+00
2.247787610619473853e-01 1.426621886804397610e+00
2.283923303834809460e-01 1.411306060799812689e+00
2.320058997050149507e-01 1.395915436575586588e+00
2.356194690265489555e-01 1.380456062114595150e+00
2.392330383480829603e-01 1.364933954800072735e+00
2.428466076696169651e-01 1.349355097638212930e+00
2.464601769911509699e-01 1.333725435552021166e+00
2.500737463126845306e-01 1.318050871749396613e+00
2.536873156342185354e-01 1.302337264168334618e+00
2.573008849557525402e-01 1.286590422001979483e+00
2.609144542772865449e-01 1.270816102306242312e+00
2.645280235988205497e-01 1.255020006692353585e+00
2.681415929203541104e-01 1.239207778106880875e+00
2.717551622418881152e-01 1.223384997701312038e+00
2.753687315634221200e-01 1.207557181793387446e+00
2.789823008849561248e-01 1.191729778922141048e+00
2.825958702064901296e-01 1.175908166998405280e+00
2.862094395280241343e-01 1.160097650552621040e+00
2.898230088495576950e-01 1.144303458081343594e+00
2.934365781710916998e-01 1.128530739493961876e+00
2.970501474926257046e-01 1.112784563660863535e+00
3.006637168141597094e-01 1.097069916064239203e+00
3.042772861356937142e-01 1.081391696552443271e+00
3.078908554572272749e-01 1.065754717198828416e+00
3.115044247787612797e-01 1.050163700265767330e+00
3.151179941002952845e-01 1.034623276274470483e+00
3.187315634218292892e-01 1.019137982180991608e+00
3.223451327433632940e-01 1.003712259658808836e+00
3.259587020648972988e-01 9.883504534881517589e-01
3.295722713864308595e-01 9.730568100520879948e-01
3.331858407079648643e-01 9.578354759393713502e-01
3.367994100294988691e-01 9.426904966538066644e-01
3.404129793510328739e-01 9.276258154298075986e-01
3.440265486725668787e-01 9.126452721537251511e-01
3.476401179941004393e-01 8.977526023903954489e-01
3.512536873156344441e-01 8.829514365141561960e-01
3.548672566371684489e-01 8.682452989436558743e-01
3.584808259587024537e-01 8.536376074794417290e-01
3.620943952802364585e-01 8.391316727433724143e-01
3.657079646017700192e-01 8.247306977187023325e-01
3.693215339233040240e-01 8.104377773896900283e-01
3.729351032448380288e-01 7.962558984793098871e-01
3.765486725663720335e-01 7.821879392837319811e-01
3.801622418879060383e-01 7.682366696020541674e-01
3.837758112094400431e-01 7.544047507596561841e-01
3.873893805309736038e-01 7.406947357235680318e-01
3.910029498525076086e-01 7.271090693080287659e-01
3.946165191740416134e-01 7.136500884684571222e-01
3.982300884955756182e-01 7.003200226819007446e-01
4.018436578171096230e-01 6.871209944120149071e-01
4.054572271386431837e-01 6.740550196565108232e-01
4.090707964601771884e-01 6.611240085749791051e-01
4.126843657817111932e-01 6.483297661949846136e-01
4.162979351032451980e-01 6.356739931941426391e-01
4.199115044247792028e-01 6.231582867559919414e-01
4.235250737463132076e-01 6.107841414973284033e-01
4.271386430678467683e-01 5.985529504646835974e-01
4.307522123893807731e-01 5.864660061975361938e-01
4.343657817109147778e-01 5.745245018559068662e-01
4.379793510324487826e-01 5.627295324098315898e-01
4.415929203539827874e-01 5.510820958883053677e-01
4.452064896755163481e-01 5.395830946851710719e-01
4.488200589970503529e-01 5.282333369194782691e-01
4.524336283185843577e-01 5.170335378478168042e-01
4.560471976401183625e-01 5.059843213260424299e-01
4.596607669616523673e-01 4.950862213179098026e-01
4.632743362831863720e-01 4.843396834480983015e-01
4.668879056047199327e-01 4.737450665970192598e-01
4.705014749262539375e-01 4.633026445349858746e-01
4.741150442477879423e-01 4.530126075931347196e-01
4.777286135693219471e-01 4.428750643686439337e-01
4.813421828908559519e-01 4.328900434617405923e-01
4.849557522123895126e-01 4.230574952420017576e-01
4.885693215339235174e-01 4.133772936415291421e-01
4.921828908554575222e-01 4.038492379725447390e-01
4.957964601769915269e-01 3.944730547669873522e-01
4.994100294985255317e-01 3.852483996357556340e-01
5.030235988200595365e-01 3.761748591452448998e-01
5.066371681415930972e-01 3.672519527088482505e-01
5.102507374631271020e-01 3.584791344911623101e-01
5.138643067846611068e-01 3.498557953226593686e-01
5.174778761061951116e-01 3.413812646226040970e-01
5.210914454277291163e-01 3.330548123280935302e-01
5.247050147492626770e-01 3.248756508270748689e-01
5.283185840707966818e-01 3.168429368932934032e-01
5.319321533923306866e-01 3.089557736211605010e-01
5.355457227138646914e-01 3.012132123585478660e-01
5.391592920353986962e-01 2.936142546356134142e-01
5.427728613569327010e-01 2.861578540877851573e-01
5.463864306784662617e-01 2.788429183710887105e-01
5.500000000000002665e-01 2.716683110680642166e-01
5.536135693215342712e-01 2.646328535825784312e-01
5.572271386430682760e-01 2.577353270218731285e-01
5.608407079646022808e-01 2.509744740642652627e-01
5.644542772861358415e-01 2.443490008109841238e-01
5.680678466076698463e-01 2.378575786206543197e-01
5.716814159292038511e-01 2.314988459250247599e-01
5.752949852507378559e-01 2.252714100245878925e-01
5.789085545722718606e-01 2.191738488627977821e-01
5.825221238938058654e-01 2.132047127776409701e-01
5.861356932153394261e-01 2.073625262294140903e-01
5.897492625368734309e-01 2.016457895035660697e-01
5.933628318584074357e-01 1.960529803875731558e-01
5.969764011799414405e-01 1.905825558208348036e-01
6.005899705014754453e-01 1.852329535166684638e-01
6.042035398230090060e-01 1.800025935555262802e-01
6.078171091445430108e-01 1.748898799486055811e-01
6.114306784660770155e-01 1.698932021711158091e-01
6.150442477876110203e-01 1.650109366644672282e-01
6.186578171091450251e-01 1.602414483067705342e-01
6.222713864306790299e-01 1.555830918510362204e-01
6.258849557522125906e-01 1.510342133305452028e-01
6.294985250737465954e-01 1.465931514309122552e-01
6.331120943952806002e-01 1.422582388284159560e-01
6.367256637168146050e-01 1.380278034942213350e-01
6.403392330383486097e-01 1.339001699641650944e-01
6.439528023598821704e-01 1.298736605738486927e-01
6.475663716814161752e-01 1.259465966587899055e-01
6.511799410029501800e-01 1.221172997194898552e-01
6.547935103244841848e-01 1.183840925512535669e-01
6.584070796460181896e-01 1.147453003387125386e-01
6.620206489675521944e-01 1.111992517149834742e-01
6.656342182890857551e-01 1.077442797854919893e-01
6.692477876106197598e-01 1.043787231164872709e-01
6.728613569321537646e-01 1.011009266883518415e-01
6.764749262536877694e-01 9.790924281381697958e-02
6.800884955752217742e-01 9.480203202126079309e-02
6.837020648967553349e-01 9.177766390327757318e-02
6.873156342182893397e-01 8.883451793075831937e-02
6.909292035398233445e-01 8.597098423275303936e-02
6.945427728613573493e-01 8.318546434240757514e-02
6.981563421828913540e-01 8.047637190930997941e-02
7.017699115044253588e-01 7.784213337860552973e-02
7.053834808259589195e-01 7.528118863726820931e-02
7.089970501474929243e-01 7.279199162793770217e-02
7.126106194690269291e-01 7.037301093077026615e-02
7.162241887905609339e-01 6.802273031375223600e-02
7.198377581120949387e-01 6.573964925197146869e-02
7.234513274336284994e-01 6.352228341634442998e-02
7.270648967551625041e-01 6.136916513232563292e-02
7.306784660766965089e-01 5.927884380914363871e-02
7.342920353982305137e-01 5.724988634011638627e-02
7.379056047197645185e-01 5.528087747462299972e-02
7.415191740412985233e-01 5.337042016232300401e-02
7.451327433628320840e-01 5.151713587021720248e-02
7.487463126843660888e-01 4.971966487316668154e-02
7.523598820059000936e-01 4.797666651849229885e-02
7.559734513274340983e-01 4.628681946528378360e-02
7.595870206489681031e-01 4.464882189905999138e-02
7.632005899705016638e-01 4.306139172242547108e-02
7.668141592920356686e-01 4.152326672237467015e-02
7.704277286135696734e-01 4.003320471490326438e-02
7.740412979351036782e-01 3.858998366758156773e-02
7.776548672566376830e-01 3.719240180075723823e-02
7.812684365781712437e-01 3.583927766804689830e-02
7.848820058997052485e-01 3.452945021678752169e-02
7.884955752212392532e-01 3.326177882910365952e-02
7.921091445427732580e-01 3.203514334426048327e-02
7.957227138643072628e-01 3.084844406296061506e-02
7.993362831858412676e-01 2.970060173424238226e-02
8.029498525073748283e-01 2.859055752563597133e-02
8.065634218289088331e-01 2.751727297722434198e-02
8.101769911504428379e-01 2.647972994025777141e-02
8.137905604719768426e-01 2.547693050095845013e-02
8.174041297935108474e-01 2.450789689014689840e-02
8.210176991150444081e-01 2.357167137931900219e-02
8.246312684365784129e-01 2.266731616378847916e-02
8.282448377581124177e-01 2.179391323350635470e-02
8.318584070796464225e-01 2.095056423215873112e-02
8.354719764011804273e-01 2.013639030513103556e-02
8.390855457227144321e-01 1.935053193692732806e-02
8.426991150442479928e-01 1.859214877861103954e-02
8.463126843657819975e-01 1.786041946583119544e-02
8.499262536873160023e-01 1.715454142798736314e-02
8.535398230088500071e-01 1.647373068906840890e-02
8.571533923303840119e-01 1.581722166069816915e-02
8.607669616519175726e-01 1.518426692790160633e-02
8.643805309734515774e-01 1.457413702809899278e-02
8.679941002949855822e-01 1.398612022381973477e-02
8.716076696165195870e-01 1.341952226961612253e-02
8.752212389380535917e-01 1.287366617364577547e-02
8.788348082595875965e-01 1.234789195437968785e-02
8.824483775811211572e-01 1.184155639287588248e-02
8.860619469026551620e-01 1.135403278105112483e-02
8.896755162241891668e-01 1.088471066636845404e-02
8.932890855457231716e-01 1.043299559334337837e-02
8.969026548672571764e-01 9.998308842260678758e-03
9.005162241887907371e-01 9.580087165483105668e-03
9.041297935103247418e-01 9.177782521713776995e-03
9.077433628318587466e-01 8.790861808569638836e-03
9.113569321533927514e-01 8.418806593803302568e-03
9.149705014749267562e-01 8.061112845502527852e-03
9.185840707964607610e-01 7.717290661582542136e-03
9.221976401179943217e-01 7.386863998873028150e-03
9.258112094395283265e-01 7.069370402090957919e-03
9.294247787610623313e-01 6.764360732977138697e-03
9.330383480825963360e-01 6.471398899862026641e-03
9.366519174041303408e-01 6.190061587915891492e-03
9.402654867256639015e-01 5.919937990324987062e-03
9.438790560471979063e-01 5.660629540624777939e-03
9.474926253687319111e-01 5.411749646409646716e-03
9.511061946902659159e-01 5.172923424627550414e-03
9.547197640117999207e-01 4.943787438656616941e-03
9.583333333333339255e-01 4.723989437350637095e-03
9.619469026548674861e-01 4.513188096229217745e-03
9.655604719764014909e-01 4.311052760978051519e-03
9.691740412979354957e-01 4.117263193416099455e-03
9.727876106194695005e-01 3.931509320074017336e-03
9.764011799410035053e-01 3.753490983521097848e-03
9.800147492625370660e-01 3.582917696567434074e-03
9.836283185840710708e-01 3.419508399458926363e-03
9.872418879056050756e-01 3.262991220174404992e-03
9.908554572271390803e-01 3.113103237924847669e-03
9.944690265486730851e-01 2.969590249947284908e-03
9.980825958702070899e-01 2.832206541676934516e-03
1.001696165191740651e+00 2.700714660374092541e-03
1.005309734513274655e+00 2.574885192273948346e-03
1.008923303834808660e+00 2.454496543321361014e-03
1.012536873156342665e+00 2.339334723543905550e-03
1.016150442477876670e+00 2.229193135111628889e-03
1.019764011799410230e+00 2.123872364123591261e-03
1.023377581120944235e+00 2.023179976156465505e-03
1.026991150442478240e+00 1.926930315603456872e-03
1.030604719764012245e+00 1.834944308826369020e-03
1.034218289085546250e+00 1.747049271138231092e-03
1.037831858407080254e+00 1.663078717628089023e-03
1.041445427728613815e+00 1.582872177835265969e-03
1.045058997050147820e+00 1.506275014274573555e-03
1.048672566371681825e+00 1.433138244810462517e-03
1.052286135693215829e+00 1.363318368872500986e-03
1.055899705014749834e+00 1.296677197501552642e-03
1.059513274336283395e+00 1.233081687211149335e-03
1.063126843657817400e+00 1.172403777645496638e-03
1.066740412979351404e+00 1.114520233011541839e-03
1.070353982300885409e+00 1.059312487259447605e-03
1.073967551622419414e+00 1.006666492982641933e-03
1.077581120943953419e+00 9.564725740056651427e-04
1.081194690265486980e+00 9.086252816252560292e-04
1.084808259587020984e+00 8.630232544675560565e-04
1.088421828908554989e+00 8.195690819220268061e-04
1.092035398230088994e+00 7.781691711102145352e-04
1.095648967551622999e+00 7.387336173457811472e-04
1.099262536873156559e+00 7.011760780399579288e-04
1.102876106194690564e+00 6.654136500051745836e-04
1.106489675516224569e+00 6.313667501077917027e-04
1.110103244837758574e+00 5.989589992196175505e-04
1.113716814159292579e+00 5.681171094163734586e-04
1.117330383480826583e+00 5.387707743703523938e-04
1.120943952802360144e+00 5.108525628833103906e-04
1.124557522123894149e+00 4.842978155047569463e-04
1.128171091445428154e+00 4.590445441801463433e-04
1.131784660766962158e+00 4.350333348725580486e-04
1.135398230088496163e+00 4.122072531011520082e-04
1.139011799410029724e+00 3.905117523390827581e-04
1.142625368731563729e+00 3.698945852131726867e-04
1.146238938053097733e+00 3.503057174475362502e-04
1.149852507374631738e+00 3.316972444930102481e-04
1.153466076696165743e+00 3.140233107842707399e-04
1.157079646017699748e+00 2.972400315664686164e-04
1.160693215339233308e+00 2.813054172333155829e-04
1.164306784660767313e+00 2.661793001186881619e-04
1.167920353982301318e+00 2.518232636840679389e-04
1.171533923303835323e+00 2.382005740443363063e-04
1.175147492625369328e+00 2.252761137749422968e-04
1.178761061946902888e+00 2.130163179436929204e-04
1.182374631268436893e+00 2.013891123110032768e-04
1.185988200589970898e+00 1.903638536429124676e-04
1.189601769911504903e+00 1.799112720816629105e-04
1.193215339233038907e+00 1.700034155193907103e-04
1.196828908554572468e+00 1.606135959209312690e-04
1.200442477876106473e+00 1.517163375425733282e-04
1.204056047197640478e+00 1.432873269942150970e-04
1.207669616519174483e+00 1.353033650931550645e-04
1.211283185840708487e+00 1.277423204585072215e-04
1.214896755162242492e+00 1.205830847960263821e-04
1.218510324483776053e+00 1.138055298239642007e-04
1.222123893805310058e+00 1.073904657913761593e-04
1.225737463126844062e+00 1.013196015412087413e-04
1.229351032448378067e+00 9.557550607131329258e-05
1.232964601769912072e+00 9.014157154747150387e-05
1.236578171091445633e+00 8.500197772336482989e-05
1.240191740412979637e+00 8.014165772336607715e-05
1.243805309734513642e+00 7.554626514492740127e-05
1.247418879056047647e+00 7.120214243825194879e-05
1.251032448377581652e+00 6.709629052188243955e-05
1.254646017699115657e+00 6.321633959373981954e-05
1.258259587020649217e+00 5.955052109809759198e-05
1.261873156342183222e+00 5.608764080987787843e-05
1.265486725663717227e+00 5.281705299860872904e-05
1.269100294985251232e+00 4.972863563527533991e-05
1.272713864306785236e+00 4.681276660623087947e-05
1.276327433628318797e+00 4.406030089924698102e-05
1.279941002949852802e+00 4.146254872767353954e-05
1.283554572271386807e+00 3.901125455959204337e-05
1.287168141592920811e+00 3.669857701971946068e-05
1.290781710914454816e+00 3.451706963271455381e-05
1.294395280235988821e+00 3.245966237739430956e-05
1.298008849557522382e+00 3.051964402223876737e-05
1.301622418879056386e+00 2.869064521339902686e-05
1.305235988200590391e+00 2.696662228727103141e-05
1.308849557522124396e+00 2.534184178050388013e-05
1.312463126843658401e+00 2.381086561114051942e-05
1.316076696165191962e+00 2.236853690536938318e-05
1.319690265486725966e+00 2.100996644515422241e-05
1.323303834808259971e+00 1.973051971278091415e-05
1.326917404129793976e+00 1.852580450910634995e-05
1.330530973451327981e+00 1.739165912303929716e-05
1.334144542772861985e+00 1.632414103050591254e-05
1.337758112094395546e+00 1.531951610185924070e-05
1.341371681415929551e+00 1.437424829738933417e-05
1.344985250737463556e+00 1.348498983126706919e-05
1.348598820058997561e+00 1.264857178491629106e-05
1.352212389380531565e+00 1.186199515145938322e-05
1.355825958702065126e+00 1.112242229351094879e-05
1.359439528023599131e+00 1.042716879721174477e-05
1.363053097345133136e+00 9.773695705995761874e-06
1.366666666666667140e+00 9.159602118167735178e-06
1.370280235988201145e+00 8.582618132941335581e-06
1.373893805309735150e+00 8.040598130140271549e-06
1.377507374631268711e+00 7.531514369306588386e-06
1.381120943952802715e+00 7.053450894483691660e-06
1.384734513274336720e+00 6.604597731454561682e-06
1.388348082595870725e+00 6.183245364707342988e-06
1.391961651917404730e+00 5.787779481884957457e-06
1.395575221238938290e+00 5.416675973940537058e-06
1.399188790560472295e+00 5.068496179673412852e-06
1.402802359882006300e+00 4.741882363760415302e-06
1.406415929203540305e+00 4.435553417820896307e-06
1.410029498525074310e+00 4.148300774467635247e-06
1.413643067846608314e+00 3.878984524693650338e-06
1.417256637168141875e+00 3.626529729331082818e-06
1.420870206489675880e+00 3.389922915692214961e-06
1.424483775811209885e+00 3.168208750863538004e-06
1.428097345132743889e+00 2.960486883471843334e-06
1.431710914454277894e+00 2.765908946080139174e-06
1.435324483775811455e+00 2.583675710695075780e-06
1.438938053097345460e+00 2.413034390182772814e-06
1.442551622418879465e+00 2.253276078693001625e-06
1.446165191740413469e+00 2.103733324483498734e-06
1.449778761061947474e+00 1.963777828819135264e-06
1.453392330383481479e+00 1.832818264891728572e-06
1.457005899705015040e+00 1.710298210967985468e-06
1.460619469026549044e+00 1.595694192225862741e-06
1.464233038348083049e+00 1.488513825981644572e-06
1.467846607669617054e+00 1.388294065243790562e-06
1.471460176991151059e+00 1.294599535754481223e-06
1.475073746312684619e+00 1.207020961895542693e-06
1.478687315634218624e+00 1.125173677043220657e-06
1.482300884955752629e+00 1.048696214155799261e-06
1.485914454277286634e+00 9.772489725697932625e-07
1.489528023598820639e+00 9.105129571642207342e-07
1.493141592920354643e+00 8.481885862295809543e-07
1.496755162241888204e+00 7.899945645473007379e-07
1.500368731563422209e+00 7.356668183480384470e-07
1.503982300884956214e+00 6.849574889735582360e-07
1.507595870206490218e+00 6.376339822157500565e-07
1.511209439528024223e+00 5.934780704500607703e-07
1.514823008849557784e+00 5.522850448176667908e-07
1.518436578171091789e+00 5.138629148419702373e-07
1.522050147492625793e+00 4.780316529909878479e-07
1.525663716814159798e+00 4.446224818173940670e-07
1.529277286135693803e+00 4.134772014232494781e-07
1.532890855457227808e+00 3.844475551065093668e-07
1.536504424778761368e+00 3.573946311517026115e-07
1.540117994100295373e+00 3.321882988278586943e-07
1.543731563421829378e+00 3.087066767528186657e-07
1.547345132743363383e+00 2.868356318750414415e-07
1.550958702064897388e+00 2.664683074115368100e-07
1.554572271386430948e+00 2.475046781644872223e-07
1.558185840707964953e+00 2.298511317187682139e-07
1.561799410029498958e+00 2.134200740990460425e-07
1.565412979351032963e+00 1.981295585375747533e-07
1.569026548672566967e+00 1.839029360732924988e-07
1.572640117994100972e+00 1.706685267687735406e-07
1.576253687315634533e+00 1.583593103945666957e-07
1.579867256637168538e+00 1.469126354903922522e-07
1.583480825958702543e+00 1.362699457697668410e-07
1.587094395280236547e+00 1.263765228889752730e-07
1.590707964601770552e+00 1.171812446530227578e-07
1.594321533923304113e+00 1.086363577804621320e-07
1.597935103244838118e+00 1.006972643957496184e-07
1.601548672566372122e+00 9.332232146234507924e-08
1.605162241887906127e+00 8.647265241206431460e-08
1.608775811209440132e+00 8.011197026642225583e-08
1.612389380530973693e+00 7.420641158392739273e-08
1.616002949852507697e+00 6.872438060354955714e-08
1.619616519174041702e+00 6.363640298909635096e-08
1.623230088495575707e+00 5.891498861190696199e-08
1.626843657817109712e+00 5.453450284034748002e-08
1.630457227138643717e+00 5.047104583404380311e-08
1.634070796460177277e+00 4.670233936873067618e-08
1.637684365781711282e+00 4.320762074409296384e-08
1.641297935103245287e+00 3.996754335209977827e-08
1.644911504424779292e+00 3.696408350712171187e-08
1.648525073746313296e+00 3.418045316170059586e-08
1.652138643067846857e+00 3.160101815318511970e-08
1.655752212389380862e+00 2.921122164669369755e-08
1.659365781710914867e+00 2.699751245901348824e-08
1.662979351032448871e+00 2.494727796616689112e-08
1.666592920353982876e+00 2.304878131455112430e-08
1.670206489675516881e+00 2.129110267175674171e-08
1.673820058997050442e+00 1.966408426854126119e-08
1.677433628318584447e+00 1.815827899792387507e-08
1.681047197640118451e+00 1.676490235109938859e-08
1.684660766961652456e+00 1.547578748280923059e-08
1.688274336283186461e+00 1.428334321107124816e-08
1.691887905604720022e+00 1.318051476771639790e-08
1.695501474926254026e+00 1.216074712711054774e-08
1.699115044247788031e+00 1.121795075074031005e-08
1.702728613569322036e+00 1.034646959507273616e-08
1.706342182890856041e+00 9.541051239274292934e-09
1.709955752212390045e+00 8.796818998033222086e-09
1.713569321533923606e+00 8.109245892894539040e-09
1.717182890855457611e+00 7.474130363209314023e-09
1.720796460176991616e+00 6.887573605060353434e-09
1.724410029498525621e+00 6.345958433359475471e-09
1.728023598820059625e+00 5.845929568751836819e-09
1.731637168141593186e+00 5.384375257030085714e-09
1.735250737463127191e+00 4.958410134471199900e-09
1.738864306784661196e+00 4.565359257887656221e-09
1.742477876106195200e+00 4.202743223241563014e-09
1.746091445427729205e+00 3.868264301435022048e-09
1.749705014749263210e+00 3.559793524367053446e-09
1.753318584070796771e+00 3.275358658558986828e-09
1.756932153392330775e+00 3.013133007611934415e-09
1.760545722713864780e+00 2.771424988481367562e-09
1.764159292035398785e+00 2.548668430051942274e-09
1.767772861356932790e+00 2.343413545783721215e-09
1.771386430678466350e+00 2.154318535285890008e-09
1.775000000000000355e+00 1.980141772575748170e-09
1.778613569321534360e+00 1.819734541500143369e-09
1.782227138643068365e+00 1.672034281352544014e-09
1.785840707964602370e+00 1.536058308115936599e-09
1.789454277286136374e+00 1.410897979010312162e-09
1.793067846607669935e+00 1.295713270133651246e-09
1.796681415929203940e+00 1.189727738962736862e-09
1.800294985250737945e+00 1.092223845334930231e-09
1.803908554572271949e+00 1.002538606269912516e-09
1.807522123893805954e+00 9.200595616190774531e-10
1.811135693215339515e+00 8.442210290561281334e-10
1.814749262536873520e+00 7.745006283512122947e-10
1.818362831858407525e+00 7.104160562093960793e-10
1.821976401179941529e+00 6.515220942065611868e-10
1.825589970501475534e+00 5.974078335285529966e-10
1.829203539823009539e+00 5.476941013163323808e-10
1.832817109144543100e+00 5.020310744462020668e-10
1.836430678466077104e+00 4.600960675341905294e-10
1.840044247787611109e+00 4.215914828510683519e-10
1.843657817109145114e+00 3.862429106737116627e-10
1.847271386430679119e+00 3.537973693826802038e-10
1.850884955752212679e+00 3.240216753486850111e-10
1.854498525073746684e+00 2.967009333352811267e-10
1.858112094395280689e+00 2.716371387844508862e-10
1.861725663716814694e+00 2.486478839487396259e-10
1.865339233038348699e+00 2.275651603911207916e-10
1.868952802359882703e+00 2.082342508938694374e-10
1.872566371681416264e+00 1.905127043032092381e-10
1.876179941002950269e+00 1.742693872893247702e-10
1.879793510324484274e+00 1.593836074237988439e-10
1.883407079646018278e+00 1.457443023702904458e-10
1.887020648967552283e+00 1.332492903515906079e-10
1.890634218289085844e+00 1.218045773983603161e-10
1.894247787610619849e+00 1.113237172038106758e-10
1.897861356932153853e+00 1.017272197057626586e-10
1.901474926253687858e+00 9.294200479417890863e-11
1.905088495575221863e+00 8.490089780008781705e-11
1.908702064896755868e+00 7.754216366170093317e-11
1.912315634218289429e+00 7.080907688688843044e-11
1.915929203539823433e+00 6.464952463900564483e-11
1.919542772861357438e+00 5.901564046645227564e-11
1.923156342182891443e+00 5.386346637619702448e-11
1.926769911504425448e+00 4.915264111879058608e-11
1.930383480825959008e+00 4.484611270791276509e-11
1.933997050147493013e+00 4.090987334206370968e-11
1.937610619469027018e+00 3.731271503037942464e-11
1.941224188790561023e+00 3.402600434937627987e-11
1.944837758112095027e+00 3.102347487340410694e-11
1.948451327433629032e+00 2.828103592928799211e-11
1.952064896755162593e+00 2.577659642564874810e-11
1.955678466076696598e+00 2.348990260021263367e-11
1.959292035398230603e+00 2.140238861461256643e-11
1.962905604719764607e+00 1.949703900610536893e-11
1.966519174041298612e+00 1.775826207983066479e-11
1.970132743362832173e+00 1.617177339401201391e-11
1.973746312684366178e+00 1.472448855431137195e-11
1.977359882005900182e+00 1.340442459268808546e-11
1.980973451327434187e+00 1.220060926093070876e-11
1.984587020648968192e+00 1.110299761984220908e-11
1.988200589970502197e+00 1.010239535212047184e-11
1.991814159292035757e+00 9.190388270581960286e-12
1.995427728613569762e+00 8.359277533748441171e-12
1.999041297935103767e+00 7.602020118209072167e-12
2.002654867256637772e+00 6.912174131768890824e-12
2.006268436578171777e+00 6.283848583432571700e-12
2.009882005899705337e+00 5.711657255902901354e-12
2.013495575221239342e+00 5.190676353691259319e-12
2.017109144542773347e+00 4.716405625295262678e-12
2.020722713864307352e+00 4.284732681345797241e-12
2.024336283185841356e+00 3.891900252301961805e-12
2.027949852507374917e+00 3.534476149311358710e-12
2.031563421828908922e+00 3.209325710365225328e-12
2.035176991150442927e+00 2.913586530987361396e-12
2.038790560471976931e+00 2.644645294495350674e-12
2.042404129793510936e+00 2.400116531465574549e-12
2.046017699115044941e+00 2.177823151507707822e-12
2.049631268436578502e+00 1.975778602890803065e-12
2.053244837758112507e+00 1.792170527042901375e-12
2.056858407079646511e+00 1.625345785537186969e-12
2.060471976401180516e+00 1.473796746949160176e-12
2.064085545722714521e+00 1.336148729981042731e-12
2.067699115044248082e+00 1.211148507560740877e-12
2.071312684365782086e+00 1.097653784283328493e-12
2.074926253687316091e+00 9.946235666263322170e-13
2.078539823008850096e+00 9.011093518767340842e-13
2.082153392330384101e+00 8.162470677049722094e-13
2.085766961651918106e+00 7.392496998439255324e-13
2.089380530973451666e+00 6.694005504179998187e-13
2.092994100294985671e+00 6.060470741511104961e-13
2.096607669616519676e+00 5.485952439945054669e-13
2.100221238938053236e+00 4.965044016834014748e-13
2.103834808259587685e+00 4.492825523835278901e-13
2.107448377581121246e+00 4.064820659484317914e-13
2.111061946902655695e+00 3.676957503980165094e-13
2.114675516224189256e+00 3.325532660713737990e-13
2.118289085545722816e+00 3.007178515189738377e-13
2.121902654867257265e+00 2.718833346016351235e-13
2.125516224188790826e+00 2.457714044706477916e-13
2.129129793510325275e+00 2.221291221315942953e-13
2.132743362831858835e+00 2.007266491577831218e-13
2.136356932153393284e+00 1.813551758301938726e-13
2.139970501474926845e+00 1.638250315524376126e-13
2.143584070796460406e+00 1.479639618317045293e-13
2.147197640117994855e+00 1.336155574410314587e-13
2.150811209439528415e+00 1.206378225933226379e-13
2.154424778761062864e+00 1.089018700725603470e-13
2.158038348082596425e+00 9.829073229046356859e-14
2.161651917404129986e+00 8.869827817477504689e-14
2.165265486725664434e+00 8.002822665559728661e-14
2.168879056047197995e+00 7.219324830458790628e-14
2.172492625368732444e+00 6.511414740459479695e-14
2.176106194690266005e+00 5.871911738958894429e-14
2.179719764011799565e+00 5.294306320148458287e-14
2.183333333333334014e+00 4.772698466626556786e-14
2.186946902654867575e+00 4.301741550081032818e-14
2.190560471976402024e+00 3.876591302786393575e-14
2.194174041297935585e+00 3.492859410325755999e-14
2.197787610619469145e+00 3.146571314992231386e-14
2.201401179941003594e+00 2.834127855058029946e-14
2.205014749262537155e+00 2.552270397786663655e-14
2.208628318584071604e+00 2.298049153963480487e-14
2.212241887905605164e+00 2.068794389065315549e-14
2.215855457227138725e+00 1.862090271186275660e-14
2.219469026548673174e+00 1.675751118694532646e-14
2.223082595870206735e+00 1.507799831477417316e-14
2.226696165191741184e+00 1.356448308718863711e-14
2.230309734513274744e+00 1.220079673589016679e-14
2.233923303834809193e+00 1.097232141148449238e-14
2.237536873156342754e+00 9.865843803147902406e-15
2.241150442477876314e+00 8.869422340144766269e-15
2.244764011799410763e+00 7.972266737638016606e-15
2.248377581120944324e+00 7.164628759838241757e-15
2.251991150442478773e+00 6.437703174459983577e-15
2.255604719764012334e+00 5.783537964536108445e-15
2.259218289085545894e+00 5.194952947603775045e-15
2.262831858407080343e+00 4.665466028866288140e-15
2.266445427728613904e+00 4.189226384743571588e-15
2.270058997050148353e+00 3.760953936867063159e-15
2.273672566371681913e+00 3.375884534575889755e-15
2.277286135693215474e+00 3.029720316810461609e-15
2.280899705014749923e+00 2.718584772447655943e-15
2.284513274336283484e+00 2.438982061962688365e-15
2.288126843657817933e+00 2.187760203233014916e-15
2.291740412979351493e+00 1.962077760650536249e-15
2.295353982300885054e+00 1.759373709793614022e-15
2.298967551622419503e+00 1.577340180026221811e-15
2.302581120943953064e+00 1.413897804787170219e-15
2.306194690265487512e+00 1.267173434257425126e-15
2.309808259587021073e+00 1.135479987763243343e-15
2.313421828908555522e+00 1.017298243884516862e-15
2.317035398230089083e+00 9.112603849810646465e-16
2.320648967551622643e+00 8.161351298814483800e-16
2.324262536873157092e+00 7.308143039622815339e-16
2.327876106194690653e+00 6.543007099109710046e-16
2.331489675516225102e+00 5.856971752422433549e-16
2.335103244837758663e+00 5.241966642458162636e-16
2.338716814159292223e+00 4.690733525791509857e-16
2.342330383480826672e+00 4.196745722883954467e-16
2.345943952802360233e+00 3.754135437243088940e-16
2.349557522123894682e+00 3.357628187013600122e-16
2.353171091445428242e+00 3.002483663997184497e-16
2.356784660766961803e+00 2.684442399964221267e-16
2.360398230088496252e+00 2.399677678960983413e-16
2.364011799410029813e+00 2.144752187666427063e-16
2.367625368731564262e+00 1.916578944224295241e-16
2.371238938053097822e+00 1.712386089821754727e-16
2.374852507374631383e+00 1.529685167019084553e-16
2.378466076696165832e+00 1.366242544839229186e-16
2.382079646017699393e+00 1.220053683239928063e-16
2.385693215339233841e+00 1.089319959131230518e-16
2.389306784660767402e+00 9.724278028510608598e-17
2.392920353982301851e+00 8.679299182288972701e-17
2.396533923303835412e+00 7.745283812902184767e-17
2.400147492625368972e+00 6.910594324921840751e-17
2.403761061946903421e+00 6.164797953335270364e-17
2.407374631268436982e+00 5.498543704197361150e-17
2.410988200589971431e+00 4.903451687529646896e-17
2.414601769911504991e+00 4.372013612985080663e-17
2.418215339233038552e+00 3.897503338874337437e-17
2.421828908554573001e+00 3.473896473706291657e-17
2.425442477876106562e+00 3.095798127493418757e-17
2.429056047197641011e+00 2.758377998712829226e-17
2.432669616519174571e+00 2.457312062900525018e-17
2.436283185840708132e+00 2.188730201177936159e-17
2.439896755162242581e+00 1.949169172333244756e-17
2.443510324483776142e+00 1.735530391050288904e-17
2.447123893805310590e+00 1.545042028110801525e-17
2.450737463126844151e+00 1.375224996443444813e-17
2.454351032448377712e+00 1.223862430242998822e-17
2.457964601769912161e+00 1.088972303494995186e-17
2.461578171091445721e+00 9.687828695190156547e-18
2.465191740412980170e+00 8.617106349557960010e-18
2.468805309734513731e+00 7.663406103094817829e-18
2.472418879056048180e+00 6.814086050114947129e-18
2.476032448377581741e+00 6.057853582792257317e-18
2.479646017699115301e+00 5.384623180410157272e-18
2.483259587020649750e+00 4.785388991197579511e-18
2.486873156342183311e+00 4.252110689081046707e-18
2.490486725663717760e+00 3.777611241162330541e-18
2.494100294985251320e+00 3.355485359919028290e-18
2.497713864306784881e+00 2.980017538520563973e-18
2.501327433628319330e+00 2.646108679625825425e-18
2.504941002949852891e+00 2.349210428779125740e-18
2.508554572271387340e+00 2.085266414171545411e-18
2.512168141592920900e+00 1.850659676081173723e-18
2.515781710914454461e+00 1.642165642633358742e-18
2.519395280235988910e+00 1.456910074470085940e-18
2.523008849557522471e+00 1.292331460193267022e-18
2.526622418879056919e+00 1.146147397732173099e-18
2.530235988200590480e+00 1.016324544668642394e-18
2.533849557522124041e+00 9.010517635738394875e-19
2.537463126843658490e+00 7.987161270590399760e-19
2.541076696165192050e+00 7.078814819513441475e-19
2.544690265486726499e+00 6.272693031733833979e-19
2.548303834808260060e+00 5.557415958884581634e-19
2.551917404129794509e+00 4.922856295887036981e-19
2.555530973451328070e+00 4.360003103450769586e-19
2.559144542772861630e+00 3.860840176625101778e-19
2.562758112094396079e+00 3.418237505274673789e-19
2.566371681415929640e+00 3.025854435078758347e-19
2.569985250737464089e+00 2.678053283585670635e-19
2.573598820058997649e+00 2.369822296688085676e-19
2.577212389380531210e+00 2.096706948162343628e-19
2.580825958702065659e+00 1.854748690027048605e-19
2.584439528023599220e+00 1.640430355656453305e-19
2.588053097345133668e+00 1.450627501960092202e-19
2.591666666666667229e+00 1.282565052519056832e-19
2.595280235988200790e+00 1.133778671245674874e-19
2.598893805309735239e+00 1.002080356736552439e-19
2.602507374631268799e+00 8.855278017328300195e-20
2.606120943952803248e+00 7.823971106551025725e-20
2.609734513274336809e+00 6.911585116269657212e-20
2.613348082595870370e+00 6.104547382708255902e-20
2.616961651917404819e+00 5.390817913297956873e-20
2.620575221238938379e+00 4.759718212648104229e-20
2.624188790560472828e+00 4.201779007794583323e-20
2.627802359882006389e+00 3.708604810829839028e-20
2.631415929203539950e+00 3.272753479170497192e-20
2.635029498525074398e+00 2.887629132279123010e-20
2.638643067846607959e+00 2.547386961030673101e-20
2.642256637168142408e+00 2.246848624387058633e-20
2.645870206489675969e+00 1.981427069567905724e-20
2.649483775811210418e+00 1.747059738282230717e-20
2.653097345132743978e+00 1.540149234418258863e-20
2.656710914454277539e+00 1.357510629297369530e-20
2.660324483775811988e+00 1.196324670482871960e-20
2.663938053097345549e+00 1.054096240329274535e-20
2.667551622418879997e+00 9.286174820048929217e-21
2.671165191740413558e+00 8.179350745341376721e-21
2.674778761061947119e+00 7.203211953114216950e-21
2.678392330383481568e+00 6.342477592776532414e-21
2.682005899705015128e+00 5.583635691780326758e-21
2.685619469026549577e+00 4.914740516303137414e-21
2.689233038348083138e+00 4.325232896529401674e-21
2.692846607669616699e+00 3.805780943030761347e-21
2.696460176991151148e+00 3.348138865804682108e-21
2.700073746312684708e+00 2.945021861383099741e-21
2.703687315634219157e+00 2.589995259462638770e-21
2.707300884955752718e+00 2.277376321734521305e-21
2.710914454277286278e+00 2.002147264694481425e-21
2.714528023598820727e+00 1.759878237600751583e-21
2.718141592920354288e+00 1.546659128552741774e-21
2.721755162241888737e+00 1.359039197813217936e-21
2.725368731563422298e+00 1.193973649690318462e-21
2.728982300884956747e+00 1.048776354057872549e-21
2.732595870206490307e+00 9.210780172930827747e-22
2.736209439528023868e+00 8.087891812468913836e-22
2.739823008849558317e+00 7.100674989316953103e-22
2.743436578171091877e+00 6.232887978678257932e-22
2.747050147492626326e+00 5.470214973368774060e-22
2.750663716814159887e+00 4.800039949171272497e-22
2.754277286135693448e+00 4.211246812994799122e-22
2.757890855457227897e+00 3.694042811166435023e-22
2.761504424778761457e+00 3.239802519017974285e-22
2.765117994100295906e+00 2.840930038095333144e-22
2.768731563421829467e+00 2.490737298120599702e-22
2.772345132743363028e+00 2.183336601079271635e-22
2.775958702064897476e+00 1.913545757920804953e-22
2.779572271386431037e+00 1.676804357357374351e-22
2.783185840707965486e+00 1.469099873828455453e-22
2.786799410029499047e+00 1.286902470272219326e-22
2.790412979351032607e+00 1.127107483025193043e-22
2.794026548672567056e+00 9.869846928744730589e-23
2.797640117994100617e+00 8.641335896827182038e-23
2.801253687315635066e+00 7.564439296027571695e-23
2.804867256637168627e+00 6.620609650261709775e-23
2.808480825958703075e+00 5.793547992469787911e-23
2.812094395280236636e+00 5.068933814273878305e-23
2.815707964601770197e+00 4.434187137514774747e-23
2.819321533923304646e+00 3.878258924823409700e-23
2.822935103244838206e+00 3.391446487273699287e-23
2.826548672566372655e+00 2.965230937234366052e-23
2.830162241887906216e+00 2.592134079559830096e-23
2.833775811209439777e+00 2.265592439377133577e-23
2.837389380530974226e+00 1.979846394516707056e-23
2.841002949852507786e+00 1.729842619130803846e-23
2.844616519174042235e+00 1.511148255840113523e-23
2.848230088495575796e+00 1.319875420032064514e-23
2.851843657817109357e+00 1.152614804515421886e-23
2.855457227138643805e+00 1.006377298124402478e-23
2.859070796460177366e+00 8.785426602683844991e-24
2.862684365781711815e+00 7.668144068086047058e-24
2.866297935103245376e+00 6.691801627467018057e-24
2.869911504424778936e+00 5.838768255691440191e-24
2.873525073746313385e+00 5.093599610740759634e-24
2.877138643067846946e+00 4.442769223133130084e-24
2.880752212389381395e+00 3.874432429847127756e-24
2.884365781710914955e+00 3.378219101516808665e-24
2.887979351032449404e+00 2.945051683818844664e-24
2.891592920353982965e+00 2.566985490291657743e-24
2.895206489675516526e+00 2.237068550804647856e-24
2.898820058997050975e+00 1.949218643361680480e-24
2.902433628318584535e+00 1.698115421947191256e-24
2.906047197640118984e+00 1.479105804250676549e-24
2.909660766961652545e+00 1.288121004315941240e-24
2.913274336283186106e+00 1.121603789981519507e-24
2.916887905604720554e+00 9.764447165322960141e-25
2.920501474926254115e+00 8.499262390096192507e-25
2.924115044247788564e+00 7.396737385683224693e-25
2.927728613569322125e+00 6.436126152629592354e-25
2.931342182890855685e+00 5.599307025861399739e-25
2.934955752212390134e+00 4.870453496434132670e-25
2.938569321533923695e+00 4.235745965018740295e-25
2.942182890855458144e+00 3.683119382960591325e-25
2.945796460176991705e+00 3.202042352631957108e-25
2.949410029498525265e+00 2.783323800179826410e-25
2.953023598820059714e+00 2.418943809615956685e-25
2.956637168141593275e+00 2.101905625323195874e-25
2.960250737463127724e+00 1.826106197415424002e-25
2.963864306784661284e+00 1.586222967087230429e-25
2.967477876106195733e+00 1.377614872490944379e-25
2.971091445427729294e+00 1.196235804537030015e-25
2.974705014749262855e+00 1.038558960486755305e-25
2.978318584070797304e+00 9.015107349744829357e-26
2.981932153392330864e+00 7.824129563901021627e-26
2.985545722713865313e+00 6.789324242191147546e-26
2.989159292035398874e+00 5.890368324798523616e-26
2.992772861356932435e+00 5.109562780197671587e-26
2.996386430678466883e+00 4.431496520725382291e-26
3.000000000000000000e+00 3.842753008394716762e-26
