1.000000000000000000e+00
1.000000000000000222e+00
1.000000000000000222e+00
1.000000000000000222e+00
9.985090183655498386e-01
9.917879561365658958e-01
9.650572553447754887e-01
9.208426349341563011e-01
8.581711458008202120e-01
8.039425142868679153e-01
7.599307213169164132e-01
7.274133663441573194e-01
7.061499507077505511e-01
6.905025920737439815e-01
6.753855502102605879e-01
6.643334452604132689e-01
6.536344142195258389e-01
6.428114608775429284e-01
6.311801093250826167e-01
6.219435652706051254e-01
6.112581199259464748e-01
5.957289479795083720e-01
5.882148684621680834e-01
5.782614690688080428e-01
5.718041800441526767e-01
5.614918153896903963e-01
5.497324538417784900e-01
5.423127991952290117e-01
5.324602775184344994e-01
5.299040536250863020e-01
5.255940494719515410e-01
5.154376825433373277e-01
5.101305296638865006e-01
5.064341142223812708e-01
4.999509812012340459e-01
4.956515922623803694e-01
4.911858058572546315e-01
4.833556964462665806e-01
4.765581608568862371e-01
4.721211667158152769e-01
4.641497690911048357e-01
4.595459908924129366e-01
4.561924976352022543e-01
4.475689730225819174e-01
4.403793110901619290e-01
4.347321680257303367e-01
4.296671549338068052e-01
4.231572622519430560e-01
4.212812056872715649e-01
4.194433823896507318e-01
4.166908722483517180e-01
4.129626213646512278e-01
4.102348005947700216e-01
4.087604630525790150e-01
4.080142578424238442e-01
4.040553133880055992e-01
4.029384037507691696e-01
4.007418921848165394e-01
3.972875468822371081e-01
3.950728934777063550e-01
3.941027368775318340e-01
3.918689273295498099e-01
3.890075519470475029e-01
3.865416966154487377e-01
3.849086135439943046e-01
3.824018763346828109e-01
3.811506061144479540e-01
3.782801816410965023e-01
3.760977163795601319e-01
3.742403161185331451e-01
3.743007934839538420e-01
3.718123399418757913e-01
3.666473014284864496e-01
3.652759700631404982e-01
3.638162985675925110e-01
3.625372443458363403e-01
3.629903580637249272e-01
3.597914505655749329e-01
3.580400609205417473e-01
3.566992190457582979e-01
3.536194289855809636e-01
3.513286600348348721e-01
3.497126115184766015e-01
3.461952427021654510e-01
3.416507355175978922e-01
3.396353314687586278e-01
3.399739039709347987e-01
3.379513648628274525e-01
3.385433848985368033e-01
3.386266587017259244e-01
3.350972706312758120e-01
3.334714596529469999e-01
3.343428377442961841e-01
3.361423350837591806e-01
3.350358162697317788e-01
3.344698763443086920e-01
3.318859536716099456e-01
3.299428033204578892e-01
3.303319706544501910e-01
3.298109484055290475e-01
3.284136152640963480e-01
3.276608836913614264e-01
3.264694889538022338e-01
3.263280089011839635e-01
3.246318697973815670e-01
3.262274862628144478e-01
3.254758570520196459e-01
3.224750919120246140e-01
3.214530197317974625e-01
3.210036345899864307e-01
3.188198078467261998e-01
3.175306122938951758e-01
3.169866937090555226e-01
3.157001498060744704e-01
3.139233493510047435e-01
3.153860039862391162e-01
3.147879420577883169e-01
3.122981729212525037e-01
3.129362560347961897e-01
3.135965945428917934e-01
3.100148175375159743e-01
3.085941054341766465e-01
3.077385120075538105e-01
3.078116021402862446e-01
3.090387529412482182e-01
3.099427704936168482e-01
3.083567436800463413e-01
3.107601343574679653e-01
3.092303280650117725e-01
3.080250327755167938e-01
3.083309130095979733e-01
3.084632144172600454e-01
3.071277628984647179e-01
3.068919613922398981e-01
3.055704867780599243e-01
3.056010451760560187e-01
3.049330251113606671e-01
3.052097550980226170e-01
3.044627716678556251e-01
3.026765773243282331e-01
3.016396808097885351e-01
3.020716869604233579e-01
2.997278722120673700e-01
2.985523947957934299e-01
2.980496080326983099e-01
2.973531065545143015e-01
2.951475592724957520e-01
2.955845110928901898e-01
2.953132874519049933e-01
2.937887987292536751e-01
2.936760412106593776e-01
2.923660455257826030e-01
2.918099998896800384e-01
2.907505715826689263e-01
2.916499202561591564e-01
2.915230399803885319e-01
2.908729599001030341e-01
2.916403157791576106e-01
2.929914917097924398e-01
2.934427310976777115e-01
2.934326359830861097e-01
2.924477146506119229e-01
2.937814760169286665e-01
2.944436839647692206e-01
2.940183801429196442e-01
2.925299694812010798e-01
2.927091365568770254e-01
2.919576130287850346e-01
2.898961371408116938e-01
2.901067327313326394e-01
2.885828798080373736e-01
2.869299811499543273e-01
2.859326783008535600e-01
2.838032052252132398e-01
2.839700752773798298e-01
2.833929358890887040e-01
2.838435880381190990e-01
2.834520390011386337e-01
2.837265574864489825e-01
2.843848538124972292e-01
2.843030690145518236e-01
2.850968150356164021e-01
2.851071439065275825e-01
2.865274361697345284e-01
2.866109318427995656e-01
2.856176064067416642e-01
2.847627632614230242e-01
2.862826943119066159e-01
2.844512277402514999e-01
2.843794530485246330e-01
2.840033620080219534e-01
2.838018057384552595e-01
2.833047635415408827e-01
2.809998379696455606e-01
2.802249000617619834e-01
2.798822671264802331e-01
2.781093531902543159e-01
2.766534823313398506e-01
2.755670276730026735e-01
2.752824207041913995e-01
2.747456027524181055e-01
2.751330328672049186e-01
2.747629369079782613e-01
2.743940180015355113e-01
2.739536214223309840e-01
2.740575954371965439e-01
2.736180929053251831e-01
2.731655745184848327e-01
2.721755626361527791e-01
2.722913367248613881e-01
2.727740286880932508e-01
2.711761501506508854e-01
2.725421954365944144e-01
2.717787518307832051e-01
2.709913275829801682e-01
2.701514859471932373e-01
2.690017166911754520e-01
2.687795143687244925e-01
2.682014720674273933e-01
2.676442313632886316e-01
2.684776408012411464e-01
2.682254747044772181e-01
2.699129931933357263e-01
2.699015146293056167e-01
2.691395623770815870e-01
2.682714741673010717e-01
2.693733881194411151e-01
2.699454342447789035e-01
2.692365531992119698e-01
2.696611456584315780e-01
2.695635086173984174e-01
2.688913810668690507e-01
2.684187916738900448e-01
2.691891267716245428e-01
2.693200824261030024e-01
2.689574176461270727e-01
2.688093496309343911e-01
2.668334287118728776e-01
2.674643533655899907e-01
2.677382206545736443e-01
2.677759974498296613e-01
2.676094249506024148e-01
2.682703507999239512e-01
2.684814812810041862e-01
2.688913310179594229e-01
2.687889815157681883e-01
2.678288921442047998e-01
2.676313257997184336e-01
2.660079583307627948e-01
2.653453741647457398e-01
