1.000000000000000000e+00
1.000000000000000000e+00
1.000000000000000000e+00
1.000000000000000000e+00
1.000000000000000000e+00
9.839380143991171002e-01
9.654715803293908438e-01
8.811187520065478784e-01
8.073610380350586535e-01
7.320180539497664896e-01
6.564174590633917727e-01
5.914112311704753377e-01
5.469033270272919411e-01
4.923661030317525444e-01
4.449077897925995395e-01
4.028545317287067773e-01
3.790636012536982014e-01
3.403076999103619715e-01
3.020929440618392858e-01
3.003509484641295191e-01
2.924427325206870321e-01
2.662186983174725241e-01
2.531914533383065047e-01
2.359848757872094749e-01
2.236532914964820817e-01
2.068633938829076702e-01
1.905068085945779144e-01
1.866861907771528994e-01
1.909145837684528557e-01
1.847471541165900122e-01
1.824274207897108036e-01
1.818347848379929521e-01
1.776214588934507399e-01
1.716450813232048844e-01
1.733495629724593479e-01
1.730150882688009650e-01
1.681914572909656014e-01
1.644755342091519523e-01
1.608664798921496386e-01
1.574336435075411045e-01
1.571854462266313035e-01
1.567409628697725987e-01
1.551609315333087880e-01
1.415778916905369444e-01
1.443452279447524356e-01
1.441016132045333797e-01
1.414910157402190505e-01
1.385688186910133401e-01
1.386505173554965220e-01
1.407278201173118026e-01
1.407278201173118026e-01
1.352227099043157854e-01
1.335368186947088753e-01
1.268453884639108298e-01
1.233604082489418996e-01
1.220411105515132738e-01
1.155262015648127888e-01
1.162861880271015419e-01
1.125449166990018235e-01
1.104547069272841381e-01
1.064460832245954364e-01
1.058875199887685248e-01
1.080681066094755227e-01
1.069808277056654433e-01
1.051749284056886224e-01
1.051749284056886224e-01
1.072247738823329938e-01
1.066538130774576376e-01
1.066538130774576376e-01
1.066538130774576376e-01
1.068710450088077579e-01
1.063888117459050875e-01
1.063888117459050875e-01
1.060846651105160493e-01
1.050019874536121667e-01
1.045484810153254895e-01
1.045484810153254895e-01
1.041058516256064964e-01
1.041058516256064964e-01
1.032354254786743974e-01
1.028088547708107120e-01
1.023876111771792885e-01
1.015572648554177448e-01
1.012820475141849308e-01
1.004673661145869534e-01
9.878147490498004335e-02
9.878147490498004335e-02
9.799556805488308930e-02
9.776980100461678258e-02
9.754013430282067187e-02
9.754013430282067187e-02
9.716269891243378698e-02
9.716269891243378698e-02
9.716269891243378698e-02
9.679865938401874259e-02
9.607874116924364216e-02
9.617800488985726870e-02
9.582663541621623537e-02
9.582663541621623537e-02
9.513576219480206209e-02
9.513576219480206209e-02
9.513576219480206209e-02
9.480213919147223445e-02
9.648803040107914453e-02
9.550229574621398043e-02
9.550229574621398043e-02
9.550229574621398043e-02
9.550229574621398043e-02
9.550229574621398043e-02
9.381640453660705647e-02
9.381640453660705647e-02
9.381640453660705647e-02
9.381640453660705647e-02
9.381640453660705647e-02
9.381640453660705647e-02
9.381640453660705647e-02
9.381640453660705647e-02
9.352425600989143495e-02
9.323563496740028267e-02
9.323563496740028267e-02
9.266793489786345761e-02
9.266793489786345761e-02
9.266793489786345761e-02
9.266793489786345761e-02
9.239378299273269535e-02
9.239378299273269535e-02
9.407967420233957767e-02
9.407967420233957767e-02
9.661672366392529132e-02
9.635276393624511715e-02
9.609075163091050642e-02
9.609075163091050642e-02
9.583245393954570313e-02
9.583245393954570313e-02
9.583245393954570313e-02
9.583245393954570313e-02
9.583245393954570313e-02
9.414656272993877917e-02
9.414656272993877917e-02
9.414656272993877917e-02
9.390350696165189470e-02
9.366127762784638711e-02
9.366127762784638711e-02
9.366127762784638711e-02
9.366127762784638711e-02
9.366127762784638711e-02
9.366127762784638711e-02
9.366127762784638711e-02
9.366127762784638711e-02
9.366127762784638711e-02
9.320807378254064579e-02
9.320807378254064579e-02
9.320807378254064579e-02
9.298591745204010106e-02
9.298591745204010106e-02
9.298591745204010106e-02
9.298591745204010106e-02
9.298591745204010106e-02
9.277049083822962172e-02
9.277049083822962172e-02
9.255736522066151939e-02
9.255736522066151939e-02
9.255736522066151939e-02
9.255736522066151939e-02
9.234965820440826922e-02
9.234965820440826922e-02
9.214437030560604369e-02
9.194094335555383357e-02
9.173783353983903932e-02
9.153658780166019915e-02
9.153658780166019915e-02
9.153658780166019915e-02
9.153658780166019915e-02
9.153658780166019915e-02
9.153658780166019915e-02
9.153658780166019915e-02
9.134332042886217362e-02
9.115107806928099410e-02
9.115107806928099410e-02
9.096083513288726052e-02
9.077216112660353720e-02
9.077216112660353720e-02
9.077216112660353720e-02
9.077216112660353720e-02
9.077216112660353720e-02
9.077216112660353720e-02
9.058918507089443184e-02
9.058918507089443184e-02
9.058918507089443184e-02
9.058918507089443184e-02
9.058918507089443184e-02
9.058918507089443184e-02
9.058918507089443184e-02
9.058918507089443184e-02
9.058918507089443184e-02
9.058918507089443184e-02
9.041602323587621948e-02
9.007043964311177431e-02
9.007043964311177431e-02
9.007043964311177431e-02
9.007043964311177431e-02
8.990107727606094778e-02
8.990107727606094778e-02
9.374903795878818114e-02
9.374903795878818114e-02
9.757728655150409158e-02
9.757728655150409158e-02
9.757728655150409158e-02
9.741355753961948583e-02
9.741355753961948583e-02
9.741355753961948583e-02
9.741355753961948583e-02
9.546080848209032022e-02
9.028737141180483150e-02
9.028737141180483150e-02
9.028737141180483150e-02
9.028737141180483150e-02
9.013060553431824495e-02
8.793463518153876723e-02
8.793463518153876723e-02
8.793463518153876723e-02
8.793463518153876723e-02
8.793463518153876723e-02
8.793463518153876723e-02
8.793463518153876723e-02
8.793463518153876723e-02
8.793463518153876723e-02
8.793463518153876723e-02
8.793463518153876723e-02
8.911139309080035042e-02
8.911139309080035042e-02
8.911139309080035042e-02
8.911139309080035042e-02
8.911139309080035042e-02
9.293964168351627475e-02
9.293964168351627475e-02
9.293964168351627475e-02
9.256636155296885105e-02
9.256636155296885105e-02
9.265067516952173177e-02
9.506205262731171057e-02
9.506205262731171057e-02
9.506205262731171057e-02
9.672478896782157887e-02
9.672478896782157887e-02
9.672478896782157887e-02
9.672478896782157887e-02
9.672478896782157887e-02
9.672478896782157887e-02
9.649810895565180680e-02
