0.000000000000000000e+00
5.431495223368132397e-02
5.431495223368132397e-02
5.431495223368132397e-02
5.431495223368132397e-02
5.709638577528666770e-02
6.097127321954936424e-02
6.861655302707511672e-02
6.567160648084621744e-02
6.354048695177956507e-02
6.556981912074051622e-02
7.024196343391066188e-02
6.746762889797708329e-02
7.180376157316829822e-02
7.734089745630447210e-02
7.939362493740466376e-02
8.107303432415287336e-02
6.769577075442918812e-02
6.703595699235427585e-02
6.664883916292903276e-02
6.896711912417025081e-02
6.826774540261275337e-02
7.066407958506136511e-02
7.607967523327800741e-02
7.741814399751714704e-02
7.700327296187788051e-02
7.597669744522442259e-02
7.357898707889615197e-02
7.636738197079502577e-02
7.602139610219041388e-02
7.675183201483991302e-02
7.948841063087173919e-02
7.938624665184686180e-02
7.878752849651547707e-02
7.514851336180793095e-02
7.515977052291301919e-02
7.457217232596392853e-02
7.506378473479564939e-02
7.555858850196890686e-02
7.610424013174281466e-02
7.563111860064701542e-02
7.490446260309564785e-02
7.507620027426847864e-02
7.438334039258370778e-02
7.444775512354372127e-02
7.397897595468250209e-02
7.438740926156810207e-02
7.499421259928296113e-02
7.470524118090167420e-02
7.544046680890090228e-02
7.544046680890090228e-02
7.757617674896850890e-02
7.695580944998785256e-02
7.601140655339587437e-02
7.695295800011667242e-02
7.726817636050757609e-02
7.607718780834357708e-02
7.626608249340117995e-02
7.544666315835094061e-02
7.528848473626539861e-02
7.492340267661812270e-02
7.504716774799528867e-02
7.464874701055974893e-02
7.484375509962526429e-02
7.501497003117622853e-02
7.501497003117622853e-02
7.611881833432791733e-02
7.629791013117608045e-02
7.629791013117608045e-02
7.629791013117608045e-02
7.631026320328718193e-02
7.634949442441675560e-02
7.634949442441675560e-02
7.683769233405544907e-02
7.676815612146004053e-02
7.674355620041642401e-02
7.674355620041642401e-02
7.678086969944795948e-02
7.678086969944795948e-02
7.658618816480836089e-02
7.665536936851892469e-02
7.672595622330610765e-02
7.680081036131759797e-02
7.684950037823587432e-02
7.709352434074927263e-02
7.643954741555265830e-02
7.643954741555265830e-02
7.669972076366267377e-02
7.668777437295030974e-02
7.670884194676004519e-02
7.670884194676004519e-02
7.677363250364425962e-02
7.677363250364425962e-02
7.677363250364425962e-02
7.668048895533126352e-02
7.674471713977373821e-02
7.671795381227210220e-02
7.685651003823078253e-02
7.685651003823078253e-02
7.680015263199115039e-02
7.680015263199115039e-02
7.680015263199115039e-02
7.683134862588762715e-02
7.749151085499760006e-02
7.767502160884953710e-02
7.767502160884953710e-02
7.767502160884953710e-02
7.767502160884953710e-02
7.767502160884953710e-02
7.701406666027149628e-02
7.701406666027149628e-02
7.701406666027149628e-02
7.701406666027149628e-02
7.701406666027149628e-02
7.701406666027149628e-02
7.701406666027149628e-02
7.701406666027149628e-02
7.700146607358576700e-02
7.700837883388064742e-02
7.700837883388064742e-02
7.708115789442016030e-02
7.708115789442016030e-02
7.708115789442016030e-02
7.708115789442016030e-02
7.719956309399611527e-02
7.719956309399611527e-02
7.786232053603113490e-02
7.786232053603113490e-02
7.764064535938654255e-02
7.770286066845415174e-02
7.776545512563433349e-02
7.776545512563433349e-02
7.787826624037368084e-02
7.787826624037368084e-02
7.787826624037368084e-02
7.787826624037368084e-02
7.787826624037368084e-02
7.721984125499536944e-02
7.721984125499536944e-02
7.721984125499536944e-02
7.732695719508493604e-02
7.743432165539768097e-02
7.743432165539768097e-02
7.743432165539768097e-02
7.743432165539768097e-02
7.743432165539768097e-02
7.743432165539768097e-02
7.743432165539768097e-02
7.743432165539768097e-02
7.743432165539768097e-02
7.758941383576924145e-02
7.758941383576924145e-02
7.758941383576924145e-02
7.758655361797106575e-02
7.758655361797106575e-02
7.758655361797106575e-02
7.758655361797106575e-02
7.758655361797106575e-02
7.750470639820000729e-02
7.750470639820000729e-02
7.750249388277523355e-02
7.750249388277523355e-02
7.750249388277523355e-02
7.750249388277523355e-02
7.745041344860519039e-02
7.745041344860519039e-02
7.748566755415177421e-02
7.743513128130333212e-02
7.742738810047998521e-02
7.742024153706718315e-02
7.742024153706718315e-02
7.742024153706718315e-02
7.742024153706718315e-02
7.742024153706718315e-02
7.742024153706718315e-02
7.742024153706718315e-02
7.737257478083428563e-02
7.741859994226568675e-02
7.741859994226568675e-02
7.737209871434101716e-02
7.740469765819180115e-02
7.740469765819180115e-02
7.740469765819180115e-02
7.740469765819180115e-02
7.740469765819180115e-02
7.740469765819180115e-02
7.733497511470351082e-02
7.733497511470351082e-02
7.733497511470351082e-02
7.733497511470351082e-02
7.733497511470351082e-02
7.733497511470351082e-02
7.733497511470351082e-02
7.733497511470351082e-02
7.733497511470351082e-02
7.733497511470351082e-02
7.726933395723289966e-02
7.716202639896446724e-02
7.716202639896446724e-02
7.716202639896446724e-02
7.716202639896446724e-02
7.704670437332071520e-02
7.704670437332071520e-02
7.621506409488847111e-02
7.621506409488847111e-02
7.773570903027195167e-02
7.773570903027195167e-02
7.773570903027195167e-02
7.776758386983917415e-02
7.776758386983917415e-02
7.776758386983917415e-02
7.776758386983917415e-02
7.522880424675014444e-02
7.577754205457175318e-02
7.577754205457175318e-02
7.577754205457175318e-02
7.577754205457175318e-02
7.579188419346892525e-02
7.674043807789439342e-02
7.674043807789439342e-02
7.674043807789439342e-02
7.674043807789439342e-02
7.674043807789439342e-02
7.674043807789439342e-02
7.674043807789439342e-02
7.674043807789439342e-02
7.674043807789439342e-02
7.674043807789439342e-02
7.674043807789439342e-02
7.707915908740180233e-02
7.707915908740180233e-02
7.707915908740180233e-02
7.707915908740180233e-02
7.707915908740180233e-02
7.860785074453906229e-02
7.860785074453906229e-02
7.860785074453906229e-02
7.877282843489392949e-02
7.877282843489392949e-02
7.871415591822909785e-02
7.877219027058141032e-02
7.877219027058141032e-02
7.877219027058141032e-02
7.883415141572228113e-02
7.883415141572228113e-02
7.883415141572228113e-02
7.883415141572228113e-02
7.883415141572228113e-02
7.883415141572228113e-02
7.888957072680716220e-02
