1.000000000000000000e+00 2.590323315672977186e-03
1.001474926253687281e+00 2.585557964007419076e-03
1.002949852507374562e+00 2.580943050319247072e-03
1.004424778761061843e+00 2.576477854469784185e-03
1.005899705014749346e+00 2.572161680259225144e-03
1.007374631268436627e+00 2.567993855262533289e-03
1.008849557522123908e+00 2.563973730670950166e-03
1.010324483775811188e+00 2.560100681139128656e-03
1.011799410029498469e+00 2.556374104637894416e-03
1.013274336283185750e+00 2.552793422312581422e-03
1.014749262536873253e+00 2.549358078346820617e-03
1.016224188790560534e+00 2.546067539831991123e-03
1.017699115044247815e+00 2.542921296641765475e-03
1.019174041297935096e+00 2.539918861312441458e-03
1.020648967551622377e+00 2.537059768928406553e-03
1.022123893805309658e+00 2.534343577013024700e-03
1.023598820058996939e+00 2.531769865424802254e-03
1.025073746312684442e+00 2.529338236258939828e-03
1.026548672566371723e+00 2.527048313753728782e-03
1.028023598820059004e+00 2.524899744202904316e-03
1.029498525073746285e+00 2.522892195872408240e-03
1.030973451327433565e+00 2.521025358922870246e-03
1.032448377581120846e+00 2.519298945336943818e-03
1.033923303834808349e+00 2.517712688851897473e-03
1.035398230088495630e+00 2.516266344897306103e-03
1.036873156342182911e+00 2.514959690537847160e-03
1.038348082595870192e+00 2.513792524420968826e-03
1.039823008849557473e+00 2.512764666729985687e-03
1.041297935103244754e+00 2.511875959141849062e-03
1.042772861356932257e+00 2.511126264790299739e-03
1.044247787610619538e+00 2.510515468233660667e-03
1.045722713864306819e+00 2.510043475427943972e-03
1.047197640117994100e+00 2.509710213704906701e-03
1.048672566371681381e+00 2.509515631754922604e-03
1.050147492625368661e+00 2.509459699615079753e-03
1.051622418879055942e+00 2.509542408662186145e-03
1.053097345132743445e+00 2.509763771610715351e-03
1.054572271386430726e+00 2.510123822515736899e-03
1.056047197640118007e+00 2.510622616780905977e-03
1.057522123893805288e+00 2.511260231171454343e-03
1.058997050147492569e+00 2.512036763832063181e-03
1.060471976401179850e+00 2.512952334309851224e-03
1.061946902654867353e+00 2.514007083582242650e-03
1.063421828908554634e+00 2.515201174090036552e-03
1.064896755162241915e+00 2.516534789775290697e-03
1.066371681415929196e+00 2.518008136124455423e-03
1.067846607669616477e+00 2.519621440216310120e-03
1.069321533923303758e+00 2.521374950775201029e-03
1.070796460176991260e+00 2.523268938229134527e-03
1.072271386430678541e+00 2.525303694773228975e-03
1.073746312684365822e+00 2.527479534437981727e-03
1.075221238938053103e+00 2.529796793162840916e-03
1.076696165191740384e+00 2.532255828874962339e-03
1.078171091445427665e+00 2.534857021573033893e-03
1.079646017699114946e+00 2.537600773416234801e-03
1.081120943952802449e+00 2.540487508818827043e-03
1.082595870206489730e+00 2.543517674549343379e-03
1.084070796460177011e+00 2.546691739835702482e-03
1.085545722713864292e+00 2.550010196475094998e-03
1.087020648967551573e+00 2.553473558949752049e-03
1.088495575221238854e+00 2.557082364547539743e-03
1.089970501474926134e+00 2.560837173488361967e-03
1.091445427728613637e+00 2.564738569055884012e-03
1.092920353982300918e+00 2.568787157734713639e-03
1.094395280235988199e+00 2.572983569353077746e-03
1.095870206489675480e+00 2.577328457231196739e-03
1.097345132743362761e+00 2.581822498335203074e-03
1.098820058997050264e+00 2.586466393436707197e-03
1.100294985250737545e+00 2.591260867277893343e-03
1.101769911504424826e+00 2.596206668742825647e-03
1.103244837758112107e+00 2.601304571034002231e-03
1.104719764011799388e+00 2.606555371855164699e-03
1.106194690265486669e+00 2.611959893599851302e-03
1.107669616519173950e+00 2.617518983545882427e-03
1.109144542772861453e+00 2.623233514055832178e-03
1.110619469026548733e+00 2.629104382783820429e-03
1.112094395280236014e+00 2.635132512888070655e-03
1.113569321533923295e+00 2.641318853249933520e-03
1.115044247787610576e+00 2.647664378699160232e-03
1.116519174041297857e+00 2.654170090245123407e-03
1.117994100294985138e+00 2.660837015315107787e-03
1.119469026548672641e+00 2.667666207998398414e-03
1.120943952802359922e+00 2.674658749297240470e-03
1.122418879056047203e+00 2.681815747384368523e-03
1.123893805309734484e+00 2.689138337867168042e-03
1.125368731563421765e+00 2.696627684058508674e-03
1.126843657817109268e+00 2.704284977254771405e-03
1.128318584070796549e+00 2.712111437020008845e-03
1.129793510324483830e+00 2.720108311478253507e-03
1.131268436578171110e+00 2.728276877611734985e-03
1.132743362831858391e+00 2.736618441567075129e-03
1.134218289085545672e+00 2.745134338968311955e-03
1.135693215339232953e+00 2.753825935237577596e-03
1.137168141592920456e+00 2.762694625922870392e-03
1.138643067846607737e+00 2.771741837033753816e-03
1.140117994100295018e+00 2.780969025384267494e-03
1.141592920353982299e+00 2.790377678943905572e-03
1.143067846607669580e+00 2.799969317196467251e-03
1.144542772861356861e+00 2.809745491506267755e-03
1.146017699115044142e+00 2.819707785493365086e-03
1.147492625368731645e+00 2.829857815415903928e-03
1.148967551622418926e+00 2.840197230561608902e-03
1.150442477876106206e+00 2.850727713647091457e-03
1.151917404129793487e+00 2.861450981225797420e-03
1.153392330383480768e+00 2.872368784104666322e-03
1.154867256637168049e+00 2.883482907769639118e-03
1.156342182890855330e+00 2.894795172819621815e-03
1.157817109144542833e+00 2.906307435409754593e-03
1.159292035398230114e+00 2.918021587703805136e-03
1.160766961651917395e+00 2.929939558335719566e-03
1.162241887905604676e+00 2.942063312880376091e-03
1.163716814159291957e+00 2.954394854334439942e-03
1.165191740412979460e+00 2.966936223606057594e-03
1.166666666666666741e+00 2.979689500015178776e-03
1.168141592920354022e+00 2.992656801803252487e-03
1.169616519174041303e+00 3.005840286653071146e-03
1.171091445427728583e+00 3.019242152219563883e-03
1.172566371681415864e+00 3.032864636669690625e-03
1.174041297935103145e+00 3.046710019234307940e-03
1.175516224188790648e+00 3.060780620769712034e-03
1.176991150442477929e+00 3.075078804330683407e-03
1.178466076696165210e+00 3.089606975754253387e-03
1.179941002949852491e+00 3.104367584254897738e-03
1.181415929203539772e+00 3.119363123031014626e-03
1.182890855457227053e+00 3.134596129882960634e-03
1.184365781710914334e+00 3.150069187843117062e-03
1.185840707964601837e+00 3.165784925817440986e-03
1.187315634218289118e+00 3.181746019239446027e-03
1.188790560471976399e+00 3.197955190736608954e-03
1.190265486725663679e+00 3.214415210808966184e-03
1.191740412979350960e+00 3.231128898520643517e-03
1.193215339233038463e+00 3.248099122204283536e-03
1.194690265486725744e+00 3.265328800178518998e-03
1.196165191740413025e+00 3.282820901478938035e-03
1.197640117994100306e+00 3.300578446602145215e-03
1.199115044247787587e+00 3.318604508264289335e-03
1.200589970501474868e+00 3.336902212173147204e-03
1.202064896755162149e+00 3.355474737814180194e-03
1.203539823008849652e+00 3.374325319251710639e-03
1.205014749262536933e+00 3.393457245944072730e-03
1.206489675516224214e+00 3.412873863573996896e-03
1.207964601769911495e+00 3.432578574894471803e-03
1.209439528023598776e+00 3.452574840589188454e-03
1.210914454277286056e+00 3.472866180149435968e-03
1.212389380530973337e+00 3.493456172766407769e-03
1.213864306784660840e+00 3.514348458239878372e-03
1.215339233038348121e+00 3.535546737903291509e-03
1.216814159292035402e+00 3.557054775565535436e-03
1.218289085545722683e+00 3.578876398469568038e-03
1.219764011799409964e+00 3.601015498268581722e-03
1.221238938053097467e+00 3.623476032019443561e-03
1.222713864306784748e+00 3.646262023193877749e-03
1.224188790560472029e+00 3.669377562708304574e-03
1.225663716814159310e+00 3.692826809971446866e-03
1.227138643067846591e+00 3.716613993950944675e-03
1.228613569321533872e+00 3.740743414259323392e-03
1.230088495575221152e+00 3.765219442258369888e-03
1.231563421828908655e+00 3.790046522184527863e-03
1.233038348082595936e+00 3.815229172293114514e-03
1.234513274336283217e+00 3.840771986023350411e-03
1.235988200589970498e+00 3.866679633184098505e-03
1.237463126843657779e+00 3.892956861160542115e-03
1.238938053097345060e+00 3.919608496142140165e-03
1.240412979351032341e+00 3.946639444372399171e-03
1.241887905604719844e+00 3.974054693420776829e-03
1.243362831858407125e+00 4.001859313476728922e-03
1.244837758112094406e+00 4.030058458667018853e-03
1.246312684365781687e+00 4.058657368395692661e-03
1.247787610619468968e+00 4.087661368708354025e-03
1.249262536873156249e+00 4.117075873679566615e-03
1.250737463126843529e+00 4.146906386825182679e-03
1.252212389380531032e+00 4.177158502539703687e-03
1.253687315634218313e+00 4.207837907557952263e-03
1.255162241887905594e+00 4.238950382443053798e-03
1.256637168141592875e+00 4.270501803100307942e-03
1.258112094395280156e+00 4.302498142317788717e-03
1.259587020648967659e+00 4.334945471332909105e-03
1.261061946902654940e+00 4.367849961427803726e-03
1.262536873156342221e+00 4.401217885551307434e-03
1.264011799410029502e+00 4.435055619969729447e-03
1.265486725663716783e+00 4.469369645946595637e-03
1.266961651917404064e+00 4.504166551450904457e-03
1.268436578171091345e+00 4.539453032896188962e-03
1.269911504424778848e+00 4.575235896908981525e-03
1.271386430678466128e+00 4.611522062127614528e-03
1.272861356932153409e+00 4.648318561034022432e-03
1.274336283185840690e+00 4.685632541815107875e-03
1.275811209439527971e+00 4.723471270258038091e-03
1.277286135693215474e+00 4.761842131677474117e-03
1.278761061946902533e+00 4.800752632876647934e-03
1.280235988200590036e+00 4.840210404142085421e-03
1.281710914454277317e+00 4.880223201272520725e-03
1.283185840707964598e+00 4.920798907643991749e-03
1.284660766961651879e+00 4.961945536309217246e-03
1.286135693215339160e+00 5.003671232133852405e-03
1.287610619469026663e+00 5.045984273969908278e-03
1.289085545722713722e+00 5.088893076865719234e-03
1.290560471976401224e+00 5.132406194314737859e-03
1.292035398230088505e+00 5.176532320542811226e-03
1.293510324483775786e+00 5.221280292834367016e-03
1.294985250737463067e+00 5.266659093899222523e-03
1.296460176991150348e+00 5.312677854279477911e-03
1.297935103244837851e+00 5.359345854798136521e-03
1.299410029498525132e+00 5.406672529049187659e-03
1.300884955752212413e+00 5.454667465930812878e-03
1.302359882005899694e+00 5.503340412221969895e-03
1.303834808259586975e+00 5.552701275202338513e-03
1.305309734513274256e+00 5.602760125318108353e-03
1.306784660766961537e+00 5.653527198892684645e-03
1.308259587020649040e+00 5.705012900883146484e-03
1.309734513274336321e+00 5.757227807685317243e-03
1.311209439528023601e+00 5.810182669984627346e-03
1.312684365781710882e+00 5.863888415657153921e-03
1.314159292035398163e+00 5.918356152719337661e-03
1.315634218289085666e+00 5.973597172327511397e-03
1.317109144542772725e+00 6.029622951829306451e-03
1.318584070796460228e+00 6.086445157865973121e-03
1.320058997050147509e+00 6.144075649527795842e-03
1.321533923303834790e+00 6.202526481562727935e-03
1.323008849557522071e+00 6.261809907639916475e-03
1.324483775811209352e+00 6.321938383667586453e-03
1.325958702064896855e+00 6.382924571167530696e-03
1.327433628318584136e+00 6.444781340706557705e-03
1.328908554572271417e+00 6.507521775385804660e-03
1.330383480825958697e+00 6.571159174389111686e-03
1.331858407079645978e+00 6.635707056590096561e-03
1.333333333333333259e+00 6.701179164221850344e-03
1.334808259587020540e+00 6.767589466606516516e-03
1.336283185840708043e+00 6.834952163948451211e-03
1.337758112094395324e+00 6.903281691190584629e-03
1.339233038348082605e+00 6.972592721935789474e-03
1.340707964601769886e+00 7.042900172434195770e-03
1.342182890855457167e+00 7.114219205636183180e-03
1.343657817109144670e+00 7.186565235313920053e-03
1.345132743362831729e+00 7.259953930251841249e-03
1.346607669616519232e+00 7.334401218506015306e-03
1.348082595870206513e+00 7.409923291736180903e-03
1.349557522123893794e+00 7.486536609607746459e-03
1.351032448377581074e+00 7.564257904268869431e-03
1.352507374631268355e+00 7.643104184900666349e-03
1.353982300884955858e+00 7.723092742343700377e-03
1.355457227138643139e+00 7.804241153800038633e-03
1.356932153392330420e+00 7.886567287614276722e-03
1.358407079646017701e+00 7.970089308133254669e-03
1.359882005899704982e+00 8.054825680645397515e-03
1.361356932153392263e+00 8.140795176401930539e-03
1.362831858407079544e+00 8.228016877720961339e-03
1.364306784660767047e+00 8.316510183175149576e-03
1.365781710914454328e+00 8.406294812864666122e-03
1.367256637168141609e+00 8.497390813776744406e-03
1.368731563421828890e+00 8.589818565232663558e-03
1.370206489675516170e+00 8.683598784424435835e-03
1.371681415929203673e+00 8.778752532041108128e-03
1.373156342182890732e+00 8.875301217987628319e-03
1.374631268436578235e+00 8.973266607196493314e-03
1.376106194690265516e+00 9.072670825533412156e-03
1.377581120943952797e+00 9.173536365799593237e-03
1.379056047197640078e+00 9.275886093831481327e-03
1.380530973451327359e+00 9.379743254698202914e-03
1.382005899705014862e+00 9.485131479000296836e-03
1.383480825958701921e+00 9.592074789268498561e-03
1.384955752212389424e+00 9.700597606469019141e-03
1.386430678466076705e+00 9.810724756608048616e-03
1.387905604719763986e+00 9.922481477447772646e-03
1.389380530973451267e+00 1.003589342532634071e-02
1.390855457227138547e+00 1.015098668208917233e-02
1.392330383480826050e+00 1.026778776212857423e-02
1.393805309734513331e+00 1.038632361953862986e-02
1.395280235988200612e+00 1.050662165538098630e-02
1.396755162241887893e+00 1.062870972506896154e-02
1.398230088495575174e+00 1.075261614586511642e-02
1.399705014749262455e+00 1.087836970450123050e-02
1.401179941002949736e+00 1.100599966491641081e-02
1.402654867256637239e+00 1.113553577611707535e-02
1.404129793510324520e+00 1.126700828016126248e-02
1.405604719764011801e+00 1.140044792026906860e-02
1.407079646017699082e+00 1.153588594905798591e-02
1.408554572271386363e+00 1.167335413690877809e-02
1.410029498525073866e+00 1.181288478046031362e-02
1.411504424778760924e+00 1.195451071123824691e-02
1.412979351032448427e+00 1.209826530441715682e-02
1.414454277286135708e+00 1.224418248771741088e-02
1.415929203539822989e+00 1.239229675043929807e-02
1.417404129793510270e+00 1.254264315263974201e-02
1.418879056047197551e+00 1.269525733444515532e-02
1.420353982300885054e+00 1.285017552551212007e-02
1.421828908554572335e+00 1.300743455462885674e-02
1.423303834808259616e+00 1.316707185946514036e-02
1.424778761061946897e+00 1.332912549647061878e-02
1.426253687315634178e+00 1.349363415092354711e-02
1.427728613569321459e+00 1.366063714713175274e-02
1.429203539823008740e+00 1.383017445878548073e-02
1.430678466076696242e+00 1.400228671947038872e-02
1.432153392330383523e+00 1.417701523333356368e-02
1.433628318584070804e+00 1.435440198591461311e-02
1.435103244837758085e+00 1.453448965513262810e-02
1.436578171091445366e+00 1.471732162244229064e-02
1.438053097345132869e+00 1.490294198415115755e-02
1.439528023598819928e+00 1.509139556290733410e-02
1.441002949852507431e+00 1.528272791935490239e-02
1.442477876106194712e+00 1.547698536396121052e-02
1.443952802359881993e+00 1.567421496901860375e-02
1.445427728613569274e+00 1.587446458081884920e-02
1.446902654867256555e+00 1.607778283200799602e-02
1.448377581120944058e+00 1.628421915411746093e-02
1.449852507374631339e+00 1.649382379027859724e-02
1.451327433628318619e+00 1.670664780811927791e-02
1.452802359882005900e+00 1.692274311284559796e-02
1.454277286135693181e+00 1.714216246051116291e-02
1.455752212389380462e+00 1.736495947147401187e-02
1.457227138643067743e+00 1.759118864404735083e-02
1.458702064896755246e+00 1.782090536834044989e-02
1.460176991150442527e+00 1.805416594029479738e-02
1.461651917404129808e+00 1.829102757591880013e-02
1.463126843657817089e+00 1.853154842571966970e-02
1.464601769911504370e+00 1.877578758933661635e-02
1.466076696165191873e+00 1.902380513037616253e-02
1.467551622418878932e+00 1.927566209145228915e-02
1.469026548672566435e+00 1.953142050943426286e-02
1.470501474926253715e+00 1.979114343089899072e-02
1.471976401179940996e+00 2.005489492779837651e-02
1.473451327433628277e+00 2.032274011333396260e-02
1.474926253687315558e+00 2.059474515805004291e-02
1.476401179941003061e+00 2.087097730613818314e-02
1.477876106194690120e+00 2.115150489196114536e-02
1.479351032448377623e+00 2.143639735679706698e-02
1.480825958702064904e+00 2.172572526580268670e-02
1.482300884955752185e+00 2.201956032519751527e-02
1.483775811209439466e+00 2.231797539967907140e-02
1.485250737463126747e+00 2.262104453005475344e-02
1.486725663716814250e+00 2.292884295111087892e-02
1.488200589970501531e+00 2.324144710970194039e-02
1.489675516224188812e+00 2.355893468307743155e-02
1.491150442477876092e+00 2.388138459743739325e-02
1.492625368731563373e+00 2.420887704672277166e-02
1.494100294985250654e+00 2.454149351164125123e-02
1.495575221238937935e+00 2.487931677892940910e-02
1.497050147492625438e+00 2.522243096085101388e-02
1.498525073746312719e+00 2.557092151493851537e-02
1.500000000000000000e+00 2.592487526396910352e-02
1.501474926253687281e+00 2.628438041619199014e-02
1.502949852507374562e+00 2.664952658578605485e-02
1.504424778761062065e+00 2.702040481356998355e-02
1.505899705014749124e+00 2.739710758795799866e-02
1.507374631268436627e+00 2.777972886615451970e-02
1.508849557522123908e+00 2.816836409560198595e-02
1.510324483775811188e+00 2.856311023567124213e-02
1.511799410029498469e+00 2.896406577960526987e-02
1.513274336283185750e+00 2.937133077670972189e-02
1.514749262536873253e+00 2.978500685479061258e-02
1.516224188790560312e+00 3.020519724284296756e-02
1.517699115044247815e+00 3.063200679399460252e-02
1.519174041297935096e+00 3.106554200869536889e-02
1.520648967551622377e+00 3.150591105815821885e-02
1.522123893805309880e+00 3.195322380805264845e-02
1.523598820058996939e+00 3.240759184245017160e-02
1.525073746312684442e+00 3.286912848801823439e-02
1.526548672566371723e+00 3.333794883846775275e-02
1.528023598820059004e+00 3.381416977924838613e-02
1.529498525073746285e+00 3.429791001249783700e-02
1.530973451327433565e+00 3.478929008223610037e-02
1.532448377581121068e+00 3.528843239981569596e-02
1.533923303834808127e+00 3.579546126960907876e-02
1.535398230088495630e+00 3.631050291495899196e-02
1.536873156342182911e+00 3.683368550435951044e-02
1.538348082595870192e+00 3.736513917789042322e-02
1.539823008849557473e+00 3.790499607389923725e-02
1.541297935103244754e+00 3.845339035591243543e-02
1.542772861356932257e+00 3.901045823980014982e-02
1.544247787610619316e+00 3.957633802117709737e-02
1.545722713864306819e+00 4.015117010303346362e-02
1.547197640117994100e+00 4.073509702360765539e-02
1.548672566371681381e+00 4.132826348448858517e-02
1.550147492625368884e+00 4.193081637894943703e-02
1.551622418879055942e+00 4.254290482050709227e-02
1.553097345132743445e+00 4.316468017170822791e-02
1.554572271386430726e+00 4.379629607313029888e-02
1.556047197640118007e+00 4.443790847261088611e-02
1.557522123893805288e+00 4.508967565468269961e-02
1.558997050147492569e+00 4.575175827022325697e-02
1.560471976401180072e+00 4.642431936631098710e-02
1.561946902654867131e+00 4.710752441628333897e-02
1.563421828908554634e+00 4.780154134999532040e-02
1.564896755162241915e+00 4.850654058426322190e-02
1.566371681415929196e+00 4.922269505351484220e-02
1.567846607669616477e+00 4.995018024060238204e-02
1.569321533923303758e+00 5.068917420780599120e-02
1.570796460176991260e+00 5.143985762801269596e-02
1.572271386430678319e+00 5.220241381604513037e-02
1.573746312684365822e+00 5.297702876017362089e-02
1.575221238938053103e+00 5.376389115376149774e-02
1.576696165191740384e+00 5.456319242706977185e-02
1.578171091445427665e+00 5.537512677919891740e-02
1.579646017699114946e+00 5.619989121015624145e-02
1.581120943952802449e+00 5.703768555306205218e-02
1.582595870206489508e+00 5.788871250645687833e-02
1.584070796460177011e+00 5.875317766672766284e-02
1.585545722713864292e+00 5.963128956062803410e-02
1.587020648967551573e+00 6.052325967788804023e-02
1.588495575221239076e+00 6.142930250391399893e-02
1.589970501474926134e+00 6.234963555254379591e-02
1.591445427728613637e+00 6.328447939888151574e-02
1.592920353982300918e+00 6.423405771215491555e-02
1.594395280235988199e+00 6.519859728864917103e-02
1.595870206489675480e+00 6.617832808463688932e-02
1.597345132743362761e+00 6.717348324933508641e-02
1.598820058997050264e+00 6.818429915787233009e-02
1.600294985250737323e+00 6.921101544423619023e-02
1.601769911504424826e+00 7.025387503420804647e-02
1.603244837758112107e+00 7.131312417825039218e-02
1.604719764011799388e+00 7.238901248436238611e-02
1.606194690265486669e+00 7.348179295085328910e-02
1.607669616519173950e+00 7.459172199904963441e-02
1.609144542772861453e+00 7.571905950590421264e-02
1.610619469026548511e+00 7.686406883649157806e-02
1.612094395280236014e+00 7.802701687638745331e-02
1.613569321533923295e+00 7.920817406388550030e-02
1.615044247787610576e+00 8.040781442208139174e-02
1.616519174041298079e+00 8.162621559075759758e-02
1.617994100294985138e+00 8.286365885807098208e-02
1.619469026548672641e+00 8.412042919203571723e-02
1.620943952802359922e+00 8.539681527176903875e-02
1.622418879056047203e+00 8.669310951847455926e-02
1.623893805309734484e+00 8.800960812614889994e-02
1.625368731563421765e+00 8.934661109200706108e-02
1.626843657817109268e+00 9.070442224656220798e-02
1.628318584070796327e+00 9.208334928339607928e-02
1.629793510324483830e+00 9.348370378853340656e-02
1.631268436578171110e+00 9.490580126944722639e-02
1.632743362831858391e+00 9.634996118365103668e-02
1.634218289085545672e+00 9.781650696684995872e-02
1.635693215339232953e+00 9.930576606061171374e-02
1.637168141592920456e+00 1.008180699395998664e-01
1.638643067846607515e+00 1.023537541382278787e-01
1.640117994100295018e+00 1.039131582768127171e-01
1.641592920353982299e+00 1.054966260871381678e-01
1.643067846607669580e+00 1.071045054374343414e-01
1.644542772861357083e+00 1.087371483567144137e-01
1.646017699115044142e+00 1.103949110584429016e-01
1.647492625368731645e+00 1.120781539635429536e-01
1.648967551622418926e+00 1.137872417226504645e-01
1.650442477876106206e+00 1.155225432376286998e-01
1.651917404129793487e+00 1.172844316823035415e-01
1.653392330383480768e+00 1.190732845223516634e-01
1.654867256637168271e+00 1.208894835343553575e-01
1.656342182890855330e+00 1.227334148239650757e-01
1.657817109144542833e+00 1.246054688431081914e-01
1.659292035398230114e+00 1.265060404062845756e-01
1.660766961651917395e+00 1.284355287057998563e-01
1.662241887905604676e+00 1.303943373260041394e-01
1.663716814159291957e+00 1.323828742564383265e-01
1.665191740412979460e+00 1.344015519038581352e-01
1.666666666666666519e+00 1.364507871030909147e-01
1.668141592920354022e+00 1.385310011267236741e-01
1.669616519174041303e+00 1.406426196934998374e-01
1.671091445427728583e+00 1.427860729754845681e-01
1.672566371681415864e+00 1.449617956038496136e-01
1.674041297935103145e+00 1.471702266733309339e-01
1.675516224188790648e+00 1.494118097452229177e-01
1.676991150442477707e+00 1.516869928489309738e-01
1.678466076696165210e+00 1.539962284820427518e-01
1.679941002949852491e+00 1.563399736087645042e-01
1.681415929203539772e+00 1.587186896568039685e-01
1.682890855457227275e+00 1.611328425126019592e-01
1.684365781710914334e+00 1.635829025148093363e-01
1.685840707964601837e+00 1.660693444460683288e-01
1.687315634218289118e+00 1.685926475229180266e-01
1.688790560471976399e+00 1.711532953838968418e-01
1.690265486725663679e+00 1.737517760756749630e-01
1.691740412979350960e+00 1.763885820372731172e-01
1.693215339233038463e+00 1.790642100822319449e-01
1.694690265486725522e+00 1.817791613786637339e-01
1.696165191740413025e+00 1.845339414272739176e-01
1.697640117994100306e+00 1.873290600370408343e-01
1.699115044247787587e+00 1.901650312988083791e-01
1.700589970501474868e+00 1.930423735564505971e-01
1.702064896755162149e+00 1.959616093757173549e-01
1.703539823008849652e+00 1.989232655106610015e-01
1.705014749262536711e+00 2.019278728675358847e-01
1.706489675516224214e+00 2.049759664662371694e-01
1.707964601769911495e+00 2.080680853990149182e-01
1.709439528023598776e+00 2.112047727866062652e-01
1.710914454277286278e+00 2.143865757316056608e-01
1.712389380530973337e+00 2.176140452690260019e-01
1.713864306784660840e+00 2.208877363140409056e-01
1.715339233038348121e+00 2.242082076067228869e-01
1.716814159292035402e+00 2.275760216538925129e-01
1.718289085545722683e+00 2.309917446678251829e-01
1.719764011799409964e+00 2.344559465018970501e-01
1.721238938053097467e+00 2.379692005830304213e-01
1.722713864306784526e+00 2.415320838408044901e-01
1.724188790560472029e+00 2.451451766334259152e-01
1.725663716814159310e+00 2.488090626701136843e-01
1.727138643067846591e+00 2.525243289301553617e-01
1.728613569321533872e+00 2.562915655783921665e-01
1.730088495575221152e+00 2.601113658770969894e-01
1.731563421828908655e+00 2.639843260942700831e-01
1.733038348082595714e+00 2.679110454080717574e-01
1.734513274336283217e+00 2.718921258076105185e-01
1.735988200589970498e+00 2.759281719897375695e-01
1.737463126843657779e+00 2.800197912519473142e-01
1.738938053097345282e+00 2.841675933813563315e-01
1.740412979351032341e+00 2.883721905394559526e-01
1.741887905604719844e+00 2.926341971428095823e-01
1.743362831858407125e+00 2.969542297395846853e-01
1.744837758112094406e+00 3.013329068817039436e-01
1.746312684365781687e+00 3.057708489927165041e-01
1.747787610619468968e+00 3.102686782312079061e-01
1.749262536873156471e+00 3.148270183497878794e-01
1.750737463126843529e+00 3.194464945494940311e-01
1.752212389380531032e+00 3.241277333295322638e-01
1.753687315634218313e+00 3.288713623324540092e-01
1.755162241887905594e+00 3.336780101844444846e-01
1.756637168141592875e+00 3.385483063309163154e-01
1.758112094395280156e+00 3.434828808671450129e-01
1.759587020648967659e+00 3.484823643640238000e-01
1.761061946902654718e+00 3.535473876887694766e-01
1.762536873156342221e+00 3.586785818206333909e-01
1.764011799410029502e+00 3.638765776613352987e-01
1.765486725663716783e+00 3.691420058405279203e-01
1.766961651917404064e+00 3.744754965158645366e-01
1.768436578171091345e+00 3.798776791678098452e-01
1.769911504424778848e+00 3.853491823891102008e-01
1.771386430678465906e+00 3.908906336688884875e-01
1.772861356932153409e+00 3.965026591711284798e-01
1.774336283185840690e+00 4.021858835079046846e-01
1.775811209439527971e+00 4.079409295067706887e-01
1.777286135693215474e+00 4.137684179727925127e-01
1.778761061946902533e+00 4.196689674446841822e-01
1.780235988200590036e+00 4.256431939455277980e-01
1.781710914454277317e+00 4.316917107274180765e-01
1.783185840707964598e+00 4.378151280106857834e-01
1.784660766961651879e+00 4.440140527170248763e-01
1.786135693215339160e+00 4.502890881968700243e-01
1.787610619469026663e+00 4.566408339509588910e-01
1.789085545722713722e+00 4.630698853458948272e-01
1.790560471976401224e+00 4.695768333237781977e-01
1.792035398230088505e+00 4.761622641059118366e-01
1.793510324483775786e+00 4.828267588905111873e-01
1.794985250737463067e+00 4.895708935443748300e-01
1.796460176991150348e+00 4.963952382886110959e-01
1.797935103244837851e+00 5.033003573782648399e-01
1.799410029498524910e+00 5.102868087758685167e-01
1.800884955752212413e+00 5.173551438191983376e-01
1.802359882005899694e+00 5.245059068825744797e-01
1.803834808259586975e+00 5.317396350324844478e-01
1.805309734513274478e+00 5.390568576770358167e-01
1.806784660766961537e+00 5.464580962092823180e-01
1.808259587020649040e+00 5.539438636447020503e-01
1.809734513274336321e+00 5.615146642526204213e-01
1.811209439528023601e+00 5.691709931816260060e-01
1.812684365781710882e+00 5.769133360790732468e-01
1.814159292035398163e+00 5.847421687046533423e-01
1.815634218289085666e+00 5.926579565381443482e-01
1.817109144542772725e+00 6.006611543812251375e-01
1.818584070796460228e+00 6.087522059536435437e-01
1.820058997050147509e+00 6.169315434835099810e-01
1.821533923303834790e+00 6.251995872919494657e-01
1.823008849557522071e+00 6.335567453721739906e-01
1.824483775811209352e+00 6.420034129629895725e-01
1.825958702064896855e+00 6.505399721167712812e-01
1.827433628318583914e+00 6.591667912620823300e-01
1.828908554572271417e+00 6.678842247610728977e-01
1.830383480825958697e+00 6.766926124613182880e-01
1.831858407079645978e+00 6.855922792429912649e-01
1.833333333333333481e+00 6.945835345606209410e-01
1.834808259587020540e+00 7.036666719801647485e-01
1.836283185840708043e+00 7.128419687111205993e-01
1.837758112094395324e+00 7.221096851341205491e-01
1.839233038348082605e+00 7.314700643237040945e-01
1.840707964601769886e+00 7.409233315670512576e-01
1.842182890855457167e+00 7.504696938781558746e-01
1.843657817109144670e+00 7.601093395078120096e-01
1.845132743362831729e+00 7.698424374499583944e-01
1.846607669616519232e+00 7.796691369438681907e-01
1.848082595870206513e+00 7.895895669729440236e-01
1.849557522123893794e+00 7.996038357597984314e-01
1.851032448377581074e+00 8.097120302584991380e-01
1.852507374631268355e+00 8.199142156430390127e-01
1.853982300884955858e+00 8.302104347937078188e-01
1.855457227138642917e+00 8.406007077801486149e-01
1.856932153392330420e+00 8.510850313423661273e-01
1.858407079646017701e+00 8.616633783692101423e-01
1.859882005899704982e+00 8.723356973749990528e-01
1.861356932153392263e+00 8.831019119746489343e-01
1.862831858407079544e+00 8.939619203565383199e-01
1.864306784660767047e+00 9.049155947549132328e-01
1.865781710914454106e+00 9.159627809209288651e-01
1.867256637168141609e+00 9.271032975928443776e-01
1.868731563421828890e+00 9.383369359660025388e-01
1.870206489675516170e+00 9.496634591626706978e-01
1.871681415929203673e+00 9.610826017017535250e-01
1.873156342182890732e+00 9.725940689693102215e-01
1.874631268436578235e+00 9.841975366894555322e-01
1.876106194690265516e+00 9.958926503966477606e-01
1.877581120943952797e+00 1.007679024909243992e+00
1.879056047197640078e+00 1.019556243804865092e+00
1.880530973451327359e+00 1.031523858897714030e+00
1.882005899705014862e+00 1.043581389718480024e+00
1.883480825958701921e+00 1.055728322997211643e+00
1.884955752212389424e+00 1.067964112148826583e+00
1.886430678466076705e+00 1.080288176762831176e+00
1.887905604719763986e+00 1.092699902096518683e+00
1.889380530973451267e+00 1.105198638572809866e+00
1.890855457227138547e+00 1.117783701282579534e+00
1.892330383480826050e+00 1.130454369492484235e+00
1.893805309734513109e+00 1.143209886157806610e+00
1.895280235988200612e+00 1.156049457441858497e+00
1.896755162241887893e+00 1.168972252241624377e+00
1.898230088495575174e+00 1.181977401720114562e+00
1.899705014749262677e+00 1.195063998846283004e+00
1.901179941002949736e+00 1.208231097942320309e+00
1.902654867256637239e+00 1.221477714239794565e+00
1.904129793510324520e+00 1.234802823443802877e+00
1.905604719764011801e+00 1.248205361306988337e+00
1.907079646017699082e+00 1.261684223212398592e+00
1.908554572271386363e+00 1.275238263767215718e+00
1.910029498525073866e+00 1.288866296406768308e+00
1.911504424778760924e+00 1.302567093009574517e+00
1.912979351032448427e+00 1.316339383524205653e+00
1.914454277286135708e+00 1.330181855608221442e+00
1.915929203539822989e+00 1.344093154279625946e+00
1.917404129793510270e+00 1.358071881581519591e+00
1.918879056047197551e+00 1.372116596260651855e+00
1.920353982300885054e+00 1.386225813459804446e+00
1.921828908554572113e+00 1.400398004425058796e+00
1.923303834808259616e+00 1.414631596228272503e+00
1.924778761061946897e+00 1.428924971505419306e+00
1.926253687315634178e+00 1.443276468211270869e+00
1.927728613569321681e+00 1.457684379390391083e+00
1.929203539823008740e+00 1.472146952966395972e+00
1.930678466076696242e+00 1.486662391548513096e+00
1.932153392330383523e+00 1.501228852256536905e+00
1.933628318584070804e+00 1.515844446565208559e+00
1.935103244837758085e+00 1.530507240167702676e+00
1.936578171091445366e+00 1.545215252859645005e+00
1.938053097345132869e+00 1.559966458442889392e+00
1.939528023598819928e+00 1.574758784651577592e+00
1.941002949852507431e+00 1.589590113098800161e+00
1.942477876106194712e+00 1.604458279246025576e+00
1.943952802359881993e+00 1.619361072395128387e+00
1.945427728613569274e+00 1.634296235703564193e+00
1.946902654867256555e+00 1.649261466223310491e+00
1.948377581120944058e+00 1.664254414964241535e+00
1.949852507374631116e+00 1.679272686981842622e+00
1.951327433628318619e+00 1.694313841490549866e+00
1.952802359882005900e+00 1.709375392003093186e+00
1.954277286135693181e+00 1.724454806494983394e+00
1.955752212389380462e+00 1.739549507597135225e+00
1.957227138643067743e+00 1.754656872814445823e+00
1.958702064896755246e+00 1.769774234773000110e+00
1.960176991150442305e+00 1.784898881494375145e+00
1.961651917404129808e+00 1.800028056699384260e+00
1.963126843657817089e+00 1.815158960140098365e+00
1.964601769911504370e+00 1.830288747961698270e+00
1.966076696165191873e+00 1.845414533093543863e+00
1.967551622418878932e+00 1.860533385670863238e+00
1.969026548672566435e+00 1.875642333486947200e+00
1.970501474926253715e+00 1.890738362475652856e+00
1.971976401179940996e+00 1.905818417226083028e+00
1.973451327433628277e+00 1.920879401527674668e+00
1.974926253687315558e+00 1.935918178948022206e+00
1.976401179941003061e+00 1.950931573442634681e+00
1.977876106194690120e+00 1.965916369996919322e+00
1.979351032448377623e+00 1.980869315300889832e+00
1.980825958702064904e+00 1.995787118456814335e+00
1.982300884955752185e+00 2.010666451720284353e+00
1.983775811209439466e+00 2.025503951273877945e+00
1.985250737463126747e+00 2.040296218035133613e+00
1.986725663716814250e+00 2.055039818497810700e+00
1.988200589970501309e+00 2.069731285606568161e+00
1.989675516224188812e+00 2.084367119666319379e+00
1.991150442477876092e+00 2.098943789284493100e+00
1.992625368731563373e+00 2.113457732348456908e+00
1.994100294985250876e+00 2.127905357036155465e+00
1.995575221238937935e+00 2.142283042860818387e+00
1.997050147492625438e+00 2.156587141750018866e+00
1.998525073746312719e+00 2.170813979158767282e+00
2.000000000000000000e+00 2.184959855215797386e+00
2.001474926253687059e+00 2.199021045904470562e+00
2.002949852507374562e+00 2.212993804276611964e+00
2.004424778761062065e+00 2.226874361700240446e+00
2.005899705014749124e+00 2.240658929140282751e+00
2.007374631268436627e+00 2.254343698472595303e+00
2.008849557522124130e+00 2.267924843830477322e+00
2.010324483775811188e+00 2.281398522983527855e+00
2.011799410029498247e+00 2.294760878749321442e+00
2.013274336283185750e+00 2.308008040436131392e+00
2.014749262536873253e+00 2.321136125317202037e+00
2.016224188790560312e+00 2.334141240136366147e+00
2.017699115044247815e+00 2.347019482643970534e+00
2.019174041297935318e+00 2.359766943162412201e+00
2.020648967551622377e+00 2.372379706181777514e+00
2.022123893805309436e+00 2.384853851983975925e+00
2.023598820058996939e+00 2.397185458295743476e+00
2.025073746312684442e+00 2.409370601968404912e+00
2.026548672566371501e+00 2.421405360685549901e+00
2.028023598820059004e+00 2.433285814696676486e+00
2.029498525073746507e+00 2.445008048576204462e+00
2.030973451327433565e+00 2.456568153008367172e+00
2.032448377581120624e+00 2.467962226593899189e+00
2.033923303834808571e+00 2.479186377682636166e+00
2.035398230088495630e+00 2.490236726226048525e+00
2.036873156342182689e+00 2.501109405652783835e+00
2.038348082595870192e+00 2.511800564764005372e+00
2.039823008849557695e+00 2.522306369647227431e+00
2.041297935103244754e+00 2.532623005610562306e+00
2.042772861356931813e+00 2.542746679132715570e+00
2.044247787610619760e+00 2.552673619829776364e+00
2.045722713864306819e+00 2.562400082437152449e+00
2.047197640117993878e+00 2.571922348805784075e+00
2.048672566371681381e+00 2.581236729910866057e+00
2.050147492625368884e+00 2.590339567871443816e+00
2.051622418879055942e+00 2.599227237982195682e+00
2.053097345132743445e+00 2.607896150752740283e+00
2.054572271386430948e+00 2.616342753954739919e+00
2.056047197640118007e+00 2.624563534676420229e+00
2.057522123893805066e+00 2.632555021381375315e+00
2.058997050147492569e+00 2.640313785970704874e+00
2.060471976401180072e+00 2.647836445848370523e+00
2.061946902654867131e+00 2.655119665986747091e+00
2.063421828908554634e+00 2.662160160990901581e+00
2.064896755162242137e+00 2.668954697162241541e+00
2.066371681415929196e+00 2.675500094556109154e+00
2.067846607669616255e+00 2.681793229036544268e+00
2.069321533923303758e+00 2.687831034322570645e+00
2.070796460176991260e+00 2.693610504026364261e+00
2.072271386430678319e+00 2.699128693681995372e+00
2.073746312684365822e+00 2.704382722761456304e+00
2.075221238938053325e+00 2.709369776678498543e+00
2.076696165191740384e+00 2.714087108776763291e+00
2.078171091445427443e+00 2.718532042301160967e+00
2.079646017699114946e+00 2.722701972351691868e+00
2.081120943952802449e+00 2.726594367816667308e+00
2.082595870206489508e+00 2.730206773284659771e+00
2.084070796460177011e+00 2.733536810932287509e+00
2.085545722713864514e+00 2.736582182387597317e+00
2.087020648967551573e+00 2.739340670566867253e+00
2.088495575221238632e+00 2.741810141481902274e+00
2.089970501474926134e+00 2.743988546017739338e+00
2.091445427728613637e+00 2.745873921678336771e+00
2.092920353982300696e+00 2.747464394298418267e+00
2.094395280235988199e+00 2.748758179720070416e+00
2.095870206489675702e+00 2.749753585432070491e+00
2.097345132743362761e+00 2.750449012170517626e+00
2.098820058997049820e+00 2.750842955479267715e+00
2.100294985250737767e+00 2.750934007227896494e+00
2.101769911504424826e+00 2.750720857085727111e+00
2.103244837758111885e+00 2.750202293951205856e+00
2.104719764011799388e+00 2.749377207333608464e+00
2.106194690265486891e+00 2.748244588685726963e+00
2.107669616519173950e+00 2.746803532687294602e+00
2.109144542772861453e+00 2.745053238477003443e+00
2.110619469026548956e+00 2.742993010828794098e+00
2.112094395280236014e+00 2.740622261276447258e+00
2.113569321533923073e+00 2.737940509180059045e+00
2.115044247787610576e+00 2.734947382735271937e+00
2.116519174041298079e+00 2.731642619923559501e+00
2.117994100294985138e+00 2.728026069402015530e+00
2.119469026548672641e+00 2.724097691331406335e+00
2.120943952802360144e+00 2.719857558140635678e+00
2.122418879056047203e+00 2.715305855228510978e+00
2.123893805309734262e+00 2.710442881597861842e+00
2.125368731563421765e+00 2.705269050424475186e+00
2.126843657817109268e+00 2.699784889558163758e+00
2.128318584070796327e+00 2.693991041954583388e+00
2.129793510324483830e+00 2.687888266037380181e+00
2.131268436578171332e+00 2.681477435989835900e+00
2.132743362831858391e+00 2.674759541974656152e+00
2.134218289085545450e+00 2.667735690281639815e+00
2.135693215339232953e+00 2.660407103401073670e+00
2.137168141592920456e+00 2.652775120024624567e+00
2.138643067846607515e+00 2.644841194970783071e+00
2.140117994100295018e+00 2.636606899034650731e+00
2.141592920353982521e+00 2.628073918763053296e+00
2.143067846607669580e+00 2.619244056152571609e+00
2.144542772861356639e+00 2.610119228271077230e+00
2.146017699115044142e+00 2.600701466803267525e+00
2.147492625368731645e+00 2.590992917516817595e+00
2.148967551622418704e+00 2.580995839654229851e+00
2.150442477876106206e+00 2.570712605243711035e+00
2.151917404129793709e+00 2.560145698335665188e+00
2.153392330383480768e+00 2.549297714159341144e+00
2.154867256637167827e+00 2.538171358203335615e+00
2.156342182890855330e+00 2.526769445217713184e+00
2.157817109144542833e+00 2.515094898140753266e+00
2.159292035398229892e+00 2.503150746947541361e+00
2.160766961651917395e+00 2.490940127422590855e+00
2.162241887905604898e+00 2.478466279857106880e+00
2.163716814159291957e+00 2.465732547670801189e+00
2.165191740412979016e+00 2.452742375958851362e+00
2.166666666666666963e+00 2.439499309964855644e+00
2.168141592920354022e+00 2.426006993481620633e+00
2.169616519174041080e+00 2.412269167178314078e+00
2.171091445427728583e+00 2.398289666857408520e+00
2.172566371681416086e+00 2.384072421640623052e+00
2.174041297935103145e+00 2.369621452085970859e+00
2.175516224188790648e+00 2.354940868236885976e+00
2.176991150442478151e+00 2.340034867603805413e+00
2.178466076696165210e+00 2.324907733081719385e+00
2.179941002949852269e+00 2.309563830801662387e+00
2.181415929203539772e+00 2.294007607921614955e+00
2.182890855457227275e+00 2.278243590354275039e+00
2.184365781710914334e+00 2.262276380437263867e+00
2.185840707964601837e+00 2.246110654544127172e+00
2.187315634218289340e+00 2.229751160639355856e+00
2.188790560471976399e+00 2.213202715779918783e+00
2.190265486725663457e+00 2.196470203563522183e+00
2.191740412979350960e+00 2.179558571527013378e+00
2.193215339233038463e+00 2.162472828495226373e+00
2.194690265486725522e+00 2.145218041884730642e+00
2.196165191740413025e+00 2.127799334962316546e+00
2.197640117994100528e+00 2.110221884061205255e+00
2.199115044247787587e+00 2.092490915757570402e+00
2.200589970501474646e+00 2.074611704009656332e+00
2.202064896755162149e+00 2.056589567260466378e+00
2.203539823008849652e+00 2.038429865508540217e+00
2.205014749262536711e+00 2.020137997346662218e+00
2.206489675516224214e+00 2.001719396974110055e+00
2.207964601769911717e+00 1.983179531181234356e+00
2.209439528023598776e+00 1.964523896312331930e+00
2.210914454277285834e+00 1.945758015206660918e+00
2.212389380530973337e+00 1.926887434122270593e+00
2.213864306784660840e+00 1.907917719643452248e+00
2.215339233038347899e+00 1.888854455575806668e+00
2.216814159292035402e+00 1.869703239830951436e+00
2.218289085545722905e+00 1.850469681303438474e+00
2.219764011799409964e+00 1.831159396742772838e+00
2.221238938053097023e+00 1.811778007623479292e+00
2.222713864306784970e+00 1.792331137015162446e+00
2.224188790560472029e+00 1.772824406456142032e+00
2.225663716814159088e+00 1.753263432832645741e+00
2.227138643067846591e+00 1.733653825266918691e+00
2.228613569321534094e+00 1.714001182015768343e+00
2.230088495575221152e+00 1.694311087384747783e+00
2.231563421828908211e+00 1.674589108656696634e+00
2.233038348082596158e+00 1.654840793041679303e+00
2.234513274336283217e+00 1.635071664647513856e+00
2.235988200589970276e+00 1.615287221475677049e+00
2.237463126843657779e+00 1.595492932443859369e+00
2.238938053097345282e+00 1.575694234438502539e+00
2.240412979351032341e+00 1.555896529399760420e+00
2.241887905604719844e+00 1.536105181441596468e+00
2.243362831858407347e+00 1.516325514007918596e+00
2.244837758112094406e+00 1.496562807070229040e+00
2.246312684365781465e+00 1.476822294365939259e+00
2.247787610619468968e+00 1.457109160682293680e+00
2.249262536873156471e+00 1.437428539186013543e+00
2.250737463126843529e+00 1.417785508803321548e+00
2.252212389380531032e+00 1.398185091650022027e+00
2.253687315634218535e+00 1.378632250515048563e+00
2.255162241887905594e+00 1.359131886400986033e+00
2.256637168141592653e+00 1.339688836120087378e+00
2.258112094395280156e+00 1.320307869950863244e+00
2.259587020648967659e+00 1.300993689356102045e+00
2.261061946902654718e+00 1.281750924763288779e+00
2.262536873156342221e+00 1.262584133410728837e+00
2.264011799410029724e+00 1.243497797260042281e+00
2.265486725663716783e+00 1.224496320976241615e+00
2.266961651917403842e+00 1.205584029978704841e+00
2.268436578171091345e+00 1.186765168561872530e+00
2.269911504424778848e+00 1.168043898089839328e+00
2.271386430678465906e+00 1.149424295263919094e+00
2.272861356932153409e+00 1.130910350465045511e+00
2.274336283185840912e+00 1.112505966173163996e+00
2.275811209439527971e+00 1.094214955462790906e+00
2.277286135693215030e+00 1.076041040577300656e+00
2.278761061946902533e+00 1.057987851581780214e+00
2.280235988200590036e+00 1.040058925095474152e+00
2.281710914454277095e+00 1.022257703105317050e+00
2.283185840707964598e+00 1.004587531858975202e+00
2.284660766961652101e+00 9.870516608410473403e-01
2.286135693215339160e+00 9.696532418292379552e-01
2.287610619469026219e+00 9.523953280342597472e-01
2.289085545722714166e+00 9.352808733210181691e-01
2.290560471976401224e+00 9.183127315127649348e-01
2.292035398230088283e+00 9.014936557772460501e-01
2.293510324483775786e+00 8.848262980956983492e-01
2.294985250737463289e+00 8.683132088140183003e-01
2.296460176991150348e+00 8.519568362758520585e-01
2.297935103244837851e+00 8.357595265371456916e-01
2.299410029498525354e+00 8.197235231626190943e-01
2.300884955752212413e+00 8.038509671023131853e-01
2.302359882005899472e+00 7.881438966487611664e-01
2.303834808259586975e+00 7.726042474732361942e-01
2.305309734513274478e+00 7.572338527414640419e-01
2.306784660766961537e+00 7.420344433063329470e-01
2.308259587020649040e+00 7.270076479782781043e-01
2.309734513274336543e+00 7.121549938711584371e-01
2.311209439528023601e+00 6.974779068235272828e-01
2.312684365781710660e+00 6.829777118930396851e-01
2.314159292035398163e+00 6.686556339238934887e-01
2.315634218289085666e+00 6.545127981853404719e-01
2.317109144542772725e+00 6.405502310799099375e-01
2.318584070796460228e+00 6.267688609201307326e-01
2.320058997050147731e+00 6.131695187723795737e-01
2.321533923303834790e+00 5.997529393657633490e-01
2.323008849557521849e+00 5.865197620650274279e-01
2.324483775811209352e+00 5.734705319054363981e-01
2.325958702064896855e+00 5.606057006880348359e-01
2.327433628318583914e+00 5.479256281334373702e-01
2.328908554572271417e+00 5.354305830926526788e-01
2.330383480825958920e+00 5.231207448122112691e-01
2.331858407079645978e+00 5.109962042531024373e-01
2.333333333333333037e+00 4.990569654598089877e-01
2.334808259587020540e+00 4.873029469792403701e-01
2.336283185840708043e+00 4.757339833260081363e-01
2.337758112094395102e+00 4.643498264931774089e-01
2.339233038348082605e+00 4.531501475055242367e-01
2.340707964601770108e+00 4.421345380138774206e-01
2.342182890855457167e+00 4.313025119278457442e-01
2.343657817109144226e+00 4.206535070852219782e-01
2.345132743362831729e+00 4.101868869558534247e-01
2.346607669616519232e+00 3.999019423773595983e-01
2.348082595870206291e+00 3.897978933213288033e-01
2.349557522123893794e+00 3.798738906867816234e-01
2.351032448377581296e+00 3.701290181198387264e-01
2.352507374631268355e+00 3.605622938564256863e-01
2.353982300884955414e+00 3.511726725864754983e-01
2.355457227138643361e+00 3.419590473370493489e-01
2.356932153392330420e+00 3.329202513726450818e-01
2.358407079646017479e+00 3.240550601098183825e-01
2.359882005899704982e+00 3.153621930449898580e-01
2.361356932153392485e+00 3.068403156921641894e-01
2.362831858407079544e+00 2.984880415296322642e-01
2.364306784660767047e+00 2.903039339523174611e-01
2.365781710914454550e+00 2.822865082290423322e-01
2.367256637168141609e+00 2.744342334614270906e-01
2.368731563421828668e+00 2.667455345433439318e-01
2.370206489675516170e+00 2.592187941185368216e-01
2.371681415929203673e+00 2.518523545344679149e-01
2.373156342182890732e+00 2.446445197907118618e-01
2.374631268436578235e+00 2.375935574796976257e-01
2.376106194690265738e+00 2.306977007184305983e-01
2.377581120943952797e+00 2.239551500688902741e-01
2.379056047197639856e+00 2.173640754459675861e-01
2.380530973451327359e+00 2.109226180105681914e-01
2.382005899705014862e+00 2.046288920469598038e-01
2.383480825958701921e+00 1.984809868221787399e-01
2.384955752212389424e+00 1.924769684263333835e-01
2.386430678466076927e+00 1.866148815921066517e-01
2.387905604719763986e+00 1.808927514922048785e-01
2.389380530973451044e+00 1.753085855130878945e-01
2.390855457227138547e+00 1.698603750040840188e-01
2.392330383480826050e+00 1.645460970001517698e-01
2.393805309734513109e+00 1.593637159174018658e-01
2.395280235988200612e+00 1.543111852201012324e-01
2.396755162241888115e+00 1.493864490580660009e-01
2.398230088495575174e+00 1.445874438734629785e-01
2.399705014749262233e+00 1.399120999758704520e-01
2.401179941002949736e+00 1.353583430849562563e-01
2.402654867256637239e+00 1.309240958395903598e-01
2.404129793510324298e+00 1.266072792728976937e-01
2.405604719764011801e+00 1.224058142522583270e-01
2.407079646017699304e+00 1.183176228836443356e-01
2.408554572271386363e+00 1.143406298798539111e-01
2.410029498525073421e+00 1.104727638917065158e-01
2.411504424778761368e+00 1.067119588020038617e-01
2.412979351032448427e+00 1.030561549817337885e-01
2.414454277286135486e+00 9.950330050796771242e-02
2.415929203539822989e+00 9.605135234331498018e-02
2.417404129793510492e+00 9.269827747655048911e-02
2.418879056047197551e+00 8.944205402416641193e-02
2.420353982300884610e+00 8.628067229275837580e-02
2.421828908554572557e+00 8.321213580200828575e-02
2.423303834808259616e+00 8.023446226836303263e-02
2.424778761061946675e+00 7.734568454914944602e-02
2.426253687315634178e+00 7.454385154744026798e-02
2.427728613569321681e+00 7.182702907750528054e-02
2.429203539823008740e+00 6.919330069112804293e-02
2.430678466076696242e+00 6.664076846487602956e-02
2.432153392330383745e+00 6.416755374862236072e-02
2.433628318584070804e+00 6.177179787548622847e-02
2.435103244837757863e+00 5.945166283355749620e-02
2.436578171091445366e+00 5.720533189976651639e-02
2.438053097345132869e+00 5.503101023622750110e-02
2.439528023598819928e+00 5.292692544945263450e-02
2.441002949852507431e+00 5.089132811304102055e-02
2.442477876106194934e+00 4.892249225411627461e-02
2.443952802359881993e+00 4.701871580423241243e-02
2.445427728613569052e+00 4.517832101516373183e-02
2.446902654867256555e+00 4.339965484022952069e-02
2.448377581120944058e+00 4.168108928177112482e-02
2.449852507374631116e+00 4.002102170534448111e-02
2.451327433628318619e+00 3.841787512137848776e-02
2.452802359882006122e+00 3.687009843492899952e-02
2.454277286135693181e+00 3.537616666423375883e-02
2.455752212389380240e+00 3.393458112883197819e-02
2.457227138643067743e+00 3.254386960793281131e-02
2.458702064896755246e+00 3.120258646983256959e-02
2.460176991150442305e+00 2.990931277315100542e-02
2.461651917404129808e+00 2.866265634064360177e-02
2.463126843657817311e+00 2.746125180642583138e-02
2.464601769911504370e+00 2.630376063738152845e-02
2.466076696165191429e+00 2.518887112958207927e-02
2.467551622418878932e+00 2.411529838057333008e-02
2.469026548672566435e+00 2.308178423829391340e-02
2.470501474926253493e+00 2.208709722751089899e-02
2.471976401179940996e+00 2.113003245458509524e-02
2.473451327433628499e+00 2.020941149141099874e-02
2.474926253687315558e+00 1.932408223935604130e-02
2.476401179941002617e+00 1.847291877404818802e-02
2.477876106194690564e+00 1.765482117184188557e-02
2.479351032448377623e+00 1.686871531878422759e-02
2.480825958702064682e+00 1.611355270291304695e-02
2.482300884955752185e+00 1.538831019070981479e-02
2.483775811209439688e+00 1.469198978850143507e-02
2.485250737463126747e+00 1.402361838965506848e-02
2.486725663716814250e+00 1.338224750829503443e-02
2.488200589970501753e+00 1.276695300040559151e-02
2.489675516224188812e+00 1.217683477303025362e-02
2.491150442477875870e+00 1.161101648236287885e-02
2.492625368731563373e+00 1.106864522148360945e-02
2.494100294985250876e+00 1.054889119846055823e-02
2.495575221238937935e+00 1.005094740554827656e-02
2.497050147492625438e+00 9.574029280204465059e-03
2.498525073746312941e+00 9.117374358604591472e-03
2.500000000000000000e+00 8.680241922340004718e-03
2.501474926253687059e+00 8.261912638965224209e-03
2.502949852507374562e+00 7.861688197039097201e-03
2.504424778761062065e+00 7.478890936287327373e-03
2.505899705014749124e+00 7.112863473508468197e-03
2.507374631268436627e+00 6.762968324806273301e-03
2.508849557522124130e+00 6.428587524738571535e-03
2.510324483775811188e+00 6.109122242930127220e-03
2.511799410029498247e+00 5.803992398701395689e-03
2.513274336283185750e+00 5.512636274228581261e-03
2.514749262536873253e+00 5.234510126743311537e-03
2.516224188790560312e+00 4.969087800255022475e-03
2.517699115044247815e+00 4.715860337264498985e-03
2.519174041297935318e+00 4.474335590916186933e-03
2.520648967551622377e+00 4.244037838016040225e-03
2.522123893805309436e+00 4.024507393332801310e-03
2.523598820058996939e+00 3.815300225568137721e-03
2.525073746312684442e+00 3.615987575369246365e-03
2.526548672566371501e+00 3.426155575747367489e-03
2.528023598820059004e+00 3.245404875227714866e-03
2.529498525073746507e+00 3.073350264065099514e-03
2.530973451327433565e+00 2.909620303809399428e-03
2.532448377581120624e+00 2.753856960521757023e-03
2.533923303834808127e+00 2.605715241898118924e-03
2.535398230088495630e+00 2.464862838554998398e-03
2.536873156342182689e+00 2.330979769708208145e-03
2.538348082595870192e+00 2.203758033466005680e-03
2.539823008849557695e+00 2.082901261933693335e-03
2.541297935103244754e+00 1.968124381318726510e-03
2.542772861356931813e+00 1.859153277206129686e-03
2.544247787610619760e+00 1.755724465157845575e-03
2.545722713864306819e+00 1.657584766783501418e-03
2.547197640117993878e+00 1.564490991401090540e-03
2.548672566371681381e+00 1.476209623411411063e-03
2.550147492625368884e+00 1.392516515477890951e-03
2.551622418879055942e+00 1.313196587606617642e-03
2.553097345132743445e+00 1.238043532196619759e-03
2.554572271386430948e+00 1.166859525129040854e-03
2.556047197640118007e+00 1.099454942943339656e-03
2.557522123893805066e+00 1.035648086143852592e-03
2.558997050147492569e+00 9.752649086664635708e-04
2.560471976401180072e+00 9.181387535266179309e-04
2.561946902654867131e+00 8.641100946578541111e-04
2.563421828908554634e+00 8.130262849440408066e-04
2.564896755162242137e+00 7.647413104370282856e-04
2.566371681415929196e+00 7.191155507433251741e-04
2.567846607669616255e+00 6.760155455574384971e-04
2.569321533923303758e+00 6.353137673093692348e-04
2.570796460176991260e+00 5.968883998880344238e-04
2.572271386430678319e+00 5.606231233959022226e-04
2.573746312684365822e+00 5.264069048822218747e-04
2.575221238938053325e+00 4.941337949990347094e-04
2.576696165191740384e+00 4.637027305143464153e-04
2.578171091445427443e+00 4.350173426173057820e-04
2.579646017699114946e+00 4.079857709399019013e-04
2.581120943952802449e+00 3.825204832189864888e-04
2.582595870206489508e+00 3.585381005166771639e-04
2.584070796460177011e+00 3.359592279140350703e-04
2.585545722713864514e+00 3.147082905891775270e-04
2.587020648967551573e+00 2.947133751882983392e-04
2.588495575221238632e+00 2.759060763946010104e-04
2.589970501474926134e+00 2.582213485987918072e-04
2.591445427728613637e+00 2.415973625712921605e-04
2.592920353982300696e+00 2.259753670355415308e-04
2.594395280235988199e+00 2.112995550394142750e-04
2.595870206489675702e+00 1.975169350207038046e-04
2.597345132743362761e+00 1.845772064617677718e-04
2.598820058997049820e+00 1.724326400265423762e-04
2.600294985250737767e+00 1.610379620740004590e-04
2.601769911504424826e+00 1.503502434402085523e-04
2.603244837758111885e+00 1.403287923819311221e-04
2.604719764011799388e+00 1.309350515740090803e-04
2.606194690265486891e+00 1.221324990534727298e-04
2.607669616519173950e+00 1.138865530031828106e-04
2.609144542772861008e+00 1.061644802683665753e-04
2.610619469026548956e+00 9.893530850041633480e-05
2.612094395280236014e+00 9.216974182254362383e-05
2.613569321533923073e+00 8.584007991323472581e-05
2.615044247787610576e+00 7.992014040423333168e-05
2.616519174041298079e+00 7.438518449104237064e-05
2.617994100294985138e+00 6.921184565525976510e-05
2.619469026548672641e+00 6.437806139912853783e-05
2.620943952802360144e+00 5.986300789468015492e-05
2.622418879056047203e+00 5.564703745069347039e-05
2.623893805309734262e+00 5.171161870294720559e-05
2.625368731563421765e+00 4.803927943449581823e-05
2.626843657817109268e+00 4.461355193462463299e-05
2.628318584070796327e+00 4.141892080689826177e-05
2.629793510324483830e+00 3.844077313851434829e-05
2.631268436578171332e+00 3.566535094518581293e-05
2.632743362831858391e+00 3.307970580746729436e-05
2.634218289085545450e+00 3.067165561661652957e-05
2.635693215339232953e+00 2.842974334992474093e-05
2.637168141592920456e+00 2.634319779742049679e-05
2.638643067846607515e+00 2.440189616395692853e-05
2.640117994100295018e+00 2.259632847256525041e-05
2.641592920353982521e+00 2.091756369706760697e-05
2.643067846607669580e+00 1.935721755392866614e-05
2.644542772861356639e+00 1.790742188528678285e-05
2.646017699115044142e+00 1.656079556715329393e-05
2.647492625368731645e+00 1.531041687875141945e-05
2.648967551622418704e+00 1.414979727087452603e-05
2.650442477876106206e+00 1.307285647321825052e-05
2.651917404129793709e+00 1.207389888241741752e-05
2.653392330383480768e+00 1.114759117456220474e-05
2.654867256637167827e+00 1.028894108779213032e-05
2.656342182890855330e+00 9.493277322399496231e-06
2.657817109144542833e+00 8.756230507768839879e-06
2.659292035398229892e+00 8.073715187204579230e-06
2.660766961651917395e+00 7.441912773506068641e-06
2.662241887905604898e+00 6.857255429856204167e-06
2.663716814159291957e+00 6.316410832296966899e-06
2.665191740412979016e+00 5.816267771701808079e-06
2.666666666666666963e+00 5.353922554791607314e-06
2.668141592920354022e+00 4.926666165312407524e-06
2.669616519174041080e+00 4.531972148032556723e-06
2.671091445427728583e+00 4.167485179732637798e-06
2.672566371681416086e+00 3.831010292795544248e-06
2.674041297935103145e+00 3.520502718463498035e-06
2.675516224188790648e+00 3.234058318178036878e-06
2.676991150442478151e+00 2.969904572780508885e-06
2.678466076696165210e+00 2.726392100643746302e-06
2.679941002949852269e+00 2.501986677072914491e-06
2.681415929203539772e+00 2.295261728525369587e-06
2.682890855457227275e+00 2.104891276396967569e-06
2.684365781710914334e+00 1.929643306248475727e-06
2.685840707964601837e+00 1.768373539463173416e-06
2.687315634218289340e+00 1.620019585385497771e-06
2.688790560471976399e+00 1.483595453021821256e-06
2.690265486725663457e+00 1.358186402373257548e-06
2.691740412979350960e+00 1.242944116428993534e-06
2.693215339233038463e+00 1.137082175762367256e-06
2.694690265486725522e+00 1.039871818559781877e-06
2.696165191740413025e+00 9.506379697591246243e-07
2.697640117994100528e+00 8.687555237902267529e-07
2.699115044247787587e+00 7.936458661962786587e-07
2.700589970501474646e+00 7.247736201584024139e-07
2.702064896755162149e+00 6.616436046733339503e-07
2.703539823008849652e+00 6.037979918165728600e-07
2.705014749262536711e+00 5.508136511881190852e-07
2.706489675516224214e+00 5.022996702640463337e-07
2.707964601769911717e+00 4.578950399845528698e-07
2.709439528023598776e+00 4.172664954814285609e-07
2.710914454277285834e+00 3.801065024005437724e-07
2.712389380530973337e+00 3.461313797983096163e-07
2.713864306784660840e+00 3.150795510907680495e-07
2.715339233038347899e+00 2.867099150122550981e-07
2.716814159292035402e+00 2.608003289924218957e-07
2.718289085545722905e+00 2.371461977941680309e-07
2.719764011799409964e+00 2.155591606642445371e-07
2.721238938053097023e+00 1.958658706397106683e-07
2.722713864306784526e+00 1.779068600239344259e-07
2.724188790560472029e+00 1.615354863980755608e-07
2.725663716814159088e+00 1.466169538677163902e-07
2.727138643067846591e+00 1.330274045615825003e-07
2.728613569321534094e+00 1.206530756992148942e-07
2.730088495575221152e+00 1.093895178284548119e-07
2.731563421828908211e+00 9.914087010360375538e-08
2.733038348082596158e+00 8.981918872878895985e-08
2.734513274336283217e+00 8.134382493214984601e-08
2.735988200589970276e+00 7.364084906429743620e-08
2.737463126843657779e+00 6.664251762848073012e-08
2.738938053097345282e+00 6.028678025353597813e-08
2.740412979351032341e+00 5.451682381116439500e-08
2.741887905604719844e+00 4.928065106002125190e-08
2.743362831858407347e+00 4.453069136863167112e-08
2.744837758112094406e+00 4.022344122924233411e-08
2.746312684365781465e+00 3.631913242541356759e-08
2.747787610619468968e+00 3.278142585767766391e-08
2.749262536873156471e+00 2.957712916491626813e-08
2.750737463126843529e+00 2.667593640417442621e-08
2.752212389380531032e+00 2.405018816916511293e-08
2.753687315634218535e+00 2.167465063815120601e-08
2.755162241887905594e+00 1.952631214523898830e-08
2.756637168141592653e+00 1.758419596626226753e-08
2.758112094395280156e+00 1.582918810134056305e-08
2.759587020648967659e+00 1.424387892138286977e-08
2.761061946902654718e+00 1.281241762548380177e-08
2.762536873156342221e+00 1.152037853082472486e-08
2.764011799410029724e+00 1.035463828640049850e-08
2.765486725663716783e+00 9.303263167072315657e-09
2.766961651917403842e+00 8.355405665386385392e-09
2.768436578171091345e+00 7.501209655393315494e-09
2.769911504424778848e+00 6.731723455777971409e-09
2.771386430678465906e+00 6.038820169087601349e-09
2.772861356932153409e+00 5.415124719931461206e-09
2.774336283185840912e+00 4.853947058004216986e-09
2.775811209439527971e+00 4.349221031787544167e-09
2.777286135693215030e+00 3.895448475992010985e-09
2.778761061946902533e+00 3.487648090456694707e-09
2.780235988200590036e+00 3.121308720389511424e-09
2.781710914454277095e+00 2.792346677750471029e-09
2.783185840707964598e+00 2.497066771375126790e-09
2.784660766961652101e+00 2.232126739192744699e-09
2.786135693215339160e+00 1.994504799838441668e-09
2.787610619469026219e+00 1.781470063125185455e-09
2.789085545722714166e+00 1.590555559410112490e-09
2.790560471976401224e+00 1.419533666919339485e-09
2.792035398230088283e+00 1.266393733734153100e-09
2.793510324483775786e+00 1.129321707448575619e-09
2.794985250737463289e+00 1.006681600596749368e-09
2.796460176991150348e+00 8.969986338966945291e-10
2.797935103244837407e+00 7.989439122356254661e-10
2.799410029498525354e+00 7.113205002278499339e-10
2.800884955752212413e+00 6.330507751507021123e-10
2.802359882005899472e+00 5.631649451974660569e-10
2.803834808259586975e+00 5.007906303263171668e-10
2.805309734513274478e+00 4.451434115883060624e-10
2.806784660766961537e+00 3.955182627482440460e-10
2.808259587020649040e+00 3.512817853076976853e-10
2.809734513274336543e+00 3.118651747557619911e-10
2.811209439528023601e+00 2.767578520474487441e-10
2.812684365781710660e+00 2.455016999863044783e-10
2.814159292035398163e+00 2.176858494023760649e-10
2.815634218289085666e+00 1.929419648048234758e-10
2.817109144542772725e+00 1.709399835827875703e-10
2.818584070796460228e+00 1.513842668596229904e-10
2.820058997050147731e+00 1.340101238012051099e-10
2.821533923303834790e+00 1.185806745648553326e-10
2.823008849557521849e+00 1.048840201788555362e-10
2.824483775811209352e+00 9.273069048016422875e-11
2.825958702064896855e+00 8.195134383714072517e-11
2.827433628318583914e+00 7.239469475946193716e-11
2.828908554572271417e+00 6.392564766870891805e-11
2.830383480825958920e+00 5.642361708751734836e-11
2.831858407079645978e+00 4.978101631601889878e-11
2.833333333333333037e+00 4.390189831775977333e-11
2.834808259587020540e+00 3.870073404521443213e-11
2.836283185840708043e+00 3.410131480955981052e-11
2.837758112094395102e+00 3.003576655243489760e-11
2.839233038348082605e+00 2.644366501805577322e-11
2.840707964601770108e+00 2.327124186292691887e-11
2.842182890855457167e+00 2.047067268516734824e-11
2.843657817109144226e+00 1.799943881487689017e-11
2.845132743362831729e+00 1.581975548809783818e-11
2.846607669616519232e+00 1.389805973635189603e-11
2.848082595870206291e+00 1.220455196801033722e-11
2.849557522123893794e+00 1.071278580259722599e-11
2.851032448377581296e+00 9.399301249203724015e-12
2.852507374631268355e+00 8.243296801224494277e-12
2.853982300884955414e+00 7.226336455168292780e-12
2.855457227138643361e+00 6.332088055920293220e-12
2.856932153392330420e+00 5.546089727996742974e-12
2.858407079646017479e+00 4.855541475479220071e-12
2.859882005899704982e+00 4.249119325532182871e-12
2.861356932153392485e+00 3.716809654540428706e-12
2.862831858407079544e+00 3.249761574465217009e-12
2.864306784660767047e+00 2.840155472465011813e-12
2.865781710914454550e+00 2.481085991205399972e-12
2.867256637168141609e+00 2.166457912658881732e-12
2.868731563421828668e+00 1.890893566239952414e-12
2.870206489675516170e+00 1.649650524585295185e-12
2.871681415929203673e+00 1.438548478539943759e-12
2.873156342182890732e+00 1.253904298390969925e-12
2.874631268436578235e+00 1.092474392254561255e-12
2.876106194690265738e+00 9.514035659400139483e-13
2.877581120943952797e+00 8.281796725554750252e-13
2.879056047197639856e+00 7.205934155301802974e-13
2.880530973451327359e+00 6.267027364341494175e-13
2.882005899705014862e+00 5.448012797253492106e-13
2.883480825958701921e+00 4.733904810461959453e-13
2.884955752212389424e+00 4.111548745345468799e-13
2.886430678466076927e+00 3.569402583810011706e-13
2.887905604719763986e+00 3.097343970507796138e-13
2.889380530973451044e+00 2.686499736697221279e-13
2.890855457227138547e+00 2.329095374500705318e-13
2.892330383480826050e+00 2.018322190900499439e-13
2.893805309734513109e+00 1.748220121532959924e-13
2.895280235988200612e+00 1.513574408290013840e-13
2.896755162241888115e+00 1.309824544670195027e-13
2.898230088495575174e+00 1.132984071192563159e-13
2.899705014749262233e+00 9.795699622836284176e-14
2.901179941002949736e+00 8.465404878411441221e-14
2.902654867256637239e+00 7.312405590004237168e-14
2.904129793510324298e+00 6.313536801127188576e-14
2.905604719764011801e+00 5.448597290477287276e-14
2.907079646017699304e+00 4.699978769681938113e-14
2.908554572271386363e+00 4.052340378849783356e-14
2.910029498525073421e+00 3.492323086364944088e-14
2.911504424778760924e+00 3.008299224010719727e-14
2.912979351032448427e+00 2.590152942969049787e-14
2.914454277286135486e+00 2.229087868141701041e-14
2.915929203539822989e+00 1.917458664398464969e-14
2.917404129793510492e+00 1.648623614907118428e-14
2.918879056047197551e+00 1.416815654091560570e-14
2.920353982300884610e+00 1.217029600875844229e-14
2.921828908554572557e+00 1.044923606102562891e-14
2.923303834808259616e+00 8.967330651992479231e-15
2.924778761061946675e+00 7.691954568422910708e-15
2.926253687315634178e+00 6.594847535957773296e-15
2.927728613569321681e+00 5.651542140498070935e-15
2.929203539823008740e+00 4.840865103271397698e-15
2.930678466076696242e+00 4.144502721363096128e-15
2.932153392330383745e+00 3.546622407872653545e-15
2.933628318584070804e+00 3.033543254789571936e-15
2.935103244837757863e+00 2.593449412591327289e-15
2.936578171091445366e+00 2.216140847127998441e-15
2.938053097345132869e+00 1.892816708685163779e-15
2.939528023598819928e+00 1.615887141075086499e-15
2.941002949852507431e+00 1.378809879618119375e-15
2.942477876106194934e+00 1.175948444545866969e-15
2.943952802359881993e+00 1.002449138081738874e-15
2.945427728613569052e+00 8.541344059411785398e-16
2.946902654867256555e+00 7.274104330785577289e-16
2.948377581120944058e+00 6.191871144106456033e-16
2.949852507374631116e+00 5.268087785440050458e-16
2.951327433628318619e+00 4.479942502941443726e-16
2.952802359882006122e+00 3.807850195742712743e-16
2.954277286135693181e+00 3.235004432251327771e-16
2.955752212389380240e+00 2.746990453298730650e-16
2.957227138643067743e+00 2.331451029664853491e-16
2.958702064896755246e+00 1.977798103620426252e-16
2.960176991150442305e+00 1.676964069245782311e-16
2.961651917404129808e+00 1.421187353204996026e-16
2.963126843657817311e+00 1.203827661063746003e-16
2.964601769911504370e+00 1.019206867120338474e-16
2.966076696165191429e+00 8.624720593892322236e-17
2.967551622418878932e+00 7.294777158761695060e-17
2.969026548672566435e+00 6.166843923011459814e-17
2.970501474926253493e+00 5.210716526984867867e-17
2.971976401179940996e+00 4.400632795267824188e-17
2.973451327433628499e+00 3.714630649891732692e-17
2.974926253687315558e+00 3.133997153240299678e-17
2.976401179941002617e+00 2.642795994044298860e-17
2.977876106194690564e+00 2.227462460252612994e-17
2.979351032448377623e+00 1.876456442006097035e-17
2.980825958702064682e+00 1.579965306588442155e-17
2.982300884955752185e+00 1.329649611338891797e-17
2.983775811209439688e+00 1.118425592977012774e-17
2.985250737463126747e+00 9.402792126656289687e-18
2.986725663716813806e+00 7.901072627781226153e-18
2.988200589970501753e+00 6.635816689449430146e-18
2.989675516224188812e+00 5.570336627157041118e-18
2.991150442477875870e+00 4.673549675761129702e-18
2.992625368731563373e+00 3.919135440933671302e-18
2.994100294985250876e+00 3.284817872869586350e-18
2.995575221238937935e+00 2.751753684845059008e-18
2.997050147492625438e+00 2.304011714513113626e-18
2.998525073746312941e+00 1.928129941499023752e-18
3.000000000000000000e+00 1.612738780115474427e-18
