1.000000000000000000e+00
1.000000000000000000e+00
1.000000000000000000e+00
1.000000000000000000e+00
1.000000000000000000e+00
1.000000000000000000e+00
1.000000000000000000e+00
1.000000000000000000e+00
1.000000000000000000e+00
1.000000000000000000e+00
1.000000000000000000e+00
1.000000000000000000e+00
1.000000000000000000e+00
1.000000000000000000e+00
1.000000000000000000e+00
1.000000000000000000e+00
1.000000000000000000e+00
1.000000000000000000e+00
1.000000000000000000e+00
1.000000000000000000e+00
1.000000000000000000e+00
1.000000000000000000e+00
1.000000000000000000e+00
9.925934860698124584e-01
9.856889683426887094e-01
9.585902270659645286e-01
9.520213279038198806e-01
9.333189743584764386e-01
9.272936354240204349e-01
9.097111766566583491e-01
8.985431252739831676e-01
8.932520843448784609e-01
8.721932374129139909e-01
8.569841133506818087e-01
8.519797330825543691e-01
8.423488413053422663e-01
8.331697231412493743e-01
8.150508718584692502e-01
7.928211340767444826e-01
7.671352391932276804e-01
7.376759289575479661e-01
7.172401494981202053e-01
7.132589115409073699e-01
6.974938248586675105e-01
6.974938248586675105e-01
6.937862034673767386e-01
6.792497638309614727e-01
6.543654803194288716e-01
6.334442345875257452e-01
6.231634336497340332e-01
6.165238594014103013e-01
6.033457824896704125e-01
5.936345216101910349e-01
5.840914671074998177e-01
5.779086163374916874e-01
5.596363955925893752e-01
5.506923564430870055e-01
5.360275290415587035e-01
5.274257490083403832e-01
5.104878808628788844e-01
5.049291810727708496e-01
4.884882785866381250e-01
4.696467118409829444e-01
4.616688638316836513e-01
4.486093893044395542e-01
4.409287835769886699e-01
4.308236138039613361e-01
4.183527838730411452e-01
4.109729770983594488e-01
4.061477381861713920e-01
3.942543830777465730e-01
3.801937230071936735e-01
3.709343288334558397e-01
3.640582254368583959e-01
3.573018492103232080e-01
3.439938560295994208e-01
3.374240309586626907e-01
3.287464577170781665e-01
3.202275677791682207e-01
3.202275677791682207e-01
3.160642990502842697e-01
3.139441580339437099e-01
3.037759427282522573e-01
2.976321421666910938e-01
2.936761333469818380e-01
2.838829816923544302e-01
2.800189587243548939e-01
2.685315134857248487e-01
2.647575442511340138e-01
2.628848791682407704e-01
2.591769776720764251e-01
2.518705216720876772e-01
2.428313363145134518e-01
2.392492190494019400e-01
2.357039836042077174e-01
2.340030080563051118e-01
2.287903156928345616e-01
2.202137724769170357e-01
2.168287845462332497e-01
2.101154652998892258e-01
2.051173553303286823e-01
2.034631216463916870e-01
2.018367724180014922e-01
1.985956664297770791e-01
1.922089068129352596e-01
1.922089068129352596e-01
1.906354109950404163e-01
1.859835456869571857e-01
1.859835456869571857e-01
1.844536367418517231e-01
1.829366637764131553e-01
1.829366637764131553e-01
1.799698094415427829e-01
1.741053475060404809e-01
1.697317730341260655e-01
1.639528932100070002e-01
1.625204853214639311e-01
1.625204853214639311e-01
1.597059932178861441e-01
1.583103537413834139e-01
1.541530408308074140e-01
1.527848415974252250e-01
1.500655951961787082e-01
1.487167874982618931e-01
1.473821371447622819e-01
1.433957421687415690e-01
1.420775901975978861e-01
1.407697353504218651e-01
1.394686101636274100e-01
1.381819587344831901e-01
1.369068905055416119e-01
1.318416002066299941e-01
1.319611917222691666e-01
1.294641863352469502e-01
1.257424611830189054e-01
1.269810335386243605e-01
1.245441650169958059e-01
1.233293297090412299e-01
1.233293297090412299e-01
1.221352862429308239e-01
1.197590714121560818e-01
1.197590714121560818e-01
1.197590714121560818e-01
1.150301461272995873e-01
1.138815976244775957e-01
1.127344593092928365e-01
1.093361364706075672e-01
1.093361364706075672e-01
1.093361364706075672e-01
1.093361364706075672e-01
1.082282500190830943e-01
1.060319989191778750e-01
1.027627666944551516e-01
1.016790522849317785e-01
1.006007082280011844e-01
9.846134596704543551e-02
9.739884970832346500e-02
9.634334883766858260e-02
9.424385461744229364e-02
9.424385461744229364e-02
9.217027747560180284e-02
8.908074154495551622e-02
8.805881501573700754e-02
8.805881501573700754e-02
8.603661425899017390e-02
8.815675527533085865e-02
8.715726631886662468e-02
8.715726631886662468e-02
8.715726631886662468e-02
8.715726631886662468e-02
8.423395150985343860e-02
8.635331174280375111e-02
8.635331174280375111e-02
8.635331174280375111e-02
8.635331174280375111e-02
8.635331174280375111e-02
8.635331174280375111e-02
8.635331174280375111e-02
8.542479372118970404e-02
8.542479372118970404e-02
8.450386091916829712e-02
8.450386091916829712e-02
8.450386091916829712e-02
8.359915017080914168e-02
8.359915017080914168e-02
8.270500077999577704e-02
8.270500077999577704e-02
8.182068513430870715e-02
8.094120578463891158e-02
7.918743165825919972e-02
7.744446362225398950e-02
7.744446362225398950e-02
7.744446362225398950e-02
7.744446362225398950e-02
7.744446362225398950e-02
7.744446362225398950e-02
7.744446362225398950e-02
7.744446362225398950e-02
7.744446362225398950e-02
7.744446362225398950e-02
7.578685662332104722e-02
7.496108732090847604e-02
7.414013758335090409e-02
7.250859583876333170e-02
7.250859583876333170e-02
7.250859583876333170e-02
7.170675477861795932e-02
6.826393956771115157e-02
6.826393956771115157e-02
6.826393956771115157e-02
6.747739731292948240e-02
6.747739731292948240e-02
6.747739731292948240e-02
6.669982170985926107e-02
6.669982170985926107e-02
6.669982170985926107e-02
6.593266569251900189e-02
6.516926470516021253e-02
6.516926470516021253e-02
6.441290053618603517e-02
6.441290053618603517e-02
6.441290053618603517e-02
6.441290053618603517e-02
6.367062604475666465e-02
6.367062604475666465e-02
6.367062604475666465e-02
6.293885785093625285e-02
6.293885785093625285e-02
6.293885785093625285e-02
6.293885785093625285e-02
6.222078076197986446e-02
6.150344479326837893e-02
6.150344479326837893e-02
6.150344479326837893e-02
6.150344479326837893e-02
6.079845987676215507e-02
5.939599532426598910e-02
5.939599532426598910e-02
5.939599532426598910e-02
5.939599532426598910e-02
5.939599532426598910e-02
5.939599532426598910e-02
5.939599532426598910e-02
5.871640236336326396e-02
5.871640236336326396e-02
5.804014916997184831e-02
5.736779489502023127e-02
5.736779489502023127e-02
5.736779489502023127e-02
5.736779489502023127e-02
