0.000000000000000000e+00
5.496337300048859814e-02
5.496337300048859814e-02
5.496337300048859814e-02
5.496337300048859814e-02
5.496337300048859814e-02
5.496337300048859814e-02
5.496337300048859814e-02
5.496337300048859814e-02
5.496337300048859814e-02
5.496337300048859814e-02
5.496337300048859814e-02
5.496337300048859814e-02
5.496337300048859814e-02
5.496337300048859814e-02
5.496337300048859814e-02
5.496337300048859814e-02
5.496337300048859814e-02
5.496337300048859814e-02
5.496337300048859814e-02
5.496337300048859814e-02
5.496337300048859814e-02
5.496337300048859814e-02
5.343904429594308753e-02
5.210869353823374683e-02
5.262492433156325949e-02
5.392627051638390623e-02
4.940994655883087366e-02
5.144029586832352119e-02
5.001904314204436153e-02
5.020928019394802627e-02
4.934664211746150886e-02
4.953741961105572605e-02
4.805615653686490241e-02
4.555590507761343028e-02
4.493293529415646331e-02
4.708501720322003786e-02
5.234938884748770865e-02
5.245086201691531724e-02
4.762692064613827797e-02
4.961644446709534417e-02
4.614481480807296893e-02
4.603867113701767821e-02
4.720590424698858922e-02
4.720590424698858922e-02
4.727603074598359795e-02
4.765152280073797070e-02
4.548055189595983511e-02
4.753235281794602335e-02
4.532568896611433723e-02
4.599623361273660199e-02
4.532122717518821675e-02
4.718463530541658346e-02
4.721367668958589836e-02
4.758163282864860677e-02
4.922837468135385364e-02
4.846381666980902753e-02
4.999738698905196316e-02
5.078355583434352588e-02
5.382069735343377598e-02
5.303037777334244224e-02
5.188029114393622604e-02
5.499841248977090785e-02
5.524388206992494887e-02
5.232894360844413811e-02
5.305482631861185849e-02
5.304424001828935559e-02
5.631190791863893708e-02
5.923486876345319257e-02
5.804302846648654729e-02
5.750904392083543842e-02
5.872110685692491505e-02
5.992918652604318358e-02
5.753426007833112310e-02
5.823799313442575704e-02
6.034248914048797457e-02
5.947388633470813285e-02
5.987366175754197523e-02
5.977540282067624750e-02
5.977540282067624750e-02
6.010725105815640373e-02
6.027458248313166678e-02
6.217884981591187410e-02
6.405938443490757916e-02
6.582027303597044743e-02
6.579459809551843619e-02
6.688205254006439338e-02
6.285190431862247573e-02
6.205273749056061661e-02
6.154717814100705425e-02
6.203237550975688325e-02
6.215588784304352382e-02
6.261533294775380176e-02
6.298010854440878881e-02
6.351381181510469542e-02
6.342336348366138521e-02
6.341680935548812958e-02
6.154836223384168442e-02
6.025028640049496370e-02
6.072744160868930735e-02
6.030188773426414794e-02
6.117387790393375574e-02
6.120955694533897207e-02
6.129865882985532227e-02
5.981881802980035245e-02
5.981881802980035245e-02
5.996176005314421409e-02
5.998964449536803301e-02
5.998964449536803301e-02
6.028346328057054837e-02
6.044205689755386551e-02
6.044205689755386551e-02
6.075356194160146800e-02
5.973343067414052521e-02
6.144443682628783487e-02
6.281556094518263300e-02
6.252914964421239785e-02
6.252914964421239785e-02
6.326442139184015878e-02
6.345000561084018775e-02
6.333876640224614385e-02
6.268481662275010580e-02
6.219815286402966686e-02
6.192640718342826839e-02
6.248269010346895608e-02
6.273512127435819374e-02
6.203586534371243605e-02
6.223524173058650466e-02
6.237555477314368768e-02
6.212343854969982343e-02
6.199260003470443564e-02
6.289614625909993595e-02
6.114945700332039685e-02
6.041175596359461136e-02
5.995006679379826647e-02
5.968476738586766389e-02
5.946978708730802504e-02
5.883417049478805588e-02
5.883417049478805588e-02
5.860635480923128554e-02
5.852552202849261448e-02
5.852552202849261448e-02
5.852552202849261448e-02
5.814296886206029441e-02
5.753382506299353771e-02
5.690006401999578994e-02
5.683349663299330085e-02
5.683349663299330085e-02
5.683349663299330085e-02
5.683349663299330085e-02
5.683489190809989933e-02
5.663793365507063110e-02
5.702701603234867217e-02
5.698666692356870594e-02
5.713014890300518317e-02
5.637976974315966200e-02
5.583346948150722661e-02
5.641962114186879068e-02
5.653181081969138599e-02
5.653181081969138599e-02
5.615837741301946823e-02
5.669814485681992644e-02
5.685269442381640781e-02
5.685269442381640781e-02
5.716917185003297236e-02
5.683915129659677934e-02
5.717378523847146954e-02
5.717378523847146954e-02
5.717378523847146954e-02
5.717378523847146954e-02
5.735456304074098427e-02
5.621794323397957815e-02
5.621794323397957815e-02
5.621794323397957815e-02
5.621794323397957815e-02
5.621794323397957815e-02
5.621794323397957815e-02
5.621794323397957815e-02
5.635121929495207072e-02
5.635121929495207072e-02
5.649819398026775796e-02
5.649819398026775796e-02
5.649819398026775796e-02
5.636505766523278171e-02
5.636505766523278171e-02
5.624748722681099933e-02
5.624748722681099933e-02
5.633989894086274125e-02
5.580687833455216101e-02
5.538923639970661644e-02
5.441862584990575513e-02
5.441862584990575513e-02
5.441862584990575513e-02
5.441862584990575513e-02
5.441862584990575513e-02
5.441862584990575513e-02
5.441862584990575513e-02
5.441862584990575513e-02
5.441862584990575513e-02
5.441862584990575513e-02
5.503754012314435173e-02
5.455904801352203654e-02
5.498704930650401973e-02
5.520252712569242992e-02
5.520252712569242992e-02
5.520252712569242992e-02
5.474736043424988097e-02
5.629372365593898753e-02
5.629372365593898753e-02
5.629372365593898753e-02
5.658406538700430644e-02
5.658406538700430644e-02
5.658406538700430644e-02
5.669295255679199924e-02
5.669295255679199924e-02
5.669295255679199924e-02
5.662485491105787028e-02
5.620461122611908333e-02
5.620461122611908333e-02
5.580823413155630575e-02
5.580823413155630575e-02
5.580823413155630575e-02
5.580823413155630575e-02
5.589964206093511051e-02
5.589964206093511051e-02
5.589964206093511051e-02
5.600891027999526511e-02
5.600891027999526511e-02
5.600891027999526511e-02
5.600891027999526511e-02
5.598668811899402270e-02
5.561577975986414790e-02
5.561577975986414790e-02
5.561577975986414790e-02
5.561577975986414790e-02
5.555518509622098949e-02
5.574819937134452980e-02
5.574819937134452980e-02
5.574819937134452980e-02
5.574819937134452980e-02
5.574819937134452980e-02
5.574819937134452980e-02
5.574819937134452980e-02
5.599975522176271064e-02
5.599975522176271064e-02
5.562362878923641368e-02
5.560555633703036932e-02
5.560555633703036932e-02
5.560555633703036932e-02
5.560555633703036932e-02
