-7.000000000000000888e+00 1.778997527075038693e-02
-6.987389829497858251e+00 1.819637158384241477e-02
-6.974779658995713838e+00 1.860988986469690534e-02
-6.962169488493571201e+00 1.903059505707516141e-02
-6.949559317991428564e+00 1.945855106227887751e-02
-6.936949147489284151e+00 1.989382068627288183e-02
-6.924338976987141514e+00 2.033646558627307671e-02
-6.911728806484998877e+00 2.078654621682717377e-02
-6.899118635982854464e+00 2.124412177541277688e-02
-6.886508465480711827e+00 2.170925014758008642e-02
-6.873898294978569190e+00 2.218198785167040457e-02
-6.861288124476424777e+00 2.266238998313670205e-02
-6.848677953974282140e+00 2.315051015849778349e-02
-6.836067783472139503e+00 2.364640045895902501e-02
-6.823457612969995090e+00 2.415011137372921959e-02
-6.810847442467852453e+00 2.466169174306771794e-02
-6.798237271965709816e+00 2.518118870109820051e-02
-6.785627101463565403e+00 2.570864761842019813e-02
-6.773016930961422766e+00 2.624411204455712535e-02
-6.760406760459280129e+00 2.678762365027679768e-02
-6.747796589957135716e+00 2.733922216982178147e-02
-6.735186419454993079e+00 2.789894534308760485e-02
-6.722576248952850442e+00 2.846682885779176775e-02
-6.709966078450706028e+00 2.904290629166544901e-02
-6.697355907948563392e+00 2.962720905471928276e-02
-6.684745737446420755e+00 3.021976633161620879e-02
-6.672135566944276341e+00 3.082060502419921647e-02
-6.659525396442133705e+00 3.142974969421286763e-02
-6.646915225939991068e+00 3.204722250626618196e-02
-6.634305055437846654e+00 3.267304317107967704e-02
-6.621694884935704017e+00 3.330722888905876533e-02
-6.609084714433561381e+00 3.394979429424663242e-02
-6.596474543931416967e+00 3.460075139869264044e-02
-6.583864373429274330e+00 3.526010953729231262e-02
-6.571254202927131693e+00 3.592787531314058092e-02
-6.558644032424987280e+00 3.660405254344776399e-02
-6.546033861922844643e+00 3.728864220606439156e-02
-6.533423691420702006e+00 3.798164238667039311e-02
-6.520813520918557593e+00 3.868304822666502468e-02
-6.508203350416414956e+00 3.939285187181933851e-02
-6.495593179914272319e+00 4.011104242173309936e-02
-6.482983009412127906e+00 4.083760588014836990e-02
-6.470372838909985269e+00 4.157252510616760155e-02
-6.457762668407842632e+00 4.231577976643111083e-02
-6.445152497905698219e+00 4.306734628829720496e-02
-6.432542327403555582e+00 4.382719781408082882e-02
-6.419932156901412945e+00 4.459530415639746670e-02
-6.407321986399268532e+00 4.537163175466528420e-02
-6.394711815897125895e+00 4.615614363281049515e-02
-6.382101645394983258e+00 4.694879935823449701e-02
-6.369491474892838845e+00 4.774955500208276360e-02
-6.356881304390696208e+00 4.855836310087095070e-02
-6.344271133888551795e+00 4.937517261951751557e-02
-6.331660963386409158e+00 5.019992891582868155e-02
-6.319050792884266521e+00 5.103257370648676267e-02
-6.306440622382123884e+00 5.187304503458817218e-02
-6.293830451879979471e+00 5.272127723878248379e-02
-6.281220281377836834e+00 5.357720092405023060e-02
-6.268610110875692421e+00 5.444074293418227350e-02
-6.255999940373549784e+00 5.531182632598773130e-02
-6.243389769871407147e+00 5.619037034529016789e-02
-6.230779599369264510e+00 5.707629040474980486e-02
-6.218169428867120097e+00 5.796949806355503054e-02
-6.205559258364977460e+00 5.886990100902964040e-02
-6.192949087862833046e+00 5.977740304019576317e-02
-6.180338917360690409e+00 6.069190405332933885e-02
-6.167728746858547773e+00 6.161330002955974633e-02
-6.155118576356405136e+00 6.254148302453520214e-02
-6.142508405854260722e+00 6.347634116020890727e-02
-6.129898235352118085e+00 6.441775861877070686e-02
-6.117288064849973672e+00 6.536561563876419623e-02
-6.104677894347831035e+00 6.631978851342404391e-02
-6.092067723845688398e+00 6.728014959126520089e-02
-6.079457553343545761e+00 6.824656727895296593e-02
-6.066847382841401348e+00 6.921890604648850420e-02
-6.054237212339258711e+00 7.019702643473710313e-02
-6.041627041837114298e+00 7.118078506532136973e-02
-6.029016871334971661e+00 7.217003465291395303e-02
-6.016406700832829024e+00 7.316462401994330844e-02
-6.003796530330684611e+00 7.416439811374604674e-02
-5.991186359828541974e+00 7.516919802617447188e-02
-5.978576189326399337e+00 7.617886101568586976e-02
-5.965966018824254924e+00 7.719322053193561350e-02
-5.953355848322112287e+00 7.821210624286895063e-02
-5.940745677819969650e+00 7.923534406435503441e-02
-5.928135507317827013e+00 8.026275619234332637e-02
-5.915525336815682600e+00 8.129416113757931273e-02
-5.902915166313539963e+00 8.232937376286716957e-02
-5.890304995811395550e+00 8.336820532289877794e-02
-5.877694825309252913e+00 8.441046350664073439e-02
-5.865084654807110276e+00 8.545595248229558016e-02
-5.852474484304965863e+00 8.650447294482570271e-02
-5.839864313802823226e+00 8.755582216603396972e-02
-5.827254143300680589e+00 8.860979404721648633e-02
-5.814643972798536176e+00 8.966617917435805440e-02
-5.802033802296393539e+00 9.072476487587555205e-02
-5.789423631794250902e+00 9.178533528289258003e-02
-5.776813461292106489e+00 9.284767139203378705e-02
-5.764203290789963852e+00 9.391155113072519045e-02
-5.751593120287821215e+00 9.497674942498068873e-02
-5.738982949785676801e+00 9.604303826965605861e-02
-5.726372779283534165e+00 9.711018680114942569e-02
-5.713762608781391528e+00 9.817796137252053634e-02
-5.701152438279247114e+00 9.924612563100847218e-02
-5.688542267777104477e+00 1.003144405979143339e-01
-5.675932097274961841e+00 1.013826647508203199e-01
-5.663321926772818315e+00 1.024505541081131427e-01
-5.650711756270674790e+00 1.035178623157735622e-01
-5.638101585768532154e+00 1.045843407363964278e-01
-5.625491415266388628e+00 1.056497385404064765e-01
-5.612881244764245103e+00 1.067138027994185140e-01
-5.600271074262102466e+00 1.077762785817058255e-01
-5.587660903759958941e+00 1.088369090497326858e-01
-5.575050733257815416e+00 1.098954355596877125e-01
-5.562440562755672779e+00 1.109515977629974837e-01
-5.549830392253529254e+00 1.120051337097320160e-01
-5.537220221751385729e+00 1.130557799538804559e-01
-5.524610051249243092e+00 1.141032716604164360e-01
-5.511999880747099567e+00 1.151473427141153361e-01
-5.499389710244956042e+00 1.161877258300469673e-01
-5.486779539742813405e+00 1.172241526656911115e-01
-5.474169369240669880e+00 1.182563539346103282e-01
-5.461559198738526355e+00 1.192840595216147215e-01
-5.448949028236382830e+00 1.203069985993499708e-01
-5.436338857734240193e+00 1.213248997462445800e-01
-5.423728687232096668e+00 1.223374910657364367e-01
-5.411118516729953143e+00 1.233445003067183271e-01
-5.398508346227810506e+00 1.243456549851240794e-01
-5.385898175725666981e+00 1.253406825065697117e-01
-5.373288005223523456e+00 1.263293102899961107e-01
-5.360677834721380819e+00 1.273112658922150309e-01
-5.348067664219237294e+00 1.282862771332853591e-01
-5.335457493717093769e+00 1.292540722226427352e-01
-5.322847323214951132e+00 1.302143798859003720e-01
-5.310237152712807607e+00 1.311669294922365725e-01
-5.297626982210664082e+00 1.321114511822785442e-01
-5.285016811708520557e+00 1.330476759964155375e-01
-5.272406641206377920e+00 1.339753360034362240e-01
-5.259796470704234395e+00 1.348941644294209818e-01
-5.247186300202090870e+00 1.358038957867860053e-01
-5.234576129699948233e+00 1.367042660034038237e-01
-5.221965959197804708e+00 1.375950125517076683e-01
-5.209355788695661182e+00 1.384758745776890065e-01
-5.196745618193518546e+00 1.393465930297037858e-01
-5.184135447691375020e+00 1.402069107869862441e-01
-5.171525277189231495e+00 1.410565727878038966e-01
-5.158915106687088858e+00 1.418953261571319346e-01
-5.146304936184945333e+00 1.427229203337828378e-01
-5.133694765682801808e+00 1.435391071968906140e-01
-5.121084595180659171e+00 1.443436411916584894e-01
-5.108474424678515646e+00 1.451362794542805645e-01
-5.095864254176372121e+00 1.459167819359528107e-01
-5.083254083674229484e+00 1.466849115258783143e-01
-5.070643913172085959e+00 1.474404341731745949e-01
-5.058033742669942434e+00 1.481831190076055849e-01
-5.045423572167799797e+00 1.489127384590406833e-01
-5.032813401665656272e+00 1.496290683755567286e-01
-5.020203231163512747e+00 1.503318881400926843e-01
-5.007593060661370110e+00 1.510209807855752429e-01
-4.994982890159226585e+00 1.516961331084371034e-01
-4.982372719657083060e+00 1.523571357804170967e-01
-4.969762549154940423e+00 1.530037834586010226e-01
-4.957152378652796898e+00 1.536358748935776064e-01
-4.944542208150653373e+00 1.542532130356604192e-01
-4.931932037648510736e+00 1.548556051390785337e-01
-4.919321867146367211e+00 1.554428628640759369e-01
-4.906711696644223686e+00 1.560148023768155312e-01
-4.894101526142081049e+00 1.565712444470386544e-01
-4.881491355639937524e+00 1.571120145433961834e-01
-4.868881185137793999e+00 1.576369429263737298e-01
-4.856271014635651362e+00 1.581458647387518068e-01
-4.843660844133507837e+00 1.586386200935283319e-01
-4.831050673631364312e+00 1.591150541592304957e-01
-4.818440503129221675e+00 1.595750172425594304e-01
-4.805830332627078150e+00 1.600183648683055071e-01
-4.793220162124934625e+00 1.604449578564704493e-01
-4.780609991622791988e+00 1.608546623965292077e-01
-4.767999821120648463e+00 1.612473501187996483e-01
-4.755389650618504938e+00 1.616228981628368422e-01
-4.742779480116362301e+00 1.619811892428235922e-01
-4.730169309614218776e+00 1.623221117098950506e-01
-4.717559139112075250e+00 1.626455596113503266e-01
-4.704948968609932614e+00 1.629514327467184720e-01
-4.692338798107789088e+00 1.632396367206158661e-01
-4.679728627605645563e+00 1.635100829923837040e-01
-4.667118457103502926e+00 1.637626889224357840e-01
-4.654508286601359401e+00 1.639973778153124562e-01
-4.641898116099215876e+00 1.642140789593829475e-01
-4.629287945597073239e+00 1.644127276631959789e-01
-4.616677775094929714e+00 1.645932652884140313e-01
-4.604067604592786189e+00 1.647556392793479707e-01
-4.591457434090643552e+00 1.648998031890391847e-01
-4.578847263588500027e+00 1.650257167018902849e-01
-4.566237093086356502e+00 1.651333456528173982e-01
-4.553626922584213865e+00 1.652226620429184945e-01
-4.541016752082070340e+00 1.652936440516444005e-01
-4.528406581579926815e+00 1.653462760454653124e-01
-4.515796411077784178e+00 1.653805485830266986e-01
-4.503186240575640653e+00 1.653964584168002849e-01
-4.490576070073497128e+00 1.653940084912207675e-01
-4.477965899571354491e+00 1.653732079373221586e-01
-4.465355729069210966e+00 1.653340720638678263e-01
-4.452745558567067441e+00 1.652766223450025662e-01
-4.440135388064924804e+00 1.652008864044205716e-01
-4.427525217562781279e+00 1.651068979960731153e-01
-4.414915047060637754e+00 1.649946969814345410e-01
-4.402304876558495117e+00 1.648643293033464630e-01
-4.389694706056351592e+00 1.647158469564535543e-01
-4.377084535554208067e+00 1.645493079542757753e-01
-4.364474365052065430e+00 1.643647762929301703e-01
-4.351864194549921905e+00 1.641623219115371513e-01
-4.339254024047778380e+00 1.639420206493485133e-01
-4.326643853545635743e+00 1.637039541996264669e-01
-4.314033683043492218e+00 1.634482100603278643e-01
-4.301423512541348693e+00 1.631748814816040283e-01
-4.288813342039206056e+00 1.628840674102046970e-01
-4.276203171537062531e+00 1.625758724307830305e-01
-4.263593001034919006e+00 1.622504067041914411e-01
-4.250982830532776369e+00 1.619077859027881483e-01
-4.238372660030632844e+00 1.615481311428356159e-01
-4.225762489528489319e+00 1.611715689140090502e-01
-4.213152319026346682e+00 1.607782310061167119e-01
-4.200542148524203157e+00 1.603682544330500281e-01
-4.187931978022059631e+00 1.599417813540522926e-01
-4.175321807519916995e+00 1.594989589923528350e-01
-4.162711637017773469e+00 1.590399395512439862e-01
-4.150101466515629944e+00 1.585648801276556552e-01
-4.137491296013487307e+00 1.580739426233039313e-01
-4.124881125511343782e+00 1.575672936534817659e-01
-4.112270955009200257e+00 1.570451044535577934e-01
-4.099660784507057620e+00 1.565075507832700830e-01
-4.087050614004914095e+00 1.559548128288740787e-01
-4.074440443502770570e+00 1.553870751032253028e-01
-4.061830273000627933e+00 1.548045263438841412e-01
-4.049220102498484408e+00 1.542073594093053834e-01
-4.036609931996340883e+00 1.535957711732008901e-01
-4.023999761494198246e+00 1.529699624171574901e-01
-4.011389590992054721e+00 1.523301377215851016e-01
-3.998779420489911196e+00 1.516765053550853670e-01
-3.986169249987768559e+00 1.510092771623130770e-01
-3.973559079485625034e+00 1.503286684504277770e-01
-3.960948908983481509e+00 1.496348978742137181e-01
-3.948338738481338872e+00 1.489281873199449491e-01
-3.935728567979194459e+00 1.482087617881004404e-01
-3.923118397477051822e+00 1.474768492749967408e-01
-3.910508226974909185e+00 1.467326806534388073e-01
-3.897898056472764772e+00 1.459764895524603701e-01
-3.885287885970622135e+00 1.452085122362647140e-01
-3.872677715468479498e+00 1.444289874824172537e-01
-3.860067544966335085e+00 1.436381564594210736e-01
-3.847457374464192448e+00 1.428362626037188166e-01
-3.834847203962049811e+00 1.420235514962422674e-01
-3.822237033459905398e+00 1.412002707385738021e-01
-3.809626862957762761e+00 1.403666698288182635e-01
-3.797016692455620124e+00 1.395230000372628676e-01
-3.784406521953475711e+00 1.386695142819209525e-01
-3.771796351451333074e+00 1.378064670040322903e-01
-3.759186180949190437e+00 1.369341140436155235e-01
-3.746576010447046023e+00 1.360527125151483330e-01
-3.733965839944903387e+00 1.351625206834617399e-01
-3.721355669442760750e+00 1.342637978399300880e-01
-3.708745498940616336e+00 1.333568041790404168e-01
-3.696135328438473699e+00 1.324418006754162491e-01
-3.683525157936331063e+00 1.315190489613782820e-01
-3.670914987434186649e+00 1.305888112051246663e-01
-3.658304816932044012e+00 1.296513499895981802e-01
-3.645694646429901375e+00 1.287069281921214836e-01
-3.633084475927756962e+00 1.277558088648787782e-01
-3.620474305425614325e+00 1.267982551163122085e-01
-3.607864134923471688e+00 1.258345299935036410e-01
-3.595253964421327275e+00 1.248648963656188993e-01
-3.582643793919184638e+00 1.238896168084759053e-01
-3.570033623417041113e+00 1.229089534903118480e-01
-3.557423452914897588e+00 1.219231680588094974e-01
-3.544813282412754951e+00 1.209325215294489303e-01
-3.532203111910611426e+00 1.199372741752491173e-01
-3.519592941408467901e+00 1.189376854179582943e-01
-3.506982770906325264e+00 1.179340137207544048e-01
-3.494372600404181739e+00 1.169265164825068204e-01
-3.481762429902038214e+00 1.159154499336701449e-01
-3.469152259399895577e+00 1.149010690338470031e-01
-3.456542088897752052e+00 1.138836273710756436e-01
-3.443931918395608527e+00 1.128633770629071942e-01
-3.431321747893465890e+00 1.118405686593000603e-01
-3.418711577391322365e+00 1.108154510473905729e-01
-3.406101406889178840e+00 1.097882713581817410e-01
-3.393491236387036203e+00 1.087592748751897292e-01
-3.380881065884892678e+00 1.077287049450901396e-01
-3.368270895382749153e+00 1.066968028904092397e-01
-3.355660724880606516e+00 1.056638079242762790e-01
-3.343050554378462991e+00 1.046299570673012574e-01
-3.330440383876319466e+00 1.035954850665807281e-01
-3.317830213374176829e+00 1.025606243168813436e-01
-3.305220042872033304e+00 1.015256047840225190e-01
-3.292609872369889779e+00 1.004906539304845359e-01
-3.279999701867747142e+00 9.945599664326360001e-02
-3.267389531365603617e+00 9.842185516400338285e-02
-3.254779360863460091e+00 9.738844902141606530e-02
-3.242169190361317455e+00 9.635599496601002234e-02
-3.229559019859173929e+00 9.532470690714747730e-02
-3.216948849357030404e+00 9.429479585244252005e-02
-3.204338678854887767e+00 9.326646984950012764e-02
-3.191728508352744242e+00 9.223993393003229735e-02
-3.179118337850600717e+00 9.121539005632658959e-02
-3.166508167348458080e+00 9.019303707010287163e-02
-3.153897996846314555e+00 8.917307064373961034e-02
-3.141287826344171030e+00 8.815568323388676963e-02
-3.128677655842028393e+00 8.714106403745652818e-02
-3.116067485339884868e+00 8.612939894999450952e-02
-3.103457314837741343e+00 8.512087052642625107e-02
-3.090847144335598706e+00 8.411565794417580344e-02
-3.078236973833455181e+00 8.311393696864503855e-02
-3.065626803331311656e+00 8.211587992105016942e-02
-3.053016632829169019e+00 8.112165564859943889e-02
-3.040406462327025494e+00 8.013142949700395590e-02
-3.027796291824881969e+00 7.914536328530684395e-02
-3.015186121322739332e+00 7.816361528301143946e-02
-3.002575950820595807e+00 7.718634018949728504e-02
-2.989965780318452282e+00 7.621368911570242100e-02
-2.977355609816309645e+00 7.524580956804745313e-02
-2.964745439314166120e+00 7.428284543459048872e-02
-2.952135268812022595e+00 7.332493697337769123e-02
-2.939525098309879958e+00 7.237222080297374405e-02
-2.926914927807736433e+00 7.142482989514184477e-02
-2.914304757305592908e+00 7.048289356964942964e-02
-2.901694586803450271e+00 6.954653749116601613e-02
-2.889084416301306746e+00 6.861588366823281882e-02
-2.876474245799163221e+00 6.769105045426057621e-02
-2.863864075297020584e+00 6.677215255053785270e-02
-2.851253904794877059e+00 6.585930101120487934e-02
-2.838643734292733534e+00 6.495260325016609382e-02
-2.826033563790590897e+00 6.405216304990575538e-02
-2.813423393288447372e+00 6.315808057216722171e-02
-2.800813222786303847e+00 6.227045237046301140e-02
-2.788203052284161210e+00 6.138937140437646101e-02
-2.775592881782017685e+00 6.051492705561729857e-02
-2.762982711279874160e+00 5.964720514578953497e-02
-2.750372540777731523e+00 5.878628795583693001e-02
-2.737762370275587998e+00 5.793225424712139526e-02
-2.725152199773444472e+00 5.708517928409415076e-02
-2.712542029271301836e+00 5.624513485851927175e-02
-2.699931858769158310e+00 5.541218931520594526e-02
-2.687321688267014785e+00 5.458640757921030123e-02
-2.674711517764872148e+00 5.376785118445844697e-02
-2.662101347262728623e+00 5.295657830375159747e-02
-2.649491176760585098e+00 5.215264378010864982e-02
-2.636881006258442461e+00 5.135609915940278491e-02
-2.624270835756298936e+00 5.056699272424476643e-02
-2.611660665254155411e+00 4.978536952907399588e-02
-2.599050494752012774e+00 4.901127143640868905e-02
-2.586440324249869249e+00 4.824473715421084830e-02
-2.573830153747725724e+00 4.748580227432402934e-02
-2.561219983245583087e+00 4.673449931193710688e-02
-2.548609812743439562e+00 4.599085774602835325e-02
-2.535999642241296037e+00 4.525490406074972327e-02
-2.523389471739152512e+00 4.452666178770027516e-02
-2.510779301237009875e+00 4.380615154905083408e-02
-2.498169130734866350e+00 4.309339110147088897e-02
-2.485558960232722825e+00 4.238839538081717179e-02
-2.472948789730580188e+00 4.169117654753626279e-02
-2.460338619228436663e+00 4.100174403274282203e-02
-2.447728448726293138e+00 4.032010458492551325e-02
-2.435118278224150501e+00 3.964626231724056871e-02
-2.422508107722006976e+00 3.898021875534997405e-02
-2.409897937219863451e+00 3.832197288576121019e-02
-2.397287766717720814e+00 3.767152120462911175e-02
-2.384677596215577289e+00 3.702885776697509984e-02
-2.372067425713433764e+00 3.639397423628840805e-02
-2.359457255211291127e+00 3.576685993446349771e-02
-2.346847084709147602e+00 3.514750189203749015e-02
-2.334236914207004077e+00 3.453588489868826550e-02
-2.321626743704861440e+00 3.393199155395353050e-02
-2.309016573202717915e+00 3.333580231813473155e-02
-2.296406402700574390e+00 3.274729556334556035e-02
-2.283796232198431753e+00 3.216644762467375102e-02
-2.271186061696288228e+00 3.159323285141376475e-02
-2.258575891194144702e+00 3.102762365834029618e-02
-2.245965720692002066e+00 3.046959057698666110e-02
-2.233355550189858540e+00 2.991910230689278499e-02
-2.220745379687715015e+00 2.937612576679138679e-02
-2.208135209185572378e+00 2.884062614569946059e-02
-2.195525038683428853e+00 2.831256695388446529e-02
-2.182914868181285328e+00 2.779191007367273064e-02
-2.170304697679142691e+00 2.727861581007144653e-02
-2.157694527176999166e+00 2.677264294117464791e-02
-2.145084356674855641e+00 2.627394876832559942e-02
-2.132474186172713004e+00 2.578248916600595422e-02
-2.119864015670569479e+00 2.529821863142785524e-02
-2.107253845168425954e+00 2.482109033380056062e-02
-2.094643674666283317e+00 2.435105616324778274e-02
-2.082033504164139792e+00 2.388806677935135028e-02
-2.069423333661996267e+00 2.343207165929779914e-02
-2.056813163159853630e+00 2.298301914560456696e-02
-2.044202992657710105e+00 2.254085649340527645e-02
-2.031592822155566580e+00 2.210552991727224997e-02
-2.018982651653423943e+00 2.167698463755688212e-02
-2.006372481151280418e+00 2.125516492622765014e-02
-1.993762310649136893e+00 2.084001415218851919e-02
-1.981152140146994256e+00 2.043147482605971871e-02
-1.968541969644850731e+00 2.002948864440335167e-02
-1.955931799142707206e+00 1.963399653337982720e-02
-1.943321628640564569e+00 1.924493869181762365e-02
-1.930711458138421044e+00 1.886225463368429792e-02
-1.918101287636277519e+00 1.848588322994314248e-02
-1.905491117134134882e+00 1.811576274978557444e-02
-1.892880946631991357e+00 1.775183090122364055e-02
-1.880270776129847832e+00 1.739402487103540104e-02
-1.867660605627705195e+00 1.704228136405034830e-02
-1.855050435125561670e+00 1.669653664176510080e-02
-1.842440264623418145e+00 1.635672656028283600e-02
-1.829830094121275508e+00 1.602278660756618553e-02
-1.817219923619131983e+00 1.569465193999669897e-02
-1.804609753116988458e+00 1.537225741823515859e-02
-1.791999582614845821e+00 1.505553764237569335e-02
-1.779389412112702296e+00 1.474442698638909512e-02
-1.766779241610558771e+00 1.443885963185064306e-02
-1.754169071108415245e+00 1.413876960094826926e-02
-1.741558900606272609e+00 1.384409078876858157e-02
-1.728948730104129083e+00 1.355475699485699133e-02
-1.716338559601985558e+00 1.327070195405118114e-02
-1.703728389099842921e+00 1.299185936658587594e-02
-1.691118218597699396e+00 1.271816292746835893e-02
-1.678508048095555871e+00 1.244954635512429339e-02
-1.665897877593413234e+00 1.218594341931502310e-02
-1.653287707091269709e+00 1.192728796832642595e-02
-1.640677536589126184e+00 1.167351395543135550e-02
-1.628067366086983547e+00 1.142455546462758757e-02
-1.615457195584840022e+00 1.118034673565376780e-02
-1.602847025082696497e+00 1.094082218828644135e-02
-1.590236854580553860e+00 1.070591644592190292e-02
-1.577626684078410335e+00 1.047556435844593410e-02
-1.565016513576266810e+00 1.024970102439756031e-02
-1.552406343074124173e+00 1.002826181242981972e-02
-1.539796172571980648e+00 9.811182382074040698e-03
-1.527186002069837123e+00 9.598398703813033200e-03
-1.514575831567694486e+00 9.389847078468883945e-03
-1.501965661065550961e+00 9.185464155912296050e-03
-1.489355490563407436e+00 8.985186953099874238e-03
-1.476745320061264799e+00 8.788952871447092488e-03
-1.464135149559121274e+00 8.596699713543010449e-03
-1.451524979056977749e+00 8.408365699216647365e-03
-1.438914808554835112e+00 8.223889480960982698e-03
-1.426304638052691587e+00 8.043210158724013389e-03
-1.413694467550548062e+00 7.866267294075491093e-03
-1.401084297048405425e+00 7.693000923757686849e-03
-1.388474126546261900e+00 7.523351572629734599e-03
-1.375863956044118375e+00 7.357260266014377208e-03
-1.363253785541975738e+00 7.194668541457225827e-03
-1.350643615039832213e+00 7.035518459907650311e-03
-1.338033444537688688e+00 6.879752616331711625e-03
-1.325423274035546051e+00 6.727314149766591353e-03
-1.312813103533402526e+00 6.578146752827495648e-03
-1.300202933031259001e+00 6.432194680676462696e-03
-1.287592762529116364e+00 6.289402759464567116e-03
-1.274982592026972839e+00 6.149716394257031919e-03
-1.262372421524829313e+00 6.013081576452964337e-03
-1.249762251022686677e+00 5.879444890709789075e-03
-1.237152080520543151e+00 5.748753521383431764e-03
-1.224541910018399626e+00 5.620955258495477155e-03
-1.211931739516256989e+00 5.495998503237923757e-03
-1.199321569014113464e+00 5.373832273026706539e-03
-1.186711398511969939e+00 5.254406206115055239e-03
-1.174101228009827302e+00 5.137670565778117496e-03
-1.161491057507683777e+00 5.023576244079098162e-03
-1.148880887005540252e+00 4.912074765229326734e-03
-1.136270716503397615e+00 4.803118288552120016e-03
-1.123660546001254090e+00 4.696659611062380113e-03
-1.111050375499110565e+00 4.592652169672732480e-03
-1.098440204996967928e+00 4.491050043037344425e-03
-1.085830034494824403e+00 4.391807953044370161e-03
-1.073219863992680878e+00 4.294881265968109041e-03
-1.060609693490538241e+00 4.200225993291827400e-03
-1.047999522988394716e+00 4.107798792212032264e-03
-1.035389352486251191e+00 4.017556965835174243e-03
-1.022779181984108554e+00 3.929458463077330210e-03
-1.010169011481965029e+00 3.843461878277676987e-03
-9.975588409798215039e-01 3.759526450536435863e-03
-9.849486704776788670e-01 3.677612062787433481e-03
-9.723384999755353419e-01 3.597679240616121106e-03
-9.597283294733918169e-01 3.519689150833026949e-03
-9.471181589712491800e-01 3.443603599813032951e-03
-9.345079884691056549e-01 3.369385031610412553e-03
-9.218978179669621298e-01 3.296996525859767144e-03
-9.092876474648186047e-01 3.226401795472577834e-03
-8.966774769626759678e-01 3.157565184139209721e-03
-8.840673064605324427e-01 3.090451663645877971e-03
-8.714571359583889176e-01 3.025026831016159636e-03
-8.588469654562462807e-01 2.961256905486295971e-03
-8.462367949541027556e-01 2.899108725323619809e-03
-8.336266244519592306e-01 2.838549744497063064e-03
-8.210164539498165936e-01 2.779548029208668211e-03
-8.084062834476730686e-01 2.722072254295091788e-03
-7.957961129455295435e-01 2.666091699507521125e-03
-7.831859424433869066e-01 2.611576245678562998e-03
-7.705757719412433815e-01 2.558496370784519788e-03
-7.579656014390998564e-01 2.506823145911268782e-03
-7.453554309369572195e-01 2.456528231131629818e-03
-7.327452604348136944e-01 2.407583871302326328e-03
-7.201350899326701693e-01 2.359962891788176462e-03
-7.075249194305275324e-01 2.313638694121095043e-03
-6.949147489283840073e-01 2.268585251601389942e-03
-6.823045784262404823e-01 2.224777104848682519e-03
-6.696944079240978454e-01 2.182189357309425714e-03
-6.570842374219543203e-01 2.140797670728111779e-03
-6.444740669198107952e-01 2.100578260589101593e-03
-6.318638964176681583e-01 2.061507891535382594e-03
-6.192537259155246332e-01 2.023563872771170797e-03
-6.066435554133811081e-01 1.986724053454489575e-03
-5.940333849112384712e-01 1.950966818085918611e-03
-5.814232144090949461e-01 1.916271081899690145e-03
-5.688130439069514210e-01 1.882616286262934297e-03
-5.562028734048087841e-01 1.849982394088795683e-03
-5.435927029026652590e-01 1.818349885269161933e-03
-5.309825324005217340e-01 1.787699752132268808e-03
-5.183723618983790971e-01 1.758013494930624372e-03
-5.057621913962355720e-01 1.729273117364311116e-03
-4.931520208940920469e-01 1.701461122144703238e-03
-4.805418503919494100e-01 1.674560506603500320e-03
-4.679316798898058849e-01 1.648554758351710196e-03
-4.553215093876623598e-01 1.623427850993230948e-03
-4.427113388855197229e-01 1.599164239897383783e-03
-4.301011683833761978e-01 1.575748858034817972e-03
-4.174909978812326727e-01 1.553167111880768367e-03
-4.048808273790900358e-01 1.531404877389883935e-03
-3.922706568769465107e-01 1.510448496046302297e-03
-3.796604863748029857e-01 1.490284770992912665e-03
-3.670503158726603488e-01 1.470900963243292016e-03
-3.544401453705168237e-01 1.452284787979834894e-03
-3.418299748683732986e-01 1.434424410941532654e-03
-3.292198043662306617e-01 1.417308444904412943e-03
-3.166096338640871366e-01 1.400925946258029745e-03
-3.039994633619436115e-01 1.385266411680725765e-03
-2.913892928598009746e-01 1.370319774916693148e-03
-2.787791223576574495e-01 1.356076403657505321e-03
-2.661689518555139244e-01 1.342527096530725080e-03
-2.535587813533712875e-01 1.329663080198121607e-03
-2.409486108512277625e-01 1.317476006565871695e-03
-2.283384403490842374e-01 1.305957950108986663e-03
-2.157282698469416005e-01 1.295101405312119478e-03
-2.031180993447980754e-01 1.284899284228844391e-03
-1.907296212577645478e-01 1.275507326787124430e-03
-1.790751809198734557e-01 1.267237247031900845e-03
-1.681328766829025823e-01 1.259967185681427340e-03
-1.578591939883211837e-01 1.253574145376114930e-03
-1.482132772030496648e-01 1.247950712515752836e-03
-1.391567671477560997e-01 1.243002984195112556e-03
-1.306536485528615454e-01 1.238648791695569958e-03
-1.226701068356443602e-01 1.234816173916429343e-03
-1.151743936288669723e-01 1.231442062250694743e-03
-1.081367005261812397e-01 1.228471144978023587e-03
-1.015290405422311915e-01 1.225854884581310941e-03
-9.532513681604738720e-02 1.223550665743915189e-03
-8.950031811513789459e-02 1.221521055347847551e-03
-8.403142072473115953e-02 1.219733158725298935e-03
-7.889669633199995757e-02 1.218158058837803554e-03
-7.407572553895482026e-02 1.216770327067683748e-03
-6.954933666007066806e-02 1.215547595980936025e-03
-6.529952948172380867e-02 1.214470185822248477e-03
-6.130940368025181858e-02 1.213520777679768939e-03
-5.756309161397969026e-02 1.212684127249916881e-03
-5.404569522193657799e-02 1.211946813972546253e-03
-5.074322677833183887e-02 1.211297021020119524e-03
-4.764255326718694339e-02 1.210724342232535758e-03
-4.473134415591366320e-02 1.210219612608836931e-03
-4.199802236014917034e-02 1.209774759412197455e-03
-3.943171820485173729e-02 1.209382671327724479e-03
-3.702222619856760516e-02 1.209037083442111556e-03
-3.475996444897584692e-02 1.208732476099229174e-03
-3.263593655831751456e-02 1.208463985932161765e-03
-3.064169584717604811e-02 1.208227327585940664e-03
-2.876931176433708895e-02 1.208018724830907473e-03
-2.701133834915109624e-02 1.207834849928087623e-03
-2.536078462097863737e-02 1.207672770248705441e-03
-2.381108677796769241e-02 1.207529901272745175e-03
-2.235608209460499679e-02 1.207403965198464895e-03
-2.098998441423788677e-02 1.207292954488779465e-03
-1.970736113910750986e-02 1.207195099762107529e-03
-1.850311162639044910e-02 1.207108841507340295e-03
-1.737244690433337180e-02 1.207032805165367132e-03
-1.631087062781888183e-02 1.206965779174881898e-03
-1.531416119762810286e-02 1.206906695628553886e-03
-1.437835497229224616e-02 1.206854613228244702e-03
-1.349973050577157364e-02 1.206808702265284089e-03
-1.267479374828037013e-02 1.206768231384538039e-03
-1.190026415140387275e-02 1.206732555920087598e-03
-1.117306162225225469e-02 1.206701107615439691e-03
-1.049029427477177374e-02 1.206673385563728417e-03
-9.849246929502866038e-03 1.206648948222861176e-03
-9.247370316051994887e-03 1.206627406377922245e-03
-8.682270935339195597e-03 1.206608416938330071e-03
-8.151701541304996398e-03 1.206591677470596246e-03
-7.653552204225974771e-03 1.206576921379458192e-03
-7.185841920100037063e-03 1.206563913660320918e-03
-6.746710732733945948e-03 1.206552447155317606e-03
-6.334412337204842376e-03 1.206542339253200737e-03
-5.947307135282262590e-03 1.206533428980428521e-03
-5.583855715193143839e-03 1.206525574437038910e-03
-5.242612729801200168e-03 1.206518650536446500e-03
-4.922221148855803613e-03 1.206512547013139291e-03
-4.621406862452884928e-03 1.206507166666428380e-03
-4.338973614247355545e-03 1.206502423812413471e-03
-4.073798244268176869e-03 1.206498242919335330e-03
-3.824826222417472815e-03 1.206494557404661936e-03
-3.591067454892035368e-03 1.206491308574735716e-03
-3.371592346850472034e-03 1.206488444690043387e-03
-3.165528105668122608e-03 1.206485920141258088e-03
-2.972055270078842893e-03 1.206483694722903285e-03
-2.790404451401243442e-03 1.206481732993108400e-03
-2.619853273889739126e-03 1.206480003709182493e-03
-2.459723502043294555e-03 1.206478479330100979e-03
-2.309378343447928035e-03 1.206477135577925476e-03
-2.168219916426995363e-03 1.206475951051193349e-03
-2.035686872428882702e-03 1.206474906884097897e-03
-1.911252163696946192e-03 1.206473986446083462e-03
-1.794420947344431763e-03 1.206473175076992191e-03
-1.684728617499294890e-03 1.206472459853627933e-03
-1.581738957693386684e-03 1.206471829383962743e-03
-1.485042406148618429e-03 1.206471273625698464e-03
-1.394254427061488973e-03 1.206470783726387675e-03
-1.309013981409089993e-03 1.206470351882427995e-03
-1.228982091195453740e-03 1.206469971214815980e-03
-1.153840491428526288e-03 1.206469635659604325e-03
-1.083290364467113165e-03 1.206469339871309209e-03
-1.017051151704679570e-03 1.206469079137813868e-03
-9.548594378642998991e-04 1.206468849305309277e-03
-8.964679034679587247e-04 1.206468646712150015e-03
-8.416443413144891576e-04 1.206468468130548902e-03
-7.901707330548732918e-04 1.206468310715163271e-03
-7.418423821927417998e-04 1.206468171957796997e-03
-6.964671000622763746e-04 1.206468049647432036e-03
-6.538644415463101345e-04 1.206467941835043895e-03
-6.138649874953195544e-04 1.206467846802540544e-03
-5.763096709937077546e-04 1.206467763035406690e-03
-5.410491447940707658e-04 1.206467689198594375e-03
-5.079431874039339089e-04 1.206467624115233148e-03
-4.768601454631505969e-04 1.206467566747920208e-03
-4.476764101943878299e-04 1.206467516182170704e-03
-4.202759258447686459e-04 1.206467471611866443e-03
-3.945497281637799845e-04 1.206467432326415465e-03
-3.703955110821903832e-04 1.206467397699422786e-03
-3.477172198687347553e-04 1.206467367178729608e-03
-3.264246691466341703e-04 1.206467340277604184e-03
-3.064331842509692436e-04 1.206467316566996054e-03
-2.876632645006474724e-04 1.206467295668704493e-03
-2.700402670458676067e-04 1.206467277249336899e-03
-2.534941100338807115e-04 1.206467261015028731e-03
-2.379589939125882462e-04 1.206467246706730044e-03
-2.233731397636618432e-04 1.206467234096095503e-03
-2.096785436246481258e-04 1.206467222981841888e-03
-1.968207458230403738e-04 1.206467213186536913e-03
-1.847486144050079770e-04 1.206467204553789184e-03
-1.734141417975726429e-04 1.206467196945745866e-03
-1.627722538955931274e-04 1.206467190240875917e-03
-1.527806308143372189e-04 1.206467184332071872e-03
-1.433995385948514170e-04 1.206467179124913382e-03
-1.345916711928507147e-04 1.206467174536176874e-03
-1.263220021227506255e-04 1.206467170492499155e-03
-1.185576451668948804e-04 1.206467166929222311e-03
-1.112677235960431003e-04 1.206467163789347015e-03
-1.044232473810362147e-04 1.206467161022638712e-03
-9.799699790736354202e-05 1.206467158584810778e-03
-9.196341973416139544e-05 1.206467156436834103e-03
-8.629851896719176359e-05 1.206467154544305000e-03
-8.097976784167412539e-05 1.206467152876903757e-03
-7.598601513551331310e-05 1.206467151407898501e-03
-7.129740205665540287e-05 1.206467150113734723e-03
-6.689528327009240302e-05 1.206467148973645181e-03
-6.276215275045356852e-05 1.206467147969333747e-03
-5.888157416531500463e-05 1.206467147084674865e-03
-5.523811551239205268e-05 1.206467146305440982e-03
-5.181728775067791524e-05 1.206467145619116504e-03
-4.860548718147756638e-05 1.206467145014648639e-03
-4.558994135021126844e-05 1.206467144482313396e-03
-4.275865825384858419e-05 1.206467144013523892e-03
-4.010037865198160146e-05 1.206467143600734081e-03
-3.760453129189908716e-05 1.206467143237273301e-03
-3.526119086959958525e-05 1.206467142917270812e-03
-3.306103855956327154e-05 1.206467142635559309e-03
-3.099532495632644548e-05 1.206467142387574951e-03
-2.905583528048395544e-05 1.206467142169304020e-03
-2.723485671075096226e-05 1.206467141977201393e-03
-2.552514771217800657e-05 1.206467141808148036e-03
-2.391990923854284747e-05 1.206467141659402003e-03
-2.241275769439721272e-05 1.206467141528533597e-03
-2.099769954925015053e-05 1.206467141413408673e-03
-1.966910750293300909e-05 1.206467141312150696e-03
-1.842169810736080741e-05 1.206467141223105388e-03
-1.725051075570132930e-05 1.206467141144808644e-03
-1.615088795539561633e-05 1.206467141075973949e-03
-1.511845680657980123e-05 1.206467141015470481e-03
-1.414911161225593266e-05 1.206467140962299905e-03
-1.323899755105558475e-05 1.206467140915587488e-03
-1.238449534766613459e-05 1.206467140874553255e-03
-1.158220687996078599e-05 1.206467140838517627e-03
-1.082894166559426607e-05 1.206467140806881042e-03
-1.012170417432434343e-05 1.206467140779112672e-03
-9.457681915605696142e-06 1.206467140754746530e-03
-8.834234254082606896e-06 1.206467140733373218e-03
-8.248881908502043135e-06 1.206467140714637121e-03
-7.699297092288845179e-06 1.206467140698210157e-03
-7.183294256573823982e-06 1.206467140683815855e-03
-6.698821398861734940e-06 1.206467140671211137e-03
-6.243951902777456888e-06 1.206467140660182633e-03
-5.816876876438485798e-06 1.206467140650525644e-03
-5.415897958985060038e-06 1.206467140642086214e-03
-5.039420566662596439e-06 1.206467140634708436e-03
-4.685947551597296836e-06 1.206467140628265239e-03
-4.354073248047161842e-06 1.206467140622642783e-03
-4.042477882453245495e-06 1.206467140617741322e-03
-3.749922325059951160e-06 1.206467140613464795e-03
-3.475243162234227762e-06 1.206467140609748584e-03
-3.217348069887064443e-06 1.206467140606516794e-03
-2.975211469598384632e-06 1.206467140603703940e-03
-2.747870450171603521e-06 1.206467140601265135e-03
-2.534420938398601179e-06 1.206467140599153109e-03
-2.334014103807039897e-06 1.206467140597323844e-03
-2.145852983093271333e-06 1.206467140595742426e-03
-1.969189310816785935e-06 1.206467140594381536e-03
-1.803320543752548581e-06 1.206467140593206911e-03
-1.647587067068355029e-06 1.206467140592202940e-03
-1.501369571216668681e-06 1.206467140591337096e-03
-1.364086589109387048e-06 1.206467140590600923e-03
-1.235192183781944781e-06 1.206467140589972953e-03
-1.114173777351006344e-06 1.206467140589442561e-03
-1.000550112631961414e-06 1.206467140588992617e-03
-8.938693393104654022e-07 1.206467140588612062e-03
-7.937072170570570337e-07 1.206467140588297210e-03
-6.996654284390261791e-07 1.206467140588032448e-03
-6.113699949207071113e-07 1.206467140587817125e-03
-5.284697896529079203e-07 1.206467140587636063e-03
-4.506351411371571005e-07 1.206467140587494467e-03
-3.775565222121384326e-07 1.206467140587379975e-03
-3.089433191486484405e-07 1.206467140587291938e-03
-2.445226759580218821e-07 1.206467140587226669e-03
-1.840384093183425875e-07 1.206467140587175278e-03
-1.272499898032904365e-07 1.206467140587144053e-03
-7.393158536218592144e-08 1.206467140587126922e-03
-2.387116324756687046e-08 1.206467140587114129e-03
2.387116324756687046e-08 1.206467140587114129e-03
7.393158536217865548e-08 1.206467140587126922e-03
1.272499898032904365e-07 1.206467140587144053e-03
1.840384093183425875e-07 1.206467140587175278e-03
2.445226759580130942e-07 1.206467140587226669e-03
3.089433191486484405e-07 1.206467140587291938e-03
3.775565222121384326e-07 1.206467140587379975e-03
4.506351411371465126e-07 1.206467140587494467e-03
5.284697896529079203e-07 1.206467140587636063e-03
6.113699949207071113e-07 1.206467140587817125e-03
6.996654284390133677e-07 1.206467140588032448e-03
7.937072170570570337e-07 1.206467140588297210e-03
8.938693393104654022e-07 1.206467140588612062e-03
1.000550112631946167e-06 1.206467140588992617e-03
1.114173777351006344e-06 1.206467140589442561e-03
1.235192183781944781e-06 1.206467140589972953e-03
1.364086589109368413e-06 1.206467140590600923e-03
1.501369571216668681e-06 1.206467140591337096e-03
1.647587067068355029e-06 1.206467140592202940e-03
1.803320543752526134e-06 1.206467140593206911e-03
1.969189310816785935e-06 1.206467140594381536e-03
2.145852983093271333e-06 1.206467140595742426e-03
2.334014103807012369e-06 1.206467140597323844e-03
2.534420938398601179e-06 1.206467140599153109e-03
2.747870450171603521e-06 1.206467140601265135e-03
2.975211469598351597e-06 1.206467140603703940e-03
3.217348069887064443e-06 1.206467140606516794e-03
3.475243162234227762e-06 1.206467140609748584e-03
3.749922325059911349e-06 1.206467140613464795e-03
4.042477882453245495e-06 1.206467140617741322e-03
4.354073248047161842e-06 1.206467140622642783e-03
4.685947551597248555e-06 1.206467140628265239e-03
5.039420566662596439e-06 1.206467140634708436e-03
5.415897958985004981e-06 1.206467140642086214e-03
5.816876876438427352e-06 1.206467140650525644e-03
6.243951902777456888e-06 1.206467140660182633e-03
6.698821398861668871e-06 1.206467140671211137e-03
7.183294256573753678e-06 1.206467140683815855e-03
7.699297092288845179e-06 1.206467140698210157e-03
8.248881908501963514e-06 1.206467140714637121e-03
8.834234254082522193e-06 1.206467140733373218e-03
9.457681915605696142e-06 1.206467140754746530e-03
1.012170417432424687e-05 1.206467140779112672e-03
1.082894166559416273e-05 1.206467140806881042e-03
1.158220687996078599e-05 1.206467140838517627e-03
1.238449534766601939e-05 1.206467140874553255e-03
1.323899755105545939e-05 1.206467140915587488e-03
1.414911161225593266e-05 1.206467140962299905e-03
1.511845680657965724e-05 1.206467141015470481e-03
1.615088795539546725e-05 1.206467141075973949e-03
1.725051075570132930e-05 1.206467141144808644e-03
1.842169810736063801e-05 1.206467141223105388e-03
1.966910750293282952e-05 1.206467141312150696e-03
2.099769954925015053e-05 1.206467141413408673e-03
2.241275769439700604e-05 1.206467141528533597e-03
2.391990923854262385e-05 1.206467141659402003e-03
2.552514771217800657e-05 1.206467141808148036e-03
2.723485671075071492e-05 1.206467141977201393e-03
2.905583528048369117e-05 1.206467142169304020e-03
3.099532495632644548e-05 1.206467142387574951e-03
3.306103855956297338e-05 1.206467142635559309e-03
3.526119086959926676e-05 1.206467142917270812e-03
3.760453129189908716e-05 1.206467143237273301e-03
4.010037865198123555e-05 1.206467143600734081e-03
4.275865825384819795e-05 1.206467144013523892e-03
4.558994135021126844e-05 1.206467144482313396e-03
4.860548718147712592e-05 1.206467145014648639e-03
5.181728775067744768e-05 1.206467145619116504e-03
5.523811551239205268e-05 1.206467146305440982e-03
5.888157416531447608e-05 1.206467147084674865e-03
6.276215275045299931e-05 1.206467147969333747e-03
6.689528327009240302e-05 1.206467148973645181e-03
7.129740205665476590e-05 1.206467150113734723e-03
7.598601513551263547e-05 1.206467151407898501e-03
8.097976784167412539e-05 1.206467152876903757e-03
8.629851896719099109e-05 1.206467154544305000e-03
9.196341973416056873e-05 1.206467156436834103e-03
9.799699790736354202e-05 1.206467158584810778e-03
1.044232473810352796e-04 1.206467161022638712e-03
1.112677235960420974e-04 1.206467163789347015e-03
1.185576451668948804e-04 1.206467166929222311e-03
1.263220021227494871e-04 1.206467170492499155e-03
1.345916711928494950e-04 1.206467174536176874e-03
1.433995385948514170e-04 1.206467179124913382e-03
1.527806308143358637e-04 1.206467184332071872e-03
1.627722538955916909e-04 1.206467190240875917e-03
1.734141417975726429e-04 1.206467196945745866e-03
1.847486144050063236e-04 1.206467204553789184e-03
1.968207458230386390e-04 1.206467213186536913e-03
2.096785436246481258e-04 1.206467222981841888e-03
2.233731397636598375e-04 1.206467234096095503e-03
2.379589939125861320e-04 1.206467246706730044e-03
2.534941100338807115e-04 1.206467261015028731e-03
2.700402670458652214e-04 1.206467277249336899e-03
2.876632645006474724e-04 1.206467295668704493e-03
3.064331842509692436e-04 1.206467316566996054e-03
3.264246691466312429e-04 1.206467340277604184e-03
3.477172198687347553e-04 1.206467367178729608e-03
3.703955110821903832e-04 1.206467397699422786e-03
3.945497281637764609e-04 1.206467432326415465e-03
4.202759258447686459e-04 1.206467471611866443e-03
4.476764101943878299e-04 1.206467516182170704e-03
4.768601454631463685e-04 1.206467566747920208e-03
5.079431874039339089e-04 1.206467624115233148e-03
5.410491447940683806e-04 1.206467689198594375e-03
5.763096709937052609e-04 1.206467763035406690e-03
6.138649874953195544e-04 1.206467846802540544e-03
6.538644415463072072e-04 1.206467941835043895e-03
6.964671000622733388e-04 1.206468049647432036e-03
7.418423821927417998e-04 1.206468171957796997e-03
7.901707330548697139e-04 1.206468310715163271e-03
8.416443413144852545e-04 1.206468468130548902e-03
8.964679034679587247e-04 1.206468646712150015e-03
9.548594378642956708e-04 1.206468849305309277e-03
1.017051151704675017e-03 1.206469079137813868e-03
1.083290364467113165e-03 1.206469339871309209e-03
1.153840491428521084e-03 1.206469635659604325e-03
1.228982091195448319e-03 1.206469971214815980e-03
1.309013981409089993e-03 1.206470351882427995e-03
1.394254427061482901e-03 1.206470783726387675e-03
1.485042406148611707e-03 1.206471273625698464e-03
1.581738957693386684e-03 1.206471829383962743e-03
1.684728617499287517e-03 1.206472459853627933e-03
1.794420947344423523e-03 1.206473175076992191e-03
1.911252163696946192e-03 1.206473986446083462e-03
2.035686872428873594e-03 1.206474906884097897e-03
2.168219916426985822e-03 1.206475951051193349e-03
2.309378343447928035e-03 1.206477135577925476e-03
2.459723502043281544e-03 1.206478479330100979e-03
2.619853273889716141e-03 1.206480003709182493e-03
2.790404451401243442e-03 1.206481732993108400e-03
2.972055270078832485e-03 1.206483694722903285e-03
3.165528105668094852e-03 1.206485920141258088e-03
3.371592346850472034e-03 1.206488444690043387e-03
3.591067454892016286e-03 1.206491308574735716e-03
3.824826222417438987e-03 1.206494557404661936e-03
4.073798244268176869e-03 1.206498242919335330e-03
4.338973614247340800e-03 1.206502423812413471e-03
4.621406862452843295e-03 1.206507166666428380e-03
4.922221148855803613e-03 1.206512547013139291e-03
5.242612729801172412e-03 1.206518650536446500e-03
5.583855715193094399e-03 1.206525574437038910e-03
5.947307135282262590e-03 1.206533428980428521e-03
6.334412337204820692e-03 1.206542339253200737e-03
6.746710732733886100e-03 1.206552447155317606e-03
7.185841920100037063e-03 1.206563913660320918e-03
7.653552204225934005e-03 1.206576921379458192e-03
8.151701541304925275e-03 1.206591677470596246e-03
8.682270935339195597e-03 1.206608416938330071e-03
9.247370316051963662e-03 1.206627406377922245e-03
9.849246929502777567e-03 1.206648948222861176e-03
1.049029427477177374e-02 1.206673385563728417e-03
1.117306162225219397e-02 1.206701107615439691e-03
1.190026415140376694e-02 1.206732555920087598e-03
1.267479374828037013e-02 1.206768231384538039e-03
1.349973050577152334e-02 1.206808702265284089e-03
1.437835497229211779e-02 1.206854613228244702e-03
1.531416119762810286e-02 1.206906695628553886e-03
1.631087062781879510e-02 1.206965779174881898e-03
1.737244690433321567e-02 1.207032805165367132e-03
1.850311162639044910e-02 1.207108841507340295e-03
1.970736113910743700e-02 1.207195099762107529e-03
2.098998441423769942e-02 1.207292954488779465e-03
2.235608209460499679e-02 1.207403965198464895e-03
2.381108677796757098e-02 1.207529901272745175e-03
2.536078462097841185e-02 1.207672770248705441e-03
2.701133834915109624e-02 1.207834849928087623e-03
2.876931176433698834e-02 1.208018724830907473e-03
3.064169584717577749e-02 1.208227327585940664e-03
3.263593655831751456e-02 1.208463985932161765e-03
3.475996444897566651e-02 1.208732476099229174e-03
3.702222619856727903e-02 1.209037083442111556e-03
3.943171820485173729e-02 1.209382671327724479e-03
4.199802236014902462e-02 1.209774759412197455e-03
4.473134415591326768e-02 1.210219612608836931e-03
4.764255326718694339e-02 1.210724342232535758e-03
5.074322677833156825e-02 1.211297021020119524e-03
5.404569522193609227e-02 1.211946813972546253e-03
5.756309161397969026e-02 1.212684127249916881e-03
6.130940368025160347e-02 1.213520777679768939e-03
6.529952948172323968e-02 1.214470185822248477e-03
6.954933666007066806e-02 1.215547595980936025e-03
7.407572553895443168e-02 1.216770327067683748e-03
7.889669633199926368e-02 1.218158058837803554e-03
8.403142072473115953e-02 1.219733158725298935e-03
8.950031811513757540e-02 1.221521055347847551e-03
9.532513681604654066e-02 1.223550665743915189e-03
1.015290405422311915e-01 1.225854884581310941e-03
1.081367005261806707e-01 1.228471144978023587e-03
1.151743936288659592e-01 1.231442062250694743e-03
1.226701068356443602e-01 1.234816173916429343e-03
1.306536485528610736e-01 1.238648791695569958e-03
1.391567671477548507e-01 1.243002984195112556e-03
1.482132772030496648e-01 1.247950712515752836e-03
1.578591939883203232e-01 1.253574145376114930e-03
1.681328766829011112e-01 1.259967185681427340e-03
1.790751809198728173e-01 1.267237247031898677e-03
1.907296212577638539e-01 1.275507326787124430e-03
2.031180993447962990e-01 1.284899284228844391e-03
2.157282698469407123e-01 1.295101405312121864e-03
2.283384403490833492e-01 1.305957950108986663e-03
2.409486108512259861e-01 1.317476006565871695e-03
2.535587813533703994e-01 1.329663080198119221e-03
2.661689518555130363e-01 1.342527096530725080e-03
2.787791223576556732e-01 1.356076403657505321e-03
2.913892928598000864e-01 1.370319774916693148e-03
3.039994633619427233e-01 1.385266411680725765e-03
3.166096338640853602e-01 1.400925946258027360e-03
3.292198043662297735e-01 1.417308444904410341e-03
3.418299748683724104e-01 1.434424410941530052e-03
3.544401453705150473e-01 1.452284787979837496e-03
3.670503158726594606e-01 1.470900963243289413e-03
3.796604863748020975e-01 1.490284770992912665e-03
3.922706568769447344e-01 1.510448496046299695e-03
4.048808273790891477e-01 1.531404877389883935e-03
4.174909978812317846e-01 1.553167111880765549e-03
4.301011683833744215e-01 1.575748858034811033e-03
4.427113388855188347e-01 1.599164239897383783e-03
4.553215093876614716e-01 1.623427850993228129e-03
4.679316798898041085e-01 1.648554758351707377e-03
4.805418503919485218e-01 1.674560506603497284e-03
4.931520208940911587e-01 1.701461122144700203e-03
5.057621913962337956e-01 1.729273117364305045e-03
5.183723618983782089e-01 1.758013494930621120e-03
5.309825324005208458e-01 1.787699752132268808e-03
5.435927029026652590e-01 1.818349885269161933e-03
5.562028734048078960e-01 1.849982394088792430e-03
5.688130439069505329e-01 1.882616286262931045e-03
5.814232144090949461e-01 1.916271081899690145e-03
5.940333849112375830e-01 1.950966818085922080e-03
6.066435554133802199e-01 1.986724053454486105e-03
6.192537259155246332e-01 2.023563872771170797e-03
6.318638964176672701e-01 2.061507891535378691e-03
6.444740669198099070e-01 2.100578260589097690e-03
6.570842374219543203e-01 2.140797670728111779e-03
6.696944079240969572e-01 2.182189357309421811e-03
6.823045784262395941e-01 2.224777104848682519e-03
6.949147489283840073e-01 2.268585251601389942e-03
7.075249194305266442e-01 2.313638694121091140e-03
7.201350899326692812e-01 2.359962891788172125e-03
7.327452604348136944e-01 2.407583871302326328e-03
7.453554309369563313e-01 2.456528231131621144e-03
7.579656014390989682e-01 2.506823145911264011e-03
7.705757719412433815e-01 2.558496370784519788e-03
7.831859424433860184e-01 2.611576245678558662e-03
7.957961129455286553e-01 2.666091699507516354e-03
8.084062834476730686e-01 2.722072254295091788e-03
8.210164539498157055e-01 2.779548029208663441e-03
8.336266244519583424e-01 2.838549744497057860e-03
8.462367949541027556e-01 2.899108725323619809e-03
8.588469654562453925e-01 2.961256905486288164e-03
8.714571359583880295e-01 3.025026831016159636e-03
8.840673064605324427e-01 3.090451663645877971e-03
8.966774769626750796e-01 3.157565184139204083e-03
9.092876474648177165e-01 3.226401795472571762e-03
9.218978179669621298e-01 3.296996525859767144e-03
9.345079884691047667e-01 3.369385031610406481e-03
9.471181589712474036e-01 3.443603599813032951e-03
9.597283294733918169e-01 3.519689150833026949e-03
9.723384999755344538e-01 3.597679240616114601e-03
9.849486704776770907e-01 3.677612062787426975e-03
9.975588409798215039e-01 3.759526450536435863e-03
1.010169011481964141e+00 3.843461878277683926e-03
1.022779181984106778e+00 3.929458463077323271e-03
1.035389352486251191e+00 4.017556965835174243e-03
1.047999522988393828e+00 4.107798792212024458e-03
1.060609693490536465e+00 4.200225993291812655e-03
1.073219863992680878e+00 4.294881265968109041e-03
1.085830034494823515e+00 4.391807953044362355e-03
1.098440204996966152e+00 4.491050043037336618e-03
1.111050375499110565e+00 4.592652169672732480e-03
1.123660546001253202e+00 4.696659611062372307e-03
1.136270716503395839e+00 4.803118288552120016e-03
1.148880887005540252e+00 4.912074765229326734e-03
1.161491057507682889e+00 5.023576244079098162e-03
1.174101228009825526e+00 5.137670565778094077e-03
1.186711398511969939e+00 5.254406206115055239e-03
1.199321569014112576e+00 5.373832273026687457e-03
1.211931739516255213e+00 5.495998503237923757e-03
1.224541910018399626e+00 5.620955258495477155e-03
1.237152080520542263e+00 5.748753521383422223e-03
1.249762251022684900e+00 5.879444890709778666e-03
1.262372421524829313e+00 6.013081576452964337e-03
1.274982592026971950e+00 6.149716394257021511e-03
1.287592762529114587e+00 6.289402759464555841e-03
1.300202933031259001e+00 6.432194680676462696e-03
1.312813103533401637e+00 6.578146752827472230e-03
1.325423274035544274e+00 6.727314149766579210e-03
1.338033444537688688e+00 6.879752616331711625e-03
1.350643615039831325e+00 7.035518459907638168e-03
1.363253785541973961e+00 7.194668541457199806e-03
1.375863956044118375e+00 7.357260266014377208e-03
1.388474126546261012e+00 7.523351572629707711e-03
1.401084297048403648e+00 7.693000923757672971e-03
1.413694467550548062e+00 7.866267294075491093e-03
1.426304638052690699e+00 8.043210158723985634e-03
1.438914808554833336e+00 8.223889480960932391e-03
1.451524979056977749e+00 8.408365699216647365e-03
1.464135149559120386e+00 8.596699713543010449e-03
1.476745320061263023e+00 8.788952871447021364e-03
1.489355490563407436e+00 8.985186953099874238e-03
1.501965661065550073e+00 9.185464155912263090e-03
1.514575831567692710e+00 9.389847078468850985e-03
1.527186002069837123e+00 9.598398703813033200e-03
1.539796172571979760e+00 9.811182382074040698e-03
1.552406343074122397e+00 1.002826181242978329e-02
1.565016513576266810e+00 1.024970102439756031e-02
1.577626684078409447e+00 1.047556435844591675e-02
1.590236854580552084e+00 1.070591644592190292e-02
1.602847025082696497e+00 1.094082218828644135e-02
1.615457195584839134e+00 1.118034673565374872e-02
1.628067366086981771e+00 1.142455546462752686e-02
1.640677536589126184e+00 1.167351395543135550e-02
1.653287707091268821e+00 1.192728796832640339e-02
1.665897877593411458e+00 1.218594341931497974e-02
1.678508048095555871e+00 1.244954635512429339e-02
1.691118218597698508e+00 1.271816292746831382e-02
1.703728389099841145e+00 1.299185936658585339e-02
1.716338559601985558e+00 1.327070195405118114e-02
1.728948730104128195e+00 1.355475699485696704e-02
1.741558900606270832e+00 1.384409078876853300e-02
1.754169071108415245e+00 1.413876960094826926e-02
1.766779241610557882e+00 1.443885963185061704e-02
1.779389412112700519e+00 1.474442698638904307e-02
1.791999582614844932e+00 1.505553764237566733e-02
1.804609753116987569e+00 1.537225741823510482e-02
1.817219923619130206e+00 1.569465193999667121e-02
1.829830094121274620e+00 1.602278660756612655e-02
1.842440264623417256e+00 1.635672656028277702e-02
1.855050435125559893e+00 1.669653664176499672e-02
1.867660605627704307e+00 1.704228136405032054e-02
1.880270776129846944e+00 1.739402487103540104e-02
1.892880946631989580e+00 1.775183090122353299e-02
1.905491117134133994e+00 1.811576274978551199e-02
1.918101287636276631e+00 1.848588322994320493e-02
1.930711458138419268e+00 1.886225463368422159e-02
1.943321628640563681e+00 1.924493869181769998e-02
1.955931799142706318e+00 1.963399653337975781e-02
1.968541969644848955e+00 2.002948864440328228e-02
1.981152140146993368e+00 2.043147482605964585e-02
1.993762310649136005e+00 2.084001415218844286e-02
2.006372481151278642e+00 2.125516492622752870e-02
2.018982651653423055e+00 2.167698463755680580e-02
2.031592822155565692e+00 2.210552991727224997e-02
2.044202992657708329e+00 2.254085649340518624e-02
2.056813163159852742e+00 2.298301914560452880e-02
2.069423333661995379e+00 2.343207165929779914e-02
2.082033504164138016e+00 2.388806677935135028e-02
2.094643674666282429e+00 2.435105616324773764e-02
2.107253845168425066e+00 2.482109033380047042e-02
2.119864015670569479e+00 2.529821863142785524e-02
2.132474186172712116e+00 2.578248916600586055e-02
2.145084356674854753e+00 2.627394876832554044e-02
2.157694527176999166e+00 2.677264294117464791e-02
2.170304697679141803e+00 2.727861581007134939e-02
2.182914868181284440e+00 2.779191007367266819e-02
2.195525038683428853e+00 2.831256695388446529e-02
2.208135209185571490e+00 2.884062614569939814e-02
2.220745379687714127e+00 2.937612576679127924e-02
2.233355550189858540e+00 2.991910230689278499e-02
2.245965720692001177e+00 3.046959057698666110e-02
2.258575891194143814e+00 3.102762365834018515e-02
2.271186061696288228e+00 3.159323285141376475e-02
2.283796232198430864e+00 3.216644762467380653e-02
2.296406402700573501e+00 3.274729556334550484e-02
2.309016573202717915e+00 3.333580231813473155e-02
2.321626743704860552e+00 3.393199155395359295e-02
2.334236914207003188e+00 3.453588489868820305e-02
2.346847084709147602e+00 3.514750189203749015e-02
2.359457255211290239e+00 3.576685993446349771e-02
2.372067425713432876e+00 3.639397423628847744e-02
2.384677596215577289e+00 3.702885776697509984e-02
2.397287766717719926e+00 3.767152120462897991e-02
2.409897937219862563e+00 3.832197288576121019e-02
2.422508107722006976e+00 3.898021875534997405e-02
2.435118278224149613e+00 3.964626231724056871e-02
2.447728448726292250e+00 4.032010458492551325e-02
2.460338619228436663e+00 4.100174403274282203e-02
2.472948789730579300e+00 4.169117654753626279e-02
2.485558960232721937e+00 4.238839538081701913e-02
2.498169130734866350e+00 4.309339110147088897e-02
2.510779301237008987e+00 4.380615154905075775e-02
2.523389471739151624e+00 4.452666178770019884e-02
2.535999642241296037e+00 4.525490406074972327e-02
2.548609812743438674e+00 4.599085774602835325e-02
2.561219983245581311e+00 4.673449931193694035e-02
2.573830153747725724e+00 4.748580227432402934e-02
2.586440324249868361e+00 4.824473715421076503e-02
2.599050494752010998e+00 4.901127143640851558e-02
2.611660665254155411e+00 4.978536952907399588e-02
2.624270835756298048e+00 5.056699272424458602e-02
2.636881006258440685e+00 5.135609915940268777e-02
2.649491176760585098e+00 5.215264378010864982e-02
2.662101347262727735e+00 5.295657830375169461e-02
2.674711517764870372e+00 5.376785118445844697e-02
2.687321688267014785e+00 5.458640757921030123e-02
2.699931858769157422e+00 5.541218931520584812e-02
2.712542029271300059e+00 5.624513485851907052e-02
2.725152199773444472e+00 5.708517928409415076e-02
2.737762370275587109e+00 5.793225424712129118e-02
2.750372540777729746e+00 5.878628795583682592e-02
2.762982711279874160e+00 5.964720514578953497e-02
2.775592881782016796e+00 6.051492705561729857e-02
2.788203052284159433e+00 6.138937140437634998e-02
2.800813222786303847e+00 6.227045237046301140e-02
2.813423393288446483e+00 6.315808057216711069e-02
2.826033563790589120e+00 6.405216304990540843e-02
2.838643734292733534e+00 6.495260325016609382e-02
2.851253904794876171e+00 6.585930101120475444e-02
2.863864075297018807e+00 6.677215255053785270e-02
2.876474245799163221e+00 6.769105045426057621e-02
2.889084416301305858e+00 6.861588366823269391e-02
2.901694586803448495e+00 6.954653749116589123e-02
2.914304757305592908e+00 7.048289356964942964e-02
2.926914927807735545e+00 7.142482989514196967e-02
2.939525098309878182e+00 7.237222080297361915e-02
2.952135268812022595e+00 7.332493697337769123e-02
2.964745439314165232e+00 7.428284543459034994e-02
2.977355609816307869e+00 7.524580956804759191e-02
2.989965780318452282e+00 7.621368911570242100e-02
3.002575950820594919e+00 7.718634018949742381e-02
3.015186121322737556e+00 7.816361528301157824e-02
3.027796291824881969e+00 7.914536328530684395e-02
3.040406462327024606e+00 8.013142949700409468e-02
3.053016632829167243e+00 8.112165564859943889e-02
3.065626803331311656e+00 8.211587992105016942e-02
3.078236973833454293e+00 8.311393696864503855e-02
3.090847144335596930e+00 8.411565794417565078e-02
3.103457314837741343e+00 8.512087052642625107e-02
3.116067485339883980e+00 8.612939894999450952e-02
3.128677655842026617e+00 8.714106403745637552e-02
3.141287826344171030e+00 8.815568323388676963e-02
3.153897996846313667e+00 8.917307064373945769e-02
3.166508167348456304e+00 9.019303707010255244e-02
3.179118337850600717e+00 9.121539005632658959e-02
3.191728508352743354e+00 9.223993393003214469e-02
3.204338678854885991e+00 9.326646984950012764e-02
3.216948849357030404e+00 9.429479585244252005e-02
3.229559019859173041e+00 9.532470690714764383e-02
3.242169190361315678e+00 9.635599496600950886e-02
3.254779360863460091e+00 9.738844902141606530e-02
3.267389531365602728e+00 9.842185516400320244e-02
3.279999701867745365e+00 9.945599664326323919e-02
3.292609872369889779e+00 1.004906539304845359e-01
3.305220042872032415e+00 1.015256047840225190e-01
3.317830213374175052e+00 1.025606243168809689e-01
3.330440383876319466e+00 1.035954850665807281e-01
3.343050554378462103e+00 1.046299570673016321e-01
3.355660724880604739e+00 1.056638079242764594e-01
3.368270895382749153e+00 1.066968028904092397e-01
3.380881065884891790e+00 1.077287049450903339e-01
3.393491236387034427e+00 1.087592748751895350e-01
3.406101406889178840e+00 1.097882713581817410e-01
3.418711577391321477e+00 1.108154510473905729e-01
3.431321747893464114e+00 1.118405686593000603e-01
3.443931918395608527e+00 1.128633770629071942e-01
3.456542088897751164e+00 1.138836273710751856e-01
3.469152259399893801e+00 1.149010690338463925e-01
3.481762429902038214e+00 1.159154499336701449e-01
3.494372600404180851e+00 1.169265164825065567e-01
3.506982770906323488e+00 1.179340137207539885e-01
3.519592941408467901e+00 1.189376854179582943e-01
3.532203111910610538e+00 1.199372741752491173e-01
3.544813282412753175e+00 1.209325215294485001e-01
3.557423452914897588e+00 1.219231680588094974e-01
3.570033623417040225e+00 1.229089534903120701e-01
3.582643793919182862e+00 1.238896168084754196e-01
3.595253964421327275e+00 1.248648963656188993e-01
3.607864134923469912e+00 1.258345299935034189e-01
3.620474305425612549e+00 1.267982551163122085e-01
3.633084475927756962e+00 1.277558088648787782e-01
3.645694646429899599e+00 1.287069281921207897e-01
3.658304816932042236e+00 1.296513499895981802e-01
3.670914987434186649e+00 1.305888112051246663e-01
3.683525157936329286e+00 1.315190489613785874e-01
3.696135328438471923e+00 1.324418006754162491e-01
3.708745498940616336e+00 1.333568041790404168e-01
3.721355669442758973e+00 1.342637978399303100e-01
3.733965839944901610e+00 1.351625206834619897e-01
3.746576010447046023e+00 1.360527125151483330e-01
3.759186180949188660e+00 1.369341140436155235e-01
3.771796351451333074e+00 1.378064670040322903e-01
3.784406521953475711e+00 1.386695142819209525e-01
3.797016692455618347e+00 1.395230000372628676e-01
3.809626862957762761e+00 1.403666698288182635e-01
3.822237033459905398e+00 1.412002707385738021e-01
3.834847203962048034e+00 1.420235514962422674e-01
3.847457374464192448e+00 1.428362626037188166e-01
3.860067544966335085e+00 1.436381564594210736e-01
3.872677715468477722e+00 1.444289874824170039e-01
3.885287885970622135e+00 1.452085122362647140e-01
3.897898056472764772e+00 1.459764895524603701e-01
3.910508226974907409e+00 1.467326806534385297e-01
3.923118397477051822e+00 1.474768492749967408e-01
3.935728567979194459e+00 1.482087617881004404e-01
3.948338738481337096e+00 1.489281873199449491e-01
3.960948908983481509e+00 1.496348978742137181e-01
3.973559079485624146e+00 1.503286684504280546e-01
3.986169249987766783e+00 1.510092771623124941e-01
3.998779420489911196e+00 1.516765053550853670e-01
4.011389590992053833e+00 1.523301377215856289e-01
4.023999761494196470e+00 1.529699624171574901e-01
4.036609931996340883e+00 1.535957711732008901e-01
4.049220102498483520e+00 1.542073594093051059e-01
4.061830273000626157e+00 1.548045263438841412e-01
4.074440443502770570e+00 1.553870751032253028e-01
4.087050614004913207e+00 1.559548128288737456e-01
4.099660784507055844e+00 1.565075507832700830e-01
4.112270955009200257e+00 1.570451044535577934e-01
4.124881125511342894e+00 1.575672936534814883e-01
4.137491296013485531e+00 1.580739426233042644e-01
4.150101466515629944e+00 1.585648801276556552e-01
4.162711637017772581e+00 1.590399395512436809e-01
4.175321807519915218e+00 1.594989589923522522e-01
4.187931978022059631e+00 1.599417813540522926e-01
4.200542148524202268e+00 1.603682544330503057e-01
4.213152319026344905e+00 1.607782310061164344e-01
4.225762489528489319e+00 1.611715689140090502e-01
4.238372660030631955e+00 1.615481311428353384e-01
4.250982830532774592e+00 1.619077859027893140e-01
4.263593001034919006e+00 1.622504067041914411e-01
4.276203171537061642e+00 1.625758724307830305e-01
4.288813342039204279e+00 1.628840674102044195e-01
4.301423512541348693e+00 1.631748814816040283e-01
4.314033683043491330e+00 1.634482100603275867e-01
4.326643853545633966e+00 1.637039541996273828e-01
4.339254024047778380e+00 1.639420206493485133e-01
4.351864194549921017e+00 1.641623219115371513e-01
4.364474365052063654e+00 1.643647762929304756e-01
4.377084535554208067e+00 1.645493079542757753e-01
4.389694706056350704e+00 1.647158469564532490e-01
4.402304876558493341e+00 1.648643293033464630e-01
4.414915047060635978e+00 1.649946969814348463e-01
4.427525217562778614e+00 1.651068979960731153e-01
4.440135388064924804e+00 1.652008864044205716e-01
4.452745558567067441e+00 1.652766223450025662e-01
4.465355729069210078e+00 1.653340720638675487e-01
4.477965899571352715e+00 1.653732079373227970e-01
4.490576070073495352e+00 1.653940084912216835e-01
4.503186240575637989e+00 1.653964584168002849e-01
4.515796411077784178e+00 1.653805485830266986e-01
4.528406581579926815e+00 1.653462760454653124e-01
4.541016752082069452e+00 1.652936440516444005e-01
4.553626922584212089e+00 1.652226620429184945e-01
4.566237093086354726e+00 1.651333456528183141e-01
4.578847263588500915e+00 1.650257167018908677e-01
4.591457434090643552e+00 1.648998031890391847e-01
4.604067604592786189e+00 1.647556392793479707e-01
4.616677775094928826e+00 1.645932652884140313e-01
4.629287945597071463e+00 1.644127276631959789e-01
4.641898116099214100e+00 1.642140789593832806e-01
4.654508286601360290e+00 1.639973778153121786e-01
4.667118457103502926e+00 1.637626889224357840e-01
4.679728627605645563e+00 1.635100829923837040e-01
4.692338798107788200e+00 1.632396367206161714e-01
4.704948968609930837e+00 1.629514327467181944e-01
4.717559139112073474e+00 1.626455596113506319e-01
4.730169309614219664e+00 1.623221117098947730e-01
4.742779480116362301e+00 1.619811892428235922e-01
4.755389650618504938e+00 1.616228981628368422e-01
4.767999821120647574e+00 1.612473501187990377e-01
4.780609991622790211e+00 1.608546623965289302e-01
4.793220162124932848e+00 1.604449578564707268e-01
4.805830332627079038e+00 1.600183648683055071e-01
4.818440503129221675e+00 1.595750172425594304e-01
4.831050673631364312e+00 1.591150541592304957e-01
4.843660844133506949e+00 1.586386200935289148e-01
4.856271014635649586e+00 1.581458647387515015e-01
4.868881185137792222e+00 1.576369429263731470e-01
4.881491355639938412e+00 1.571120145433961834e-01
4.894101526142081049e+00 1.565712444470386544e-01
4.906711696644223686e+00 1.560148023768155312e-01
4.919321867146366323e+00 1.554428628640762422e-01
4.931932037648508960e+00 1.548556051390785337e-01
4.944542208150651597e+00 1.542532130356601416e-01
4.957152378652797786e+00 1.536358748935778840e-01
4.969762549154940423e+00 1.530037834586010226e-01
4.982372719657083060e+00 1.523571357804170967e-01
4.994982890159225697e+00 1.516961331084368259e-01
5.007593060661368334e+00 1.510209807855749931e-01
5.020203231163510971e+00 1.503318881400926843e-01
5.032813401665657160e+00 1.496290683755567286e-01
5.045423572167799797e+00 1.489127384590406833e-01
5.058033742669942434e+00 1.481831190076055849e-01
5.070643913172085071e+00 1.474404341731742896e-01
5.083254083674227708e+00 1.466849115258786196e-01
5.095864254176370345e+00 1.459167819359530605e-01
5.108474424678516534e+00 1.451362794542808421e-01
5.121084595180659171e+00 1.443436411916584894e-01
5.133694765682801808e+00 1.435391071968906140e-01
5.146304936184944445e+00 1.427229203337833652e-01
5.158915106687087082e+00 1.418953261571324620e-01
5.171525277189229719e+00 1.410565727878044240e-01
5.184135447691375909e+00 1.402069107869869935e-01
5.196745618193518546e+00 1.393465930297037858e-01
5.209355788695661182e+00 1.384758745776890065e-01
5.221965959197803819e+00 1.375950125517074185e-01
5.234576129699946456e+00 1.367042660034040735e-01
5.247186300202089093e+00 1.358038957867867269e-01
5.259796470704235283e+00 1.348941644294214537e-01
5.272406641206377920e+00 1.339753360034362240e-01
5.285016811708520557e+00 1.330476759964155375e-01
5.297626982210663193e+00 1.321114511822783222e-01
5.310237152712805830e+00 1.311669294922375162e-01
5.322847323214948467e+00 1.302143798859006218e-01
5.335457493717094657e+00 1.292540722226422634e-01
5.348067664219237294e+00 1.282862771332853591e-01
5.360677834721379931e+00 1.273112658922160023e-01
5.373288005223522568e+00 1.263293102899961107e-01
5.385898175725665205e+00 1.253406825065702113e-01
5.398508346227807841e+00 1.243456549851243015e-01
5.411118516729954031e+00 1.233445003067185491e-01
5.423728687232096668e+00 1.223374910657364367e-01
5.436338857734239305e+00 1.213248997462445800e-01
5.448949028236381942e+00 1.203069985993504010e-01
5.461559198738524579e+00 1.192840595216147215e-01
5.474169369240667216e+00 1.182563539346107445e-01
5.486779539742813405e+00 1.172241526656911115e-01
5.499389710244956042e+00 1.161877258300469673e-01
5.511999880747098679e+00 1.151473427141155303e-01
5.524610051249241316e+00 1.141032716604166442e-01
5.537220221751383953e+00 1.130557799538804559e-01
5.549830392253526590e+00 1.120051337097324184e-01
5.562440562755672779e+00 1.109515977629974837e-01
5.575050733257815416e+00 1.098954355596877125e-01
5.587660903759958053e+00 1.088369090497326858e-01
5.600271074262100690e+00 1.077762785817067831e-01
5.612881244764243327e+00 1.067138027994185140e-01
5.625491415266385964e+00 1.056497385404062406e-01
5.638101585768532154e+00 1.045843407363964278e-01
5.650711756270674790e+00 1.035178623157735622e-01
5.663321926772817427e+00 1.024505541081131427e-01
5.675932097274960064e+00 1.013826647508203199e-01
5.688542267777102701e+00 1.003144405979143339e-01
5.701152438279245338e+00 9.924612563100901341e-02
5.713762608781391528e+00 9.817796137252053634e-02
5.726372779283534165e+00 9.711018680114942569e-02
5.738982949785676801e+00 9.604303826965605861e-02
5.751593120287819438e+00 9.497674942498034178e-02
5.764203290789962075e+00 9.391155113072552352e-02
5.776813461292104712e+00 9.284767139203410624e-02
5.789423631794250902e+00 9.178533528289258003e-02
5.802033802296393539e+00 9.072476487587555205e-02
5.814643972798536176e+00 8.966617917435805440e-02
5.827254143300678813e+00 8.860979404721633368e-02
5.839864313802821449e+00 8.755582216603396972e-02
5.852474484304964086e+00 8.650447294482570271e-02
5.865084654807110276e+00 8.545595248229558016e-02
5.877694825309252913e+00 8.441046350664073439e-02
5.890304995811395550e+00 8.336820532289877794e-02
5.902915166313538187e+00 8.232937376286779407e-02
5.915525336815680824e+00 8.129416113757974294e-02
5.928135507317823460e+00 8.026275619234364556e-02
5.940745677819969650e+00 7.923534406435503441e-02
5.953355848322112287e+00 7.821210624286895063e-02
5.965966018824254924e+00 7.719322053193561350e-02
5.978576189326397561e+00 7.617886101568653590e-02
5.991186359828540198e+00 7.516919802617447188e-02
6.003796530330682835e+00 7.416439811374647695e-02
6.016406700832829024e+00 7.316462401994330844e-02
6.029016871334971661e+00 7.217003465291395303e-02
6.041627041837114298e+00 7.118078506532136973e-02
6.054237212339256935e+00 7.019702643473710313e-02
6.066847382841399572e+00 6.921890604648878176e-02
6.079457553343542209e+00 6.824656727895296593e-02
6.092067723845688398e+00 6.728014959126520089e-02
6.104677894347831035e+00 6.631978851342404391e-02
6.117288064849973672e+00 6.536561563876419623e-02
6.129898235352116309e+00 6.441775861877083176e-02
6.142508405854258946e+00 6.347634116020950401e-02
6.155118576356401583e+00 6.254148302453542418e-02
6.167728746858547773e+00 6.161330002955974633e-02
6.180338917360690409e+00 6.069190405332933885e-02
6.192949087862833046e+00 5.977740304019576317e-02
6.205559258364975683e+00 5.886990100902984857e-02
6.218169428867118320e+00 5.796949806355534279e-02
6.230779599369264510e+00 5.707629040474980486e-02
6.243389769871407147e+00 5.619037034529016789e-02
6.255999940373549784e+00 5.531182632598773130e-02
6.268610110875692421e+00 5.444074293418227350e-02
6.281220281377835057e+00 5.357720092405023060e-02
6.293830451879977694e+00 5.272127723878248379e-02
6.306440622382123884e+00 5.187304503458817218e-02
6.319050792884266521e+00 5.103257370648676267e-02
6.331660963386409158e+00 5.019992891582868155e-02
6.344271133888551795e+00 4.937517261951751557e-02
6.356881304390694432e+00 4.855836310087095070e-02
6.369491474892837068e+00 4.774955500208310361e-02
6.382101645394983258e+00 4.694879935823449701e-02
6.394711815897125895e+00 4.615614363281049515e-02
6.407321986399268532e+00 4.537163175466528420e-02
6.419932156901411169e+00 4.459530415639770956e-02
6.432542327403553806e+00 4.382719781408098148e-02
6.445152497905696443e+00 4.306734628829720496e-02
6.457762668407842632e+00 4.231577976643111083e-02
6.470372838909985269e+00 4.157252510616760155e-02
6.482983009412127906e+00 4.083760588014836990e-02
6.495593179914270543e+00 4.011104242173338386e-02
6.508203350416413180e+00 3.939285187181947728e-02
6.520813520918555817e+00 3.868304822666516346e-02
6.533423691420702006e+00 3.798164238667039311e-02
6.546033861922844643e+00 3.728864220606439156e-02
6.558644032424987280e+00 3.660405254344776399e-02
6.571254202927129917e+00 3.592787531314092092e-02
6.583864373429272554e+00 3.526010953729237507e-02
6.596474543931415191e+00 3.460075139869269595e-02
6.609084714433561381e+00 3.394979429424663242e-02
6.621694884935704017e+00 3.330722888905876533e-02
6.634305055437846654e+00 3.267304317107967704e-02
6.646915225939989291e+00 3.204722250626641095e-02
6.659525396442131928e+00 3.142974969421286763e-02
6.672135566944274565e+00 3.082060502419932749e-02
6.684745737446420755e+00 3.021976633161620879e-02
6.697355907948563392e+00 2.962720905471928276e-02
6.709966078450706028e+00 2.904290629166544901e-02
6.722576248952848665e+00 2.846682885779197245e-02
6.735186419454991302e+00 2.789894534308781648e-02
6.747796589957133939e+00 2.733922216982178147e-02
6.760406760459280129e+00 2.678762365027679768e-02
6.773016930961422766e+00 2.624411204455712535e-02
6.785627101463565403e+00 2.570864761842019813e-02
6.798237271965708040e+00 2.518118870109820051e-02
6.810847442467850676e+00 2.466169174306771794e-02
6.823457612969993313e+00 2.415011137372921959e-02
6.836067783472139503e+00 2.364640045895902501e-02
6.848677953974282140e+00 2.315051015849778349e-02
6.861288124476424777e+00 2.266238998313670205e-02
6.873898294978567414e+00 2.218198785167060927e-02
6.886508465480710051e+00 2.170925014758028071e-02
6.899118635982852688e+00 2.124412177541285321e-02
6.911728806484998877e+00 2.078654621682717377e-02
6.924338976987141514e+00 2.033646558627307671e-02
6.936949147489284151e+00 1.989382068627288183e-02
6.949559317991426788e+00 1.945855106227894690e-02
6.962169488493569425e+00 1.903059505707511978e-02
6.974779658995712062e+00 1.860988986469690534e-02
6.987389829497858251e+00 1.819637158384241477e-02
7.000000000000000888e+00 1.778997527075038693e-02
