-1.600000000000000089e+00 1.733735602682391535e-91
-1.596793587174348827e+00 1.056909158871969561e-88
-1.593587174348697566e+00 6.443064146454648833e-86
-1.590380761523046083e+00 3.927780854851561112e-83
-1.587174348697394821e+00 2.394429434979537782e-80
-1.583967935871743560e+00 1.459677240397603282e-77
-1.580761523046092298e+00 8.898393976488310693e-75
-1.577555110220441037e+00 5.424583816846585090e-72
-1.574348697394789776e+00 3.306901185061656028e-69
-1.571142284569138292e+00 2.015932616582484519e-66
-1.567935871743487031e+00 1.228940354479843184e-63
-1.564729458917835769e+00 7.491790065033675356e-61
-1.561523046092184508e+00 4.567098653237320871e-58
-1.558316633266533247e+00 2.784166391121078644e-55
-1.555110220440881763e+00 1.697266269463483066e-52
-1.551903807615230502e+00 1.034676949856141191e-49
-1.548697394789579240e+00 6.307533530976449140e-47
-1.545490981963927979e+00 3.845159520556037739e-44
-1.542284569138276717e+00 2.344062328945539735e-41
-1.539078156312625234e+00 1.428972757205497388e-38
-1.535871743486973973e+00 8.711215207972623728e-36
-1.532665330661322711e+00 5.310477055420911339e-33
-1.529458917835671450e+00 3.237340127969959785e-30
-1.526252505010020188e+00 1.973527235837736904e-27
-1.523046092184368927e+00 1.203089448940797895e-24
-1.519839679358717444e+00 7.334199375966086988e-22
-1.516633266533066182e+00 4.471029193527920406e-19
-1.513426853707414921e+00 2.725601122167808059e-16
-1.510220440881763659e+00 1.661564070772692843e-13
-1.507014028056112398e+00 1.012911579020127174e-10
-1.503807615230460915e+00 6.171811811716202249e-08
-1.500601202404809653e+00 2.894548828134877285e-05
-1.497394789579158392e+00 1.245990468534530877e-04
-1.494188376753507130e+00 1.252781579342333342e-04
-1.490981963927855869e+00 1.252792780181075636e-04
-1.487775551102204386e+00 1.252792798554901860e-04
-1.484569138276553124e+00 1.252792798585042680e-04
-1.481362725450901863e+00 1.252792798585091740e-04
-1.478156312625250601e+00 1.252792798585091740e-04
-1.474949899799599340e+00 1.252792798585091740e-04
-1.471743486973948079e+00 1.252792798585091740e-04
-1.468537074148296595e+00 1.252792798585091740e-04
-1.465330661322645334e+00 1.252792798585091740e-04
-1.462124248496994072e+00 1.252792798585091740e-04
-1.458917835671342811e+00 1.252792798585091740e-04
-1.455711422845691549e+00 1.252792798585091740e-04
-1.452505010020040288e+00 1.252792798585091740e-04
-1.449298597194388805e+00 1.252792798585091740e-04
-1.446092184368737543e+00 1.252792798585091740e-04
-1.442885771543086282e+00 1.252792798585091740e-04
-1.439679358717435020e+00 1.252792798585091740e-04
-1.436472945891783759e+00 1.252792798585091740e-04
-1.433266533066132276e+00 1.252792798585091740e-04
-1.430060120240481014e+00 1.252792798585091740e-04
-1.426853707414829753e+00 1.252792798585091740e-04
-1.423647294589178491e+00 1.252792798585091740e-04
-1.420440881763527230e+00 1.252792798585091740e-04
-1.417234468937875747e+00 1.252792798585091740e-04
-1.414028056112224485e+00 1.252792798585091740e-04
-1.410821643286573224e+00 1.252792798585091740e-04
-1.407615230460921962e+00 1.252792798585091740e-04
-1.404408817635270701e+00 1.252792798585091740e-04
-1.401202404809619217e+00 1.252792798585091740e-04
-1.397995991983967956e+00 1.252792798585091740e-04
-1.394789579158316695e+00 1.252792798585091740e-04
-1.391583166332665433e+00 1.252792798585091740e-04
-1.388376753507014172e+00 1.252792798585091740e-04
-1.385170340681362910e+00 1.252792798585091740e-04
-1.381963927855711427e+00 1.252792798585091740e-04
-1.378757515030060166e+00 1.252792798585091740e-04
-1.375551102204408904e+00 1.252792798585091740e-04
-1.372344689378757643e+00 1.252792798585091740e-04
-1.369138276553106381e+00 1.252792798585091740e-04
-1.365931863727455120e+00 1.252792798585091740e-04
-1.362725450901803637e+00 1.252792798585091740e-04
-1.359519038076152375e+00 1.252792798585091740e-04
-1.356312625250501114e+00 1.252792798585091740e-04
-1.353106212424849852e+00 1.252792798585091740e-04
-1.349899799599198591e+00 1.252792798585091740e-04
-1.346693386773547108e+00 1.252792798585091740e-04
-1.343486973947895846e+00 1.252792798585091740e-04
-1.340280561122244585e+00 1.252792798585091740e-04
-1.337074148296593323e+00 1.252792798585091740e-04
-1.333867735470942062e+00 1.252792798585091740e-04
-1.330661322645290578e+00 1.252792798585091740e-04
-1.327454909819639317e+00 1.252792798585091740e-04
-1.324248496993988056e+00 1.252792798585091740e-04
-1.321042084168336794e+00 1.252792798585091740e-04
-1.317835671342685533e+00 1.252792798585091740e-04
-1.314629258517034049e+00 1.252792798585091740e-04
-1.311422845691382788e+00 1.252792798585091740e-04
-1.308216432865731527e+00 1.252792798585091740e-04
-1.305010020040080265e+00 1.252792798585091740e-04
-1.301803607214429004e+00 1.252792798585091740e-04
-1.298597194388777520e+00 1.252792798585091740e-04
-1.295390781563126259e+00 1.252792798585091740e-04
-1.292184368737474998e+00 1.252792798585091740e-04
-1.288977955911823736e+00 1.252792798585091740e-04
-1.285771543086172475e+00 1.252792798585091740e-04
-1.282565130260521213e+00 1.252792798585091740e-04
-1.279358717434869952e+00 1.252792798585091740e-04
-1.276152304609218469e+00 1.252792798585091740e-04
-1.272945891783567207e+00 1.252792798585091740e-04
-1.269739478957915946e+00 1.252792798585091740e-04
-1.266533066132264684e+00 1.252792798585091740e-04
-1.263326653306613423e+00 1.252792798585091740e-04
-1.260120240480961940e+00 1.252792798585091740e-04
-1.256913827655310678e+00 1.252792798585091740e-04
-1.253707414829659417e+00 1.252792798585091740e-04
-1.250501002004008155e+00 1.252792798585091740e-04
-1.247294589178356894e+00 1.252792798585091740e-04
-1.244088176352705410e+00 1.252792798585091740e-04
-1.240881763527054149e+00 1.252792798585091740e-04
-1.237675350701402888e+00 1.252792798585091740e-04
-1.234468937875751626e+00 1.252792798585091740e-04
-1.231262525050100365e+00 1.252792798585091740e-04
-1.228056112224448881e+00 1.252792798585091740e-04
-1.224849699398797620e+00 1.252792798585091740e-04
-1.221643286573146359e+00 1.252792798585091740e-04
-1.218436873747495097e+00 1.252792798585091740e-04
-1.215230460921843836e+00 1.252792798585091740e-04
-1.212024048096192352e+00 1.252792798585091740e-04
-1.208817635270541091e+00 1.252792798585091740e-04
-1.205611222444889830e+00 1.252792798585091740e-04
-1.202404809619238568e+00 1.252792798585091740e-04
-1.199198396793587307e+00 1.252792798585091740e-04
-1.195991983967935823e+00 1.252792798585091740e-04
-1.192785571142284784e+00 1.252792798585091740e-04
-1.189579158316633301e+00 1.252792798585091740e-04
-1.186372745490982039e+00 1.252792798585091740e-04
-1.183166332665330778e+00 1.252792798585091740e-04
-1.179959919839679516e+00 1.252792798585091740e-04
-1.176753507014028255e+00 1.252792798585091740e-04
-1.173547094188376771e+00 1.252792798585091740e-04
-1.170340681362725510e+00 1.252792798585091740e-04
-1.167134268537074249e+00 1.252792798585091740e-04
-1.163927855711422987e+00 1.252792798585091740e-04
-1.160721442885771726e+00 1.252792798585091740e-04
-1.157515030060120242e+00 1.252792798585091740e-04
-1.154308617234468981e+00 1.252792798585091740e-04
-1.151102204408817720e+00 1.252792798585091740e-04
-1.147895791583166458e+00 1.252792798585091740e-04
-1.144689378757515197e+00 1.252792798585091740e-04
-1.141482965931863713e+00 1.252792798585091740e-04
-1.138276553106212452e+00 1.252792798585091740e-04
-1.135070140280561191e+00 1.252792798585091740e-04
-1.131863727454909929e+00 1.252792798585091740e-04
-1.128657314629258668e+00 1.252792798585091740e-04
-1.125450901803607184e+00 1.252792798585091740e-04
-1.122244488977955923e+00 1.252792798585091740e-04
-1.119038076152304662e+00 1.252792798585091740e-04
-1.115831663326653400e+00 1.252792798585091740e-04
-1.112625250501002139e+00 1.252792798585091740e-04
-1.109418837675350655e+00 1.252792798585091740e-04
-1.106212424849699616e+00 1.252792798585091740e-04
-1.103006012024048133e+00 1.252792798585091740e-04
-1.099799599198396871e+00 1.252792798585091740e-04
-1.096593186372745610e+00 1.252792798585091740e-04
-1.093386773547094126e+00 1.252792798585091740e-04
-1.090180360721443087e+00 1.252792798585091740e-04
-1.086973947895791603e+00 1.252792798585091740e-04
-1.083767535070140342e+00 1.252792798585091740e-04
-1.080561122244489081e+00 1.252792798585091740e-04
-1.077354709418837819e+00 1.252792798585091740e-04
-1.074148296593186558e+00 1.252792798585091740e-04
-1.070941883767535074e+00 1.252792798585091740e-04
-1.067735470941883813e+00 1.252792798585091740e-04
-1.064529058116232552e+00 1.252792798585091740e-04
-1.061322645290581290e+00 1.252792798585091740e-04
-1.058116232464930029e+00 1.252792798585091740e-04
-1.054909819639278545e+00 1.252792798585091740e-04
-1.051703406813627506e+00 1.252792798585091740e-04
-1.048496993987976023e+00 1.252792798585091740e-04
-1.045290581162324761e+00 1.252792798585091740e-04
-1.042084168336673500e+00 1.252792798585091740e-04
-1.038877755511022016e+00 1.252792798585091740e-04
-1.035671342685370977e+00 1.252792798585091740e-04
-1.032464929859719494e+00 1.252792798585091740e-04
-1.029258517034068232e+00 1.252792798585091740e-04
-1.026052104208416971e+00 1.252792798585091740e-04
-1.022845691382765487e+00 1.252792798585091740e-04
-1.019639278557114448e+00 1.252792798585091740e-04
-1.016432865731462964e+00 1.252792798585091740e-04
-1.013226452905811703e+00 1.252792798585091740e-04
-1.010020040080160442e+00 1.252792798585091740e-04
-1.006813627254508958e+00 1.252792798585091740e-04
-1.003607214428857919e+00 1.252792798585091740e-04
-1.000400801603206435e+00 1.252792798585091740e-04
-9.971943887775551740e-01 1.252792798585091740e-04
-9.939879759519039126e-01 1.252792798585091740e-04
-9.907815631262525402e-01 1.252792798585091740e-04
-9.875751503006012788e-01 1.252792798585091740e-04
-9.843687374749500174e-01 1.252792798585091740e-04
-9.811623246492986450e-01 1.252792798585091740e-04
-9.779559118236473836e-01 1.252792798585091740e-04
-9.747494989979961222e-01 1.252792798585091740e-04
-9.715430861723447498e-01 1.252792798585091740e-04
-9.683366733466934884e-01 1.252792798585091740e-04
-9.651302605210422270e-01 1.252792798585091740e-04
-9.619238476953908545e-01 1.252792798585091740e-04
-9.587174348697395931e-01 1.252792798585091740e-04
-9.555110220440882207e-01 1.252792798585091740e-04
-9.523046092184369593e-01 1.252792798585091740e-04
-9.490981963927856979e-01 1.252792798585091740e-04
-9.458917835671343255e-01 1.252792798585091740e-04
-9.426853707414830641e-01 1.252792798585091740e-04
-9.394789579158318027e-01 1.252792798585091740e-04
-9.362725450901804303e-01 1.252792798585091740e-04
-9.330661322645291689e-01 1.252792798585091740e-04
-9.298597194388777964e-01 1.252792798585091740e-04
-9.266533066132265350e-01 1.252792798585091740e-04
-9.234468937875752736e-01 1.252792798585091740e-04
-9.202404809619239012e-01 1.252792798585091740e-04
-9.170340681362726398e-01 1.252792798585091740e-04
-9.138276553106213784e-01 1.252792798585091740e-04
-9.106212424849700060e-01 1.252792798585091740e-04
-9.074148296593187446e-01 1.252792798585091740e-04
-9.042084168336673722e-01 1.252792798585091740e-04
-9.010020040080161108e-01 1.252792798585091740e-04
-8.977955911823648494e-01 1.252792798585091740e-04
-8.945891783567134770e-01 1.252792798585091740e-04
-8.913827655310622156e-01 1.252792798585091740e-04
-8.881763527054109542e-01 1.252792798585091740e-04
-8.849699398797595817e-01 1.252792798585091740e-04
-8.817635270541083203e-01 1.252792798585091740e-04
-8.785571142284570589e-01 1.252792798585091740e-04
-8.753507014028056865e-01 1.252792798585091740e-04
-8.721442885771544251e-01 1.252792798585091740e-04
-8.689378757515030527e-01 1.252792798585091740e-04
-8.657314629258517913e-01 1.252792798585091740e-04
-8.625250501002005299e-01 1.252792798585091740e-04
-8.593186372745491575e-01 1.252792798585091740e-04
-8.561122244488978961e-01 1.252792798585091740e-04
-8.529058116232466347e-01 1.252792798585091740e-04
-8.496993987975952622e-01 1.252792798585091740e-04
-8.464929859719440008e-01 1.252792798585091740e-04
-8.432865731462926284e-01 1.252792798585091740e-04
-8.400801603206413670e-01 1.252792798585091740e-04
-8.368737474949901056e-01 1.252792798585091740e-04
-8.336673346693387332e-01 1.252792798585091740e-04
-8.304609218436874718e-01 1.252792798585091740e-04
-8.272545090180362104e-01 1.252792798585091740e-04
-8.240480961923848380e-01 1.252792798585091740e-04
-8.208416833667335766e-01 1.252792798585091740e-04
-8.176352705410822042e-01 1.252792798585091740e-04
-8.144288577154309428e-01 1.252792798585091740e-04
-8.112224448897796814e-01 1.252792798585091740e-04
-8.080160320641283089e-01 1.252792798585091740e-04
-8.048096192384770475e-01 1.252792798585091740e-04
-8.016032064128257861e-01 1.252792798585091740e-04
-7.983967935871744137e-01 1.252792798585091740e-04
-7.951903807615231523e-01 1.252792798585091740e-04
-7.919839679358717799e-01 1.252792798585091740e-04
-7.887775551102205185e-01 1.252792798585091740e-04
-7.855711422845692571e-01 1.252792798585091740e-04
-7.823647294589178847e-01 1.252792798585091740e-04
-7.791583166332666233e-01 1.252792798585091740e-04
-7.759519038076153619e-01 1.252792798585091740e-04
-7.727454909819639894e-01 1.252792798585091740e-04
-7.695390781563127280e-01 1.252792798585091740e-04
-7.663326653306614666e-01 1.252792798585091740e-04
-7.631262525050100942e-01 1.252792798585091740e-04
-7.599198396793588328e-01 1.252792798585091740e-04
-7.567134268537074604e-01 1.252792798585091740e-04
-7.535070140280561990e-01 1.252792798585091740e-04
-7.503006012024049376e-01 1.252792798585091740e-04
-7.470941883767535652e-01 1.252792798585091740e-04
-7.438877755511023038e-01 1.252792798585091740e-04
-7.406813627254510424e-01 1.252792798585091740e-04
-7.374749498997996700e-01 1.252792798585091740e-04
-7.342685370741484085e-01 1.252792798585091740e-04
-7.310621242484970361e-01 1.252792798585091740e-04
-7.278557114228457747e-01 1.252792798585091740e-04
-7.246492985971945133e-01 1.252792798585091740e-04
-7.214428857715431409e-01 1.252792798585091740e-04
-7.182364729458918795e-01 1.252792798585091740e-04
-7.150300601202406181e-01 1.252792798585091740e-04
-7.118236472945892457e-01 1.252792798585091740e-04
-7.086172344689379843e-01 1.252792798585091740e-04
-7.054108216432866119e-01 1.252792798585091740e-04
-7.022044088176353505e-01 1.252792798585091740e-04
-6.989979959919840891e-01 1.252792798585091740e-04
-6.957915831663327166e-01 1.252792798585091740e-04
-6.925851703406814552e-01 1.252792798585091740e-04
-6.893787575150301938e-01 1.252792798585091740e-04
-6.861723446893788214e-01 1.252792798585091740e-04
-6.829659318637275600e-01 1.252792798585091740e-04
-6.797595190380761876e-01 1.252792798585091740e-04
-6.765531062124249262e-01 1.252792798585091740e-04
-6.733466933867736648e-01 1.252792798585091740e-04
-6.701402805611222924e-01 1.252792798585091740e-04
-6.669338677354710310e-01 1.252792798585091740e-04
-6.637274549098197696e-01 1.252792798585091740e-04
-6.605210420841683971e-01 1.252792798585091740e-04
-6.573146292585171357e-01 1.252792798585091740e-04
-6.541082164328658743e-01 1.252792798585091740e-04
-6.509018036072145019e-01 1.252792798585091740e-04
-6.476953907815632405e-01 1.252792798585091740e-04
-6.444889779559118681e-01 1.252792798585091740e-04
-6.412825651302606067e-01 1.252792798585091740e-04
-6.380761523046093453e-01 1.252792798585091740e-04
-6.348697394789579729e-01 1.252792798585091740e-04
-6.316633266533067115e-01 1.252792798585091740e-04
-6.284569138276554501e-01 1.252792798585091740e-04
-6.252505010020040777e-01 1.252792798585091740e-04
-6.220440881763528163e-01 1.252792798585091740e-04
-6.188376753507014438e-01 1.252792798585091740e-04
-6.156312625250501824e-01 1.252792798585091740e-04
-6.124248496993989210e-01 1.252792798585091740e-04
-6.092184368737475486e-01 1.252792798585091740e-04
-6.060120240480962872e-01 1.252792798585091740e-04
-6.028056112224450258e-01 1.252792798585091740e-04
-5.995991983967936534e-01 1.252792798585091740e-04
-5.963927855711423920e-01 1.252792798585091740e-04
-5.931863727454911306e-01 1.252792798585091740e-04
-5.899799599198398692e-01 1.252792798585091740e-04
-5.867735470941883857e-01 1.252792798585091740e-04
-5.835671342685371243e-01 1.252792798585091740e-04
-5.803607214428858629e-01 1.252792798585091740e-04
-5.771543086172346015e-01 1.252792798585091740e-04
-5.739478957915833401e-01 1.252792798585091740e-04
-5.707414829659318567e-01 1.252792798585091740e-04
-5.675350701402805953e-01 1.252792798585091740e-04
-5.643286573146293339e-01 1.252792798585091740e-04
-5.611222444889780725e-01 1.252792798585091740e-04
-5.579158316633268111e-01 1.252792798585091740e-04
-5.547094188376755497e-01 1.252792798585091740e-04
-5.515030060120240663e-01 1.252792798585091740e-04
-5.482965931863728049e-01 1.252792798585091740e-04
-5.450901803607215435e-01 1.252792798585091740e-04
-5.418837675350702821e-01 1.252792798585091740e-04
-5.386773547094190207e-01 1.252792798585091740e-04
-5.354709418837675372e-01 1.252792798585091740e-04
-5.322645290581162758e-01 1.252792798585091740e-04
-5.290581162324650144e-01 1.252792798585091740e-04
-5.258517034068137530e-01 1.252792798585091740e-04
-5.226452905811624916e-01 1.252792798585091740e-04
-5.194388777555110082e-01 1.252792798585225097e-04
-5.162324649298597468e-01 1.252792798664616614e-04
-5.130260521042084854e-01 1.252792847063865091e-04
-5.098196392785572240e-01 1.252822351916084279e-04
-5.066132264529059626e-01 1.270808884745330770e-04
-5.034068136272547012e-01 1.222361379588419875e-03
-5.002004008016032177e-01 4.010942846436033604e-01
-4.969939879759519563e-01 9.973072172179483497e-01
-4.937875751503006949e-01 9.997454254621677139e-01
-4.905811623246494335e-01 9.997494348525133301e-01
-4.873747494989981721e-01 9.997494414294751941e-01
-4.841683366733466887e-01 9.997494414402637863e-01
-4.809619238476954273e-01 9.997494414402821050e-01
-4.777555110220441659e-01 9.997494414402821050e-01
-4.745490981963929045e-01 9.997494414402821050e-01
-4.713426853707416431e-01 9.997494414402821050e-01
-4.681362725450903817e-01 9.997494414402821050e-01
-4.649298597194388982e-01 9.997494414402821050e-01
-4.617234468937876368e-01 9.997494414402821050e-01
-4.585170340681363754e-01 9.997494414402821050e-01
-4.553106212424851140e-01 9.997494414402821050e-01
-4.521042084168338526e-01 9.997494414402821050e-01
-4.488977955911823692e-01 9.997494414402821050e-01
-4.456913827655311078e-01 9.997494414402821050e-01
-4.424849699398798464e-01 9.997494414402821050e-01
-4.392785571142285850e-01 9.997494414402821050e-01
-4.360721442885773236e-01 9.997494414402821050e-01
-4.328657314629258401e-01 9.997494414402821050e-01
-4.296593186372745787e-01 9.997494414402821050e-01
-4.264529058116233173e-01 9.997494414402821050e-01
-4.232464929859720559e-01 9.997494414402821050e-01
-4.200400801603207945e-01 9.997494414402821050e-01
-4.168336673346695331e-01 9.997494414402821050e-01
-4.136272545090180497e-01 9.997494414402821050e-01
-4.104208416833667883e-01 9.997494414402821050e-01
-4.072144288577155269e-01 9.997494414402821050e-01
-4.040080160320642655e-01 9.997494414402821050e-01
-4.008016032064130041e-01 9.997494414402821050e-01
-3.975951903807615206e-01 9.997494414402821050e-01
-3.943887775551102592e-01 9.997494414402821050e-01
-3.911823647294589978e-01 9.997494414402821050e-01
-3.879759519038077364e-01 9.997494414402821050e-01
-3.847695390781564750e-01 9.997494414402821050e-01
-3.815631262525049916e-01 9.997494414402821050e-01
-3.783567134268537302e-01 9.997494414402821050e-01
-3.751503006012024688e-01 9.997494414402821050e-01
-3.719438877755512074e-01 9.997494414402821050e-01
-3.687374749498999460e-01 9.997494414402821050e-01
-3.655310621242486846e-01 9.997494414402821050e-01
-3.623246492985972012e-01 9.997494414402821050e-01
-3.591182364729459398e-01 9.997494414402821050e-01
-3.559118236472946784e-01 9.997494414402821050e-01
-3.527054108216434170e-01 9.997494414402821050e-01
-3.494989979959921556e-01 9.997494414402821050e-01
-3.462925851703406721e-01 9.997494414402821050e-01
-3.430861723446894107e-01 9.997494414402821050e-01
-3.398797595190381493e-01 9.997494414402821050e-01
-3.366733466933868879e-01 9.997494414402821050e-01
-3.334669338677356265e-01 9.997494414402821050e-01
-3.302605210420843651e-01 9.997494414402821050e-01
-3.270541082164328817e-01 9.997494414402821050e-01
-3.238476953907816203e-01 9.997494414402821050e-01
-3.206412825651303589e-01 9.997494414402821050e-01
-3.174348697394790975e-01 9.997494414402821050e-01
-3.142284569138278361e-01 9.997494414402821050e-01
-3.110220440881763526e-01 9.997494414402821050e-01
-3.078156312625250912e-01 9.997494414402821050e-01
-3.046092184368738298e-01 9.997494414402821050e-01
-3.014028056112225684e-01 9.997494414402821050e-01
-2.981963927855713070e-01 9.997494414402821050e-01
-2.949899799599198236e-01 9.997494414402821050e-01
-2.917835671342685622e-01 9.997494414402821050e-01
-2.885771543086173008e-01 9.997494414402821050e-01
-2.853707414829660394e-01 9.997494414402821050e-01
-2.821643286573147780e-01 9.997494414402821050e-01
-2.789579158316635166e-01 9.997494414402821050e-01
-2.757515030060120331e-01 9.997494414402821050e-01
-2.725450901803607717e-01 9.997494414402821050e-01
-2.693386773547095103e-01 9.997494414402821050e-01
-2.661322645290582489e-01 9.997494414402821050e-01
-2.629258517034069875e-01 9.997494414402821050e-01
-2.597194388777555041e-01 9.997494414402821050e-01
-2.565130260521042427e-01 9.997494414402821050e-01
-2.533066132264529813e-01 9.997494414402821050e-01
-2.501002004008017199e-01 9.997494414402821050e-01
-2.468937875751504585e-01 9.997494414402821050e-01
-2.436873747494991971e-01 9.997494414402821050e-01
-2.404809619238477136e-01 9.997494414402821050e-01
-2.372745490981964522e-01 9.997494414402821050e-01
-2.340681362725451908e-01 9.997494414402821050e-01
-2.308617234468939294e-01 9.997494414402821050e-01
-2.276553106212426680e-01 9.997494414402821050e-01
-2.244488977955911846e-01 9.997494414402821050e-01
-2.212424849699399232e-01 9.997494414402821050e-01
-2.180360721442886618e-01 9.997494414402821050e-01
-2.148296593186374004e-01 9.997494414402821050e-01
-2.116232464929861390e-01 9.997494414402821050e-01
-2.084168336673346555e-01 9.997494414402821050e-01
-2.052104208416833941e-01 9.997494414402821050e-01
-2.020040080160321327e-01 9.997494414402821050e-01
-1.987975951903808713e-01 9.997494414402821050e-01
-1.955911823647296099e-01 9.997494414402821050e-01
-1.923847695390783485e-01 9.997494414402821050e-01
-1.891783567134268651e-01 9.997494414402821050e-01
-1.859719438877756037e-01 9.997494414402821050e-01
-1.827655310621243423e-01 9.997494414402821050e-01
-1.795591182364730809e-01 9.997494414402821050e-01
-1.763527054108218195e-01 9.997494414402821050e-01
-1.731462925851703361e-01 9.997494414402821050e-01
-1.699398797595190747e-01 9.997494414402821050e-01
-1.667334669338678133e-01 9.997494414402821050e-01
-1.635270541082165519e-01 9.997494414402821050e-01
-1.603206412825652905e-01 9.997494414402821050e-01
-1.571142284569140291e-01 9.997494414402821050e-01
-1.539078156312625456e-01 9.997494414402821050e-01
-1.507014028056112842e-01 9.997494414402821050e-01
-1.474949899799600228e-01 9.997494414402821050e-01
-1.442885771543087614e-01 9.997494414402821050e-01
-1.410821643286575000e-01 9.997494414402821050e-01
-1.378757515030060166e-01 9.997494414402821050e-01
-1.346693386773547552e-01 9.997494414402821050e-01
-1.314629258517034938e-01 9.997494414402821050e-01
-1.282565130260522324e-01 9.997494414402821050e-01
-1.250501002004009710e-01 9.997494414402821050e-01
-1.218436873747494875e-01 9.997494414402821050e-01
-1.186372745490982261e-01 9.997494414402821050e-01
-1.154308617234469647e-01 9.997494414402821050e-01
-1.122244488977957033e-01 9.997494414402821050e-01
-1.090180360721444419e-01 9.997494414402821050e-01
-1.058116232464931805e-01 9.997494414402821050e-01
-1.026052104208416971e-01 9.997494414402821050e-01
-9.939879759519043567e-02 9.997494414402821050e-01
-9.619238476953917427e-02 9.997494414402821050e-01
-9.298597194388791287e-02 9.997494414402821050e-01
-8.977955911823665147e-02 9.997494414402821050e-01
-8.657314629258516803e-02 9.997494414402821050e-01
-8.336673346693390663e-02 9.997494414402821050e-01
-8.016032064128264523e-02 9.997494414402821050e-01
-7.695390781563138383e-02 9.997494414402821050e-01
-7.374749498998012243e-02 9.997494414402821050e-01
-7.054108216432863898e-02 9.997494414402821050e-01
-6.733466933867737758e-02 9.997494414402821050e-01
-6.412825651302611618e-02 9.997494414402821050e-01
-6.092184368737485478e-02 9.997494414402821050e-01
-5.771543086172359338e-02 9.997494414402821050e-01
-5.450901803607233198e-02 9.997494414402821050e-01
-5.130260521042084854e-02 9.997494414402821050e-01
-4.809619238476958714e-02 9.997494414402821050e-01
-4.488977955911832574e-02 9.997494414402821050e-01
-4.168336673346706434e-02 9.997494414402821050e-01
-3.847695390781580294e-02 9.997494414402821050e-01
-3.527054108216431949e-02 9.997494414402821050e-01
-3.206412825651305809e-02 9.997494414402821050e-01
-2.885771543086179669e-02 9.997494414402821050e-01
-2.565130260521053529e-02 9.997494414402821050e-01
-2.244488977955927389e-02 9.997494414402821050e-01
-1.923847695390801249e-02 9.997494414402821050e-01
-1.603206412825652905e-02 9.997494414402821050e-01
-1.282565130260526765e-02 9.997494414402821050e-01
-9.619238476954006245e-03 9.997494414402821050e-01
-6.412825651302744845e-03 9.997494414402821050e-01
-3.206412825651483445e-03 9.997494414402821050e-01
0.000000000000000000e+00 9.997494414402821050e-01
3.206412825651261400e-03 9.997494414402821050e-01
6.412825651302522800e-03 9.997494414402821050e-01
9.619238476953784200e-03 9.997494414402821050e-01
1.282565130260504560e-02 9.997494414402821050e-01
1.603206412825652905e-02 9.997494414402821050e-01
1.923847695390779045e-02 9.997494414402821050e-01
2.244488977955905185e-02 9.997494414402821050e-01
2.565130260521031325e-02 9.997494414402821050e-01
2.885771543086157465e-02 9.997494414402821050e-01
3.206412825651283605e-02 9.997494414402821050e-01
3.527054108216431949e-02 9.997494414402821050e-01
3.847695390781558089e-02 9.997494414402821050e-01
4.168336673346684229e-02 9.997494414402821050e-01
4.488977955911810369e-02 9.997494414402821050e-01
4.809619238476936509e-02 9.997494414402821050e-01
5.130260521042084854e-02 9.997494414402821050e-01
5.450901803607210994e-02 9.997494414402821050e-01
5.771543086172337134e-02 9.997494414402821050e-01
6.092184368737463274e-02 9.997494414402821050e-01
6.412825651302589414e-02 9.997494414402821050e-01
6.733466933867715554e-02 9.997494414402821050e-01
7.054108216432863898e-02 9.997494414402821050e-01
7.374749498997990038e-02 9.997494414402821050e-01
7.695390781563116178e-02 9.997494414402821050e-01
8.016032064128242318e-02 9.997494414402821050e-01
8.336673346693368458e-02 9.997494414402821050e-01
8.657314629258516803e-02 9.997494414402821050e-01
8.977955911823642943e-02 9.997494414402821050e-01
9.298597194388769083e-02 9.997494414402821050e-01
9.619238476953895223e-02 9.997494414402821050e-01
9.939879759519021363e-02 9.997494414402821050e-01
1.026052104208416971e-01 9.997494414402821050e-01
1.058116232464929585e-01 9.997494414402821050e-01
1.090180360721442199e-01 9.997494414402821050e-01
1.122244488977954813e-01 9.997494414402821050e-01
1.154308617234467427e-01 9.997494414402821050e-01
1.186372745490980041e-01 9.997494414402821050e-01
1.218436873747494875e-01 9.997494414402821050e-01
1.250501002004007489e-01 9.997494414402821050e-01
1.282565130260520103e-01 9.997494414402821050e-01
1.314629258517032717e-01 9.997494414402821050e-01
1.346693386773545331e-01 9.997494414402821050e-01
1.378757515030060166e-01 9.997494414402821050e-01
1.410821643286572780e-01 9.997494414402821050e-01
1.442885771543085394e-01 9.997494414402821050e-01
1.474949899799598008e-01 9.997494414402821050e-01
1.507014028056110622e-01 9.997494414402821050e-01
1.539078156312623236e-01 9.997494414402821050e-01
1.571142284569138070e-01 9.997494414402821050e-01
1.603206412825650684e-01 9.997494414402821050e-01
1.635270541082163298e-01 9.997494414402821050e-01
1.667334669338675912e-01 9.997494414402821050e-01
1.699398797595188526e-01 9.997494414402821050e-01
1.731462925851703361e-01 9.997494414402821050e-01
1.763527054108215975e-01 9.997494414402821050e-01
1.795591182364728589e-01 9.997494414402821050e-01
1.827655310621241203e-01 9.997494414402821050e-01
1.859719438877753817e-01 9.997494414402821050e-01
1.891783567134268651e-01 9.997494414402821050e-01
1.923847695390781265e-01 9.997494414402821050e-01
1.955911823647293879e-01 9.997494414402821050e-01
1.987975951903806493e-01 9.997494414402821050e-01
2.020040080160319107e-01 9.997494414402821050e-01
2.052104208416831721e-01 9.997494414402821050e-01
2.084168336673346555e-01 9.997494414402821050e-01
2.116232464929859169e-01 9.997494414402821050e-01
2.148296593186371783e-01 9.997494414402821050e-01
2.180360721442884397e-01 9.997494414402821050e-01
2.212424849699397011e-01 9.997494414402821050e-01
2.244488977955911846e-01 9.997494414402821050e-01
2.276553106212424460e-01 9.997494414402821050e-01
2.308617234468937074e-01 9.997494414402821050e-01
2.340681362725449688e-01 9.997494414402821050e-01
2.372745490981962302e-01 9.997494414402821050e-01
2.404809619238477136e-01 9.997494414402821050e-01
2.436873747494989750e-01 9.997494414402821050e-01
2.468937875751502364e-01 9.997494414402821050e-01
2.501002004008014978e-01 9.997494414402821050e-01
2.533066132264527592e-01 9.997494414402821050e-01
2.565130260521040206e-01 9.997494414402821050e-01
2.597194388777555041e-01 9.997494414402821050e-01
2.629258517034067655e-01 9.997494414402821050e-01
2.661322645290580269e-01 9.997494414402821050e-01
2.693386773547092883e-01 9.997494414402821050e-01
2.725450901803605497e-01 9.997494414402821050e-01
2.757515030060120331e-01 9.997494414402821050e-01
2.789579158316632945e-01 9.997494414402821050e-01
2.821643286573145559e-01 9.997494414402821050e-01
2.853707414829658173e-01 9.997494414402821050e-01
2.885771543086170787e-01 9.997494414402821050e-01
2.917835671342683401e-01 9.997494414402821050e-01
2.949899799599198236e-01 9.997494414402821050e-01
2.981963927855710850e-01 9.997494414402821050e-01
3.014028056112223464e-01 9.997494414402821050e-01
3.046092184368736078e-01 9.997494414402821050e-01
3.078156312625248692e-01 9.997494414402821050e-01
3.110220440881763526e-01 9.997494414402821050e-01
3.142284569138276140e-01 9.997494414402821050e-01
3.174348697394788754e-01 9.997494414402821050e-01
3.206412825651301368e-01 9.997494414402821050e-01
3.238476953907813982e-01 9.997494414402821050e-01
3.270541082164328817e-01 9.997494414402821050e-01
3.302605210420841431e-01 9.997494414402821050e-01
3.334669338677354045e-01 9.997494414402821050e-01
3.366733466933866659e-01 9.997494414402821050e-01
3.398797595190379273e-01 9.997494414402821050e-01
3.430861723446891887e-01 9.997494414402821050e-01
3.462925851703406721e-01 9.997494414402821050e-01
3.494989979959919335e-01 9.997494414402821050e-01
3.527054108216431949e-01 9.997494414402821050e-01
3.559118236472944563e-01 9.997494414402821050e-01
3.591182364729457177e-01 9.997494414402821050e-01
3.623246492985972012e-01 9.997494414402821050e-01
3.655310621242484626e-01 9.997494414402821050e-01
3.687374749498997240e-01 9.997494414402821050e-01
3.719438877755509854e-01 9.997494414402821050e-01
3.751503006012022468e-01 9.997494414402821050e-01
3.783567134268535082e-01 9.997494414402821050e-01
3.815631262525049916e-01 9.997494414402821050e-01
3.847695390781562530e-01 9.997494414402821050e-01
3.879759519038075144e-01 9.997494414402821050e-01
3.911823647294587758e-01 9.997494414402821050e-01
3.943887775551100372e-01 9.997494414402821050e-01
3.975951903807615206e-01 9.997494414402821050e-01
4.008016032064127820e-01 9.997494414402821050e-01
4.040080160320638214e-01 9.997494414402821050e-01
4.072144288577153048e-01 9.997494414402821050e-01
4.104208416833667883e-01 9.997494414402821050e-01
4.136272545090178276e-01 9.997494414402821050e-01
4.168336673346693111e-01 9.997494414402821050e-01
4.200400801603203504e-01 9.997494414402821050e-01
4.232464929859718339e-01 9.997494414402821050e-01
4.264529058116233173e-01 9.997494414402821050e-01
4.296593186372743567e-01 9.997494414402821050e-01
4.328657314629258401e-01 9.997494414402821050e-01
4.360721442885768795e-01 9.997494414402821050e-01
4.392785571142283629e-01 9.997494414402821050e-01
4.424849699398798464e-01 9.997494414402821050e-01
4.456913827655308857e-01 9.997494414402821050e-01
4.488977955911823692e-01 9.997494414402821050e-01
4.521042084168334085e-01 9.997494414402821050e-01
4.553106212424848920e-01 9.997494414402821050e-01
4.585170340681363754e-01 9.997494414402821050e-01
4.617234468937874148e-01 9.997494414402821050e-01
4.649298597194388982e-01 9.997494414402821050e-01
4.681362725450899376e-01 9.997494414402821050e-01
4.713426853707414210e-01 9.997494414402821050e-01
4.745490981963929045e-01 9.997494414402821050e-01
4.777555110220439438e-01 9.997494414402821050e-01
4.809619238476954273e-01 9.997494414402821050e-01
4.841683366733464666e-01 9.997494414402637863e-01
4.873747494989979501e-01 9.997494414294751941e-01
4.905811623246489894e-01 9.997494348525133301e-01
4.937875751503004729e-01 9.997454254621677139e-01
4.969939879759519563e-01 9.973072172179483497e-01
5.002004008016029957e-01 4.010942846437102749e-01
5.034068136272544791e-01 1.222361379588901911e-03
5.066132264529055185e-01 1.270808884745344323e-04
5.098196392785570019e-01 1.252822351916084279e-04
5.130260521042084854e-01 1.252792847063865091e-04
5.162324649298595247e-01 1.252792798664616614e-04
5.194388777555110082e-01 1.252792798585225097e-04
5.226452905811620475e-01 1.252792798585091740e-04
5.258517034068135310e-01 1.252792798585091740e-04
5.290581162324650144e-01 1.252792798585091740e-04
5.322645290581160538e-01 1.252792798585091740e-04
5.354709418837675372e-01 1.252792798585091740e-04
5.386773547094185766e-01 1.252792798585091740e-04
5.418837675350700600e-01 1.252792798585091740e-04
5.450901803607215435e-01 1.252792798585091740e-04
5.482965931863725828e-01 1.252792798585091740e-04
5.515030060120240663e-01 1.252792798585091740e-04
5.547094188376751056e-01 1.252792798585091740e-04
5.579158316633265891e-01 1.252792798585091740e-04
5.611222444889780725e-01 1.252792798585091740e-04
5.643286573146291119e-01 1.252792798585091740e-04
5.675350701402805953e-01 1.252792798585091740e-04
5.707414829659316347e-01 1.252792798585091740e-04
5.739478957915831181e-01 1.252792798585091740e-04
5.771543086172341575e-01 1.252792798585091740e-04
5.803607214428856409e-01 1.252792798585091740e-04
5.835671342685371243e-01 1.252792798585091740e-04
5.867735470941881637e-01 1.252792798585091740e-04
5.899799599198396471e-01 1.252792798585091740e-04
5.931863727454906865e-01 1.252792798585091740e-04
5.963927855711421699e-01 1.252792798585091740e-04
5.995991983967936534e-01 1.252792798585091740e-04
6.028056112224446927e-01 1.252792798585091740e-04
6.060120240480961762e-01 1.252792798585091740e-04
6.092184368737472155e-01 1.252792798585091740e-04
6.124248496993986990e-01 1.252792798585091740e-04
6.156312625250501824e-01 1.252792798585091740e-04
6.188376753507012218e-01 1.252792798585091740e-04
6.220440881763527052e-01 1.252792798585091740e-04
6.252505010020037446e-01 1.252792798585091740e-04
6.284569138276552280e-01 1.252792798585091740e-04
6.316633266533067115e-01 1.252792798585091740e-04
6.348697394789577508e-01 1.252792798585091740e-04
6.380761523046092343e-01 1.252792798585091740e-04
6.412825651302602736e-01 1.252792798585091740e-04
6.444889779559117571e-01 1.252792798585091740e-04
6.476953907815632405e-01 1.252792798585091740e-04
6.509018036072142799e-01 1.252792798585091740e-04
6.541082164328657633e-01 1.252792798585091740e-04
6.573146292585168027e-01 1.252792798585091740e-04
6.605210420841682861e-01 1.252792798585091740e-04
6.637274549098193255e-01 1.252792798585091740e-04
6.669338677354708089e-01 1.252792798585091740e-04
6.701402805611222924e-01 1.252792798585091740e-04
6.733466933867733317e-01 1.252792798585091740e-04
6.765531062124248152e-01 1.252792798585091740e-04
6.797595190380758545e-01 1.252792798585091740e-04
6.829659318637273380e-01 1.252792798585091740e-04
6.861723446893788214e-01 1.252792798585091740e-04
6.893787575150298608e-01 1.252792798585091740e-04
6.925851703406813442e-01 1.252792798585091740e-04
6.957915831663323836e-01 1.252792798585091740e-04
6.989979959919838670e-01 1.252792798585091740e-04
7.022044088176353505e-01 1.252792798585091740e-04
7.054108216432863898e-01 1.252792798585091740e-04
7.086172344689378733e-01 1.252792798585091740e-04
7.118236472945889126e-01 1.252792798585091740e-04
7.150300601202403961e-01 1.252792798585091740e-04
7.182364729458918795e-01 1.252792798585091740e-04
7.214428857715429189e-01 1.252792798585091740e-04
7.246492985971944023e-01 1.252792798585091740e-04
7.278557114228454417e-01 1.252792798585091740e-04
7.310621242484969251e-01 1.252792798585091740e-04
7.342685370741484085e-01 1.252792798585091740e-04
7.374749498997994479e-01 1.252792798585091740e-04
7.406813627254509314e-01 1.252792798585091740e-04
7.438877755511019707e-01 1.252792798585091740e-04
7.470941883767534542e-01 1.252792798585091740e-04
7.503006012024049376e-01 1.252792798585091740e-04
7.535070140280559770e-01 1.252792798585091740e-04
7.567134268537074604e-01 1.252792798585091740e-04
7.599198396793584998e-01 1.252792798585091740e-04
7.631262525050099832e-01 1.252792798585091740e-04
7.663326653306610226e-01 1.252792798585091740e-04
7.695390781563125060e-01 1.252792798585091740e-04
7.727454909819639894e-01 1.252792798585091740e-04
7.759519038076150288e-01 1.252792798585091740e-04
7.791583166332665122e-01 1.252792798585091740e-04
7.823647294589175516e-01 1.252792798585091740e-04
7.855711422845690350e-01 1.252792798585091740e-04
7.887775551102205185e-01 1.252792798585091740e-04
7.919839679358715578e-01 1.252792798585091740e-04
7.951903807615230413e-01 1.252792798585091740e-04
7.983967935871740806e-01 1.252792798585091740e-04
8.016032064128255641e-01 1.252792798585091740e-04
8.048096192384770475e-01 1.252792798585091740e-04
8.080160320641280869e-01 1.252792798585091740e-04
8.112224448897795703e-01 1.252792798585091740e-04
8.144288577154306097e-01 1.252792798585091740e-04
8.176352705410820931e-01 1.252792798585091740e-04
8.208416833667335766e-01 1.252792798585091740e-04
8.240480961923846159e-01 1.252792798585091740e-04
8.272545090180360994e-01 1.252792798585091740e-04
8.304609218436871387e-01 1.252792798585091740e-04
8.336673346693386222e-01 1.252792798585091740e-04
8.368737474949901056e-01 1.252792798585091740e-04
8.400801603206411450e-01 1.252792798585091740e-04
8.432865731462926284e-01 1.252792798585091740e-04
8.464929859719436678e-01 1.252792798585091740e-04
8.496993987975951512e-01 1.252792798585091740e-04
8.529058116232461906e-01 1.252792798585091740e-04
8.561122244488976740e-01 1.252792798585091740e-04
8.593186372745491575e-01 1.252792798585091740e-04
8.625250501002001968e-01 1.252792798585091740e-04
8.657314629258516803e-01 1.252792798585091740e-04
8.689378757515027196e-01 1.252792798585091740e-04
8.721442885771542031e-01 1.252792798585091740e-04
8.753507014028056865e-01 1.252792798585091740e-04
8.785571142284567259e-01 1.252792798585091740e-04
8.817635270541082093e-01 1.252792798585091740e-04
8.849699398797592487e-01 1.252792798585091740e-04
8.881763527054107321e-01 1.252792798585091740e-04
8.913827655310622156e-01 1.252792798585091740e-04
8.945891783567132549e-01 1.252792798585091740e-04
8.977955911823647384e-01 1.252792798585091740e-04
9.010020040080157777e-01 1.252792798585091740e-04
9.042084168336672612e-01 1.252792798585091740e-04
9.074148296593187446e-01 1.252792798585091740e-04
9.106212424849697840e-01 1.252792798585091740e-04
9.138276553106212674e-01 1.252792798585091740e-04
9.170340681362723068e-01 1.252792798585091740e-04
9.202404809619237902e-01 1.252792798585091740e-04
9.234468937875752736e-01 1.252792798585091740e-04
9.266533066132263130e-01 1.252792798585091740e-04
9.298597194388777964e-01 1.252792798585091740e-04
9.330661322645288358e-01 1.252792798585091740e-04
9.362725450901803192e-01 1.252792798585091740e-04
9.394789579158313586e-01 1.252792798585091740e-04
9.426853707414828420e-01 1.252792798585091740e-04
9.458917835671343255e-01 1.252792798585091740e-04
9.490981963927853648e-01 1.252792798585091740e-04
9.523046092184368483e-01 1.252792798585091740e-04
9.555110220440878877e-01 1.252792798585091740e-04
9.587174348697393711e-01 1.252792798585091740e-04
9.619238476953908545e-01 1.252792798585091740e-04
9.651302605210418939e-01 1.252792798585091740e-04
9.683366733466933773e-01 1.252792798585091740e-04
9.715430861723444167e-01 1.252792798585091740e-04
9.747494989979959001e-01 1.252792798585091740e-04
9.779559118236473836e-01 1.252792798585091740e-04
9.811623246492984229e-01 1.252792798585091740e-04
9.843687374749499064e-01 1.252792798585091740e-04
9.875751503006009457e-01 1.252792798585091740e-04
9.907815631262524292e-01 1.252792798585091740e-04
9.939879759519039126e-01 1.252792798585091740e-04
9.971943887775549520e-01 1.252792798585091740e-04
1.000400801603206435e+00 1.252792798585091740e-04
1.003607214428857475e+00 1.252792798585091740e-04
1.006813627254508958e+00 1.252792798585091740e-04
1.010020040080160442e+00 1.252792798585091740e-04
1.013226452905811481e+00 1.252792798585091740e-04
1.016432865731462964e+00 1.252792798585091740e-04
1.019639278557114004e+00 1.252792798585091740e-04
1.022845691382765487e+00 1.252792798585091740e-04
1.026052104208416527e+00 1.252792798585091740e-04
1.029258517034068010e+00 1.252792798585091740e-04
1.032464929859719494e+00 1.252792798585091740e-04
1.035671342685370533e+00 1.252792798585091740e-04
1.038877755511022016e+00 1.252792798585091740e-04
1.042084168336673056e+00 1.252792798585091740e-04
1.045290581162324539e+00 1.252792798585091740e-04
1.048496993987976023e+00 1.252792798585091740e-04
1.051703406813627062e+00 1.252792798585091740e-04
1.054909819639278545e+00 1.252792798585091740e-04
1.058116232464929585e+00 1.252792798585091740e-04
1.061322645290581068e+00 1.252792798585091740e-04
1.064529058116232552e+00 1.252792798585091740e-04
1.067735470941883591e+00 1.252792798585091740e-04
1.070941883767535074e+00 1.252792798585091740e-04
1.074148296593186114e+00 1.252792798585091740e-04
1.077354709418837597e+00 1.252792798585091740e-04
1.080561122244489081e+00 1.252792798585091740e-04
1.083767535070140120e+00 1.252792798585091740e-04
1.086973947895791603e+00 1.252792798585091740e-04
1.090180360721442643e+00 1.252792798585091740e-04
1.093386773547094126e+00 1.252792798585091740e-04
1.096593186372745610e+00 1.252792798585091740e-04
1.099799599198396649e+00 1.252792798585091740e-04
1.103006012024048133e+00 1.252792798585091740e-04
1.106212424849699172e+00 1.252792798585091740e-04
1.109418837675350655e+00 1.252792798585091740e-04
1.112625250501001695e+00 1.252792798585091740e-04
1.115831663326653178e+00 1.252792798585091740e-04
1.119038076152304662e+00 1.252792798585091740e-04
1.122244488977955701e+00 1.252792798585091740e-04
1.125450901803607184e+00 1.252792798585091740e-04
1.128657314629258224e+00 1.252792798585091740e-04
1.131863727454909707e+00 1.252792798585091740e-04
1.135070140280561191e+00 1.252792798585091740e-04
1.138276553106212230e+00 1.252792798585091740e-04
1.141482965931863713e+00 1.252792798585091740e-04
1.144689378757514753e+00 1.252792798585091740e-04
1.147895791583166236e+00 1.252792798585091740e-04
1.151102204408817720e+00 1.252792798585091740e-04
1.154308617234468759e+00 1.252792798585091740e-04
1.157515030060120242e+00 1.252792798585091740e-04
1.160721442885771282e+00 1.252792798585091740e-04
1.163927855711422765e+00 1.252792798585091740e-04
1.167134268537074249e+00 1.252792798585091740e-04
1.170340681362725288e+00 1.252792798585091740e-04
1.173547094188376771e+00 1.252792798585091740e-04
1.176753507014027811e+00 1.252792798585091740e-04
1.179959919839679294e+00 1.252792798585091740e-04
1.183166332665330778e+00 1.252792798585091740e-04
1.186372745490981817e+00 1.252792798585091740e-04
1.189579158316633301e+00 1.252792798585091740e-04
1.192785571142284340e+00 1.252792798585091740e-04
1.195991983967935823e+00 1.252792798585091740e-04
1.199198396793586863e+00 1.252792798585091740e-04
1.202404809619238346e+00 1.252792798585091740e-04
1.205611222444889830e+00 1.252792798585091740e-04
1.208817635270540869e+00 1.252792798585091740e-04
1.212024048096192352e+00 1.252792798585091740e-04
1.215230460921843392e+00 1.252792798585091740e-04
1.218436873747494875e+00 1.252792798585091740e-04
1.221643286573146359e+00 1.252792798585091740e-04
1.224849699398797398e+00 1.252792798585091740e-04
1.228056112224448881e+00 1.252792798585091740e-04
1.231262525050099921e+00 1.252792798585091740e-04
1.234468937875751404e+00 1.252792798585091740e-04
1.237675350701402888e+00 1.252792798585091740e-04
1.240881763527053927e+00 1.252792798585091740e-04
1.244088176352705410e+00 1.252792798585091740e-04
1.247294589178356450e+00 1.252792798585091740e-04
1.250501002004007933e+00 1.252792798585091740e-04
1.253707414829659417e+00 1.252792798585091740e-04
1.256913827655310456e+00 1.252792798585091740e-04
1.260120240480961940e+00 1.252792798585091740e-04
1.263326653306612979e+00 1.252792798585091740e-04
1.266533066132264462e+00 1.252792798585091740e-04
1.269739478957915946e+00 1.252792798585091740e-04
1.272945891783566985e+00 1.252792798585091740e-04
1.276152304609218469e+00 1.252792798585091740e-04
1.279358717434869508e+00 1.252792798585091740e-04
1.282565130260520991e+00 1.252792798585091740e-04
1.285771543086172031e+00 1.252792798585091740e-04
1.288977955911823514e+00 1.252792798585091740e-04
1.292184368737474998e+00 1.252792798585091740e-04
1.295390781563126037e+00 1.252792798585091740e-04
1.298597194388777520e+00 1.252792798585091740e-04
1.301803607214428560e+00 1.252792798585091740e-04
1.305010020040080043e+00 1.252792798585091740e-04
1.308216432865731527e+00 1.252792798585091740e-04
1.311422845691382566e+00 1.252792798585091740e-04
1.314629258517034049e+00 1.252792798585091740e-04
1.317835671342685089e+00 1.252792798585091740e-04
1.321042084168336572e+00 1.252792798585091740e-04
1.324248496993988056e+00 1.252792798585091740e-04
1.327454909819639095e+00 1.252792798585091740e-04
1.330661322645290578e+00 1.252792798585091740e-04
1.333867735470941618e+00 1.252792798585091740e-04
1.337074148296593101e+00 1.252792798585091740e-04
1.340280561122244585e+00 1.252792798585091740e-04
1.343486973947895624e+00 1.252792798585091740e-04
1.346693386773547108e+00 1.252792798585091740e-04
1.349899799599198147e+00 1.252792798585091740e-04
1.353106212424849630e+00 1.252792798585091740e-04
1.356312625250501114e+00 1.252792798585091740e-04
1.359519038076152153e+00 1.252792798585091740e-04
1.362725450901803637e+00 1.252792798585091740e-04
1.365931863727454676e+00 1.252792798585091740e-04
1.369138276553106159e+00 1.252792798585091740e-04
1.372344689378757643e+00 1.252792798585091740e-04
1.375551102204408682e+00 1.252792798585091740e-04
1.378757515030060166e+00 1.252792798585091740e-04
1.381963927855711205e+00 1.252792798585091740e-04
1.385170340681362688e+00 1.252792798585091740e-04
1.388376753507013728e+00 1.252792798585091740e-04
1.391583166332665211e+00 1.252792798585091740e-04
1.394789579158316695e+00 1.252792798585091740e-04
1.397995991983967734e+00 1.252792798585091740e-04
1.401202404809619217e+00 1.252792798585091740e-04
1.404408817635270257e+00 1.252792798585091740e-04
1.407615230460921740e+00 1.252792798585091740e-04
1.410821643286573224e+00 1.252792798585091740e-04
1.414028056112224263e+00 1.252792798585091740e-04
1.417234468937875747e+00 1.252792798585091740e-04
1.420440881763526786e+00 1.252792798585091740e-04
1.423647294589178269e+00 1.252792798585091740e-04
1.426853707414829753e+00 1.252792798585091740e-04
1.430060120240480792e+00 1.252792798585091740e-04
1.433266533066132276e+00 1.252792798585091740e-04
1.436472945891783315e+00 1.252792798585091740e-04
1.439679358717434798e+00 1.252792798585091740e-04
1.442885771543086282e+00 1.252792798585091740e-04
1.446092184368737321e+00 1.252792798585091740e-04
1.449298597194388805e+00 1.252792798585091740e-04
1.452505010020039844e+00 1.252792798585091740e-04
1.455711422845691327e+00 1.252792798585091740e-04
1.458917835671342811e+00 1.252792798585091740e-04
1.462124248496993850e+00 1.252792798585091740e-04
1.465330661322645334e+00 1.252792798585091740e-04
1.468537074148296373e+00 1.252792798585091740e-04
1.471743486973947856e+00 1.252792798585091740e-04
1.474949899799598896e+00 1.252792798585091740e-04
1.478156312625250379e+00 1.252792798585091740e-04
1.481362725450901863e+00 1.252792798585091740e-04
1.484569138276552902e+00 1.252792798585042680e-04
1.487775551102204386e+00 1.252792798554901860e-04
1.490981963927855425e+00 1.252792780181075636e-04
1.494188376753506908e+00 1.252781579342333342e-04
1.497394789579158392e+00 1.245990468534530877e-04
1.500601202404809431e+00 2.894548828135874751e-05
1.503807615230460915e+00 6.171811811716202249e-08
1.507014028056111954e+00 1.012911579021030481e-10
1.510220440881763437e+00 1.661564070773430712e-13
1.513426853707414921e+00 2.725601122167808059e-16
1.516633266533065960e+00 4.471029193529889669e-19
1.519839679358717444e+00 7.334199375966086988e-22
1.523046092184368483e+00 1.203089448941857860e-24
1.526252505010019966e+00 1.973527235838592481e-27
1.529458917835671450e+00 3.237340127969959785e-30
1.532665330661322489e+00 5.310477055423325978e-33
1.535871743486973973e+00 8.711215207972623728e-36
1.539078156312625012e+00 1.428972757206126949e-38
1.542284569138276495e+00 2.344062328946538922e-41
1.545490981963927979e+00 3.845159520556037739e-44
1.548697394789579018e+00 6.307533530979228105e-47
1.551903807615230502e+00 1.034676949856141191e-49
1.555110220440881541e+00 1.697266269464230842e-52
1.558316633266533024e+00 2.784166391122305145e-55
1.561523046092184064e+00 4.567098653241344989e-58
1.564729458917835547e+00 7.491790065037295638e-61
1.567935871743487031e+00 1.228940354479843184e-63
1.571142284569138070e+00 2.015932616583458618e-66
1.574348697394789554e+00 3.306901185063159630e-69
1.577555110220440593e+00 5.424583816851518501e-72
1.580761523046092076e+00 8.898393976492357749e-75
1.583967935871743560e+00 1.459677240397603282e-77
1.587174348697394599e+00 2.394429434980626552e-80
1.590380761523046083e+00 3.927780854851561112e-83
1.593587174348697122e+00 6.443064146460508072e-86
1.596793587174348605e+00 1.056909158872480222e-88
1.600000000000000089e+00 1.733735602682391535e-91
