1.000000000000000000e+00
1.000000000000000000e+00
1.000000000000000000e+00
9.913568329143817026e-01
9.871652686184166914e-01
9.648334186814616631e-01
9.516895809019296770e-01
9.463089227467742504e-01
9.463089227467742504e-01
9.383102023377429823e-01
9.383102023377429823e-01
9.383102023377429823e-01
9.372005449463666205e-01
9.372005449463666205e-01
9.372005449463666205e-01
9.372005449463666205e-01
9.372005449463666205e-01
9.372005449463666205e-01
9.372005449463666205e-01
9.372005449463666205e-01
9.372005449463666205e-01
9.372005449463666205e-01
9.372005449463666205e-01
9.372005449463666205e-01
9.372005449463666205e-01
9.372005449463666205e-01
9.372005449463666205e-01
9.372005449463666205e-01
9.372005449463666205e-01
9.372005449463666205e-01
9.372005449463666205e-01
9.372005449463666205e-01
9.372005449463666205e-01
9.372005449463666205e-01
9.372005449463666205e-01
9.372005449463666205e-01
9.372005449463666205e-01
9.372005449463666205e-01
9.372005449463666205e-01
9.372005449463666205e-01
9.372005449463666205e-01
9.372005449463666205e-01
9.372005449463666205e-01
9.372005449463666205e-01
9.372005449463666205e-01
9.372005449463666205e-01
9.372005449463666205e-01
9.372005449463666205e-01
9.372005449463666205e-01
9.372005449463666205e-01
9.372005449463666205e-01
9.372005449463666205e-01
9.372005449463666205e-01
9.372005449463666205e-01
9.372005449463666205e-01
9.372005449463666205e-01
9.372005449463666205e-01
9.372005449463666205e-01
9.372005449463666205e-01
9.372005449463666205e-01
9.372005449463666205e-01
9.372005449463666205e-01
9.372005449463666205e-01
9.372005449463666205e-01
9.372005449463666205e-01
9.372005449463666205e-01
9.372005449463666205e-01
9.372005449463666205e-01
9.372005449463666205e-01
9.372005449463666205e-01
9.372005449463666205e-01
9.372005449463666205e-01
9.372005449463666205e-01
9.372005449463666205e-01
9.372005449463666205e-01
9.372005449463666205e-01
9.372005449463666205e-01
9.372005449463666205e-01
9.372005449463666205e-01
9.372005449463666205e-01
9.372005449463666205e-01
9.372005449463666205e-01
9.372005449463666205e-01
9.372005449463666205e-01
9.372005449463666205e-01
9.372005449463666205e-01
9.372005449463666205e-01
9.372005449463666205e-01
9.372005449463666205e-01
9.372005449463666205e-01
9.372005449463666205e-01
9.372005449463666205e-01
9.372005449463666205e-01
9.372005449463666205e-01
9.372005449463666205e-01
9.372005449463666205e-01
9.372005449463666205e-01
9.372005449463666205e-01
9.372005449463666205e-01
9.372005449463666205e-01
9.372005449463666205e-01
9.372005449463666205e-01
9.372005449463666205e-01
9.372005449463666205e-01
9.372005449463666205e-01
9.372005449463666205e-01
9.372005449463666205e-01
9.372005449463666205e-01
9.372005449463666205e-01
9.372005449463666205e-01
9.372005449463666205e-01
9.372005449463666205e-01
9.372005449463666205e-01
9.372005449463666205e-01
9.372005449463666205e-01
9.372005449463666205e-01
9.372005449463666205e-01
9.372005449463666205e-01
9.372005449463666205e-01
9.372005449463666205e-01
9.372005449463666205e-01
9.372005449463666205e-01
9.372005449463666205e-01
9.372005449463666205e-01
9.372005449463666205e-01
9.372005449463666205e-01
9.372005449463666205e-01
9.372005449463666205e-01
9.372005449463666205e-01
9.372005449463666205e-01
9.372005449463666205e-01
9.372005449463666205e-01
9.372005449463666205e-01
9.372005449463666205e-01
9.372005449463666205e-01
9.372005449463666205e-01
9.372005449463666205e-01
9.372005449463666205e-01
9.372005449463666205e-01
9.372005449463666205e-01
9.372005449463666205e-01
9.372005449463666205e-01
9.372005449463666205e-01
9.372005449463666205e-01
9.372005449463666205e-01
9.372005449463666205e-01
9.372005449463666205e-01
9.372005449463666205e-01
9.372005449463666205e-01
9.372005449463666205e-01
9.372005449463666205e-01
9.372005449463666205e-01
9.372005449463666205e-01
9.372005449463666205e-01
9.372005449463666205e-01
9.372005449463666205e-01
9.372005449463666205e-01
9.372005449463666205e-01
9.372005449463666205e-01
9.372005449463666205e-01
9.372005449463666205e-01
9.372005449463666205e-01
9.372005449463666205e-01
9.372005449463666205e-01
9.372005449463666205e-01
9.372005449463666205e-01
9.372005449463666205e-01
9.372005449463666205e-01
9.372005449463666205e-01
9.372005449463666205e-01
9.372005449463666205e-01
9.372005449463666205e-01
9.372005449463666205e-01
9.372005449463666205e-01
9.372005449463666205e-01
9.372005449463666205e-01
9.372005449463666205e-01
9.372005449463666205e-01
9.372005449463666205e-01
9.372005449463666205e-01
9.372005449463666205e-01
9.372005449463666205e-01
9.372005449463666205e-01
9.372005449463666205e-01
9.372005449463666205e-01
9.372005449463666205e-01
9.372005449463666205e-01
9.372005449463666205e-01
9.372005449463666205e-01
9.372005449463666205e-01
9.372005449463666205e-01
9.372005449463666205e-01
9.372005449463666205e-01
9.372005449463666205e-01
9.372005449463666205e-01
9.372005449463666205e-01
9.372005449463666205e-01
9.372005449463666205e-01
9.372005449463666205e-01
9.372005449463666205e-01
9.372005449463666205e-01
9.372005449463666205e-01
9.372005449463666205e-01
9.372005449463666205e-01
9.372005449463666205e-01
9.372005449463666205e-01
9.372005449463666205e-01
9.372005449463666205e-01
9.372005449463666205e-01
9.372005449463666205e-01
9.372005449463666205e-01
9.372005449463666205e-01
9.372005449463666205e-01
9.372005449463666205e-01
9.372005449463666205e-01
9.372005449463666205e-01
9.372005449463666205e-01
9.372005449463666205e-01
9.372005449463666205e-01
9.372005449463666205e-01
9.372005449463666205e-01
9.372005449463666205e-01
9.372005449463666205e-01
9.372005449463666205e-01
9.372005449463666205e-01
9.372005449463666205e-01
9.372005449463666205e-01
9.372005449463666205e-01
9.372005449463666205e-01
9.372005449463666205e-01
9.372005449463666205e-01
9.372005449463666205e-01
9.372005449463666205e-01
9.372005449463666205e-01
9.372005449463666205e-01
9.372005449463666205e-01
9.372005449463666205e-01
9.372005449463666205e-01
9.372005449463666205e-01
9.372005449463666205e-01
9.372005449463666205e-01
9.372005449463666205e-01
9.372005449463666205e-01
9.372005449463666205e-01
9.372005449463666205e-01
9.372005449463666205e-01
9.372005449463666205e-01
9.372005449463666205e-01
9.372005449463666205e-01
9.372005449463666205e-01
