0.000000000000000000e+00
6.037192304705054496e-02
6.037192304705054496e-02
5.842198934855721143e-02
5.812479412553259173e-02
5.979291984309081237e-02
5.889977679795085214e-02
6.040051024561288173e-02
6.040051024561288173e-02
6.097112392465463965e-02
6.097112392465463965e-02
6.097112392465463965e-02
6.074697152652270421e-02
6.074697152652270421e-02
6.074697152652270421e-02
6.074697152652270421e-02
6.074697152652270421e-02
6.074697152652270421e-02
6.074697152652270421e-02
6.074697152652270421e-02
6.074697152652270421e-02
6.074697152652270421e-02
6.074697152652270421e-02
6.074697152652270421e-02
6.074697152652270421e-02
6.074697152652270421e-02
6.074697152652270421e-02
6.074697152652270421e-02
6.074697152652270421e-02
6.074697152652270421e-02
6.074697152652270421e-02
6.074697152652270421e-02
6.074697152652270421e-02
6.074697152652270421e-02
6.074697152652270421e-02
6.074697152652270421e-02
6.074697152652270421e-02
6.074697152652270421e-02
6.074697152652270421e-02
6.074697152652270421e-02
6.074697152652270421e-02
6.074697152652270421e-02
6.074697152652270421e-02
6.074697152652270421e-02
6.074697152652270421e-02
6.074697152652270421e-02
6.074697152652270421e-02
6.074697152652270421e-02
6.074697152652270421e-02
6.074697152652270421e-02
6.074697152652270421e-02
6.074697152652270421e-02
6.074697152652270421e-02
6.074697152652270421e-02
6.074697152652270421e-02
6.074697152652270421e-02
6.074697152652270421e-02
6.074697152652270421e-02
6.074697152652270421e-02
6.074697152652270421e-02
6.074697152652270421e-02
6.074697152652270421e-02
6.074697152652270421e-02
6.074697152652270421e-02
6.074697152652270421e-02
6.074697152652270421e-02
6.074697152652270421e-02
6.074697152652270421e-02
6.074697152652270421e-02
6.074697152652270421e-02
6.074697152652270421e-02
6.074697152652270421e-02
6.074697152652270421e-02
6.074697152652270421e-02
6.074697152652270421e-02
6.074697152652270421e-02
6.074697152652270421e-02
6.074697152652270421e-02
6.074697152652270421e-02
6.074697152652270421e-02
6.074697152652270421e-02
6.074697152652270421e-02
6.074697152652270421e-02
6.074697152652270421e-02
6.074697152652270421e-02
6.074697152652270421e-02
6.074697152652270421e-02
6.074697152652270421e-02
6.074697152652270421e-02
6.074697152652270421e-02
6.074697152652270421e-02
6.074697152652270421e-02
6.074697152652270421e-02
6.074697152652270421e-02
6.074697152652270421e-02
6.074697152652270421e-02
6.074697152652270421e-02
6.074697152652270421e-02
6.074697152652270421e-02
6.074697152652270421e-02
6.074697152652270421e-02
6.074697152652270421e-02
6.074697152652270421e-02
6.074697152652270421e-02
6.074697152652270421e-02
6.074697152652270421e-02
6.074697152652270421e-02
6.074697152652270421e-02
6.074697152652270421e-02
6.074697152652270421e-02
6.074697152652270421e-02
6.074697152652270421e-02
6.074697152652270421e-02
6.074697152652270421e-02
6.074697152652270421e-02
6.074697152652270421e-02
6.074697152652270421e-02
6.074697152652270421e-02
6.074697152652270421e-02
6.074697152652270421e-02
6.074697152652270421e-02
6.074697152652270421e-02
6.074697152652270421e-02
6.074697152652270421e-02
6.074697152652270421e-02
6.074697152652270421e-02
6.074697152652270421e-02
6.074697152652270421e-02
6.074697152652270421e-02
6.074697152652270421e-02
6.074697152652270421e-02
6.074697152652270421e-02
6.074697152652270421e-02
6.074697152652270421e-02
6.074697152652270421e-02
6.074697152652270421e-02
6.074697152652270421e-02
6.074697152652270421e-02
6.074697152652270421e-02
6.074697152652270421e-02
6.074697152652270421e-02
6.074697152652270421e-02
6.074697152652270421e-02
6.074697152652270421e-02
6.074697152652270421e-02
6.074697152652270421e-02
6.074697152652270421e-02
6.074697152652270421e-02
6.074697152652270421e-02
6.074697152652270421e-02
6.074697152652270421e-02
6.074697152652270421e-02
6.074697152652270421e-02
6.074697152652270421e-02
6.074697152652270421e-02
6.074697152652270421e-02
6.074697152652270421e-02
6.074697152652270421e-02
6.074697152652270421e-02
6.074697152652270421e-02
6.074697152652270421e-02
6.074697152652270421e-02
6.074697152652270421e-02
6.074697152652270421e-02
6.074697152652270421e-02
6.074697152652270421e-02
6.074697152652270421e-02
6.074697152652270421e-02
6.074697152652270421e-02
6.074697152652270421e-02
6.074697152652270421e-02
6.074697152652270421e-02
6.074697152652270421e-02
6.074697152652270421e-02
6.074697152652270421e-02
6.074697152652270421e-02
6.074697152652270421e-02
6.074697152652270421e-02
6.074697152652270421e-02
6.074697152652270421e-02
6.074697152652270421e-02
6.074697152652270421e-02
6.074697152652270421e-02
6.074697152652270421e-02
6.074697152652270421e-02
6.074697152652270421e-02
6.074697152652270421e-02
6.074697152652270421e-02
6.074697152652270421e-02
6.074697152652270421e-02
6.074697152652270421e-02
6.074697152652270421e-02
6.074697152652270421e-02
6.074697152652270421e-02
6.074697152652270421e-02
6.074697152652270421e-02
6.074697152652270421e-02
6.074697152652270421e-02
6.074697152652270421e-02
6.074697152652270421e-02
6.074697152652270421e-02
6.074697152652270421e-02
6.074697152652270421e-02
6.074697152652270421e-02
6.074697152652270421e-02
6.074697152652270421e-02
6.074697152652270421e-02
6.074697152652270421e-02
6.074697152652270421e-02
6.074697152652270421e-02
6.074697152652270421e-02
6.074697152652270421e-02
6.074697152652270421e-02
6.074697152652270421e-02
6.074697152652270421e-02
6.074697152652270421e-02
6.074697152652270421e-02
6.074697152652270421e-02
6.074697152652270421e-02
6.074697152652270421e-02
6.074697152652270421e-02
6.074697152652270421e-02
6.074697152652270421e-02
6.074697152652270421e-02
6.074697152652270421e-02
6.074697152652270421e-02
6.074697152652270421e-02
6.074697152652270421e-02
6.074697152652270421e-02
6.074697152652270421e-02
6.074697152652270421e-02
6.074697152652270421e-02
6.074697152652270421e-02
6.074697152652270421e-02
6.074697152652270421e-02
6.074697152652270421e-02
6.074697152652270421e-02
6.074697152652270421e-02
6.074697152652270421e-02
6.074697152652270421e-02
6.074697152652270421e-02
6.074697152652270421e-02
6.074697152652270421e-02
6.074697152652270421e-02
6.074697152652270421e-02
6.074697152652270421e-02
6.074697152652270421e-02
6.074697152652270421e-02
6.074697152652270421e-02
6.074697152652270421e-02
