1.000000000000000000e+00
9.984830031069822365e-01
9.924171372612308195e-01
9.866000485696785338e-01
9.818675493129843668e-01
9.744823950206366048e-01
9.682956291488686862e-01
9.617871458677085261e-01
9.547623850726661976e-01
9.505181400677983339e-01
9.465293479973301283e-01
9.430730006705534407e-01
9.415881648288570993e-01
9.377721438554940114e-01
9.377721438554940114e-01
9.336553806994439819e-01
9.308881550589032106e-01
9.269738995285810024e-01
9.247248625923764065e-01
9.226744613406386852e-01
9.226744613406386852e-01
9.226320571893122935e-01
9.227539045963667474e-01
9.227539045963667474e-01
9.227539045963667474e-01
9.237881589893287559e-01
9.237881589893287559e-01
9.237881589893287559e-01
9.227834691948961776e-01
9.227834691948961776e-01
9.227834691948961776e-01
9.227834691948961776e-01
9.227834691948961776e-01
9.227834691948961776e-01
9.227834691948961776e-01
9.227834691948961776e-01
9.227834691948961776e-01
9.227834691948961776e-01
9.227834691948961776e-01
9.227834691948961776e-01
9.227834691948961776e-01
9.227834691948961776e-01
9.222103743158333033e-01
9.222103743158333033e-01
9.222103743158333033e-01
9.222103743158333033e-01
9.222103743158333033e-01
9.222103743158333033e-01
9.227834691948961776e-01
9.227834691948961776e-01
9.227834691948961776e-01
9.227834691948961776e-01
9.227834691948961776e-01
9.227834691948961776e-01
9.227834691948961776e-01
9.227834691948961776e-01
9.227834691948961776e-01
9.227834691948961776e-01
9.227834691948961776e-01
9.227834691948961776e-01
9.227834691948961776e-01
9.227834691948961776e-01
9.227834691948961776e-01
9.227834691948961776e-01
9.227834691948961776e-01
9.227834691948961776e-01
9.227834691948961776e-01
9.227834691948961776e-01
9.227834691948961776e-01
9.227834691948961776e-01
9.227834691948961776e-01
9.227834691948961776e-01
9.227834691948961776e-01
9.227834691948961776e-01
9.227834691948961776e-01
9.227834691948961776e-01
9.227834691948961776e-01
9.227834691948961776e-01
9.227834691948961776e-01
9.227834691948961776e-01
9.227834691948961776e-01
9.227834691948961776e-01
9.227834691948961776e-01
9.227834691948961776e-01
9.227834691948961776e-01
9.227834691948961776e-01
9.227834691948961776e-01
9.227834691948961776e-01
9.227834691948961776e-01
9.227834691948961776e-01
9.227834691948961776e-01
9.227834691948961776e-01
9.227834691948961776e-01
9.227834691948961776e-01
9.227834691948961776e-01
9.227834691948961776e-01
9.227834691948961776e-01
9.227834691948961776e-01
9.227834691948961776e-01
9.227834691948961776e-01
9.227834691948961776e-01
9.227834691948961776e-01
9.227834691948961776e-01
9.227834691948961776e-01
9.227834691948961776e-01
9.227834691948961776e-01
9.227834691948961776e-01
9.227834691948961776e-01
9.227834691948961776e-01
9.227834691948961776e-01
9.227834691948961776e-01
9.227834691948961776e-01
9.227834691948961776e-01
9.227834691948961776e-01
9.227834691948961776e-01
9.227834691948961776e-01
9.227834691948961776e-01
9.227834691948961776e-01
9.227834691948961776e-01
9.227834691948961776e-01
9.227834691948961776e-01
9.227834691948961776e-01
9.227834691948961776e-01
9.227834691948961776e-01
9.227834691948961776e-01
9.227834691948961776e-01
9.227834691948961776e-01
9.227834691948961776e-01
9.227834691948961776e-01
9.227834691948961776e-01
9.227834691948961776e-01
9.227834691948961776e-01
9.227834691948961776e-01
9.227834691948961776e-01
9.227834691948961776e-01
9.227834691948961776e-01
9.227834691948961776e-01
9.227834691948961776e-01
9.227834691948961776e-01
9.227834691948961776e-01
9.227834691948961776e-01
9.227834691948961776e-01
9.227834691948961776e-01
9.227834691948961776e-01
9.227834691948961776e-01
9.227834691948961776e-01
9.227834691948961776e-01
9.227834691948961776e-01
9.227834691948961776e-01
9.227834691948961776e-01
9.227834691948961776e-01
9.227834691948961776e-01
9.227834691948961776e-01
9.227834691948961776e-01
9.227834691948961776e-01
9.227834691948961776e-01
9.227834691948961776e-01
9.227834691948961776e-01
9.227834691948961776e-01
9.227834691948961776e-01
9.227834691948961776e-01
9.227834691948961776e-01
9.227834691948961776e-01
9.227834691948961776e-01
9.227834691948961776e-01
9.227834691948961776e-01
9.227834691948961776e-01
9.227834691948961776e-01
9.227834691948961776e-01
9.227834691948961776e-01
9.227834691948961776e-01
9.227834691948961776e-01
9.227834691948961776e-01
9.227834691948961776e-01
9.227834691948961776e-01
9.227834691948961776e-01
9.227834691948961776e-01
9.227834691948961776e-01
9.227834691948961776e-01
9.227834691948961776e-01
9.227834691948961776e-01
9.227834691948961776e-01
9.227834691948961776e-01
9.227834691948961776e-01
9.227834691948961776e-01
9.227834691948961776e-01
9.227834691948961776e-01
9.227834691948961776e-01
9.227834691948961776e-01
9.227834691948961776e-01
9.227834691948961776e-01
9.227834691948961776e-01
9.227834691948961776e-01
9.227834691948961776e-01
9.227834691948961776e-01
9.227834691948961776e-01
9.227834691948961776e-01
9.227834691948961776e-01
9.227834691948961776e-01
9.227834691948961776e-01
9.227834691948961776e-01
9.227834691948961776e-01
9.227834691948961776e-01
9.227834691948961776e-01
9.227834691948961776e-01
9.227834691948961776e-01
9.227834691948961776e-01
9.227834691948961776e-01
9.227834691948961776e-01
9.227834691948961776e-01
9.227834691948961776e-01
9.227834691948961776e-01
9.227834691948961776e-01
9.227834691948961776e-01
9.227834691948961776e-01
9.227834691948961776e-01
9.227834691948961776e-01
9.227834691948961776e-01
9.227834691948961776e-01
9.227834691948961776e-01
9.227834691948961776e-01
9.227834691948961776e-01
9.227834691948961776e-01
9.227834691948961776e-01
9.227834691948961776e-01
9.227834691948961776e-01
9.227834691948961776e-01
9.227834691948961776e-01
9.227834691948961776e-01
9.227834691948961776e-01
9.227834691948961776e-01
9.227834691948961776e-01
9.227834691948961776e-01
9.227834691948961776e-01
9.227834691948961776e-01
9.227834691948961776e-01
9.227834691948961776e-01
9.227834691948961776e-01
9.227834691948961776e-01
9.227834691948961776e-01
9.227834691948961776e-01
9.227834691948961776e-01
9.227834691948961776e-01
9.227834691948961776e-01
9.227834691948961776e-01
9.227834691948961776e-01
9.227834691948961776e-01
9.227834691948961776e-01
9.227834691948961776e-01
9.227834691948961776e-01
