-1.899999999999999911e+00 0.000000000000000000e+00
-1.896386430678465906e+00 0.000000000000000000e+00
-1.892772861356932124e+00 0.000000000000000000e+00
-1.889159292035398119e+00 0.000000000000000000e+00
-1.885545722713864114e+00 0.000000000000000000e+00
-1.881932153392330331e+00 0.000000000000000000e+00
-1.878318584070796327e+00 0.000000000000000000e+00
-1.874705014749262544e+00 0.000000000000000000e+00
-1.871091445427728539e+00 0.000000000000000000e+00
-1.867477876106194534e+00 0.000000000000000000e+00
-1.863864306784660752e+00 0.000000000000000000e+00
-1.860250737463126747e+00 0.000000000000000000e+00
-1.856637168141592742e+00 0.000000000000000000e+00
-1.853023598820058959e+00 0.000000000000000000e+00
-1.849410029498524954e+00 0.000000000000000000e+00
-1.845796460176990950e+00 0.000000000000000000e+00
-1.842182890855457167e+00 0.000000000000000000e+00
-1.838569321533923162e+00 0.000000000000000000e+00
-1.834955752212389379e+00 0.000000000000000000e+00
-1.831342182890855375e+00 0.000000000000000000e+00
-1.827728613569321370e+00 0.000000000000000000e+00
-1.824115044247787587e+00 0.000000000000000000e+00
-1.820501474926253582e+00 0.000000000000000000e+00
-1.816887905604719577e+00 0.000000000000000000e+00
-1.813274336283185795e+00 0.000000000000000000e+00
-1.809660766961651790e+00 0.000000000000000000e+00
-1.806047197640118007e+00 0.000000000000000000e+00
-1.802433628318584002e+00 0.000000000000000000e+00
-1.798820058997049998e+00 0.000000000000000000e+00
-1.795206489675516215e+00 0.000000000000000000e+00
-1.791592920353982210e+00 0.000000000000000000e+00
-1.787979351032448205e+00 0.000000000000000000e+00
-1.784365781710914423e+00 0.000000000000000000e+00
-1.780752212389380418e+00 0.000000000000000000e+00
-1.777138643067846413e+00 0.000000000000000000e+00
-1.773525073746312630e+00 0.000000000000000000e+00
-1.769911504424778625e+00 0.000000000000000000e+00
-1.766297935103244843e+00 0.000000000000000000e+00
-1.762684365781710838e+00 0.000000000000000000e+00
-1.759070796460176833e+00 0.000000000000000000e+00
-1.755457227138643050e+00 0.000000000000000000e+00
-1.751843657817109046e+00 0.000000000000000000e+00
-1.748230088495575041e+00 0.000000000000000000e+00
-1.744616519174041258e+00 0.000000000000000000e+00
-1.741002949852507253e+00 0.000000000000000000e+00
-1.737389380530973249e+00 0.000000000000000000e+00
-1.733775811209439466e+00 0.000000000000000000e+00
-1.730162241887905461e+00 0.000000000000000000e+00
-1.726548672566371678e+00 0.000000000000000000e+00
-1.722935103244837673e+00 0.000000000000000000e+00
-1.719321533923303669e+00 0.000000000000000000e+00
-1.715707964601769886e+00 0.000000000000000000e+00
-1.712094395280235881e+00 0.000000000000000000e+00
-1.708480825958701876e+00 0.000000000000000000e+00
-1.704867256637168094e+00 0.000000000000000000e+00
-1.701253687315634089e+00 0.000000000000000000e+00
-1.697640117994100084e+00 0.000000000000000000e+00
-1.694026548672566301e+00 0.000000000000000000e+00
-1.690412979351032297e+00 0.000000000000000000e+00
-1.686799410029498514e+00 0.000000000000000000e+00
-1.683185840707964509e+00 0.000000000000000000e+00
-1.679572271386430504e+00 0.000000000000000000e+00
-1.675958702064896721e+00 0.000000000000000000e+00
-1.672345132743362717e+00 0.000000000000000000e+00
-1.668731563421828712e+00 0.000000000000000000e+00
-1.665117994100294929e+00 0.000000000000000000e+00
-1.661504424778760924e+00 0.000000000000000000e+00
-1.657890855457226920e+00 0.000000000000000000e+00
-1.654277286135693137e+00 0.000000000000000000e+00
-1.650663716814159132e+00 0.000000000000000000e+00
-1.647050147492625349e+00 0.000000000000000000e+00
-1.643436578171091345e+00 0.000000000000000000e+00
-1.639823008849557340e+00 0.000000000000000000e+00
-1.636209439528023557e+00 0.000000000000000000e+00
-1.632595870206489552e+00 0.000000000000000000e+00
-1.628982300884955770e+00 0.000000000000000000e+00
-1.625368731563421765e+00 0.000000000000000000e+00
-1.621755162241887760e+00 0.000000000000000000e+00
-1.618141592920353755e+00 0.000000000000000000e+00
-1.614528023598819972e+00 0.000000000000000000e+00
-1.610914454277285968e+00 0.000000000000000000e+00
-1.607300884955752185e+00 0.000000000000000000e+00
-1.603687315634218180e+00 0.000000000000000000e+00
-1.600073746312684175e+00 0.000000000000000000e+00
-1.596460176991150393e+00 0.000000000000000000e+00
-1.592846607669616388e+00 0.000000000000000000e+00
-1.589233038348082605e+00 0.000000000000000000e+00
-1.585619469026548600e+00 0.000000000000000000e+00
-1.582005899705014595e+00 0.000000000000000000e+00
-1.578392330383480591e+00 0.000000000000000000e+00
-1.574778761061946808e+00 0.000000000000000000e+00
-1.571165191740412803e+00 0.000000000000000000e+00
-1.567551622418879020e+00 0.000000000000000000e+00
-1.563938053097345016e+00 0.000000000000000000e+00
-1.560324483775811011e+00 0.000000000000000000e+00
-1.556710914454277228e+00 0.000000000000000000e+00
-1.553097345132743223e+00 0.000000000000000000e+00
-1.549483775811209441e+00 0.000000000000000000e+00
-1.545870206489675436e+00 0.000000000000000000e+00
-1.542256637168141431e+00 0.000000000000000000e+00
-1.538643067846607426e+00 0.000000000000000000e+00
-1.535029498525073643e+00 0.000000000000000000e+00
-1.531415929203539639e+00 0.000000000000000000e+00
-1.527802359882005856e+00 0.000000000000000000e+00
-1.524188790560471851e+00 0.000000000000000000e+00
-1.520575221238937846e+00 0.000000000000000000e+00
-1.516961651917404064e+00 0.000000000000000000e+00
-1.513348082595870059e+00 0.000000000000000000e+00
-1.509734513274336276e+00 0.000000000000000000e+00
-1.506120943952802271e+00 0.000000000000000000e+00
-1.502507374631268267e+00 0.000000000000000000e+00
-1.498893805309734262e+00 0.000000000000000000e+00
-1.495280235988200479e+00 0.000000000000000000e+00
-1.491666666666666474e+00 0.000000000000000000e+00
-1.488053097345132691e+00 0.000000000000000000e+00
-1.484439528023598687e+00 0.000000000000000000e+00
-1.480825958702064682e+00 0.000000000000000000e+00
-1.477212389380530899e+00 0.000000000000000000e+00
-1.473598820058996894e+00 0.000000000000000000e+00
-1.469985250737463112e+00 0.000000000000000000e+00
-1.466371681415929107e+00 0.000000000000000000e+00
-1.462758112094395102e+00 0.000000000000000000e+00
-1.459144542772861097e+00 0.000000000000000000e+00
-1.455530973451327315e+00 0.000000000000000000e+00
-1.451917404129793310e+00 0.000000000000000000e+00
-1.448303834808259527e+00 0.000000000000000000e+00
-1.444690265486725522e+00 0.000000000000000000e+00
-1.441076696165191517e+00 0.000000000000000000e+00
-1.437463126843657735e+00 0.000000000000000000e+00
-1.433849557522123730e+00 0.000000000000000000e+00
-1.430235988200589947e+00 0.000000000000000000e+00
-1.426622418879055942e+00 0.000000000000000000e+00
-1.423008849557521938e+00 0.000000000000000000e+00
-1.419395280235987933e+00 0.000000000000000000e+00
-1.415781710914454150e+00 0.000000000000000000e+00
-1.412168141592920145e+00 0.000000000000000000e+00
-1.408554572271386363e+00 0.000000000000000000e+00
-1.404941002949852358e+00 0.000000000000000000e+00
-1.401327433628318353e+00 0.000000000000000000e+00
-1.397713864306784570e+00 0.000000000000000000e+00
-1.394100294985250565e+00 0.000000000000000000e+00
-1.390486725663716783e+00 0.000000000000000000e+00
-1.386873156342182778e+00 0.000000000000000000e+00
-1.383259587020648773e+00 0.000000000000000000e+00
-1.379646017699114768e+00 0.000000000000000000e+00
-1.376032448377580986e+00 0.000000000000000000e+00
-1.372418879056047203e+00 0.000000000000000000e+00
-1.368805309734513198e+00 0.000000000000000000e+00
-1.365191740412979193e+00 0.000000000000000000e+00
-1.361578171091445189e+00 0.000000000000000000e+00
-1.357964601769911406e+00 0.000000000000000000e+00
-1.354351032448377401e+00 0.000000000000000000e+00
-1.350737463126843618e+00 0.000000000000000000e+00
-1.347123893805309613e+00 0.000000000000000000e+00
-1.343510324483775609e+00 0.000000000000000000e+00
-1.339896755162241604e+00 0.000000000000000000e+00
-1.336283185840707821e+00 0.000000000000000000e+00
-1.332669616519174038e+00 0.000000000000000000e+00
-1.329056047197640034e+00 0.000000000000000000e+00
-1.325442477876106029e+00 0.000000000000000000e+00
-1.321828908554572024e+00 0.000000000000000000e+00
-1.318215339233038241e+00 0.000000000000000000e+00
-1.314601769911504237e+00 0.000000000000000000e+00
-1.310988200589970454e+00 0.000000000000000000e+00
-1.307374631268436449e+00 0.000000000000000000e+00
-1.303761061946902444e+00 0.000000000000000000e+00
-1.300147492625368439e+00 0.000000000000000000e+00
-1.296533923303834657e+00 0.000000000000000000e+00
-1.292920353982300874e+00 0.000000000000000000e+00
-1.289306784660766869e+00 0.000000000000000000e+00
-1.285693215339232864e+00 0.000000000000000000e+00
-1.282079646017698860e+00 0.000000000000000000e+00
-1.278466076696165077e+00 0.000000000000000000e+00
-1.274852507374631072e+00 0.000000000000000000e+00
-1.271238938053097289e+00 0.000000000000000000e+00
-1.267625368731563285e+00 0.000000000000000000e+00
-1.264011799410029280e+00 0.000000000000000000e+00
-1.260398230088495275e+00 0.000000000000000000e+00
-1.256784660766961492e+00 0.000000000000000000e+00
-1.253171091445427709e+00 0.000000000000000000e+00
-1.249557522123893705e+00 0.000000000000000000e+00
-1.245943952802359700e+00 0.000000000000000000e+00
-1.242330383480825695e+00 0.000000000000000000e+00
-1.238716814159291912e+00 0.000000000000000000e+00
-1.235103244837757908e+00 0.000000000000000000e+00
-1.231489675516224125e+00 0.000000000000000000e+00
-1.227876106194690120e+00 0.000000000000000000e+00
-1.224262536873156115e+00 0.000000000000000000e+00
-1.220648967551622111e+00 0.000000000000000000e+00
-1.217035398230088328e+00 0.000000000000000000e+00
-1.213421828908554545e+00 0.000000000000000000e+00
-1.209808259587020540e+00 0.000000000000000000e+00
-1.206194690265486535e+00 0.000000000000000000e+00
-1.202581120943952531e+00 0.000000000000000000e+00
-1.198967551622418748e+00 0.000000000000000000e+00
-1.195353982300884743e+00 0.000000000000000000e+00
-1.191740412979350960e+00 0.000000000000000000e+00
-1.188126843657816956e+00 0.000000000000000000e+00
-1.184513274336282951e+00 0.000000000000000000e+00
-1.180899705014748946e+00 0.000000000000000000e+00
-1.177286135693215163e+00 0.000000000000000000e+00
-1.173672566371681381e+00 0.000000000000000000e+00
-1.170058997050147376e+00 0.000000000000000000e+00
-1.166445427728613371e+00 0.000000000000000000e+00
-1.162831858407079366e+00 0.000000000000000000e+00
-1.159218289085545583e+00 0.000000000000000000e+00
-1.155604719764011579e+00 0.000000000000000000e+00
-1.151991150442477796e+00 0.000000000000000000e+00
-1.148377581120943791e+00 0.000000000000000000e+00
-1.144764011799409786e+00 0.000000000000000000e+00
-1.141150442477875782e+00 0.000000000000000000e+00
-1.137536873156341999e+00 0.000000000000000000e+00
-1.133923303834808216e+00 0.000000000000000000e+00
-1.130309734513274211e+00 0.000000000000000000e+00
-1.126696165191740207e+00 0.000000000000000000e+00
-1.123082595870206202e+00 0.000000000000000000e+00
-1.119469026548672419e+00 0.000000000000000000e+00
-1.115855457227138636e+00 0.000000000000000000e+00
-1.112241887905604631e+00 0.000000000000000000e+00
-1.108628318584070627e+00 0.000000000000000000e+00
-1.105014749262536622e+00 0.000000000000000000e+00
-1.101401179941002617e+00 0.000000000000000000e+00
-1.097787610619468834e+00 0.000000000000000000e+00
-1.094174041297935052e+00 0.000000000000000000e+00
-1.090560471976401047e+00 0.000000000000000000e+00
-1.086946902654867042e+00 0.000000000000000000e+00
-1.083333333333333037e+00 0.000000000000000000e+00
-1.079719764011799255e+00 0.000000000000000000e+00
-1.076106194690265472e+00 0.000000000000000000e+00
-1.072492625368731467e+00 0.000000000000000000e+00
-1.068879056047197462e+00 0.000000000000000000e+00
-1.065265486725663457e+00 0.000000000000000000e+00
-1.061651917404129453e+00 0.000000000000000000e+00
-1.058038348082595670e+00 0.000000000000000000e+00
-1.054424778761061887e+00 0.000000000000000000e+00
-1.050811209439527882e+00 0.000000000000000000e+00
-1.047197640117993878e+00 0.000000000000000000e+00
-1.043584070796459873e+00 0.000000000000000000e+00
-1.039970501474926090e+00 0.000000000000000000e+00
-1.036356932153392307e+00 0.000000000000000000e+00
-1.032743362831858303e+00 0.000000000000000000e+00
-1.029129793510324298e+00 0.000000000000000000e+00
-1.025516224188790293e+00 0.000000000000000000e+00
-1.021902654867256510e+00 0.000000000000000000e+00
-1.018289085545722505e+00 0.000000000000000000e+00
-1.014675516224188723e+00 0.000000000000000000e+00
-1.011061946902654718e+00 0.000000000000000000e+00
-1.007448377581120713e+00 0.000000000000000000e+00
-1.003834808259586708e+00 0.000000000000000000e+00
-1.000221238938052926e+00 0.000000000000000000e+00
-9.966076696165190318e-01 0.000000000000000000e+00
-9.929941002949850271e-01 0.000000000000000000e+00
-9.893805309734511333e-01 0.000000000000000000e+00
-9.857669616519172395e-01 0.000000000000000000e+00
-9.821533923303833458e-01 0.000000000000000000e+00
-9.785398230088493410e-01 0.000000000000000000e+00
-9.749262536873154472e-01 0.000000000000000000e+00
-9.713126843657815535e-01 0.000000000000000000e+00
-9.676991150442475487e-01 0.000000000000000000e+00
-9.640855457227136549e-01 0.000000000000000000e+00
-9.604719764011797611e-01 0.000000000000000000e+00
-9.568584070796458674e-01 0.000000000000000000e+00
-9.532448377581118626e-01 0.000000000000000000e+00
-9.496312684365779688e-01 0.000000000000000000e+00
-9.460176991150440751e-01 0.000000000000000000e+00
-9.424041297935101813e-01 0.000000000000000000e+00
-9.387905604719761765e-01 0.000000000000000000e+00
-9.351769911504422828e-01 0.000000000000000000e+00
-9.315634218289083890e-01 0.000000000000000000e+00
-9.279498525073743842e-01 0.000000000000000000e+00
-9.243362831858404904e-01 0.000000000000000000e+00
-9.207227138643065967e-01 0.000000000000000000e+00
-9.171091445427727029e-01 0.000000000000000000e+00
-9.134955752212386981e-01 0.000000000000000000e+00
-9.098820058997048044e-01 0.000000000000000000e+00
-9.062684365781709106e-01 0.000000000000000000e+00
-9.026548672566370168e-01 0.000000000000000000e+00
-8.990412979351030121e-01 0.000000000000000000e+00
-8.954277286135692293e-01 0.000000000000000000e+00
-8.918141592920352245e-01 0.000000000000000000e+00
-8.882005899705012197e-01 0.000000000000000000e+00
-8.845870206489674370e-01 0.000000000000000000e+00
-8.809734513274334322e-01 0.000000000000000000e+00
-8.773598820058994274e-01 0.000000000000000000e+00
-8.737463126843656447e-01 0.000000000000000000e+00
-8.701327433628316399e-01 0.000000000000000000e+00
-8.665191740412976351e-01 0.000000000000000000e+00
-8.629056047197638524e-01 0.000000000000000000e+00
-8.592920353982298476e-01 0.000000000000000000e+00
-8.556784660766960648e-01 0.000000000000000000e+00
-8.520648967551620601e-01 0.000000000000000000e+00
-8.484513274336280553e-01 0.000000000000000000e+00
-8.448377581120942725e-01 0.000000000000000000e+00
-8.412241887905602677e-01 0.000000000000000000e+00
-8.376106194690262630e-01 0.000000000000000000e+00
-8.339970501474924802e-01 0.000000000000000000e+00
-8.303834808259584754e-01 0.000000000000000000e+00
-8.267699115044244706e-01 0.000000000000000000e+00
-8.231563421828906879e-01 0.000000000000000000e+00
-8.195427728613566831e-01 0.000000000000000000e+00
-8.159292035398229004e-01 0.000000000000000000e+00
-8.123156342182888956e-01 0.000000000000000000e+00
-8.087020648967548908e-01 0.000000000000000000e+00
-8.050884955752211081e-01 0.000000000000000000e+00
-8.014749262536871033e-01 0.000000000000000000e+00
-7.978613569321530985e-01 0.000000000000000000e+00
-7.942477876106193158e-01 0.000000000000000000e+00
-7.906342182890853110e-01 0.000000000000000000e+00
-7.870206489675513062e-01 0.000000000000000000e+00
-7.834070796460175234e-01 0.000000000000000000e+00
-7.797935103244835187e-01 0.000000000000000000e+00
-7.761799410029497359e-01 0.000000000000000000e+00
-7.725663716814157311e-01 0.000000000000000000e+00
-7.689528023598817263e-01 0.000000000000000000e+00
-7.653392330383479436e-01 0.000000000000000000e+00
-7.617256637168139388e-01 0.000000000000000000e+00
-7.581120943952799340e-01 0.000000000000000000e+00
-7.544985250737461513e-01 0.000000000000000000e+00
-7.508849557522121465e-01 0.000000000000000000e+00
-7.472713864306783638e-01 0.000000000000000000e+00
-7.436578171091443590e-01 0.000000000000000000e+00
-7.400442477876103542e-01 0.000000000000000000e+00
-7.364306784660765715e-01 0.000000000000000000e+00
-7.328171091445425667e-01 0.000000000000000000e+00
-7.292035398230085619e-01 0.000000000000000000e+00
-7.255899705014747791e-01 0.000000000000000000e+00
-7.219764011799407744e-01 0.000000000000000000e+00
-7.183628318584067696e-01 0.000000000000000000e+00
-7.147492625368729868e-01 0.000000000000000000e+00
-7.111356932153389820e-01 0.000000000000000000e+00
-7.075221238938051993e-01 0.000000000000000000e+00
-7.039085545722711945e-01 0.000000000000000000e+00
-7.002949852507371897e-01 0.000000000000000000e+00
-6.966814159292034070e-01 0.000000000000000000e+00
-6.930678466076694022e-01 0.000000000000000000e+00
-6.894542772861353974e-01 0.000000000000000000e+00
-6.858407079646016147e-01 0.000000000000000000e+00
-6.822271386430676099e-01 0.000000000000000000e+00
-6.786135693215336051e-01 0.000000000000000000e+00
-6.749999999999998224e-01 0.000000000000000000e+00
-6.713864306784658176e-01 0.000000000000000000e+00
-6.677728613569320348e-01 0.000000000000000000e+00
-6.641592920353980301e-01 0.000000000000000000e+00
-6.605457227138640253e-01 0.000000000000000000e+00
-6.569321533923302425e-01 0.000000000000000000e+00
-6.533185840707962377e-01 0.000000000000000000e+00
-6.497050147492622330e-01 0.000000000000000000e+00
-6.460914454277284502e-01 0.000000000000000000e+00
-6.424778761061944454e-01 0.000000000000000000e+00
-6.388643067846604406e-01 0.000000000000000000e+00
-6.352507374631266579e-01 0.000000000000000000e+00
-6.316371681415926531e-01 0.000000000000000000e+00
-6.280235988200588704e-01 0.000000000000000000e+00
-6.244100294985248656e-01 0.000000000000000000e+00
-6.207964601769908608e-01 0.000000000000000000e+00
-6.171828908554570781e-01 0.000000000000000000e+00
-6.135693215339230733e-01 0.000000000000000000e+00
-6.099557522123890685e-01 0.000000000000000000e+00
-6.063421828908552857e-01 0.000000000000000000e+00
-6.027286135693212810e-01 0.000000000000000000e+00
-5.991150442477872762e-01 0.000000000000000000e+00
-5.955014749262534934e-01 0.000000000000000000e+00
-5.918879056047194887e-01 0.000000000000000000e+00
-5.882743362831857059e-01 0.000000000000000000e+00
-5.846607669616517011e-01 0.000000000000000000e+00
-5.810471976401176963e-01 0.000000000000000000e+00
-5.774336283185839136e-01 0.000000000000000000e+00
-5.738200589970499088e-01 0.000000000000000000e+00
-5.702064896755159040e-01 0.000000000000000000e+00
-5.665929203539821213e-01 0.000000000000000000e+00
-5.629793510324481165e-01 0.000000000000000000e+00
-5.593657817109143338e-01 0.000000000000000000e+00
-5.557522123893803290e-01 8.295371648687844444e-312
-5.521386430678463242e-01 7.329441091132984131e-294
-5.485250737463125414e-01 6.216765647721452169e-277
-5.449115044247785367e-01 5.776974204383761865e-261
-5.412979351032445319e-01 6.662440808345165529e-246
-5.376843657817107491e-01 1.072681003167215445e-231
-5.340707964601767443e-01 2.694283602594271030e-218
-5.304572271386427396e-01 1.172379842318803248e-205
-5.268436578171089568e-01 9.756650697151005194e-194
-5.232300884955749520e-01 1.704817502043940485e-182
-5.196165191740411693e-01 6.830544570716277753e-172
-5.160029498525071645e-01 6.819227248668875135e-162
-5.123893805309731597e-01 1.834793221068966927e-152
-5.087758112094393770e-01 1.432725082457346192e-143
-5.051622418879053722e-01 3.481799812237681846e-135
-5.015486725663713674e-01 2.812826403409952665e-127
-4.979351032448375847e-01 8.038979558535809726e-120
-4.943215339233035799e-01 8.619394977685470315e-113
-4.907079646017695751e-01 3.664657805641381372e-106
-4.870943952802357924e-01 6.509962359087240705e-100
-4.834808259587017876e-01 5.076220436794355919e-94
-4.798672566371680048e-01 1.820291027112668891e-88
-4.762536873156340000e-01 3.136618714388327684e-83
-4.726401179940999953e-01 2.707136918238535019e-78
-4.690265486725662125e-01 1.216966690589749925e-73
-4.654129793510322077e-01 2.956663833256644344e-69
-4.617994100294982029e-01 4.019861603327816687e-65
-4.581858407079644202e-01 3.160708161360809755e-61
-4.545722713864304154e-01 1.482501753910555139e-57
-4.509587020648964106e-01 4.271273188871324262e-54
-4.473451327433626279e-01 7.770836162677217912e-51
-4.437315634218286231e-01 9.163193894794695944e-48
-4.401179941002948404e-01 7.177558524821123807e-45
-4.365044247787608356e-01 3.822406506187606490e-42
-4.328908554572268308e-01 1.414614794341394012e-39
-4.292772861356930481e-01 3.714112547984243351e-37
-4.256637168141590433e-01 7.054324402267234491e-35
-4.220501474926250385e-01 9.872550966273367284e-33
-4.184365781710912557e-01 1.035895730874248401e-30
-4.148230088495572510e-01 8.283787156457116067e-29
-4.112094395280232462e-01 5.127196410275761716e-27
-4.075958702064894634e-01 2.492309704943274242e-25
-4.039823008849554586e-01 9.646512347096066510e-24
-4.003687315634216759e-01 3.011775588633906281e-22
-3.967551622418876711e-01 7.678529436969389412e-21
-3.931415929203536663e-01 1.617168508211106138e-19
-3.895280235988198836e-01 2.844390686372556258e-18
-3.859144542772858788e-01 4.221310308007434235e-17
-3.823008849557518740e-01 5.337576202580384278e-16
-3.786873156342180913e-01 5.803046431342056862e-15
-3.750737463126840865e-01 5.471855161238798902e-14
-3.714601769911500817e-01 4.511478857920568618e-13
-3.678466076696162990e-01 3.277539645265718185e-12
-3.642330383480822942e-01 2.113350764425585057e-11
-3.606194690265485114e-01 1.217759112362188626e-10
-3.570058997050145067e-01 6.311326369573353807e-10
-3.533923303834805019e-01 2.960014329514591032e-09
-3.497787610619467191e-01 1.263500857155518416e-08
-3.461651917404127143e-01 4.935362464873649159e-08
-3.425516224188787096e-01 1.773144640940940953e-07
-3.389380530973449268e-01 5.887687991427601853e-07
-3.353244837758109220e-01 1.815081154243125166e-06
-3.317109144542771393e-01 5.217482227684715630e-06
-3.280973451327431345e-01 1.404096149246983941e-05
-3.244837758112091297e-01 3.551085510272601728e-05
-3.208702064896753470e-01 8.470657750289106052e-05
-3.172566371681413422e-01 1.912226471026949213e-04
-3.136430678466073374e-01 4.098437696253712584e-04
-3.100294985250735547e-01 8.364995420688098576e-04
-3.064159292035395499e-01 1.630490775093371711e-03
-3.028023598820055451e-01 3.043285873113693932e-03
-2.991887905604717623e-01 5.453043757155465361e-03
-2.955752212389377576e-01 9.402523490831650801e-03
-2.919616519174039748e-01 1.563642008861166471e-02
-2.883480825958699700e-01 2.513275760757916963e-02
-2.847345132743359652e-01 3.912214690409448331e-02
-2.811209439528021825e-01 5.908878928252561669e-02
-2.775073746312681777e-01 8.674824096032429654e-02
-2.738938053097341729e-01 1.239991000964114354e-01
-2.702802359882003902e-01 1.728486757569721588e-01
-2.666666666666663854e-01 2.353159167001012686e-01
-2.630530973451323806e-01 3.133179085922185303e-01
-2.594395280235985979e-01 4.085486089263529186e-01
-2.558259587020645931e-01 5.223598177602686299e-01
-2.522123893805308104e-01 6.556545001876196155e-01
-2.485988200589968056e-01 8.088015055386085228e-01
-2.449852507374628008e-01 9.815786702052029522e-01
-2.413716814159290180e-01 1.173148573298119279e+00
-2.377581120943950133e-01 1.382068222584919903e+00
-2.341445427728610085e-01 1.606331058452992844e+00
-2.305309734513272257e-01 1.843437188608777699e+00
-2.269174041297932209e-01 2.090485921107815948e+00
-2.233038348082592162e-01 2.344283553817314569e+00
-2.196902654867254334e-01 2.601459007404953283e+00
-2.160766961651914286e-01 2.858580176441878340e+00
-2.124631268436576459e-01 3.112264683350418615e+00
-2.088495575221236411e-01 3.359279889115362128e+00
-2.052359882005896363e-01 3.596628376463029575e+00
-2.016224188790558536e-01 3.821616525379315288e+00
-1.980088495575218488e-01 4.031905125620683705e+00
-1.943952802359878440e-01 4.225542128693153821e+00
-1.907817109144540613e-01 4.400978579552020875e+00
-1.871681415929200565e-01 4.557069463883863136e+00
-1.835545722713860517e-01 4.693061663250566617e+00
-1.799410029498522690e-01 4.808571448869086495e+00
-1.763274336283182642e-01 4.903553998235292255e+00
-1.727138643067844814e-01 4.978267325717451897e+00
-1.691002949852504766e-01 5.033232818147951981e+00
-1.654867256637164719e-01 5.069194296336747563e+00
-1.618731563421826891e-01 5.087077215644574046e+00
-1.582595870206486843e-01 5.087949299762981603e+00
-1.546460176991146795e-01 5.072983591973236450e+00
-1.510324483775808968e-01 5.043424621834890154e+00
-1.474188790560468920e-01 5.000558131695336250e+00
-1.438053097345131093e-01 4.945684591462027768e+00
-1.401917404129791045e-01 4.880096553140248261e+00
-1.365781710914450997e-01 4.805059757568460377e+00
-1.329646017699113170e-01 4.721797801688823348e+00
-1.293510324483773122e-01 4.631480101609571243e+00
-1.257374631268433074e-01 4.535212840160313341e+00
-1.221238938053095247e-01 4.434032562998056370e+00
-1.185103244837755199e-01 4.328902080156864507e+00
-1.148967551622415151e-01 4.220708336177551701e+00
-1.112831858407077323e-01 4.110261928005906285e+00
-1.076696165191737276e-01 3.998297972646704057e+00
-1.040560471976399448e-01 3.885478053560541767e+00
-1.004424778761059400e-01 3.772393003956101332e+00
-9.682890855457193524e-02 3.659566314881927518e+00
-9.321533923303815250e-02 3.547457985174376383e+00
-8.960176991150414771e-02 3.436468658033572154e+00
-8.598820058997014293e-02 3.326943914712707784e+00
-8.237463126843636019e-02 3.219178619182511802e+00
-7.876106194690235540e-02 3.113421228510936167e+00
-7.514749262536835062e-02 3.009878002049730661e+00
-7.153392330383456788e-02 2.908717058412065182e+00
-6.792035398230056309e-02 2.810072242794086073e+00
-6.430678466076678035e-02 2.714046778615422539e+00
-6.069321533923277556e-02 2.620716686929473127e+00
-5.707964601769877078e-02 2.530133964797234736e+00
-5.346607669616498804e-02 2.442329520037716861e+00
-4.985250737463098325e-02 2.357315864667030691e+00
-4.623893805309697846e-02 2.275089573108366015e+00
-4.262536873156319572e-02 2.195633514069704084e+00
-3.901179941002919094e-02 2.118918867004035533e+00
-3.539823008849518615e-02 2.044906935427052375e+00
-3.178466076696140341e-02 1.973550770192953996e+00
-2.817109144542739863e-02 1.904796616225972850e+00
-2.455752212389361588e-02 1.838585196264618027e+00
-2.094395280235961110e-02 1.774852844973879629e+00
-1.733038348082560631e-02 1.713532506382552167e+00
-1.371681415929182357e-02 1.654554607061992755e+00
-1.010324483775781879e-02 1.597847816821639011e+00
-6.489675516223814000e-03 1.543339707992925192e+00
-2.876106194690031259e-03 1.490957323632485565e+00
7.374631268439735265e-04 1.440627633918446504e+00
4.351032448377978312e-03 1.392272186740273643e+00
7.964601769911761053e-03 1.345802238100764381e+00
1.157817109144576584e-02 1.301131885855927539e+00
1.519174041297954858e-02 1.258179687121420365e+00
1.880530973451355337e-02 1.216868400976779396e+00
2.241887905604755815e-02 1.177124747411803618e+00
2.603244837758134089e-02 1.138879181405710206e+00
2.964601769911534568e-02 1.102065681110831807e+00
3.325958702064935046e-02 1.066621549187711349e+00
3.687315634218313321e-02 1.032487226407477587e+00
4.048672566371713799e-02 9.996061167011607296e-01
4.410029498525114278e-02 9.679244228945607098e-01
4.771386430678492552e-02 9.373909924214406386e-01
5.132743362831893030e-02 9.079571723584455301e-01
5.494100294985271304e-02 8.795766731710795705e-01
5.855457227138671783e-02 8.522054406034476060e-01
6.216814159292072262e-02 8.258015351839069762e-01
6.578171091445450536e-02 8.003250188556524369e-01
6.939528023598851014e-02 7.757378482752226301e-01
7.300884955752251493e-02 7.520037743534236929e-01
7.662241887905629767e-02 7.290882476424391800e-01
8.023598820059030245e-02 7.069583291997754149e-01
8.384955752212408520e-02 6.855826065849969231e-01
8.746312684365808998e-02 6.649311146682281848e-01
9.107669616519209477e-02 6.449752609512363621e-01
9.469026548672587751e-02 6.256877551216823985e-01
9.830383480825988229e-02 6.070425425799838015e-01
1.019174041297938871e-01 5.890147416952974391e-01
1.055309734513278919e-01 5.715805845633395998e-01
1.091445427728614526e-01 5.547173610536165755e-01
1.127581120943954573e-01 5.384033659474773970e-01
1.163716814159294621e-01 5.226178489814623518e-01
1.199852507374634669e-01 5.073409676222140341e-01
1.235988200589974717e-01 4.925537424105908557e-01
1.272123893805314765e-01 4.782380147229499667e-01
1.308259587020650372e-01 4.643764068072304685e-01
1.344395280235990420e-01 4.509522839605960010e-01
1.380530973451330468e-01 4.379497187237504918e-01
1.416666666666670515e-01 4.253534569748915195e-01
1.452802359882010563e-01 4.131488858136513898e-01
1.488938053097346170e-01 4.013220031321418357e-01
1.525073746312686218e-01 3.898593887766304555e-01
1.561209439528026266e-01 3.787481772093416188e-01
1.597345132743366314e-01 3.679760315853987662e-01
1.633480825958706362e-01 3.575311191651706078e-01
1.669616519174046410e-01 3.474020879870945433e-01
1.705752212389382017e-01 3.375780447306021559e-01
1.741887905604722064e-01 3.280485337030481507e-01
1.778023598820062112e-01 3.188035168884603143e-01
1.814159292035402160e-01 3.098333549996891700e-01
1.850294985250742208e-01 3.011287894789677622e-01
1.886430678466077815e-01 2.926809253952141754e-01
1.922566371681417863e-01 2.844812151893711949e-01
1.958702064896757911e-01 2.765214432220061691e-01
1.994837758112097958e-01 2.687937110800354135e-01
2.030973451327438006e-01 2.612904236019473192e-01
2.067109144542778054e-01 2.540042755832559451e-01
2.103244837758113661e-01 2.469282391261301279e-01
2.139380530973453709e-01 2.400555515991861788e-01
2.175516224188793757e-01 2.333797041754115953e-01
2.211651917404133805e-01 2.268944309179742602e-01
2.247787610619473853e-01 2.205936983853983013e-01
2.283923303834809460e-01 2.144716957292047699e-01
2.320058997050149507e-01 2.085228252586063258e-01
2.356194690265489555e-01 2.027416934482774158e-01
2.392330383480829603e-01 1.971231023665445115e-01
2.428466076696169651e-01 1.916620415026111246e-01
2.464601769911509699e-01 1.863536799725860615e-01
2.500737463126845306e-01 1.811933590852258802e-01
2.536873156342185354e-01 1.761765852493124285e-01
2.573008849557525402e-01 1.712990232055950357e-01
2.609144542772865449e-01 1.665564895671386436e-01
2.645280235988205497e-01 1.619449466527913828e-01
2.681415929203541104e-01 1.574604965993109673e-01
2.717551622418881152e-01 1.530993757384561116e-01
2.753687315634221200e-01 1.488579492260800607e-01
2.789823008849561248e-01 1.447327059109587699e-01
2.825958702064901296e-01 1.407202534317071041e-01
2.862094395280241343e-01 1.368173135307872157e-01
2.898230088495576950e-01 1.330207175751515203e-01
2.934365781710916998e-01 1.293274022736311812e-01
2.970501474926257046e-01 1.257344055816786710e-01
3.006637168141597094e-01 1.222388627845736458e-01
3.042772861356937142e-01 1.188380027506356212e-01
3.078908554572272749e-01 1.155291443464461082e-01
3.115044247787612797e-01 1.123096930064658300e-01
3.151179941002952845e-01 1.091771374498408942e-01
3.187315634218292892e-01 1.061290465375322178e-01
3.223451327433632940e-01 1.031630662632728873e-01
3.259587020648972988e-01 1.002769168721621001e-01
3.295722713864308595e-01 9.746839010102582856e-02
3.331858407079648643e-01 9.473534653495967184e-02
3.367994100294988691e-01 9.207571307475427569e-02
3.404129793510328739e-01 8.948748051014444871e-02
3.440265486725668787e-01 8.696870119409888522e-02
3.476401179941004393e-01 8.451748681357937332e-02
3.512536873156344441e-01 8.213200625242293718e-02
3.548672566371684489e-01 7.981048354223112262e-02
3.584808259587024537e-01 7.755119589731458707e-02
3.620943952802364585e-01 7.535247182996146487e-02
3.657079646017700192e-01 7.321268934246281945e-02
3.693215339233040240e-01 7.113027419249598471e-02
3.729351032448380288e-01 6.910369822863667022e-02
3.765486725663720335e-01 6.713147779291400719e-02
3.801622418879060383e-01 6.521217218747346611e-02
3.837758112094400431e-01 6.334438220255120267e-02
3.873893805309736038e-01 6.152674870308636607e-02
3.910029498525076086e-01 5.975795127142993074e-02
3.946165191740416134e-01 5.803670690372427637e-02
3.982300884955756182e-01 5.636176875763381638e-02
4.018436578171096230e-01 5.473192494922520662e-02
4.054572271386431837e-01 5.314599739688190272e-02
4.090707964601771884e-01 5.160284071024497793e-02
4.126843657817111932e-01 5.010134112226461572e-02
4.162979351032451980e-01 4.864041546251834935e-02
4.199115044247792028e-01 4.721901017005535051e-02
4.235250737463132076e-01 4.583610034408694411e-02
4.271386430678467683e-01 4.449068883093330179e-02
4.307522123893807731e-01 4.318180534569266565e-02
4.343657817109147778e-01 4.190850562718081984e-02
4.379793510324487826e-01 4.066987062474380216e-02
4.415929203539827874e-01 3.946500571561269155e-02
4.452064896755163481e-01 3.829303995152604639e-02
4.488200589970503529e-01 3.715312533340336260e-02
4.524336283185843577e-01 3.604443611290523986e-02
4.560471976401183625e-01 3.496616811976487743e-02
4.596607669616523673e-01 3.391753811382677841e-02
4.632743362831863720e-01 3.289778316077326958e-02
4.668879056047199327e-01 3.190616003056410271e-02
4.705014749262539375e-01 3.094194461765505458e-02
4.741150442477879423e-01 3.000443138210385358e-02
4.777286135693219471e-01 2.909293281070778753e-02
4.813421828908559519e-01 2.820677889735537930e-02
4.849557522123895126e-01 2.734531664180876731e-02
4.885693215339235174e-01 2.650790956616679711e-02
4.921828908554575222e-01 2.569393724829242831e-02
4.957964601769915269e-01 2.490279487151405777e-02
4.994100294985255317e-01 2.413389278994560599e-02
5.030235988200595365e-01 2.338665610879214068e-02
5.066371681415930972e-01 2.266052427903970240e-02
5.102507374631271020e-01 2.195495070594782536e-02
5.138643067846611068e-01 2.126940237079417290e-02
5.174778761061951116e-01 2.060335946533742649e-02
5.210914454277291163e-01 1.995631503849157676e-02
5.247050147492626770e-01 1.932777465472376027e-02
5.283185840707966818e-01 1.871725606370883838e-02
5.319321533923306866e-01 1.812428888079460967e-02
5.355457227138646914e-01 1.754841427784674390e-02
5.391592920353986962e-01 1.698918468406523247e-02
5.427728613569327010e-01 1.644616349637728278e-02
5.463864306784662617e-01 1.591892479903084939e-02
5.500000000000002665e-01 1.540705309202605386e-02
5.536135693215342712e-01 1.491014302803964076e-02
5.572271386430682760e-01 1.442779915751070050e-02
5.608407079646022808e-01 1.395963568156781583e-02
5.644542772861358415e-01 1.350527621249622903e-02
5.680678466076698463e-01 1.306435354145057265e-02
5.716814159292038511e-01 1.263650941313439538e-02
5.752949852507378559e-01 1.222139430717877721e-02
5.789085545722718606e-01 1.181866722596349589e-02
5.825221238938058654e-01 1.142799548863317194e-02
5.861356932153394261e-01 1.104905453107519510e-02
5.897492625368734309e-01 1.068152771163145658e-02
5.933628318584074357e-01 1.032510612232927574e-02
5.969764011799414405e-01 9.979488405422766439e-03
6.005899705014754453e-01 9.644380575047739601e-03
6.042035398230090060e-01 9.319495843798800486e-03
6.078171091445430108e-01 9.004554454047415668e-03
6.114306784660770155e-01 8.699283513826214578e-03
6.150442477876110203e-01 8.403416837112410998e-03
6.186578171091450251e-01 8.116694788350814135e-03
6.222713864306790299e-01 7.838864131063116164e-03
6.258849557522125906e-01 7.569677880396645693e-03
6.294985250737465954e-01 7.308895159472790157e-03
6.331120943952806002e-01 7.056281059399983381e-03
6.367256637168146050e-01 6.811606502823481200e-03
6.403392330383486097e-01 6.574648110887757954e-03
6.439528023598821704e-01 6.345188073494665085e-03
6.475663716814161752e-01 6.123014022743936483e-03
6.511799410029501800e-01 5.907918909448275219e-03
6.547935103244841848e-01 5.699700882619653831e-03
6.584070796460181896e-01 5.498163171828167502e-03
6.620206489675521944e-01 5.303113972338274057e-03
6.656342182890857551e-01 5.114366332932764221e-03
6.692477876106197598e-01 4.931738046336862046e-03
6.728613569321537646e-01 4.755051542160542745e-03
6.764749262536877694e-01 4.584133782278832642e-03
6.800884955752217742e-01 4.418816158575060091e-03
6.837020648967553349e-01 4.258934392973874605e-03
6.873156342182893397e-01 4.104328439694735452e-03
6.909292035398233445e-01 3.954842389659789757e-03
6.945427728613573493e-01 3.810324376991796203e-03
6.981563421828913540e-01 3.670626487542039042e-03
7.017699115044253588e-01 3.535604669389485165e-03
7.053834808259589195e-01 3.405118645255631425e-03
7.089970501474929243e-01 3.279031826781751962e-03
7.126106194690269291e-01 3.157211230617518617e-03
7.162241887905609339e-01 3.039527396271875324e-03
7.198377581120949387e-01 2.925854305679690629e-03
7.234513274336284994e-01 2.816069304439223434e-03
7.270648967551625041e-01 2.710053024677363046e-03
7.306784660766965089e-01 2.607689309501838928e-03
7.342920353982305137e-01 2.508865139000661989e-03
7.379056047197645185e-01 2.413470557751139570e-03
7.415191740412985233e-01 2.321398603802346788e-03
7.451327433628320840e-01 2.232545239096181498e-03
7.487463126843660888e-01 2.146809281293636778e-03
7.523598820059000936e-01 2.064092336974534224e-03
7.559734513274340983e-01 1.984298736179666064e-03
7.595870206489681031e-01 1.907335468266035342e-03
7.632005899705016638e-01 1.833112119046818216e-03
7.668141592920356686e-01 1.761540809188636911e-03
7.704277286135696734e-01 1.692536133840043993e-03
7.740412979351036782e-01 1.626015103465827888e-03
7.776548672566376830e-01 1.561897085862841168e-03
7.812684365781712437e-01 1.500103749333864082e-03
7.848820058997052485e-01 1.440559006996911407e-03
7.884955752212392532e-01 1.383188962208056977e-03
7.921091445427732580e-01 1.327921855076703373e-03
7.957227138643072628e-01 1.274688010052933045e-03
7.993362831858412676e-01 1.223419784567086974e-03
8.029498525073748283e-01 1.174051518702635922e-03
8.065634218289088331e-01 1.126519485883566759e-03
8.101769911504428379e-01 1.080761844558591209e-03
8.137905604719768426e-01 1.036718590864618358e-03
8.174041297935108474e-01 9.943315122524299179e-04
8.210176991150444081e-01 9.535441420583337007e-04
8.246312684365784129e-01 9.143017150055708772e-04
8.282448377581124177e-01 8.765511236199432111e-04
8.318584070796464225e-01 8.402408755444640970e-04
8.354719764011804273e-01 8.053210517380065755e-04
8.390855457227144321e-01 7.717432655437171966e-04
8.426991150442479928e-01 7.394606226127217394e-04
8.463126843657819975e-01 7.084276816694301841e-04
8.499262536873160023e-01 6.786004161048014545e-04
8.535398230088500071e-01 6.499361763841957074e-04
8.571533923303840119e-01 6.223936532567872623e-04
8.607669616519175726e-01 5.959328417537158558e-04
8.643805309734515774e-01 5.705150059623379996e-04
8.679941002949855822e-01 5.461026445642598462e-04
8.716076696165195870e-01 5.226594571248382786e-04
8.752212389380535917e-01 5.001503111222273604e-04
8.788348082595875965e-01 4.785412097041918619e-04
8.824483775811211572e-01 4.577992601608958092e-04
8.860619469026551620e-01 4.378926431022560199e-04
8.896755162241891668e-01 4.187905823285280023e-04
8.932890855457231716e-01 4.004633153828345850e-04
8.969026548672571764e-01 3.828820647746267679e-04
9.005162241887907371e-01 3.660190098631447859e-04
9.041297935103247418e-01 3.498472593899544752e-04
9.077433628318587466e-01 3.343408246500381709e-04
9.113569321533927514e-01 3.194745932906457083e-04
9.149705014749267562e-01 3.052243037275562251e-04
9.185840707964607610e-01 2.915665201683479498e-04
9.221976401179943217e-01 2.784786082323398998e-04
9.258112094395283265e-01 2.659387111570931349e-04
9.294247787610623313e-01 2.539257265813599164e-04
9.330383480825963360e-01 2.424192838944453439e-04
9.366519174041303408e-01 2.313997221421478629e-04
9.402654867256639015e-01 2.208480684794124317e-04
9.438790560471979063e-01 2.107460171599734116e-04
9.474926253687319111e-01 2.010759090533583272e-04
9.511061946902659159e-01 1.918207116796773106e-04
9.547197640117999207e-01 1.829639997527373458e-04
9.583333333333339255e-01 1.744899362220765648e-04
9.619469026548674861e-01 1.663832538046186615e-04
9.655604719764014909e-01 1.586292369967155216e-04
9.691740412979354957e-01 1.512137045574562448e-04
9.727876106194695005e-01 1.441229924541441486e-04
9.764011799410035053e-01 1.373439372610141913e-04
9.800147492625370660e-01 1.308638600022615404e-04
9.836283185840710708e-01 1.246705504306093329e-04
9.872418879056050756e-01 1.187522517326601660e-04
9.908554572271390803e-01 1.130976456524316568e-04
9.944690265486730851e-01 1.076958380245027154e-04
9.980825958702070899e-01 1.025363447083207073e-04
1.001696165191740651e+00 9.760907791530736444e-05
1.005309734513274655e+00 9.290433292046119506e-05
1.008923303834808660e+00 8.841277515029089885e-05
1.012536873156342665e+00 8.412542763895201230e-05
1.016150442477876670e+00 8.003365884460654099e-05
1.019764011799410230e+00 7.612917081807239012e-05
1.023377581120944235e+00 7.240398771594529258e-05
1.026991150442478240e+00 6.885044465048549198e-05
1.030604719764012245e+00 6.546117686861280260e-05
1.034218289085546250e+00 6.222910925250544267e-05
1.037831858407080254e+00 5.914744613434807336e-05
1.041445427728613815e+00 5.620966141791067222e-05
1.045058997050147820e+00 5.340948899971029515e-05
1.048672566371681825e+00 5.074091348263157003e-05
1.052286135693215829e+00 4.819816117496305316e-05
1.055899705014749834e+00 4.577569136792262306e-05
1.059513274336283395e+00 4.346818788484158025e-05
1.063126843657817400e+00 4.127055089528012090e-05
1.066740412979351404e+00 3.917788898744954635e-05
1.070353982300885409e+00 3.718551149242389314e-05
1.073967551622419414e+00 3.528892105372380769e-05
1.077581120943953419e+00 3.348380643596311719e-05
1.081194690265486980e+00 3.176603556635150690e-05
1.084808259587020984e+00 3.013164880295118693e-05
1.088421828908554989e+00 2.857685242369612877e-05
1.092035398230088994e+00 2.709801233027735675e-05
1.095648967551622999e+00 2.569164796111255927e-05
1.099262536873156559e+00 2.435442640772060300e-05
1.102876106194690564e+00 2.308315672892222498e-05
1.106489675516224569e+00 2.187478445740050092e-05
1.110103244837758574e+00 2.072638629325350979e-05
1.113716814159292579e+00 1.963516497927833394e-05
1.117330383480826583e+00 1.859844435282799466e-05
1.120943952802360144e+00 1.761366456919045211e-05
1.124557522123894149e+00 1.667837749153535027e-05
1.128171091445428154e+00 1.579024224258286174e-05
1.131784660766962158e+00 1.494702091324686029e-05
1.135398230088496163e+00 1.414657442360763971e-05
1.139011799410029724e+00 1.338685853167022511e-05
1.142625368731563729e+00 1.266591998546156023e-05
1.146238938053097733e+00 1.198189281412388194e-05
1.149852507374631738e+00 1.133299475375319491e-05
1.153466076696165743e+00 1.071752380383479537e-05
1.157079646017699748e+00 1.013385491021982516e-05
1.160693215339233308e+00 9.580436770685721426e-06
1.164306784660767313e+00 9.055788759214708624e-06
1.167920353982301318e+00 8.558497965219386209e-06
1.171533923303835323e+00 8.087216344035641708e-06
1.175147492625369328e+00 7.640657975095645354e-06
1.178761061946902888e+00 7.217596424281728123e-06
1.182374631268436893e+00 6.816862207051037681e-06
1.185988200589970898e+00 6.437340349010393001e-06
1.189601769911504903e+00 6.077968040702464097e-06
1.193215339233038907e+00 5.737732383455070545e-06
1.196828908554572468e+00 5.415668223223632064e-06
1.200442477876106473e+00 5.110856069442975621e-06
1.204056047197640478e+00 4.822420095984190802e-06
1.207669616519174483e+00 4.549526221391183908e-06
1.211283185840708487e+00 4.291380265652051884e-06
1.214896755162242492e+00 4.047226180834857349e-06
1.218510324483776053e+00 3.816344352995342643e-06
1.222123893805310058e+00 3.598049972835936087e-06
1.225737463126844062e+00 3.391691472671233851e-06
1.229351032448378067e+00 3.196649027322551514e-06
1.232964601769912072e+00 3.012333116638746489e-06
1.236578171091445633e+00 2.838183147405155924e-06
1.240191740412979637e+00 2.673666132472056421e-06
1.243805309734513642e+00 2.518275424999401355e-06
1.247418879056047647e+00 2.371529505778315982e-06
1.251032448377581652e+00 2.232970821653709936e-06
1.254646017699115657e+00 2.102164673133674117e-06
1.258259587020649217e+00 1.978698149331467033e-06
1.261873156342183222e+00 1.862179108444838791e-06
1.265486725663717227e+00 1.752235202035448684e-06
1.269100294985251232e+00 1.648512941426294117e-06
1.272713864306785236e+00 1.550676804590769442e-06
1.276327433628318797e+00 1.458408381960151125e-06
1.279941002949852802e+00 1.371405559628256043e-06
1.283554572271386807e+00 1.289381738483348049e-06
1.287168141592920811e+00 1.212065087846135402e-06
1.290781710914454816e+00 1.139197832241885724e-06
1.294395280235988821e+00 1.070535569980955550e-06
1.298008849557522382e+00 1.005846622268240828e-06
1.301622418879056386e+00 9.449114116061217871e-07
1.305235988200590391e+00 8.875218682993842144e-07
1.308849557522124396e+00 8.334808639119643523e-07
1.312463126843658401e+00 7.826016705670208513e-07
1.316076696165191962e+00 7.347074450210114351e-07
1.319690265486725966e+00 6.896307364813691795e-07
1.323303834808259971e+00 6.472130171748619271e-07
1.326917404129793976e+00 6.073042347099891556e-07
1.330530973451327981e+00 5.697623853121989376e-07
1.334144542772861985e+00 5.344531070448800067e-07
1.337758112094395546e+00 5.012492921623118856e-07
1.341371681415929551e+00 4.700307177729973851e-07
1.344985250737463556e+00 4.406836940229656100e-07
1.348598820058997561e+00 4.131007290387072458e-07
1.352212389380531565e+00 3.871802098989405231e-07
1.355825958702065126e+00 3.628260989323939174e-07
1.359439528023599131e+00 3.399476446664657989e-07
1.363053097345133136e+00 3.184591067779481398e-07
1.366666666666667140e+00 2.982794944226881406e-07
1.370280235988201145e+00 2.793323173458232116e-07
1.373893805309735150e+00 2.615453491982072176e-07
1.377507374631268711e+00 2.448504025076957738e-07
1.381120943952802715e+00 2.291831147763482710e-07
1.384734513274336720e+00 2.144827451961699226e-07
1.388348082595870725e+00 2.006919814967886272e-07
1.391961651917404730e+00 1.877567564585615023e-07
1.395575221238938290e+00 1.756260736440056222e-07
1.399188790560472295e+00 1.642518419190320047e-07
1.402802359882006300e+00 1.535887183535890557e-07
1.406415929203540305e+00 1.435939591085293972e-07
1.410029498525074310e+00 1.342272779323271008e-07
1.413643067846608314e+00 1.254507119073296361e-07
1.417256637168141875e+00 1.172284941006717067e-07
1.420870206489675880e+00 1.095269327899869890e-07
1.424483775811209885e+00 1.023142969483123994e-07
1.428097345132743889e+00 9.556070768640286365e-08
1.431710914454277894e+00 8.923803536397048359e-08
1.435324483775811455e+00 8.331980209407644623e-08
1.438938053097345460e+00 7.778108937718202975e-08
1.442551622418879465e+00 7.259845061314554174e-08
1.446165191740413469e+00 6.774982825073193592e-08
1.449778761061947474e+00 6.321447534510353872e-08
1.453392330383481479e+00 5.897288130414454374e-08
1.457005899705015040e+00 5.500670161449727494e-08
1.460619469026549044e+00 5.129869134776878454e-08
1.464233038348083049e+00 4.783264225659149279e-08
1.467846607669617054e+00 4.459332327900197367e-08
1.471460176991151059e+00 4.156642427810976792e-08
1.475073746312684619e+00 3.873850285208792117e-08
1.478687315634218624e+00 3.609693405730444013e-08
1.482300884955752629e+00 3.362986289484023430e-08
1.485914454277286634e+00 3.132615941775109734e-08
1.489528023598820639e+00 2.917537632324995329e-08
1.493141592920354643e+00 2.716770890050509005e-08
1.496755162241888204e+00 2.529395721097720385e-08
1.500368731563422209e+00 2.354549038418586267e-08
1.503982300884956214e+00 2.191421291750531916e-08
1.507595870206490218e+00 2.039253287401825467e-08
1.511209439528024223e+00 1.897333187768730472e-08
1.514823008849557784e+00 1.764993681005885598e-08
1.518436578171091789e+00 1.641609311747685177e-08
1.522050147492625793e+00 1.526593964231248180e-08
1.525663716814159798e+00 1.419398489604833130e-08
1.529277286135693803e+00 1.319508469618645971e-08
1.532890855457227808e+00 1.226442109289031984e-08
1.536504424778761368e+00 1.139748251502911506e-08
1.540117994100295373e+00 1.059004506887940933e-08
1.543731563421829378e+00 9.838154926151002287e-09
1.547345132743363383e+00 9.138111741265170152e-09
1.550958702064897388e+00 8.486453040909614630e-09
1.554572271386430948e+00 7.879939531854479542e-09
1.558185840707964953e+00 7.315541275821415725e-09
1.561799410029498958e+00 6.790424682881615155e-09
1.565412979351032963e+00 6.301940277402047651e-09
1.569026548672566967e+00 5.847611192988586141e-09
1.572640117994100972e+00 5.425122355179299487e-09
1.576253687315634533e+00 5.032310312836247123e-09
1.579867256637168538e+00 4.667153681268170669e-09
1.583480825958702543e+00 4.327764162101923712e-09
1.587094395280236547e+00 4.012378106800732788e-09
1.590707964601770552e+00 3.719348592519800708e-09
1.594321533923304113e+00 3.447137980688634319e-09
1.597935103244838118e+00 3.194310930322575739e-09
1.601548672566372122e+00 2.959527839600151965e-09
1.605162241887906127e+00 2.741538690694051458e-09
1.608775811209440132e+00 2.539177274225911017e-09
1.612389380530973693e+00 2.351355771021709102e-09
1.616002949852507697e+00 2.177059670086119744e-09
1.619616519174041702e+00 2.015343002891341502e-09
1.623230088495575707e+00 1.865323875189698489e-09
1.626843657817109712e+00 1.726180278617361335e-09
1.630457227138643717e+00 1.597146165356894301e-09
1.634070796460177277e+00 1.477507770074421844e-09
1.637684365781711282e+00 1.366600164245818311e-09
1.641297935103245287e+00 1.263804028835268984e-09
1.644911504424779292e+00 1.168542632094612710e-09
1.648525073746313296e+00 1.080279000012689993e-09
1.652138643067846857e+00 9.985132676641902082e-10
1.655752212389380862e+00 9.227802003880042180e-10
1.659365781710914867e+00 8.526468743693551062e-10
1.662979351032448871e+00 7.877105068080344649e-10
1.666592920353982876e+00 7.275964264308390819e-10
1.670206489675516881e+00 6.719561756489243740e-10
1.673820058997050442e+00 6.204657361747924640e-10
1.677433628318584447e+00 5.728238703976996146e-10
1.681047197640118451e+00 5.287505712744246740e-10
1.684660766961652456e+00 4.879856139238030699e-10
1.688274336283186461e+00 4.502872025214058323e-10
1.691887905604720022e+00 4.154307064751118263e-10
1.695501474926254026e+00 3.832074802250480372e-10
1.699115044247788031e+00 3.534237613534634773e-10
1.702728613569322036e+00 3.258996420125599820e-10
1.706342182890856041e+00 3.004681089821329096e-10
1.709955752212390045e+00 2.769741479554470356e-10
1.713569321533923606e+00 2.552739079214180437e-10
1.717182890855457611e+00 2.352339217653849022e-10
1.720796460176991616e+00 2.167303794500497683e-10
1.724410029498525621e+00 1.996484503634374155e-10
1.728023598820059625e+00 1.838816516327258753e-10
1.731637168141593186e+00 1.693312594023817325e-10
1.735250737463127191e+00 1.559057602626685308e-10
1.738864306784661196e+00 1.435203401912153629e-10
1.742477876106195200e+00 1.320964085362367463e-10
1.746091445427729205e+00 1.215611547261235423e-10
1.749705014749263210e+00 1.118471355368178456e-10
1.753318584070796771e+00 1.028918908861106252e-10
1.756932153392330775e+00 9.463758625360774491e-11
1.760545722713864780e+00 8.703067994663197466e-11
1.764159292035398785e+00 8.002161354653996285e-11
1.767772861356932790e+00 7.356452397718584488e-11
1.771386430678466350e+00 6.761697573779143020e-11
1.775000000000000355e+00 6.213971193699944939e-11
1.778613569321534360e+00 5.709642285338878772e-11
1.782227138643068365e+00 5.245353083083209731e-11
1.785840707964602370e+00 4.817999039499685905e-11
1.789454277286136374e+00 4.424710255029439088e-11
1.793067846607669935e+00 4.062834228505729469e-11
1.796681415929203940e+00 3.729919837686316931e-11
1.800294985250737945e+00 3.423702465001646860e-11
1.803908554572271949e+00 3.142090189349306795e-11
1.807522123893805954e+00 2.883150970035398931e-11
1.811135693215339515e+00 2.645100753899415979e-11
1.814749262536873520e+00 2.426292441276947175e-11
1.818362831858407525e+00 2.225205650777929964e-11
1.821976401179941529e+00 2.040437226901543220e-11
1.825589970501475534e+00 1.870692438291849188e-11
1.829203539823009539e+00 1.714776817975282986e-11
1.832817109144543100e+00 1.571588600228741784e-11
1.836430678466077104e+00 1.440111711818512984e-11
1.840044247787611109e+00 1.319409278238683754e-11
1.843657817109145114e+00 1.208617608278066022e-11
1.847271386430679119e+00 1.106940622765016473e-11
1.850884955752212679e+00 1.013644695695353625e-11
1.854498525073746684e+00 9.280538781465016733e-12
1.858112094395280689e+00 8.495454774340787584e-12
1.861725663716814694e+00 7.775459658820906095e-12
1.865339233038348699e+00 7.115271953657392556e-12
1.868952802359882703e+00 6.510028954528698419e-12
1.872566371681416264e+00 5.955254345253956907e-12
1.876179941002950269e+00 5.446828247118303003e-12
1.879793510324484274e+00 4.980959528141588286e-12
1.883407079646018278e+00 4.554160206719319552e-12
1.887020648967552283e+00 4.163221795807698744e-12
1.890634218289085844e+00 3.805193444761108376e-12
1.894247787610619849e+00 3.477361746118978263e-12
1.897861356932153853e+00 3.177232084127413973e-12
1.901474926253687858e+00 2.902511410610847038e-12
1.905088495575221863e+00 2.651092342034507084e-12
1.908702064896755868e+00 2.421038479247260919e-12
1.912315634218289429e+00 2.210570858514971403e-12
1.915929203539823433e+00 2.018055449074864507e-12
1.919542772861357438e+00 1.841991618602393735e-12
1.923156342182891443e+00 1.681001493705722674e-12
1.926769911504425448e+00 1.533820147888497800e-12
1.930383480825959008e+00 1.399286554367286862e-12
1.933997050147493013e+00 1.276335245728008436e-12
1.937610619469027018e+00 1.163988626676258272e-12
1.941224188790561023e+00 1.061349890102588746e-12
1.944837758112095027e+00 9.675964903677471632e-13
1.948451327433629032e+00 8.819741311321971306e-13
1.952064896755162593e+00 8.037912282284606382e-13
1.955678466076696598e+00 7.324138110200569418e-13
1.959292035398230603e+00 6.672608284242702496e-13
1.962905604719764607e+00 6.077998283102642202e-13
1.966519174041298612e+00 5.535429813355732949e-13
1.970132743362832173e+00 5.040434224635133556e-13
1.973746312684366178e+00 4.588918854247131533e-13
1.977359882005900182e+00 4.177136072589926352e-13
1.980973451327434187e+00 3.801654818087316770e-13
1.984587020648968192e+00 3.459334426428342900e-13
1.988200589970502197e+00 3.147300573791230891e-13
1.991814159292035757e+00 2.862923167520019885e-13
1.995427728613569762e+00 2.603796030485168634e-13
1.999041297935103767e+00 2.367718237177943736e-13
2.002654867256637772e+00 2.152676970519867212e-13
2.006268436578171777e+00 1.956831778487902593e-13
2.009882005899705337e+00 1.778500119012867854e-13
2.013495575221239342e+00 1.616144090264285949e-13
2.017109144542773347e+00 1.468358251437045535e-13
2.020722713864307352e+00 1.333858446553603118e-13
2.024336283185841356e+00 1.211471550632696054e-13
2.027949852507374917e+00 1.100126063894377715e-13
2.031563421828908922e+00 9.988434855073455644e-14
2.035176991150442927e+00 9.067304037772966325e-14
2.038790560471976931e+00 8.229712446529733709e-14
2.042404129793510936e+00 7.468216250239455474e-14
2.046017699115044941e+00 6.776022615276260204e-14
2.049631268436578502e+00 6.146933894985697286e-14
2.053244837758112507e+00 5.575296503070736223e-14
2.056858407079646511e+00 5.055954086669104109e-14
2.060471976401180516e+00 4.584204645667417913e-14
2.064085545722714521e+00 4.155761273142572482e-14
2.067699115044248082e+00 3.766716217960108418e-14
2.071312684365782086e+00 3.413507994645338639e-14
2.074926253687316091e+00 3.092891287845891346e-14
2.078539823008850096e+00 2.801909419154003075e-14
2.082153392330384101e+00 2.537869162901404567e-14
2.085766961651918106e+00 2.298317714887755604e-14
2.089380530973451666e+00 2.081021633982562449e-14
2.092994100294985671e+00 1.883947591247150413e-14
2.096607669616519676e+00 1.705244774760729657e-14
2.100221238938053236e+00 1.543228810790701012e-14
2.103834808259587685e+00 1.396367073407571754e-14
2.107448377581121246e+00 1.263265265186598361e-14
2.111061946902655695e+00 1.142655161330963356e-14
2.114675516224189256e+00 1.033383418465839184e-14
2.118289085545722816e+00 9.344013575441145513e-15
2.121902654867257265e+00 8.447556378361461166e-15
2.125516224188790826e+00 7.635797458938352978e-15
2.129129793510325275e+00 6.900862297359221325e-15
2.132743362831858835e+00 6.235596143400934472e-15
2.136356932153393284e+00 5.633499398880293043e-15
2.139970501474926845e+00 5.088668691323389261e-15
2.143584070796460406e+00 4.595743147719922423e-15
2.147197640117994855e+00 4.149855418697986639e-15
2.150811209439528415e+00 3.746587041498718718e-15
2.154424778761062864e+00 3.381927765030361008e-15
2.158038348082596425e+00 3.052238492296461608e-15
2.161651917404129986e+00 2.754217524840751531e-15
2.165265486725664434e+00 2.484869820766798555e-15
2.168879056047197995e+00 2.241479002554651565e-15
2.172492625368732444e+00 2.021581873501729561e-15
2.176106194690266005e+00 1.822945222328542899e-15
2.179719764011799565e+00 1.643544714459903836e-15
2.183333333333334014e+00 1.481545685871190740e-15
2.186946902654867575e+00 1.335285671297884686e-15
2.190560471976402024e+00 1.203258513174206899e-15
2.194174041297935585e+00 1.084099910999344793e-15
2.197787610619469145e+00 9.765742830293160322e-16
2.201401179941003594e+00 8.795628233568413120e-16
2.205014749262537155e+00 7.920526476516574625e-16
2.208628318584071604e+00 7.131269301726840918e-16
2.212241887905605164e+00 6.419559432029449040e-16
2.215855457227138725e+00 5.777889178634567807e-16
2.219469026548673174e+00 5.199466523983015404e-16
2.223082595870206735e+00 4.678148005422797757e-16
2.226696165191741184e+00 4.208377785398350860e-16
2.230309734513274744e+00 3.785132348255263721e-16
2.233923303834809193e+00 3.403870313449424542e-16
2.237536873156342754e+00 3.060486900333366234e-16
2.241150442477876314e+00 2.751272621106517302e-16
2.244764011799410763e+00 2.472875816327963938e-16
2.248377581120944324e+00 2.222268681887107101e-16
2.251991150442478773e+00 1.996716467802876317e-16
2.255604719764012334e+00 1.793749557935570081e-16
2.259218289085545894e+00 1.611138165874458250e-16
2.262831858407080343e+00 1.446869406142536426e-16
2.266445427728613904e+00 1.299126521621010114e-16
2.270058997050148353e+00 1.166270067932528889e-16
2.273672566371681913e+00 1.046820873599377471e-16
2.277286135693215474e+00 9.394446112585936485e-17
2.280899705014749923e+00 8.429378302186985395e-17
2.284513274336283484e+00 7.562153143018697790e-17
2.288126843657817933e+00 6.782986413548484108e-17
2.291740412979351493e+00 6.083058321350099884e-17
2.295353982300885054e+00 5.454419865834260580e-17
2.298967551622419503e+00 4.889908148753696012e-17
2.302581120943953064e+00 4.383069791704955938e-17
2.306194690265487512e+00 3.928091697455509242e-17
2.309808259587021073e+00 3.519738462510777080e-17
2.313421828908555522e+00 3.153295812501253078e-17
2.317035398230089083e+00 2.824519490316967724e-17
2.320648967551622643e+00 2.529589079931557694e-17
2.324262536873157092e+00 2.265066297046772892e-17
2.327876106194690653e+00 2.027857321459966702e-17
2.331489675516225102e+00 1.815178785818460042e-17
2.335103244837758663e+00 1.624527071540322866e-17
2.338716814159292223e+00 1.453650595462731206e-17
2.342330383480826672e+00 1.300524800550183682e-17
2.345943952802360233e+00 1.163329591006567674e-17
2.349557522123894682e+00 1.040428976651249288e-17
2.353171091445428242e+00 9.303527136619702233e-18
2.356784660766961803e+00 8.317797489607553578e-18
2.360398230088496252e+00 7.435232938174640861e-18
2.364011799410029813e+00 6.645173688347907152e-18
2.367625368731564262e+00 5.938046775189150120e-18
2.371238938053097822e+00 5.305256792717420182e-18
2.374852507374631383e+00 4.739087449931587309e-18
2.378466076696165832e+00 4.232612896739464830e-18
2.382079646017699393e+00 3.779617864977025923e-18
2.385693215339233841e+00 3.374525761516202660e-18
2.389306784660767402e+00 3.012333933596843007e-18
2.392920353982301851e+00 2.688555401778335743e-18
2.396533923303835412e+00 2.399166424032259658e-18
2.400147492625368972e+00 2.140559316138544969e-18
2.403761061946903421e+00 1.909500009327304652e-18
2.407374631268436982e+00 1.703089876559494372e-18
2.410988200589971431e+00 1.518731404469996404e-18
2.414601769911504991e+00 1.354097329259397544e-18
2.418215339233038552e+00 1.207102892119385255e-18
2.421828908554573001e+00 1.075880903495406458e-18
2.425442477876106562e+00 9.587593359588640103e-19
2.429056047197641011e+00 8.542411929891680143e-19
2.432669616519174571e+00 7.609864258376207878e-19
2.436283185840708132e+00 6.777956931030133788e-19
2.439896755162242581e+00 6.035957779328503874e-19
2.443510324483776142e+00 5.374264960735747404e-19
2.447123893805310590e+00 4.784289445215293163e-19
2.450737463126844151e+00 4.258349554427609059e-19
2.454351032448377712e+00 3.789576334875364781e-19
2.457964601769912161e+00 3.371828667669771429e-19
2.461578171091445721e+00 2.999617127093867403e-19
2.465191740412980170e+00 2.668035698884249117e-19
2.468805309734513731e+00 2.372700558183504516e-19
2.472418879056048180e+00 2.109695187362231895e-19
2.476032448377581741e+00 1.875521186237768496e-19
2.479646017699115301e+00 1.667054192381828298e-19
2.483259587020649750e+00 1.481504387920706598e-19
2.486873156342183311e+00 1.316381122109799111e-19
2.490486725663717760e+00 1.169461226584149607e-19
2.494100294985251320e+00 1.038760643062454040e-19
2.497713864306784881e+00 9.225090218752333348e-20
2.501327433628319330e+00 8.191269844256002056e-20
2.504941002949852891e+00 7.272057739460072124e-20
2.508554572271387340e+00 6.454890470349842137e-20
2.512168141592920900e+00 5.728565837519627132e-20
2.515781710914454461e+00 5.083097167937939758e-20
2.519395280235988910e+00 4.509583007302054842e-20
2.523008849557522471e+00 4.000090606605422112e-20
2.526622418879056919e+00 3.547551761793022357e-20
2.530235988200590480e+00 3.145669713880096477e-20
2.533849557522124041e+00 2.788835950315920329e-20
2.537463126843658490e+00 2.472055868225148019e-20
2.541076696165192050e+00 2.190882367781941919e-20
2.544690265486726499e+00 1.941356540616013460e-20
2.548303834808260060e+00 1.719954704911387795e-20
2.551917404129794509e+00 1.523541116729274720e-20
2.555530973451328070e+00 1.349325756972323319e-20
2.559144542772861630e+00 1.194826656107244711e-20
2.562758112094396079e+00 1.057836275010233829e-20
2.566371681415929640e+00 9.363915107453964208e-21
2.569985250737464089e+00 8.287469413220438313e-21
2.573598820058997649e+00 7.333509640321598763e-21
2.577212389380531210e+00 6.488245183216110618e-21
2.580825958702065659e+00 5.739421167268468661e-21
2.584439528023599220e+00 5.076149366002781027e-21
2.588053097345133668e+00 4.488757514974505918e-21
2.591666666666667229e+00 3.968655045223513864e-21
2.595280235988200790e+00 3.508213469008090341e-21
2.598893805309735239e+00 3.100659838324572660e-21
2.602507374631268799e+00 2.739981864812549139e-21
2.606120943952803248e+00 2.420843440100442331e-21
2.609734513274336809e+00 2.138509430273151149e-21
2.613348082595870370e+00 1.888778738581462910e-21
2.616961651917404819e+00 1.667924738248922374e-21
2.620575221238938379e+00 1.472642273573439675e-21
2.624188790560472828e+00 1.300000513665967788e-21
2.627802359882006389e+00 1.147401020179330467e-21
2.631415929203539950e+00 1.012540459207130167e-21
2.635029498525074398e+00 8.933774490442349657e-22
2.638643067846607959e+00 7.881030904495194407e-22
2.642256637168142408e+00 6.951147751430306766e-22
2.645870206489675969e+00 6.129929121096703830e-22
2.649483775811210418e+00 5.404802504281210406e-22
2.653097345132743978e+00 4.764635122937538088e-22
2.656710914454277539e+00 4.199570810983931475e-22
2.660324483775811988e+00 3.700885172698075855e-22
2.663938053097345549e+00 3.260856994127897213e-22
2.667551622418879997e+00 2.872654104527084495e-22
2.671165191740413558e+00 2.530232082463315521e-22
2.674778761061947119e+00 2.228244377483530389e-22
2.678392330383481568e+00 1.961962575357007834e-22
2.682005899705015128e+00 1.727205674979440632e-22
2.685619469026549577e+00 1.520277369854602971e-22
2.689233038348083138e+00 1.337910438303957299e-22
2.692846607669616699e+00 1.177217445648624103e-22
2.696460176991151148e+00 1.035647049877409155e-22
2.700073746312684708e+00 9.109452809197022354e-23
2.703687315634219157e+00 8.011212336328224603e-23
2.707300884955752718e+00 7.044166769193435898e-23
2.710914454277286278e+00 6.192791368449662868e-23
2.714528023598820727e+00 5.443380609759469655e-23
2.718141592920354288e+00 4.783837150605292797e-23
2.721755162241888737e+00 4.203485022341248686e-23
2.725368731563422298e+00 3.692904296634969887e-23
2.728982300884956747e+00 3.243784784306718453e-23
2.732595870206490307e+00 2.848796599167997548e-23
2.736209439528023868e+00 2.501475663528789341e-23
2.739823008849558317e+00 2.196122448951391052e-23
2.743436578171091877e+00 1.927712438553482577e-23
2.747050147492626326e+00 1.691816968371091497e-23
2.750663716814159887e+00 1.484533257363977312e-23
2.754277286135693448e+00 1.302422570678364388e-23
2.757890855457227897e+00 1.142455580682303011e-23
2.761504424778761457e+00 1.001964096714058272e-23
2.765117994100295906e+00 8.785984289426227948e-24
2.768731563421829467e+00 7.702897355572000299e-24
2.772345132743363028e+00 6.752167768618023216e-24
2.775958702064897476e+00 5.917765658113884566e-24
2.779572271386431037e+00 5.185584630216995019e-24
2.783185840707965486e+00 4.543213161510642317e-24
2.786799410029499047e+00 3.979732895346913605e-24
2.790412979351032607e+00 3.485540707050931187e-24
2.794026548672567056e+00 3.052191765499472224e-24
2.797640117994100617e+00 2.672261138565907374e-24
2.801253687315635066e+00 2.339221773393476609e-24
2.804867256637168627e+00 2.047336933514858276e-24
2.808480825958703075e+00 1.791565397144795819e-24
2.812094395280236636e+00 1.567477917801384049e-24
2.815707964601770197e+00 1.371183622630048581e-24
2.819321533923304646e+00 1.199265177996818405e-24
2.822935103244838206e+00 1.048721688348895693e-24
2.826548672566372655e+00 9.169184150401947033e-25
2.830162241887906216e+00 8.015425085800749516e-25
2.833775811209439777e+00 7.005640421742392278e-25
2.837389380530974226e+00 6.122017179056216047e-25
2.841002949852507786e+00 5.348926906964680652e-25
2.844616519174042235e+00 4.672660204165899398e-25
2.848230088495575796e+00 4.081193201391170213e-25
2.851843657817109357e+00 3.563982194670733654e-25
2.855457227138643805e+00 3.111783068365533526e-25
2.859070796460177366e+00 2.716492544295866386e-25
2.862684365781711815e+00 2.371008644094040708e-25
2.866297935103245376e+00 2.069108061616263678e-25
2.869911504424778936e+00 1.805338415610782941e-25
2.873525073746313385e+00 1.574923594100655304e-25
2.877138643067846946e+00 1.373680614804267062e-25
2.880752212389381395e+00 1.197946613711609192e-25
2.884365781710914955e+00 1.044514739571081491e-25
2.887979351032449404e+00 9.105778781073151933e-26
2.891592920353982965e+00 7.936792585800695995e-26
2.895206489675516526e+00 6.916691088205341023e-26
2.898820058997050975e+00 6.026666249435532187e-26
2.902433628318584535e+00 5.250266101057996157e-26
2.906047197640118984e+00 4.573102143625961237e-26
2.909660766961652545e+00 3.982592761054379261e-26
2.913274336283186106e+00 3.467738258257266414e-26
2.916887905604720554e+00 3.018923660170175146e-26
2.920501474926254115e+00 2.627745877445642748e-26
2.924115044247788564e+00 2.286862255324211573e-26
2.927728613569322125e+00 1.989857884068499089e-26
2.931342182890855685e+00 1.731129367755649485e-26
2.934955752212390134e+00 1.505783028343480878e-26
2.938569321533923695e+00 1.309545768294728602e-26
2.942182890855458144e+00 1.138687031703092916e-26
2.945796460176991705e+00 9.899504943564340060e-27
2.949410029498525265e+00 8.604942806226082159e-27
2.953023598820059714e+00 7.478386522177036851e-27
2.956637168141593275e+00 6.498202432413215872e-27
2.960250737463127724e+00 5.645520294837526993e-27
2.963864306784661284e+00 4.903883198161191694e-27
2.967477876106195733e+00 4.258941451255147743e-27
2.971091445427729294e+00 3.698184972240701419e-27
2.974705014749262855e+00 3.210709377289265027e-27
2.978318584070797304e+00 2.787011562192994084e-27
2.981932153392330864e+00 2.418811090246278992e-27
2.985545722713865313e+00 2.098894156664502606e-27
2.989159292035398874e+00 1.820977300393701189e-27
2.992772861356932435e+00 1.579588385555500388e-27
2.996386430678466883e+00 1.369962682915452685e-27
3.000000000000000000e+00 1.187952151936009448e-27
