0.000000000000000000e+00
1.815470577975338007e-02
1.825100718881571271e-02
1.869268886268569616e-02
1.873432271788498180e-02
1.896478729441192917e-02
1.883721024140437225e-02
2.134469697428776833e-02
2.145794910152004284e-02
1.925531075390738214e-02
1.963421988910127314e-02
2.069619958631951223e-02
2.197717614125243094e-02
2.298649183211633196e-02
2.050337544040750984e-02
2.121171379325738002e-02
1.994104929569143203e-02
2.066024279764340152e-02
1.963505988817043982e-02
2.073185805311836272e-02
1.935701573808217696e-02
1.936947790520692284e-02
1.975629701830790980e-02
2.022400141898684015e-02
2.110208276863367871e-02
2.313911241786421533e-02
2.432435498973052612e-02
2.318601982505357970e-02
2.151442093478827741e-02
2.150675528958876162e-02
2.196931708590134022e-02
1.957821404101199939e-02
1.992655971303460352e-02
2.002038160049391183e-02
1.985127815094775081e-02
2.068630101449647415e-02
2.137863834504604918e-02
2.187066432471131486e-02
2.275715758639061670e-02
2.165077671185455799e-02
2.053470708393862268e-02
2.085629440134427817e-02
2.215152272295697541e-02
2.110159851950718299e-02
2.061921483403027222e-02
2.102121974384523959e-02
2.048490696358388694e-02
2.088941020383619160e-02
2.077049329044364581e-02
1.996100389192545857e-02
1.932423042917632422e-02
1.951785317220748953e-02
1.975805932692434666e-02
2.011018960746191811e-02
1.956529329639094747e-02
1.981373459421354247e-02
2.216385945796182921e-02
2.166952154104527170e-02
2.298292267718645213e-02
2.405961826903827913e-02
2.292243661406082392e-02
2.114139503911664775e-02
2.035754237697979044e-02
1.982908529936815503e-02
1.935248598015638574e-02
1.906749390479582987e-02
1.874972569294004396e-02
1.935028532009357496e-02
1.949553616901841466e-02
1.931513574262963204e-02
1.807018956629207612e-02
1.878813840116491662e-02
1.817864244518310746e-02
1.746941945486026396e-02
1.621512802501670278e-02
1.644190845055830061e-02
1.626105132834028758e-02
1.618427246252933036e-02
1.543618733522160967e-02
1.529474320175232965e-02
1.472535206047425292e-02
1.514650427294014778e-02
1.557111443849261423e-02
1.593795905040779753e-02
1.605437826397962398e-02
1.529862171658934351e-02
1.646476807098833095e-02
1.693602658411377110e-02
1.638780353014470878e-02
1.628807937853494689e-02
1.599967790714396446e-02
1.558576852282942023e-02
1.543913342901633533e-02
1.554416857069529194e-02
1.556145262516309136e-02
1.647604766563873918e-02
1.676908706126857204e-02
1.720836748429678195e-02
1.782665906275287745e-02
1.726219225618820519e-02
1.719705970013339635e-02
1.683910671571078183e-02
1.651883423535920395e-02
1.619230741036337129e-02
1.646114425909773679e-02
1.692737925164914184e-02
1.686588477063829736e-02
1.810454791349668663e-02
1.832884209808104126e-02
1.818404626111017747e-02
1.762351121341264662e-02
1.716145409159210850e-02
1.726288905981827881e-02
1.746616212913253141e-02
1.756747246766826240e-02
1.784612754728243100e-02
1.793263313039247797e-02
1.771975359978164230e-02
1.829069838937079015e-02
1.921057439792103402e-02
1.926050214737354965e-02
1.915873939729058686e-02
1.944408769555363778e-02
1.947660025809192647e-02
1.904359574147638720e-02
1.887993014778796552e-02
1.845011596939506379e-02
1.830390830676989142e-02
1.816516997256140825e-02
1.898499776219266660e-02
1.912758018750399663e-02
1.872001092834945160e-02
1.904006685492437567e-02
1.913879912738201614e-02
1.902285670026205786e-02
1.923217999568831854e-02
1.970635929735768330e-02
1.976257277713214244e-02
1.907968121969455186e-02
1.929440040072604584e-02
1.940799923673725350e-02
1.920367911072052777e-02
1.903527634113111669e-02
1.902446222796860820e-02
1.824109030690334796e-02
1.905742965107708187e-02
1.848842038997693810e-02
1.830603680824676935e-02
1.880232198804723462e-02
1.883669780483486142e-02
1.913446914324818879e-02
1.857553818992880093e-02
1.795304783780233074e-02
1.745960851059783978e-02
1.721083323058660366e-02
1.691508576552355064e-02
1.698712236918385049e-02
1.719776699335621648e-02
1.728427470565717730e-02
1.684959501660380707e-02
1.765872914888631101e-02
1.745337111238019767e-02
1.781409258029896178e-02
1.796610516213426392e-02
1.794179466690982647e-02
1.790991845681412162e-02
1.811986569900421798e-02
1.829744011257097500e-02
1.777278762201871601e-02
1.813300524873620242e-02
1.816027281893631620e-02
1.803739224536421784e-02
1.786236244458614536e-02
1.802877902414189507e-02
1.817063212083225646e-02
1.803140143204275819e-02
1.832842043939712784e-02
1.848387389211258308e-02
1.851293906856299118e-02
1.903364743410550924e-02
1.857957669167274034e-02
1.825485025913266626e-02
1.856337902949109150e-02
1.835882814171673968e-02
1.869816525206394187e-02
1.888973514494663580e-02
1.847133384613757270e-02
1.854026515071180783e-02
1.804509094251926030e-02
1.766264089467939336e-02
1.812049438869779358e-02
1.819726385311072267e-02
1.752263638996364586e-02
1.765587009548348282e-02
1.805856185660563440e-02
1.812018592310802798e-02
1.766363051933412046e-02
1.689636141423575891e-02
1.671807671463685155e-02
1.642071245242362684e-02
1.633556985415351992e-02
1.657534592410149152e-02
1.693565470658555880e-02
1.675711415832071421e-02
1.671312663795530840e-02
1.684114879827807928e-02
1.722213686117499490e-02
1.718296501393546533e-02
1.715548564720383723e-02
1.730660776883262419e-02
1.689730495804434365e-02
1.630013901437981499e-02
1.622264277478839903e-02
1.623134138843585622e-02
1.625929769696706981e-02
1.636372733386370903e-02
1.678221615388727703e-02
1.638820132678550298e-02
1.627072601904865426e-02
1.650657403117520780e-02
1.637573907034371376e-02
1.627036493149530347e-02
1.591617149542405227e-02
1.575287944909279161e-02
1.632303738653281822e-02
1.662760167677117609e-02
1.689571487300900801e-02
1.679203390936397436e-02
1.647409908111144641e-02
1.661427111833480366e-02
1.672179526003588976e-02
1.678507056810413234e-02
1.670744957230846719e-02
1.668089553394362309e-02
1.688986937823551068e-02
1.699843157354520226e-02
1.698348155405833212e-02
1.684288276543068064e-02
1.716557421596425631e-02
1.712489801968574560e-02
1.720136706432481843e-02
1.737752740609008195e-02
1.746478284047358817e-02
1.780872146532836570e-02
1.834940677171471510e-02
1.847153966161682939e-02
1.827678811035938697e-02
1.802632831647831349e-02
1.803215677504802286e-02
1.813173940182761026e-02
