1.000000000000000000e+00
9.759991515624988345e-01
9.143327980354915008e-01
8.389521251480067665e-01
7.489338300391688019e-01
6.648597432189270462e-01
5.846834016349277130e-01
5.088539402411706991e-01
4.506863698446291755e-01
4.202115909185309417e-01
3.854651889074416915e-01
3.571037497591253440e-01
3.332178123547046011e-01
3.182353792841012829e-01
3.096861880226337016e-01
3.003353861204027808e-01
3.029855532633911053e-01
3.063358935923571891e-01
3.046277783290120555e-01
3.036011780198820675e-01
3.059793635486862673e-01
2.968618633087772296e-01
2.917431587727524755e-01
2.852475581997007126e-01
2.824660093875445699e-01
2.808035581694881544e-01
2.765860924946174082e-01
2.701904723129409103e-01
2.649225284904513922e-01
2.641736058495068873e-01
2.625749258043372225e-01
2.578233299282982061e-01
2.534474812340917760e-01
2.491582386340360777e-01
2.500857345434561729e-01
2.487196647103419589e-01
2.492735768285071485e-01
2.506989087690767448e-01
2.507874963197105345e-01
2.514273401295262778e-01
2.509733221422021932e-01
2.529914818136093646e-01
2.513822082805501346e-01
2.511129416428998784e-01
2.465702778259331318e-01
2.460240251928916821e-01
2.461390260460935009e-01
2.409013288723808044e-01
2.404677086217066606e-01
2.407566911281650845e-01
2.423614798321227781e-01
2.383793446477982247e-01
2.363497287202949715e-01
2.348383282361544144e-01
2.316837310973803021e-01
2.333989119569350457e-01
2.300609162927787221e-01
2.282014773189352530e-01
2.322774461899742848e-01
2.336473442773408515e-01
2.318085288952792256e-01
2.343039324902741194e-01
2.293668971831259729e-01
2.294117356626937942e-01
2.277250308821730518e-01
2.269973787431643908e-01
2.254319295593439632e-01
2.264057197399282073e-01
2.260430222665406608e-01
2.274704201956342930e-01
2.291715147659490748e-01
2.293682793529182029e-01
2.304410264905786543e-01
2.296263192618645532e-01
2.284899447706587594e-01
2.275500957231785248e-01
2.272588581611913183e-01
2.259288323620200767e-01
2.225488549944817374e-01
2.192210261334399668e-01
2.143409355471193878e-01
2.146653387983965544e-01
2.144202266864754514e-01
2.123127706598892939e-01
2.119011372615612898e-01
2.081772167609551305e-01
2.100287452048755776e-01
2.086346226869905396e-01
2.077024466881142173e-01
2.069970488702174427e-01
2.046119879253305296e-01
2.059866715203607090e-01
2.083779816184110623e-01
2.084820767218809323e-01
2.066123154843246268e-01
2.082366668033933388e-01
2.063748446706608064e-01
2.064283977801377457e-01
2.042813077838521729e-01
2.023138888190730567e-01
2.028952918510384951e-01
2.015723344206136469e-01
2.008592767236665744e-01
2.006808218992025550e-01
2.020471161776643265e-01
2.038063156611131521e-01
2.016590804011325067e-01
2.014999324082841770e-01
2.012359284839309315e-01
2.010413089820000110e-01
2.004343354745581063e-01
2.004731338854539302e-01
1.981799004318282598e-01
2.003070844334657596e-01
1.985776680667397653e-01
1.994626973460844332e-01
1.976641251122255305e-01
1.978081274237298570e-01
1.994548702698277221e-01
1.999654266231762345e-01
1.992906859685234511e-01
1.985617550505350548e-01
1.964259556125320105e-01
1.953478591781870888e-01
1.955920047238221826e-01
1.954594609824747420e-01
1.956592825931562085e-01
1.952102946256829008e-01
1.955904568221142059e-01
1.979768674127863615e-01
1.984589269916739451e-01
1.994440855226856935e-01
1.975727405829768857e-01
1.967716606833844195e-01
1.993101270760842536e-01
2.003164829055679164e-01
2.003923436774110445e-01
1.997926885266053665e-01
1.970627056987367953e-01
1.959475129389559589e-01
1.955440329263034016e-01
1.954729430082618735e-01
1.944879242831100974e-01
1.943601978663050400e-01
1.938695392876268742e-01
1.936997107744270197e-01
1.918885834562708004e-01
1.930284786572835642e-01
1.915260711220992951e-01
1.920827072771379151e-01
1.921155535093318767e-01
1.936941722449384840e-01
1.940909794903909469e-01
1.941017804112351031e-01
1.937608938943789216e-01
1.934976466925694971e-01
1.950321803833574841e-01
1.952468902405653239e-01
1.963459136552950790e-01
1.967003851916639123e-01
1.961499289205241581e-01
1.968277019420873186e-01
1.976652522136082002e-01
1.972947579639325599e-01
1.975962506616713021e-01
1.963226001769933504e-01
1.970203859211529518e-01
1.965757351960837895e-01
1.980395926193566358e-01
1.970324603673793973e-01
1.988245574829661799e-01
1.962331301028851782e-01
1.950170013275153991e-01
1.961446915237246569e-01
1.953792980058465800e-01
1.954373213525573416e-01
1.948367185522908995e-01
1.936952113285766441e-01
1.929669640493734128e-01
1.953163196149944048e-01
1.952765891238723572e-01
1.946670073795086775e-01
1.948958671917160324e-01
1.943130799769394734e-01
1.943949126965698881e-01
1.943138985615403547e-01
1.950007716838208227e-01
1.931008527457925839e-01
1.932498720427175409e-01
1.938265593859549440e-01
1.920497489479378039e-01
1.918939876285814805e-01
1.903508998341114089e-01
1.904075410448141936e-01
1.909128460420172479e-01
1.892724757203779196e-01
1.899698703622424156e-01
1.897532478210981199e-01
1.897605088047393251e-01
1.905782866041774160e-01
1.911079416928736785e-01
1.910437542194329541e-01
1.924013936396389290e-01
1.918345583773384821e-01
1.919901386640528451e-01
1.906897758493113493e-01
1.905803893239546853e-01
1.908867803572828481e-01
1.907947207504637754e-01
1.910494706851119662e-01
1.897566180139148018e-01
1.901552213755592358e-01
1.901248043900351514e-01
1.890225030324809707e-01
1.888168546925027003e-01
1.896032557300294241e-01
1.888851767915183111e-01
1.906140189061265866e-01
1.918500470001774094e-01
1.928496523719850642e-01
1.926204502570839916e-01
1.919009833327562919e-01
1.913041424599125073e-01
1.894942652774901093e-01
1.898296801659610233e-01
1.903496491681685721e-01
1.904925259607297694e-01
1.908282069251509283e-01
1.905432685147342986e-01
1.886267612877477184e-01
1.888535420884021598e-01
1.888822599009285508e-01
1.888284969968722082e-01
1.889970448015278470e-01
1.881300545758647635e-01
1.887890658350646622e-01
1.893050545765632697e-01
1.894798411317773768e-01
1.899763999574518580e-01
1.889772274584398670e-01
1.892190641592403633e-01
1.892460142848509663e-01
1.891663431565213938e-01
1.893218390744528801e-01
1.902203786712785838e-01
1.887717736553105041e-01
1.888986073100979990e-01
1.891546324165177539e-01
1.885287924752716560e-01
1.888166593176998920e-01
