1.000000000000000000e+00
9.995350143929964126e-01
9.978976177462677288e-01
9.961638411506722468e-01
9.959351326948052696e-01
9.959351326948052696e-01
9.959351326948052696e-01
9.959351326948052696e-01
9.959351326948052696e-01
9.959351326948052696e-01
9.959351326948052696e-01
9.959351326948052696e-01
9.959351326948052696e-01
9.959351326948052696e-01
9.959351326948052696e-01
9.959351326948052696e-01
9.959351326948052696e-01
9.959351326948052696e-01
9.959351326948052696e-01
9.959351326948052696e-01
9.959351326948052696e-01
9.959351326948052696e-01
9.959351326948052696e-01
9.959351326948052696e-01
9.959351326948052696e-01
9.959351326948052696e-01
9.959351326948052696e-01
9.959351326948052696e-01
9.959351326948052696e-01
9.959351326948052696e-01
9.959351326948052696e-01
9.959351326948052696e-01
9.959351326948052696e-01
9.959351326948052696e-01
9.959351326948052696e-01
9.959351326948052696e-01
9.959351326948052696e-01
9.959351326948052696e-01
9.959351326948052696e-01
9.959351326948052696e-01
9.959351326948052696e-01
9.959351326948052696e-01
9.959351326948052696e-01
9.959351326948052696e-01
9.959351326948052696e-01
9.959351326948052696e-01
9.959351326948052696e-01
9.959351326948052696e-01
9.959351326948052696e-01
9.959351326948052696e-01
9.959351326948052696e-01
9.959351326948052696e-01
9.959351326948052696e-01
9.959351326948052696e-01
9.959351326948052696e-01
9.959351326948052696e-01
9.959351326948052696e-01
9.959351326948052696e-01
9.959351326948052696e-01
9.959351326948052696e-01
9.959351326948052696e-01
9.959351326948052696e-01
9.959351326948052696e-01
9.959351326948052696e-01
9.959351326948052696e-01
9.959351326948052696e-01
9.959351326948052696e-01
9.959351326948052696e-01
9.959351326948052696e-01
9.959351326948052696e-01
9.959351326948052696e-01
9.959351326948052696e-01
9.959351326948052696e-01
9.959351326948052696e-01
9.959351326948052696e-01
9.959351326948052696e-01
9.959351326948052696e-01
9.959351326948052696e-01
9.959351326948052696e-01
9.959351326948052696e-01
9.959351326948052696e-01
9.959351326948052696e-01
9.959351326948052696e-01
9.959351326948052696e-01
9.959351326948052696e-01
9.959351326948052696e-01
9.959351326948052696e-01
9.959351326948052696e-01
9.959351326948052696e-01
9.959351326948052696e-01
9.959351326948052696e-01
9.959351326948052696e-01
9.959351326948052696e-01
9.959351326948052696e-01
9.959351326948052696e-01
9.959351326948052696e-01
9.959351326948052696e-01
9.959351326948052696e-01
9.959351326948052696e-01
9.959351326948052696e-01
9.959351326948052696e-01
9.959351326948052696e-01
9.959351326948052696e-01
9.959351326948052696e-01
9.959351326948052696e-01
9.959351326948052696e-01
9.959351326948052696e-01
9.959351326948052696e-01
9.959351326948052696e-01
9.959351326948052696e-01
9.959351326948052696e-01
9.959351326948052696e-01
9.959351326948052696e-01
9.959351326948052696e-01
9.959351326948052696e-01
9.959351326948052696e-01
9.959351326948052696e-01
9.959351326948052696e-01
9.959351326948052696e-01
9.959351326948052696e-01
9.959351326948052696e-01
9.959351326948052696e-01
9.959351326948052696e-01
9.959351326948052696e-01
9.959351326948052696e-01
9.959351326948052696e-01
9.959351326948052696e-01
9.959351326948052696e-01
9.959351326948052696e-01
9.959351326948052696e-01
9.959351326948052696e-01
9.959351326948052696e-01
9.959351326948052696e-01
9.959351326948052696e-01
9.959351326948052696e-01
9.959351326948052696e-01
9.959351326948052696e-01
9.959351326948052696e-01
9.959351326948052696e-01
9.959351326948052696e-01
9.959351326948052696e-01
9.959351326948052696e-01
9.959351326948052696e-01
9.959351326948052696e-01
9.959351326948052696e-01
9.959351326948052696e-01
9.959351326948052696e-01
9.959351326948052696e-01
9.959351326948052696e-01
9.959351326948052696e-01
9.959351326948052696e-01
9.959351326948052696e-01
9.959351326948052696e-01
9.959351326948052696e-01
9.959351326948052696e-01
9.959351326948052696e-01
9.959351326948052696e-01
9.959351326948052696e-01
9.959351326948052696e-01
9.959351326948052696e-01
9.959351326948052696e-01
9.959351326948052696e-01
9.959351326948052696e-01
9.959351326948052696e-01
9.959351326948052696e-01
9.959351326948052696e-01
9.959351326948052696e-01
9.959351326948052696e-01
9.959351326948052696e-01
9.959351326948052696e-01
9.959351326948052696e-01
9.959351326948052696e-01
9.959351326948052696e-01
9.959351326948052696e-01
9.959351326948052696e-01
9.959351326948052696e-01
9.959351326948052696e-01
9.959351326948052696e-01
9.959351326948052696e-01
9.959351326948052696e-01
9.959351326948052696e-01
9.959351326948052696e-01
9.959351326948052696e-01
9.959351326948052696e-01
9.959351326948052696e-01
9.959351326948052696e-01
9.959351326948052696e-01
9.959351326948052696e-01
9.959351326948052696e-01
9.959351326948052696e-01
9.959351326948052696e-01
9.959351326948052696e-01
9.959351326948052696e-01
9.959351326948052696e-01
9.959351326948052696e-01
9.959351326948052696e-01
9.959351326948052696e-01
9.959351326948052696e-01
9.959351326948052696e-01
9.959351326948052696e-01
9.959351326948052696e-01
9.959351326948052696e-01
9.959351326948052696e-01
9.959351326948052696e-01
9.959351326948052696e-01
9.959351326948052696e-01
9.959351326948052696e-01
9.959351326948052696e-01
9.959351326948052696e-01
9.959351326948052696e-01
9.959351326948052696e-01
9.959351326948052696e-01
9.959351326948052696e-01
9.959351326948052696e-01
9.959351326948052696e-01
9.959351326948052696e-01
9.959351326948052696e-01
9.959351326948052696e-01
9.959351326948052696e-01
9.959351326948052696e-01
9.959351326948052696e-01
9.959351326948052696e-01
9.959351326948052696e-01
9.959351326948052696e-01
9.959351326948052696e-01
9.959351326948052696e-01
9.959351326948052696e-01
9.959351326948052696e-01
9.959351326948052696e-01
9.959351326948052696e-01
9.959351326948052696e-01
9.959351326948052696e-01
9.959351326948052696e-01
9.959351326948052696e-01
9.959351326948052696e-01
9.959351326948052696e-01
9.959351326948052696e-01
9.959351326948052696e-01
9.959351326948052696e-01
9.959351326948052696e-01
9.959351326948052696e-01
9.959351326948052696e-01
9.959351326948052696e-01
9.959351326948052696e-01
9.959351326948052696e-01
9.959351326948052696e-01
9.959351326948052696e-01
9.959351326948052696e-01
9.959351326948052696e-01
9.959351326948052696e-01
