1.000000000000000000e+00
9.447338008547669919e-01
4.175842242011054140e-01
2.267994201239499075e-01
4.008386873653597693e-01
3.608636545149777192e-02
-3.314559080504677485e-02
8.722910223937095642e-02
5.479179686322395437e-02
-1.183816549162610005e-01
-1.740342392435470856e-02
-1.981538178661535962e-02
-9.214196948616364125e-02
-4.094568823593996293e-02
-2.540760575189434517e-02
-9.662704429056923061e-02
-8.932484606333387922e-02
-2.812482468208468700e-02
-7.864236126092445656e-02
-8.269627620725411576e-02
-2.528687980778864669e-02
-2.739389788306469467e-02
-7.036518708835674818e-02
-3.177787804153080209e-02
-2.956663753723815305e-02
-6.907614496690478445e-02
-3.347208867566408425e-02
-3.275543510516185780e-02
-6.907614496690478445e-02
-6.907614496690478445e-02
-3.275543510516185780e-02
-6.706560412247920822e-02
-6.686735891272951871e-02
-3.693320870657581384e-02
-3.542651646923176967e-02
-6.370914650119349765e-02
-3.357675108529010327e-02
-3.377499629503979278e-02
-6.181006117586423931e-02
-3.429369817635920942e-02
-3.377499629503979278e-02
-6.200830638561392189e-02
-6.181006117586423931e-02
-3.377499629503979278e-02
-6.200830638561392189e-02
-6.181006117586423931e-02
-3.377499629503979278e-02
-3.422025782445204528e-02
-6.134042392502459667e-02
-3.377499629503979278e-02
-3.422025782445204528e-02
-6.134042392502459667e-02
-3.505795788335392543e-02
-3.481094156369134163e-02
-5.937960238774780963e-02
-5.918135717799813400e-02
-3.500889325287415144e-02
-5.937960238774780963e-02
-5.918135717799813400e-02
-3.945383748970768961e-02
-4.120418936636239399e-02
-5.448910310093514620e-02
-3.500889325287415144e-02
-3.500889325287415144e-02
-5.448910310093514620e-02
-3.481064804312446193e-02
-3.500889325287415144e-02
-5.468734831068481489e-02
-5.448910310093514620e-02
-3.500889325287415144e-02
-5.197973564802115670e-02
-5.178149043827147413e-02
-3.771650591553782350e-02
-3.946685779219250012e-02
-5.448910310093514620e-02
-3.771650591553782350e-02
-3.771650591553782350e-02
-5.448910310093514620e-02
-3.751826070578813399e-02
-3.771650591553782350e-02
-5.468734831068481489e-02
-5.375248170699507833e-02
-3.771650591553782350e-02
-4.997283909121310458e-02
-4.977459388146340813e-02
-3.771650591553782350e-02
-3.873023639825245307e-02
-4.700314024030503857e-02
-3.771650591553782350e-02
-3.771650591553782350e-02
-4.700314024030503857e-02
-3.751826070578813399e-02
-3.771650591553782350e-02
-4.700314024030503857e-02
-4.700314024030503857e-02
-3.771650591553782350e-02
-4.720138545005472808e-02
-4.700314024030503857e-02
-3.771650591553782350e-02
-4.720138545005472808e-02
-4.700314024030503857e-02
-3.751826070578813399e-02
-3.771650591553782350e-02
-4.700314024030503857e-02
-3.751826070578813399e-02
-3.771650591553782350e-02
-4.700314024030503857e-02
-4.700314024030503857e-02
-3.771650591553782350e-02
-4.720138545005472808e-02
-4.700314024030503857e-02
-3.771650591553782350e-02
-4.618765496734010545e-02
-4.700314024030503857e-02
-3.771650591553782350e-02
-3.771650591553782350e-02
-4.700314024030503857e-02
-3.751826070578813399e-02
-3.771650591553782350e-02
-4.700314024030503857e-02
-4.700314024030503857e-02
-3.771650591553782350e-02
-4.720138545005472808e-02
-4.700314024030503857e-02
-3.771650591553782350e-02
-4.720138545005472808e-02
-4.700314024030503857e-02
-3.771650591553782350e-02
-3.771650591553782350e-02
-4.700314024030503857e-02
-3.751826070578813399e-02
-3.771650591553782350e-02
-4.720138545005472808e-02
-4.700314024030503857e-02
-3.771650591553782350e-02
-4.720138545005472808e-02
-4.700314024030503857e-02
-3.771650591553782350e-02
-4.720138545005472808e-02
-4.700314024030503857e-02
-3.771650591553782350e-02
-3.771650591553782350e-02
-4.700314024030503857e-02
-3.751826070578813399e-02
-3.771650591553782350e-02
-4.700314024030503857e-02
-4.700314024030503857e-02
-3.771650591553782350e-02
-4.720138545005472808e-02
-4.700314024030503857e-02
-3.771650591553782350e-02
-4.720138545005472808e-02
-4.700314024030503857e-02
-3.771650591553782350e-02
-3.771650591553782350e-02
-4.700314024030503857e-02
-3.751826070578813399e-02
-3.771650591553782350e-02
-4.700314024030503857e-02
-4.700314024030503857e-02
-3.771650591553782350e-02
-4.720138545005472808e-02
-4.700314024030503857e-02
-3.771650591553782350e-02
-4.720138545005472808e-02
-4.700314024030503857e-02
-3.993760546096228325e-02
-3.771650591553782350e-02
-4.478204069488057881e-02
-3.751826070578813399e-02
-3.771650591553782350e-02
-4.478204069488057881e-02
-4.376831021216594925e-02
-3.771650591553782350e-02
-4.478204069488057881e-02
-4.478204069488057881e-02
-3.771650591553782350e-02
-4.498028590463027526e-02
-4.478204069488057881e-02
-3.751826070578813399e-02
-3.771650591553782350e-02
-4.478204069488057881e-02
-3.751826070578813399e-02
-3.771650591553782350e-02
-4.478204069488057881e-02
-3.996980520046503754e-02
-3.751826070578813399e-02
-4.478204069488057881e-02
-4.478204069488057881e-02
-3.996980520046503754e-02
-4.478204069488057881e-02
-4.478204069488057881e-02
-4.376831021216594925e-02
-4.376831021216594925e-02
-4.478204069488057881e-02
-3.996980520046503754e-02
-3.996980520046503754e-02
-4.098353568317966711e-02
-3.996980520046503754e-02
-3.996980520046503754e-02
-4.098353568317966711e-02
-4.098353568317966711e-02
-3.996980520046503754e-02
-4.098353568317966711e-02
-4.098353568317966711e-02
-3.996980520046503754e-02
-3.996980520046503754e-02
-4.098353568317966711e-02
-3.996980520046503754e-02
-3.996980520046503754e-02
-4.098353568317966711e-02
-3.996980520046503754e-02
-3.996980520046503754e-02
-4.098353568317966711e-02
-4.098353568317966711e-02
-3.996980520046503754e-02
-4.098353568317966711e-02
-4.098353568317966711e-02
-3.996980520046503754e-02
-3.996980520046503754e-02
-4.098353568317966711e-02
-3.996980520046503754e-02
-3.996980520046503754e-02
-4.098353568317966711e-02
-3.996980520046503754e-02
-3.996980520046503754e-02
-4.098353568317966711e-02
-4.098353568317966711e-02
-3.996980520046503754e-02
-4.098353568317966711e-02
-4.098353568317966711e-02
-3.996980520046503754e-02
-3.996980520046503754e-02
-4.098353568317966711e-02
-3.996980520046503754e-02
-3.996980520046503754e-02
-4.098353568317966711e-02
-3.996980520046503754e-02
-3.996980520046503754e-02
-4.098353568317966711e-02
-4.098353568317966711e-02
-3.996980520046503754e-02
-4.098353568317966711e-02
-4.098353568317966711e-02
-3.996980520046503754e-02
-3.996980520046503754e-02
-4.098353568317966711e-02
-3.996980520046503754e-02
-3.996980520046503754e-02
-4.098353568317966711e-02
