0.000000000000000000e+00
7.713167297484206653e-02
7.685849105590243646e-02
7.412850485670609280e-02
7.024945045550830269e-02
6.923383040738929906e-02
6.937769271488014589e-02
6.742454052437563128e-02
6.735509851409057780e-02
6.767211270604718554e-02
6.792409006608297883e-02
6.737764358994895175e-02
6.695811721277161732e-02
6.695811721277161732e-02
6.688276847507844403e-02
6.746407255862257868e-02
6.702302122527674377e-02
6.822396729728304188e-02
6.766174874957840701e-02
6.809055474317199375e-02
6.809055474317199375e-02
6.809055474317199375e-02
6.864622462300851158e-02
6.854508377917929718e-02
6.854508377917929718e-02
6.854508377917929718e-02
6.789729244701224464e-02
6.789729244701224464e-02
6.789729244701224464e-02
6.789729244701224464e-02
6.789729244701224464e-02
6.800330733156111085e-02
6.855765110516355565e-02
6.855765110516355565e-02
6.855765110516355565e-02
6.855765110516355565e-02
6.855765110516355565e-02
6.855765110516355565e-02
6.800330733156111085e-02
6.800330733156111085e-02
6.800330733156111085e-02
6.800330733156111085e-02
6.800330733156111085e-02
6.800330733156111085e-02
6.800330733156111085e-02
6.800330733156111085e-02
6.800330733156111085e-02
6.800330733156111085e-02
6.800330733156111085e-02
6.800330733156111085e-02
6.800330733156111085e-02
6.800330733156111085e-02
6.800330733156111085e-02
6.800330733156111085e-02
6.800330733156111085e-02
6.800330733156111085e-02
6.800330733156111085e-02
6.800330733156111085e-02
6.800330733156111085e-02
6.800330733156111085e-02
6.800330733156111085e-02
6.800330733156111085e-02
6.800330733156111085e-02
6.800330733156111085e-02
6.800330733156111085e-02
6.800330733156111085e-02
6.800330733156111085e-02
6.800330733156111085e-02
6.800330733156111085e-02
6.800330733156111085e-02
6.800330733156111085e-02
6.800330733156111085e-02
6.800330733156111085e-02
6.800330733156111085e-02
6.800330733156111085e-02
6.800330733156111085e-02
6.800330733156111085e-02
6.800330733156111085e-02
6.800330733156111085e-02
6.800330733156111085e-02
6.800330733156111085e-02
6.800330733156111085e-02
6.800330733156111085e-02
6.800330733156111085e-02
6.800330733156111085e-02
6.800330733156111085e-02
6.800330733156111085e-02
6.800330733156111085e-02
6.800330733156111085e-02
6.800330733156111085e-02
6.800330733156111085e-02
6.800330733156111085e-02
6.800330733156111085e-02
6.800330733156111085e-02
6.800330733156111085e-02
6.800330733156111085e-02
6.800330733156111085e-02
6.800330733156111085e-02
6.800330733156111085e-02
6.800330733156111085e-02
6.800330733156111085e-02
6.800330733156111085e-02
6.800330733156111085e-02
6.800330733156111085e-02
6.800330733156111085e-02
6.800330733156111085e-02
6.800330733156111085e-02
6.800330733156111085e-02
6.800330733156111085e-02
6.800330733156111085e-02
6.800330733156111085e-02
6.800330733156111085e-02
6.800330733156111085e-02
6.800330733156111085e-02
6.800330733156111085e-02
6.800330733156111085e-02
6.800330733156111085e-02
6.800330733156111085e-02
6.800330733156111085e-02
6.800330733156111085e-02
6.800330733156111085e-02
6.800330733156111085e-02
6.800330733156111085e-02
6.800330733156111085e-02
6.800330733156111085e-02
6.800330733156111085e-02
6.800330733156111085e-02
6.800330733156111085e-02
6.800330733156111085e-02
6.800330733156111085e-02
6.800330733156111085e-02
6.800330733156111085e-02
6.800330733156111085e-02
6.800330733156111085e-02
6.800330733156111085e-02
6.800330733156111085e-02
6.800330733156111085e-02
6.800330733156111085e-02
6.800330733156111085e-02
6.800330733156111085e-02
6.800330733156111085e-02
6.800330733156111085e-02
6.800330733156111085e-02
6.800330733156111085e-02
6.800330733156111085e-02
6.800330733156111085e-02
6.800330733156111085e-02
6.800330733156111085e-02
6.800330733156111085e-02
6.800330733156111085e-02
6.800330733156111085e-02
6.800330733156111085e-02
6.800330733156111085e-02
6.800330733156111085e-02
6.800330733156111085e-02
6.800330733156111085e-02
6.800330733156111085e-02
6.800330733156111085e-02
6.800330733156111085e-02
6.800330733156111085e-02
6.800330733156111085e-02
6.800330733156111085e-02
6.800330733156111085e-02
6.800330733156111085e-02
6.800330733156111085e-02
6.800330733156111085e-02
6.800330733156111085e-02
6.800330733156111085e-02
6.800330733156111085e-02
6.800330733156111085e-02
6.800330733156111085e-02
6.800330733156111085e-02
6.800330733156111085e-02
6.800330733156111085e-02
6.800330733156111085e-02
6.800330733156111085e-02
6.800330733156111085e-02
6.800330733156111085e-02
6.800330733156111085e-02
6.800330733156111085e-02
6.800330733156111085e-02
6.800330733156111085e-02
6.800330733156111085e-02
6.800330733156111085e-02
6.800330733156111085e-02
6.800330733156111085e-02
6.800330733156111085e-02
6.800330733156111085e-02
6.800330733156111085e-02
6.800330733156111085e-02
6.800330733156111085e-02
6.800330733156111085e-02
6.800330733156111085e-02
6.800330733156111085e-02
6.800330733156111085e-02
6.800330733156111085e-02
6.800330733156111085e-02
6.800330733156111085e-02
6.800330733156111085e-02
6.800330733156111085e-02
6.800330733156111085e-02
6.800330733156111085e-02
6.800330733156111085e-02
6.800330733156111085e-02
6.800330733156111085e-02
6.800330733156111085e-02
6.800330733156111085e-02
6.800330733156111085e-02
6.800330733156111085e-02
6.800330733156111085e-02
6.800330733156111085e-02
6.800330733156111085e-02
6.800330733156111085e-02
6.800330733156111085e-02
6.800330733156111085e-02
6.800330733156111085e-02
6.800330733156111085e-02
6.800330733156111085e-02
6.800330733156111085e-02
6.800330733156111085e-02
6.800330733156111085e-02
6.800330733156111085e-02
6.800330733156111085e-02
6.800330733156111085e-02
6.800330733156111085e-02
6.800330733156111085e-02
6.800330733156111085e-02
6.800330733156111085e-02
6.800330733156111085e-02
6.800330733156111085e-02
6.800330733156111085e-02
6.800330733156111085e-02
6.800330733156111085e-02
6.800330733156111085e-02
6.800330733156111085e-02
6.800330733156111085e-02
6.800330733156111085e-02
6.800330733156111085e-02
6.800330733156111085e-02
6.800330733156111085e-02
6.800330733156111085e-02
6.800330733156111085e-02
6.800330733156111085e-02
6.800330733156111085e-02
6.800330733156111085e-02
6.800330733156111085e-02
6.800330733156111085e-02
6.800330733156111085e-02
6.800330733156111085e-02
6.800330733156111085e-02
