1.000000000000000000e+00
9.900145450718923490e-01
9.595778271843043994e-01
9.217402326350286890e-01
8.846885897141775201e-01
8.568682850784598015e-01
8.448039162080475117e-01
8.337211717733686855e-01
8.322421565155113665e-01
8.331058613484438879e-01
8.329153960796180645e-01
8.298148342997652138e-01
8.273964786668547289e-01
8.273964786668547289e-01
8.276042757187803689e-01
8.292418628458423369e-01
8.280644615046728330e-01
8.340391653005940764e-01
8.324015781735319974e-01
8.335789795147013903e-01
8.335789795147013903e-01
8.335789795147013903e-01
8.352165666417633583e-01
8.336851603310414527e-01
8.336851603310414527e-01
8.336851603310414527e-01
8.320280311170716869e-01
8.320280311170716869e-01
8.320280311170716869e-01
8.320280311170716869e-01
8.320280311170716869e-01
8.317335251035508081e-01
8.333711122306127761e-01
8.333711122306127761e-01
8.333711122306127761e-01
8.333711122306127761e-01
8.333711122306127761e-01
8.333711122306127761e-01
8.317335251035508081e-01
8.317335251035508081e-01
8.317335251035508081e-01
8.317335251035508081e-01
8.317335251035508081e-01
8.317335251035508081e-01
8.317335251035508081e-01
8.317335251035508081e-01
8.317335251035508081e-01
8.317335251035508081e-01
8.317335251035508081e-01
8.317335251035508081e-01
8.317335251035508081e-01
8.317335251035508081e-01
8.317335251035508081e-01
8.317335251035508081e-01
8.317335251035508081e-01
8.317335251035508081e-01
8.317335251035508081e-01
8.317335251035508081e-01
8.317335251035508081e-01
8.317335251035508081e-01
8.317335251035508081e-01
8.317335251035508081e-01
8.317335251035508081e-01
8.317335251035508081e-01
8.317335251035508081e-01
8.317335251035508081e-01
8.317335251035508081e-01
8.317335251035508081e-01
8.317335251035508081e-01
8.317335251035508081e-01
8.317335251035508081e-01
8.317335251035508081e-01
8.317335251035508081e-01
8.317335251035508081e-01
8.317335251035508081e-01
8.317335251035508081e-01
8.317335251035508081e-01
8.317335251035508081e-01
8.317335251035508081e-01
8.317335251035508081e-01
8.317335251035508081e-01
8.317335251035508081e-01
8.317335251035508081e-01
8.317335251035508081e-01
8.317335251035508081e-01
8.317335251035508081e-01
8.317335251035508081e-01
8.317335251035508081e-01
8.317335251035508081e-01
8.317335251035508081e-01
8.317335251035508081e-01
8.317335251035508081e-01
8.317335251035508081e-01
8.317335251035508081e-01
8.317335251035508081e-01
8.317335251035508081e-01
8.317335251035508081e-01
8.317335251035508081e-01
8.317335251035508081e-01
8.317335251035508081e-01
8.317335251035508081e-01
8.317335251035508081e-01
8.317335251035508081e-01
8.317335251035508081e-01
8.317335251035508081e-01
8.317335251035508081e-01
8.317335251035508081e-01
8.317335251035508081e-01
8.317335251035508081e-01
8.317335251035508081e-01
8.317335251035508081e-01
8.317335251035508081e-01
8.317335251035508081e-01
8.317335251035508081e-01
8.317335251035508081e-01
8.317335251035508081e-01
8.317335251035508081e-01
8.317335251035508081e-01
8.317335251035508081e-01
8.317335251035508081e-01
8.317335251035508081e-01
8.317335251035508081e-01
8.317335251035508081e-01
8.317335251035508081e-01
8.317335251035508081e-01
8.317335251035508081e-01
8.317335251035508081e-01
8.317335251035508081e-01
8.317335251035508081e-01
8.317335251035508081e-01
8.317335251035508081e-01
8.317335251035508081e-01
8.317335251035508081e-01
8.317335251035508081e-01
8.317335251035508081e-01
8.317335251035508081e-01
8.317335251035508081e-01
8.317335251035508081e-01
8.317335251035508081e-01
8.317335251035508081e-01
8.317335251035508081e-01
8.317335251035508081e-01
8.317335251035508081e-01
8.317335251035508081e-01
8.317335251035508081e-01
8.317335251035508081e-01
8.317335251035508081e-01
8.317335251035508081e-01
8.317335251035508081e-01
8.317335251035508081e-01
8.317335251035508081e-01
8.317335251035508081e-01
8.317335251035508081e-01
8.317335251035508081e-01
8.317335251035508081e-01
8.317335251035508081e-01
8.317335251035508081e-01
8.317335251035508081e-01
8.317335251035508081e-01
8.317335251035508081e-01
8.317335251035508081e-01
8.317335251035508081e-01
8.317335251035508081e-01
8.317335251035508081e-01
8.317335251035508081e-01
8.317335251035508081e-01
8.317335251035508081e-01
8.317335251035508081e-01
8.317335251035508081e-01
8.317335251035508081e-01
8.317335251035508081e-01
8.317335251035508081e-01
8.317335251035508081e-01
8.317335251035508081e-01
8.317335251035508081e-01
8.317335251035508081e-01
8.317335251035508081e-01
8.317335251035508081e-01
8.317335251035508081e-01
8.317335251035508081e-01
8.317335251035508081e-01
8.317335251035508081e-01
8.317335251035508081e-01
8.317335251035508081e-01
8.317335251035508081e-01
8.317335251035508081e-01
8.317335251035508081e-01
8.317335251035508081e-01
8.317335251035508081e-01
8.317335251035508081e-01
8.317335251035508081e-01
8.317335251035508081e-01
8.317335251035508081e-01
8.317335251035508081e-01
8.317335251035508081e-01
8.317335251035508081e-01
8.317335251035508081e-01
8.317335251035508081e-01
8.317335251035508081e-01
8.317335251035508081e-01
8.317335251035508081e-01
8.317335251035508081e-01
8.317335251035508081e-01
8.317335251035508081e-01
8.317335251035508081e-01
8.317335251035508081e-01
8.317335251035508081e-01
8.317335251035508081e-01
8.317335251035508081e-01
8.317335251035508081e-01
8.317335251035508081e-01
8.317335251035508081e-01
8.317335251035508081e-01
8.317335251035508081e-01
8.317335251035508081e-01
8.317335251035508081e-01
8.317335251035508081e-01
8.317335251035508081e-01
8.317335251035508081e-01
8.317335251035508081e-01
8.317335251035508081e-01
8.317335251035508081e-01
8.317335251035508081e-01
8.317335251035508081e-01
8.317335251035508081e-01
8.317335251035508081e-01
8.317335251035508081e-01
8.317335251035508081e-01
8.317335251035508081e-01
8.317335251035508081e-01
8.317335251035508081e-01
8.317335251035508081e-01
8.317335251035508081e-01
8.317335251035508081e-01
8.317335251035508081e-01
8.317335251035508081e-01
8.317335251035508081e-01
8.317335251035508081e-01
8.317335251035508081e-01
8.317335251035508081e-01
8.317335251035508081e-01
8.317335251035508081e-01
8.317335251035508081e-01
8.317335251035508081e-01
8.317335251035508081e-01
8.317335251035508081e-01
8.317335251035508081e-01
8.317335251035508081e-01
8.317335251035508081e-01
8.317335251035508081e-01
