1.000000000000000000e+00
1.000000000000000000e+00
1.000000000000000000e+00
1.000000000000000000e+00
1.000000000000000000e+00
1.000000000000000000e+00
1.000000000000000000e+00
1.000000000000000000e+00
1.000000000000000000e+00
1.000000000000000000e+00
1.000000000000000000e+00
1.000000000000000000e+00
1.000000000000000000e+00
1.000000000000000000e+00
1.000000000000000000e+00
1.000000000000000000e+00
1.000000000000000000e+00
1.000000000000000000e+00
1.000000000000000000e+00
1.000000000000000000e+00
1.000000000000000000e+00
1.000000000000000000e+00
1.000000000000000000e+00
1.000000000000000000e+00
9.928687762298319397e-01
9.718786174166147429e-01
9.586193880327353867e-01
9.457629877531308349e-01
9.211609228735668786e-01
9.092993917187095487e-01
8.863408869395620338e-01
8.808680668139178271e-01
8.217512573878767990e-01
8.165286006519604234e-01
7.813397963035807470e-01
7.325749045341090060e-01
6.800089533837176958e-01
6.521716991607611202e-01
6.162594151955860244e-01
5.765401689088802684e-01
5.467282996714730725e-01
5.046470836445670072e-01
4.883546615594413498e-01
4.445153830626122349e-01
4.095528137491631360e-01
3.829780858545037137e-01
3.421713036125260121e-01
3.167005095393815584e-01
2.953512657364829597e-01
2.885147918500251540e-01
2.854357321477352105e-01
2.819747427743785617e-01
2.459679988744227497e-01
2.363294160930595189e-01
1.952490810475935590e-01
1.921145256267690338e-01
1.617143046884889634e-01
1.468372261883872099e-01
1.495149246099720941e-01
1.149504405360922549e-01
9.795146512605730493e-02
8.399452627313674924e-02
7.296911559419233528e-02
7.825364659792181932e-02
8.654130385859702679e-02
7.881546739020120484e-02
5.562614911585845451e-02
6.064143636971856127e-02
4.833861178167520034e-02
5.782508826595876561e-02
7.989310345112358991e-02
8.964925378694099667e-02
7.790538033081037539e-02
7.321669713144894620e-02
7.344927553688290756e-02
4.125851052041462630e-02
4.809515693000283865e-02
5.256986733606594520e-02
4.618999011899433543e-02
4.866483378531026582e-02
5.283315929420411006e-02
6.114490024153089454e-02
5.939188107553964452e-02
4.101224027920312432e-02
4.728552759520095877e-02
4.142349073398345766e-02
4.750263581532164492e-02
4.971930167807817047e-02
4.784285530129470110e-02
4.396181947732298589e-02
4.021088250735756209e-02
6.633883956862783593e-02
7.389537059355866244e-02
6.309355029027198525e-02
5.057451890136249739e-02
5.248040550489789513e-02
4.517982528026584510e-02
3.592955582784600893e-02
2.403850170761978600e-02
3.066308977416730419e-02
1.220510149523289581e-02
2.117178235767023728e-02
2.899885305469148723e-03
1.134876745665104603e-02
8.162015249231536346e-03
-1.445502894845986574e-03
-1.110152896657148197e-02
4.404808571497103621e-03
-2.233133172562039997e-02
-1.386856017118890999e-04
-2.991864797288899726e-04
-3.433891575667061442e-03
-1.542056206248450592e-02
-7.767912606407457315e-03
-1.988852444112379492e-02
-2.146452687706301710e-02
-3.182115196356426201e-02
-1.311453656253126591e-02
-1.179558611827481382e-02
-1.330434845710444167e-02
-1.040626663784749613e-02
-1.740896278740269171e-02
-3.988495326428213861e-02
-3.712746229609008991e-02
-3.174850173542911880e-02
-1.296298987621155759e-02
-1.012684423288042097e-02
-1.599003735497921130e-02
-2.014401587677830396e-02
-2.257439659687995870e-02
-1.314352395605459557e-02
-2.106600997207200981e-02
-8.177956029734569088e-03
-1.951190998435390830e-02
-2.360367520494612709e-02
-2.481153193001341128e-02
-1.241257090697320958e-02
-3.514450293085585181e-02
-4.512327423024992817e-02
-3.654132035258515071e-02
-3.525815842565897806e-02
-2.791872406918790434e-02
-1.576123903382970273e-02
2.283692043005998863e-03
1.520110168382913553e-02
2.102198940765357196e-02
3.026919252795691115e-02
2.222597727320468550e-02
1.739736553918949657e-02
3.215194390499461624e-02
5.939020824787129976e-02
5.377029519880627273e-02
7.046586113427860676e-02
7.082234246803748023e-02
7.987020521185435318e-02
6.900554704439959552e-02
6.475624582434291732e-02
6.970487462861874040e-02
7.390578382330956209e-02
6.761411939798854520e-02
6.335087045417214791e-02
5.166039952776377980e-02
5.395538284929587286e-02
4.324876323320789306e-02
3.193343289100947918e-02
3.504375232785630900e-02
5.069929278387278609e-02
5.984763426367924188e-02
5.171725779475538215e-02
4.837482683563924107e-02
4.814867067214850804e-02
3.715317835539626301e-02
4.500438555174390842e-02
5.365786234417718736e-02
6.427124072447937264e-02
6.489401755116969150e-02
5.552725803138464783e-02
4.968868516884861891e-02
4.059324072397293287e-02
3.277534933304287329e-02
1.912116369467775981e-02
1.232009036582359246e-02
1.702526261084028394e-02
2.929862997298991051e-02
2.301569130238935446e-02
2.385180584009012617e-02
3.005484777890287187e-02
1.199926013171805084e-02
1.289114200695592148e-02
1.457922246978079345e-02
1.010552575760195401e-02
1.192021323485914670e-02
9.502618710114308503e-03
8.540047155423526742e-03
1.122329749424737927e-02
1.529507800106857940e-02
-8.625048984844958366e-04
8.516790172208304685e-03
-2.029626260240619505e-03
-6.645762898690920663e-03
-5.094119847421682556e-03
-1.095881462436829393e-02
-2.124580263342293329e-02
-2.222547592092053922e-02
-7.806024985507239999e-03
2.312194085144263223e-03
-1.413352868606311021e-02
-1.732662827288708463e-02
-1.074314090369258255e-02
-5.807556730218500426e-03
-3.469550745350659295e-03
1.577616497172928955e-02
2.051070541161177652e-02
1.790183704892458691e-02
2.591588758194644793e-02
3.086921678581053263e-02
2.192163426882648772e-02
2.723724521323846529e-02
4.601999107834153779e-02
5.161816430122420640e-02
4.865496496682122224e-02
5.551822805425894736e-02
4.245530583813190983e-02
4.839909545289271947e-02
4.207166014186063813e-02
4.117447384526284199e-02
5.126508720198594965e-02
2.471166032116437275e-02
2.657790978878191157e-02
1.523184393327134574e-02
-1.596173404381725364e-02
-1.793287554145747698e-02
-2.286000565006033811e-02
-1.829436248372009327e-02
-1.620520033149935521e-02
5.412640243147430821e-03
-3.263682877677110631e-03
-6.750241041509160616e-05
7.530286701123282446e-03
1.064407519472682431e-02
1.351389153139728218e-02
1.863148738354486814e-02
3.350425881739980266e-02
3.057342083580267753e-02
4.113554030583898430e-02
4.362822542730038222e-02
4.497202151527767561e-02
4.189292503375844495e-02
2.353216948043309817e-02
2.341257699564653835e-02
