1.000000000000000000e+00
1.000000000000000222e+00
1.000000000000000222e+00
1.000000000000000222e+00
1.000000000000000222e+00
1.000000000000000222e+00
1.000000000000000222e+00
9.790555146722828006e-01
9.412875263230325862e-01
8.917391857513953246e-01
8.420676095375513315e-01
7.801430943474281232e-01
6.983948768682103347e-01
6.424528361736656645e-01
6.045366462975366728e-01
5.588164213888069387e-01
5.409477708586327704e-01
4.954680444329860878e-01
4.794803138408767484e-01
4.566071011465315799e-01
4.303582165163721829e-01
4.007462076327461542e-01
3.896845884379955827e-01
3.861926575020220853e-01
3.938707028801990417e-01
3.884128170414606895e-01
3.953150860938812183e-01
3.735658079565913892e-01
3.647831546335796871e-01
3.549865869294721032e-01
3.502121528276018192e-01
3.392738961394295982e-01
3.394290499619342927e-01
3.220727256551014217e-01
3.166128584226986509e-01
3.150168900562138607e-01
3.060392189359344428e-01
3.097151067888773701e-01
3.038226528923030356e-01
2.965981348691578146e-01
2.943242297237864125e-01
3.013998199893128116e-01
3.034445538412618437e-01
3.020510711020807371e-01
3.117572467329922103e-01
3.170420655125958942e-01
3.129427706705035228e-01
2.971531494048357258e-01
3.030848277874674257e-01
2.915841613240946484e-01
3.039614536848725401e-01
2.956450761249203030e-01
2.916986263246721389e-01
2.975841920267214835e-01
2.906563083566457428e-01
2.855065283421920341e-01
2.895990282086068901e-01
2.933943398161520943e-01
2.949491405886411899e-01
2.909779009712609721e-01
2.863467268208962913e-01
2.957569360475045261e-01
2.932626126333816030e-01
2.962447533958637580e-01
2.906292508562011712e-01
3.000047961762088988e-01
3.033032703781374795e-01
3.074543118187288981e-01
3.044765711414480491e-01
3.045789877904273024e-01
3.061659247215386404e-01
2.995154611127078259e-01
3.046744588069437709e-01
3.124458862270053650e-01
3.149732138191901898e-01
3.163069781705740713e-01
3.163894876625642505e-01
3.131939286566087777e-01
3.174980888734077467e-01
3.192897601040220468e-01
3.210318330889744831e-01
3.177203671039255939e-01
3.134034706875644671e-01
3.178472781486524346e-01
3.194486157038272101e-01
3.168124286867949335e-01
3.107856940153526648e-01
3.129362503821633279e-01
3.128161714616467526e-01
3.142465101470020561e-01
3.143865459586683841e-01
3.113068892130137488e-01
3.082375752513113465e-01
3.046581891038385170e-01
3.104199280556360629e-01
3.111596055600420740e-01
3.121305770355733977e-01
3.068166973423678834e-01
2.968010085116853936e-01
2.977185537195827236e-01
3.015334901001087697e-01
3.113633428425038874e-01
3.121582981813135760e-01
3.234432281457266245e-01
3.257507097822956443e-01
3.241780919734354449e-01
3.228004042381528160e-01
3.159023233451217494e-01
3.148775135027770955e-01
3.158291268306112620e-01
3.149543176601011796e-01
3.131833393582314495e-01
3.101344164226605415e-01
3.220399653542544427e-01
3.224481166090515938e-01
3.189015609390035144e-01
3.132580911513286881e-01
3.128208862139516544e-01
3.098295110760424520e-01
3.082082093364985065e-01
3.071061370708666471e-01
3.083089830103969975e-01
3.055351458663802533e-01
3.043430187062838299e-01
3.073756862595022343e-01
3.095689883476538951e-01
3.084572616402854184e-01
3.072997169864745137e-01
3.111263811897329590e-01
3.148373311228259142e-01
3.202176194596192960e-01
3.198961612056835935e-01
3.163269320250274297e-01
3.207998186875702373e-01
3.214757236036103749e-01
3.253655533814042711e-01
3.180757857277751732e-01
3.175265746777242715e-01
3.178658933244151163e-01
3.131439982839639979e-01
3.103280452927436595e-01
3.087567345849577261e-01
3.092286565648097452e-01
3.055591389090778209e-01
3.052205258409423916e-01
3.035970887163443321e-01
3.045327179025313913e-01
3.048504690687270924e-01
3.045193508376295433e-01
3.019467077878968397e-01
3.022696548501399016e-01
3.041280413560464857e-01
3.033684665218565613e-01
3.002957990711584424e-01
3.050600494606126589e-01
3.105015176510168562e-01
3.105790800209977109e-01
3.072842512316589225e-01
3.090879600593618992e-01
3.114534726524877395e-01
3.134159455510996950e-01
3.115933301379968934e-01
3.127268405264130857e-01
3.188790302014337108e-01
3.145986975081963011e-01
3.145986975081963011e-01
3.171431632865174266e-01
3.147150110829214364e-01
3.192894422943807764e-01
3.176226658160374861e-01
3.209980914199632163e-01
3.209980914199632163e-01
3.193542910003275836e-01
3.197029799680687900e-01
3.234639520837162552e-01
3.237258191611869229e-01
3.192222572129966851e-01
3.184298400984857946e-01
3.184298400984857946e-01
3.205152005789104752e-01
3.200520105576622476e-01
3.190094516967045823e-01
3.241022917800709391e-01
3.284902625951819366e-01
3.277327728081951830e-01
3.269590049620395567e-01
3.267362589249710458e-01
3.306921523137235641e-01
3.319426545742951706e-01
3.304569103251278617e-01
3.301427547846211841e-01
3.289072168898870552e-01
3.316761373805013347e-01
3.266701691026602239e-01
3.285833267087923670e-01
3.261842970248424178e-01
3.281642672511915215e-01
3.281642672511915215e-01
3.241193423864720535e-01
3.245888384752502742e-01
3.243558964289849356e-01
3.222705359485601995e-01
3.215777771038201283e-01
3.132129603068605772e-01
3.073227186859525673e-01
3.059226028065890612e-01
3.111359349549803754e-01
3.104571278667741518e-01
3.126537892501292659e-01
3.126086636899178539e-01
3.139224241563883799e-01
3.117371204389784434e-01
3.110759711945018102e-01
3.100315199619083084e-01
3.122749596395724692e-01
3.122508167549715719e-01
3.120327675165284753e-01
3.219193919971509721e-01
3.216394016089709207e-01
3.217439538482527173e-01
3.211067591496644669e-01
3.204733774917971068e-01
3.204733774917971068e-01
3.212948401979043300e-01
3.212948401979043300e-01
3.196350863612448245e-01
3.210123834001435972e-01
3.210123834001435972e-01
3.210123834001435972e-01
3.152786182578559138e-01
3.117370685467937830e-01
3.115350441134892567e-01
3.152599049643570739e-01
3.146663787495797560e-01
3.190762167458808807e-01
3.180788264746505223e-01
3.188712435891614683e-01
3.188712435891614683e-01
3.200534596506087182e-01
3.194603069602170997e-01
3.192538348336481091e-01
3.200381184044425731e-01
3.243193456199107150e-01
3.243193456199107150e-01
3.222785933844151129e-01
3.217085488467090748e-01
3.220898558028092440e-01
3.220898558028092440e-01
3.228140511408326696e-01
3.226275031950870953e-01
