0.000000000000000000e+00
5.789316411173906635e-02
5.789316411173906635e-02
5.789316411173906635e-02
5.789316411173906635e-02
5.789316411173906635e-02
5.789316411173906635e-02
5.955811920712394958e-02
6.149122558704195329e-02
5.687025513082965417e-02
5.644920197148140667e-02
5.555997989097920947e-02
5.254521114595436110e-02
4.857487740207341864e-02
4.435965256493253767e-02
4.376360330279543964e-02
4.088100803841152042e-02
4.303963469896830013e-02
4.068942034051901274e-02
4.068632365891484970e-02
4.704201914131805190e-02
4.923643276849194034e-02
5.215796501717224337e-02
5.535514188399450614e-02
5.636856919721746489e-02
6.143806161998931897e-02
5.875333723251335849e-02
6.401353448616874109e-02
5.904857777806016284e-02
5.925034840984619994e-02
5.784506142167555182e-02
5.759703633380941490e-02
6.345846962500344135e-02
5.892075021008073149e-02
5.538281660548769608e-02
5.256770412738120957e-02
5.184988499523165983e-02
4.937161192700587758e-02
4.903129396980762666e-02
4.827743385185331859e-02
4.337686495315737356e-02
4.178434070566968556e-02
4.109825624021723467e-02
3.769578811018169107e-02
3.468148362503382237e-02
3.225224188513172580e-02
3.260974497127695076e-02
3.255712564445713969e-02
3.192251720292618722e-02
3.290138264632513215e-02
3.358502034858534130e-02
3.588527865450752419e-02
3.601428310327426524e-02
3.664678280750108263e-02
3.709304680169412533e-02
3.603779120188808222e-02
3.635994647158326265e-02
3.516119295519586074e-02
3.439603232623204832e-02
3.320304154823622983e-02
3.347533815674231389e-02
3.357647355400553146e-02
3.307188050140038443e-02
3.614727963840114189e-02
3.754820698496379866e-02
3.877977012308824606e-02
3.843081954561960306e-02
3.926757578742060689e-02
3.738794417800821862e-02
3.755163207368916040e-02
4.237091212354615610e-02
4.235383176785696008e-02
4.373388747779138191e-02
4.301380617498503506e-02
4.361057419089694326e-02
4.476094704203875674e-02
4.438455561864027010e-02
4.388290786663214676e-02
3.943592732700619552e-02
3.897112982369569517e-02
3.878967596255294970e-02
4.456733339156297019e-02
4.106870416743640950e-02
4.199422315166234654e-02
4.279931254867658241e-02
4.256034261440743566e-02
4.484505729458784784e-02
4.400525812922967406e-02
4.254201390591136334e-02
4.246584062976443974e-02
4.096689539794014928e-02
4.144826347777480491e-02
4.042191117522262594e-02
3.846343464805657142e-02
4.028958688490914125e-02
4.045285466578166927e-02
4.035766751201675523e-02
3.883191346762526058e-02
3.792411018803506367e-02
3.899175891975842356e-02
3.801254295487568186e-02
3.869143535095013325e-02
3.819189937478820879e-02
3.821546769011079786e-02
3.881280406407033867e-02
4.096578261755981498e-02
4.116277668875487072e-02
4.206279989216758081e-02
4.139659957839183363e-02
4.093162141844977620e-02
4.021915588712228484e-02
4.001024829899551410e-02
4.378680060704673999e-02
4.082595038875655447e-02
4.036815170420914034e-02
4.084886583158391787e-02
3.937664176029662816e-02
4.151909296023192225e-02
4.257240746868346665e-02
4.397181316652368915e-02
4.355893253902465290e-02
4.452346739291623834e-02
4.131456135341458197e-02
4.205080155874205139e-02
4.163293040687616325e-02
4.240735467866626335e-02
4.212803163610608775e-02
4.293503477605240676e-02
4.187445573016312234e-02
4.099985761015164515e-02
4.186781420608454152e-02
4.098552120104853591e-02
4.092684356878277530e-02
3.957667959537562730e-02
3.753433018267024468e-02
3.864373464300026317e-02
4.049650053473100725e-02
4.057754817444916146e-02
4.063744342868574194e-02
4.161079665984098591e-02
4.017689077752124166e-02
4.009968251213297252e-02
3.964296910168748495e-02
3.983026333846736988e-02
4.180496288513093489e-02
4.237540882910407342e-02
4.174878413674924099e-02
4.168425627251817062e-02
4.236082094285235217e-02
4.183178818955348571e-02
4.308296562708487792e-02
4.277909059992579532e-02
4.348346841312192984e-02
4.372160590380010786e-02
4.370922996294099999e-02
4.299818252853285228e-02
4.461394898161530342e-02
4.545535213475183217e-02
4.511683902390108830e-02
4.529576920613841845e-02
4.354432416164210479e-02
4.388895858309705550e-02
4.462846050334782350e-02
4.389558863335233513e-02
4.415778907228357086e-02
4.415778907228357086e-02
4.254759608303457924e-02
4.255352042287629394e-02
4.379662972185360825e-02
4.340916098335922263e-02
4.085212460711149657e-02
4.085212460711149657e-02
4.032285290560266161e-02
4.018342416372305131e-02
3.925726903915588428e-02
3.993521658053341555e-02
3.871661165806460775e-02
3.872765649774458779e-02
3.872765649774458779e-02
3.789951095650347795e-02
3.730661060955697134e-02
3.717089478296583399e-02
3.698221208643779484e-02
3.700977048252655083e-02
3.686748996012326890e-02
3.719132225598597435e-02
3.708760379645047872e-02
3.804458546068489183e-02
3.787959730514182249e-02
3.799652605498662211e-02
3.786990229295248561e-02
3.775949898212727085e-02
3.955472320330515046e-02
4.011831755848850600e-02
3.990960880125315330e-02
3.984005876556479669e-02
3.989071892945317277e-02
3.989071892945317277e-02
3.951801266009594832e-02
3.954019596408291787e-02
3.948044766164837682e-02
4.039907140286930903e-02
4.018010298456758250e-02
3.889250519996016037e-02
3.822774340939990440e-02
3.766174765060209539e-02
3.770059053302999424e-02
3.765561425001135581e-02
3.849768147534897433e-02
3.871566069262891846e-02
3.881999991901185360e-02
3.883419740808307513e-02
3.868588423693173489e-02
3.847361757483334921e-02
3.751856131455733739e-02
3.719719027939046713e-02
3.728594211439532902e-02
3.787454066878581660e-02
3.808176557353660369e-02
3.882952937912800828e-02
3.898331141052591847e-02
3.914587189637275949e-02
3.914587189637275949e-02
3.893029946935294000e-02
3.893029946935294000e-02
3.927604827308849023e-02
4.019265403833559985e-02
4.019265403833559985e-02
4.019265403833559985e-02
3.831546235906291981e-02
3.791267640523848098e-02
3.793414856926236728e-02
3.738028705006839203e-02
3.743616645078876037e-02
3.752336484499525088e-02
3.773816855916697216e-02
3.783731111286393889e-02
3.783731111286393889e-02
3.801550972989357208e-02
3.795948640658913797e-02
3.818272653862310462e-02
3.812459908302614359e-02
3.872313254309232150e-02
3.872313254309232150e-02
4.100166845739553617e-02
4.086736817646275527e-02
4.092628138002053773e-02
4.092628138002053773e-02
4.081576029425427327e-02
4.077394586408384508e-02
