0.000000000000000000e+00
9.069519299701451001e-03
1.038239707415827308e-02
1.102100856935762062e-02
1.187791147282016117e-02
8.701330458835322343e-03
9.017232376285880951e-03
9.476480108152865803e-03
9.544353210773313945e-03
1.252828528398864695e-02
1.092149340494896759e-02
9.898942681671725127e-03
1.027546780911509951e-02
7.565635376698046262e-03
9.525055898959720185e-03
1.080426494094359480e-02
1.077898765209715955e-02
9.674867774908489995e-03
1.102056297887407492e-02
1.131855508137943715e-02
9.784108701097990121e-03
1.045134118930324783e-02
9.888826348437516553e-03
1.002505287201811007e-02
9.181210615202028621e-03
9.600651592511758384e-03
8.028870033063129075e-03
8.423753115934993346e-03
9.910738992474415684e-03
9.121484372216288189e-03
9.062996945443399163e-03
7.371837457091033434e-03
7.095051539913298753e-03
6.516955801130473215e-03
6.648591997858273143e-03
6.396409219849019667e-03
6.507681153580886259e-03
6.641088154787692065e-03
5.206883899996625660e-03
4.409658619784755963e-03
5.973424049167672285e-03
7.348584943635077214e-03
7.345360708518832576e-03
8.055259056893641217e-03
7.922984172505366865e-03
8.320117515811105771e-03
8.404013508797847712e-03
6.948196278341280813e-03
6.415719892202465836e-03
6.089994936305485884e-03
6.364141507273741484e-03
5.103023732378816381e-03
7.138635048077326788e-03
6.899753759198021079e-03
6.765609696078051655e-03
6.352329994977447096e-03
6.772701431725466903e-03
7.271726519998307492e-03
7.192312092651368532e-03
7.093900134531004598e-03
8.076063787704607783e-03
8.744859216145791161e-03
7.545329863656690360e-03
7.537136488568563046e-03
7.857646754403502590e-03
7.019399945391574004e-03
8.148429321529917710e-03
9.866497166166816532e-03
9.682303086916119877e-03
9.241096048573540014e-03
9.852249482868400202e-03
1.030664817609752183e-02
1.014329924082990782e-02
9.696634018516355966e-03
1.054286264330047719e-02
1.054606459356393494e-02
1.098677559776297524e-02
1.112555556710927152e-02
1.111180376679585073e-02
1.268052516614526226e-02
1.376601443483037313e-02
1.421074218831466784e-02
1.467490836402333097e-02
1.390049988310051478e-02
1.382214052032912366e-02
1.382066883202583661e-02
1.425356951524413447e-02
1.446041934951226675e-02
1.455792371954748449e-02
1.336448244158846416e-02
1.353819906093976962e-02
1.352129913089408948e-02
1.268271409201698896e-02
1.368847200539812653e-02
1.272801453448717431e-02
1.236414006438289921e-02
1.066451018050328797e-02
1.098348576805977493e-02
1.146733189250400721e-02
1.208317612541868515e-02
1.147792598121757414e-02
1.060752904415156184e-02
1.170596082445375490e-02
1.127154762082247137e-02
1.097667732193203897e-02
1.178550663333790410e-02
1.152261373564372228e-02
1.163983423497765707e-02
1.200912915907556035e-02
1.178448528533320057e-02
1.231328387325090513e-02
1.227070033053023063e-02
1.247791838314542961e-02
1.280199007936918924e-02
1.301064129469950426e-02
1.369515227374333045e-02
1.365828500810134342e-02
1.330324133310288072e-02
1.397316122722935816e-02
1.290480935757372209e-02
1.263833489586412874e-02
1.276743315272014200e-02
1.283659385834130633e-02
1.243623043609622288e-02
1.261458898338019968e-02
1.323803411063411394e-02
1.221642064655097289e-02
1.196892859398648867e-02
1.178937448046203824e-02
1.212308866378011309e-02
1.234428251528112315e-02
1.264992604551357265e-02
1.222773309375190486e-02
1.235997441685082743e-02
1.192682385979423366e-02
1.260480110720348969e-02
1.258395093739894839e-02
1.258985499824757243e-02
1.205730389312831274e-02
1.215532404700451173e-02
1.326013621569181039e-02
1.299397905916049693e-02
1.163201313761385962e-02
1.113446767216402615e-02
1.098490058615218985e-02
1.094245829978129740e-02
1.055732609254571297e-02
1.127035335746066902e-02
1.204984646648440787e-02
1.188329451061447863e-02
1.203472891335308215e-02
1.175895063919242360e-02
1.139705392997172710e-02
1.199104594210852019e-02
1.213139214344750166e-02
1.260302033451598386e-02
1.222207485910296702e-02
1.155176288490390724e-02
1.200730171118044066e-02
1.190304265317389081e-02
1.074014061567407814e-02
1.062613202316674797e-02
1.051452910559942493e-02
1.033321923513775935e-02
9.883423494857674491e-03
1.004080880383114056e-02
1.049433428566659034e-02
1.081504660803446656e-02
1.123179981369820148e-02
1.103226372153389388e-02
1.117898924174273549e-02
1.137837521440981416e-02
1.057435633606176699e-02
1.038153052385019058e-02
1.010290626788021805e-02
9.534394526508355866e-03
9.426116172480101391e-03
9.415764740556650803e-03
9.115808853337214676e-03
9.743006645453246642e-03
9.957827092492753732e-03
9.959148514524245391e-03
9.978464372519627382e-03
9.908552966753201088e-03
8.698047494088168366e-03
9.162926554928146894e-03
9.177096503015043719e-03
9.479496803621300163e-03
9.566129104413812270e-03
1.092438497998973572e-02
1.051657157654692365e-02
9.863690090010196823e-03
9.955478069088370685e-03
9.734495295720950458e-03
9.258181565050944278e-03
9.941030017166913729e-03
1.015321862138036414e-02
1.082963010024663199e-02
1.110324678119349769e-02
1.062832986896899111e-02
1.045148174638898565e-02
1.046591272764816304e-02
1.047214888146988203e-02
1.064893497503372095e-02
1.052554016532466358e-02
1.054315304938020607e-02
1.089718183894581270e-02
1.073168204424472527e-02
1.120408570933744026e-02
1.118270058446941238e-02
1.148824139510416786e-02
1.129954059308497551e-02
1.117221925887568190e-02
1.122649384968564361e-02
1.078282620908581173e-02
1.076815496907258633e-02
1.068432071639460919e-02
1.081737326846690141e-02
1.073715804908432873e-02
1.101976757791552249e-02
1.142869699801651699e-02
1.164640952636855110e-02
1.171548894231556025e-02
1.169484180821005886e-02
1.172941983367318565e-02
1.244568697955692783e-02
1.226146622865805641e-02
1.249326959013432291e-02
1.215134419457552378e-02
1.248453017759127565e-02
1.215796883004338809e-02
1.126044356112174995e-02
1.158882797191174846e-02
1.082680692772078519e-02
1.101285526265210167e-02
1.090821837777136531e-02
1.082478869825293476e-02
1.096315974926682403e-02
1.074842325086578128e-02
1.026502830873004916e-02
1.012808666257130480e-02
1.056936789337921574e-02
1.104539541952738284e-02
1.124843879527981198e-02
1.093212267874708356e-02
1.046322585566798573e-02
1.081808780453397817e-02
1.047989870426202508e-02
1.083639376562172026e-02
1.099078253678534463e-02
