1.000000000000000000e+00
9.771341516944330730e-01
9.146872380471416930e-01
8.305424695832313020e-01
7.429472401394452419e-01
6.462307046935511501e-01
5.571783040111670804e-01
4.879751907845872316e-01
4.404889153646095457e-01
3.952224554301932424e-01
3.666690960620837547e-01
3.442421602022489036e-01
3.190431389280284913e-01
3.095441050250162807e-01
2.971214801239723258e-01
2.867875080189029036e-01
2.922586469718089774e-01
2.912747392492814336e-01
2.892768481637604250e-01
2.832997094840071228e-01
2.771743090499281803e-01
2.780843905807626193e-01
2.694403339118027207e-01
2.613645090748560884e-01
2.541557777355862302e-01
2.548273175406340907e-01
2.496903399596147322e-01
2.436390600509812654e-01
2.455433933833483240e-01
2.446123165719400472e-01
2.416255696822601495e-01
2.427665326154669345e-01
2.398450922786598827e-01
2.335268719509416280e-01
2.311307451040081895e-01
2.210240424526944969e-01
2.179951249803697144e-01
2.154462014807791426e-01
2.146914422830228097e-01
2.152430162279910519e-01
2.110614536576048694e-01
2.149866042069847605e-01
2.132571801547819834e-01
2.124849679334963048e-01
2.076626804896524459e-01
2.047950882058361677e-01
2.045501912917041809e-01
2.037520460218389673e-01
2.048693567256144599e-01
2.050766596214851356e-01
2.079249022533147251e-01
2.080497654366207927e-01
2.081688974726623453e-01
2.085434322417194508e-01
2.059666144488584982e-01
2.037995954244757602e-01
1.980576657955926412e-01
1.954767932592195723e-01
1.979314827987490033e-01
1.980522862390599326e-01
1.970515071641139593e-01
1.967295413012931926e-01
1.961728571178542602e-01
1.964037395468004321e-01
1.938407284102951489e-01
1.966736421767311949e-01
1.954195088324398588e-01
1.950683078363996681e-01
1.946731793664014665e-01
1.956406550998709137e-01
1.934523240816125589e-01
1.897146862842872816e-01
1.898140755746940689e-01
1.893297024372236070e-01
1.905398572381148126e-01
1.899271932299269883e-01
1.857830608750666579e-01
1.860248987490875916e-01
1.873333962635477523e-01
1.867683459196365359e-01
1.845993873229998250e-01
1.839490229214974237e-01
1.828025567635803150e-01
1.834948336214729248e-01
1.811592221276609183e-01
1.793695015021921635e-01
1.800107909871834222e-01
1.782725056192019653e-01
1.765580407026202947e-01
1.750389770931954081e-01
1.721125078914292894e-01
1.721859502954453391e-01
1.717341700517628633e-01
1.739012183421420610e-01
1.788937853018810475e-01
1.775329443580329625e-01
1.790863796136842045e-01
1.798265196012566181e-01
1.801027170029049773e-01
1.788062601497316939e-01
1.804678550912592605e-01
1.784017945195116861e-01
1.775749708000802785e-01
1.772899767774609725e-01
1.779742464585016004e-01
1.765271240990342327e-01
1.783214346132531714e-01
1.764287743078455095e-01
1.748873123827676679e-01
1.745524768236663693e-01
1.755309356403798871e-01
1.735369076096688057e-01
1.714438969251672051e-01
1.714703912994301194e-01
1.685699471393512783e-01
1.673963073189020101e-01
1.662570934662249145e-01
1.701174302378141157e-01
1.704962069546117620e-01
1.735767542711926237e-01
1.725926727185231324e-01
1.759115969542852931e-01
1.759131230976478666e-01
1.765581083003110174e-01
1.770713076089598936e-01
1.785163019688728314e-01
1.773470333835240886e-01
1.763725928326002612e-01
1.774758116366108307e-01
1.766201437074348124e-01
1.743160261110374143e-01
1.750048043547680066e-01
1.741476443412982578e-01
1.762329576321944591e-01
1.725651611881627023e-01
1.701070579871855060e-01
1.699501017518630641e-01
1.682831776640186239e-01
1.662710023179326257e-01
1.670478109804684752e-01
1.664495389262903580e-01
1.651178936653361629e-01
1.644512478804592837e-01
1.673902111662166625e-01
1.682253963812875008e-01
1.685302541919558028e-01
1.681760238935942620e-01
1.680873284732412043e-01
1.689843452540328861e-01
1.705808203579899929e-01
1.683623529587965073e-01
1.703037933859920527e-01
1.700138442791154780e-01
1.688324896468975100e-01
1.677234519759903397e-01
1.680344562816947496e-01
1.691584257571692174e-01
1.671428259292356833e-01
1.697072985503678966e-01
1.703186709773119312e-01
1.715257761019373661e-01
1.703336382899045265e-01
1.698177041386678132e-01
1.717238638432997122e-01
1.719664993278617604e-01
1.696743812453045119e-01
1.688315279839386618e-01
1.680030875470936436e-01
1.686405933070110608e-01
1.696458420059840377e-01
1.695275804804107778e-01
1.700020323965942270e-01
1.662504326711888858e-01
1.671131860355016541e-01
1.685776411946776909e-01
1.679060682832882734e-01
1.673242848794951332e-01
1.685732066910451132e-01
1.679521550631712656e-01
1.677698942145350591e-01
1.675833345632246618e-01
1.680335275625466640e-01
1.672664023656088295e-01
1.678181507053045085e-01
1.691472242210840249e-01
1.691901881767527704e-01
1.689966514546037690e-01
1.680039784232434108e-01
1.681055387701642090e-01
1.696828574729139505e-01
1.687131691708065040e-01
1.680121383288387116e-01
1.682042780547106930e-01
1.671724318173357648e-01
1.667797214939661932e-01
1.679673104712282317e-01
1.694770621414606326e-01
1.674717918302178754e-01
1.671368283367988539e-01
1.659792110383866981e-01
1.663488706547466001e-01
1.659967418500251368e-01
1.670712974267942463e-01
1.655855931320762420e-01
1.660716486707030370e-01
1.658763697083449062e-01
1.643722466830654094e-01
1.630554962337151248e-01
1.636207393194472892e-01
1.617439481339726648e-01
1.617644432919712882e-01
1.620694152511407693e-01
1.631655046845792156e-01
1.644283064564726060e-01
1.658942421530912592e-01
1.653705221116824886e-01
1.650948300940877078e-01
1.644881075722225139e-01
1.633189357545381803e-01
1.645026579166301850e-01
1.624562278068103216e-01
1.630776621550081573e-01
1.633857710564461940e-01
1.628519769808336182e-01
1.637149675021758177e-01
1.639314114295628566e-01
1.639381511794274215e-01
1.644521048979828148e-01
1.645785973535424385e-01
1.639160029368386395e-01
1.640801977099891618e-01
1.637123222567620218e-01
1.633237677431973178e-01
1.639258818147419361e-01
1.630614057534077732e-01
1.629750774288686310e-01
1.624955094412180445e-01
1.624602991533190544e-01
1.623592276009692414e-01
1.613212065466865519e-01
1.608446063370371493e-01
1.611855953689788068e-01
1.607650127239196869e-01
1.600189055109647596e-01
1.591259297675478579e-01
1.588181946182486981e-01
1.588263819900632423e-01
1.579601770156697782e-01
1.560219125635528559e-01
1.561990171956822437e-01
