0.000000000000000000e+00
5.887694806477777876e-02
5.898424348196768668e-02
5.904868808412555570e-02
5.911571853237560653e-02
5.922314279795473646e-02
5.922314279795473646e-02
5.922693301120689896e-02
5.922693301120689896e-02
5.922693301120689896e-02
5.922693301120689896e-02
5.922693301120689896e-02
5.922693301120689896e-02
5.922693301120689896e-02
5.922693301120689896e-02
5.922693301120689896e-02
5.922693301120689896e-02
5.922693301120689896e-02
5.922693301120689896e-02
5.922693301120689896e-02
5.922693301120689896e-02
5.922693301120689896e-02
5.922693301120689896e-02
5.922693301120689896e-02
5.922693301120689896e-02
5.922693301120689896e-02
5.922693301120689896e-02
5.922693301120689896e-02
5.922693301120689896e-02
5.922693301120689896e-02
5.922693301120689896e-02
5.922693301120689896e-02
5.922693301120689896e-02
5.922693301120689896e-02
5.922693301120689896e-02
5.922693301120689896e-02
5.922693301120689896e-02
5.922693301120689896e-02
5.922693301120689896e-02
5.922693301120689896e-02
5.922693301120689896e-02
5.922693301120689896e-02
5.922693301120689896e-02
5.922693301120689896e-02
5.922693301120689896e-02
5.922693301120689896e-02
5.922693301120689896e-02
5.922693301120689896e-02
5.922693301120689896e-02
5.922693301120689896e-02
5.922693301120689896e-02
5.922693301120689896e-02
5.922693301120689896e-02
5.922693301120689896e-02
5.922693301120689896e-02
5.922693301120689896e-02
5.922693301120689896e-02
5.922693301120689896e-02
5.922693301120689896e-02
5.922693301120689896e-02
5.922693301120689896e-02
5.922693301120689896e-02
5.922693301120689896e-02
5.922693301120689896e-02
5.922693301120689896e-02
5.922693301120689896e-02
5.922693301120689896e-02
5.922693301120689896e-02
5.922693301120689896e-02
5.922693301120689896e-02
5.922693301120689896e-02
5.922693301120689896e-02
5.922693301120689896e-02
5.922693301120689896e-02
5.922693301120689896e-02
5.922693301120689896e-02
5.922693301120689896e-02
5.922693301120689896e-02
5.922693301120689896e-02
5.922693301120689896e-02
5.922693301120689896e-02
5.922693301120689896e-02
5.922693301120689896e-02
5.922693301120689896e-02
5.922693301120689896e-02
5.922693301120689896e-02
5.922693301120689896e-02
5.922693301120689896e-02
5.922693301120689896e-02
5.922693301120689896e-02
5.922693301120689896e-02
5.922693301120689896e-02
5.922693301120689896e-02
5.922693301120689896e-02
5.922693301120689896e-02
5.922693301120689896e-02
5.922693301120689896e-02
5.922693301120689896e-02
5.922693301120689896e-02
5.922693301120689896e-02
5.922693301120689896e-02
5.922693301120689896e-02
5.922693301120689896e-02
5.922693301120689896e-02
5.922693301120689896e-02
5.922693301120689896e-02
5.922693301120689896e-02
5.922693301120689896e-02
5.922693301120689896e-02
5.922693301120689896e-02
5.922693301120689896e-02
5.922693301120689896e-02
5.922693301120689896e-02
5.922693301120689896e-02
5.922693301120689896e-02
5.922693301120689896e-02
5.922693301120689896e-02
5.922693301120689896e-02
5.922693301120689896e-02
5.922693301120689896e-02
5.922693301120689896e-02
5.922693301120689896e-02
5.922693301120689896e-02
5.922693301120689896e-02
5.922693301120689896e-02
5.922693301120689896e-02
5.922693301120689896e-02
5.922693301120689896e-02
5.922693301120689896e-02
5.922693301120689896e-02
5.922693301120689896e-02
5.922693301120689896e-02
5.922693301120689896e-02
5.922693301120689896e-02
5.922693301120689896e-02
5.922693301120689896e-02
5.922693301120689896e-02
5.922693301120689896e-02
5.922693301120689896e-02
5.922693301120689896e-02
5.922693301120689896e-02
5.922693301120689896e-02
5.922693301120689896e-02
5.922693301120689896e-02
5.922693301120689896e-02
5.922693301120689896e-02
5.922693301120689896e-02
5.922693301120689896e-02
5.922693301120689896e-02
5.922693301120689896e-02
5.922693301120689896e-02
5.922693301120689896e-02
5.922693301120689896e-02
5.922693301120689896e-02
5.922693301120689896e-02
5.922693301120689896e-02
5.922693301120689896e-02
5.922693301120689896e-02
5.922693301120689896e-02
5.922693301120689896e-02
5.922693301120689896e-02
5.922693301120689896e-02
5.922693301120689896e-02
5.922693301120689896e-02
5.922693301120689896e-02
5.922693301120689896e-02
5.922693301120689896e-02
5.922693301120689896e-02
5.922693301120689896e-02
5.922693301120689896e-02
5.922693301120689896e-02
5.922693301120689896e-02
5.922693301120689896e-02
5.922693301120689896e-02
5.922693301120689896e-02
5.922693301120689896e-02
5.922693301120689896e-02
5.922693301120689896e-02
5.922693301120689896e-02
5.922693301120689896e-02
5.922693301120689896e-02
5.922693301120689896e-02
5.922693301120689896e-02
5.922693301120689896e-02
5.922693301120689896e-02
5.922693301120689896e-02
5.922693301120689896e-02
5.922693301120689896e-02
5.922693301120689896e-02
5.922693301120689896e-02
5.922693301120689896e-02
5.922693301120689896e-02
5.922693301120689896e-02
5.922693301120689896e-02
5.922693301120689896e-02
5.922693301120689896e-02
5.922693301120689896e-02
5.922693301120689896e-02
5.922693301120689896e-02
5.922693301120689896e-02
5.922693301120689896e-02
5.922693301120689896e-02
5.922693301120689896e-02
5.922693301120689896e-02
5.922693301120689896e-02
5.922693301120689896e-02
5.922693301120689896e-02
5.922693301120689896e-02
5.922693301120689896e-02
5.922693301120689896e-02
5.922693301120689896e-02
5.922693301120689896e-02
5.922693301120689896e-02
5.922693301120689896e-02
5.922693301120689896e-02
5.922693301120689896e-02
5.922693301120689896e-02
5.922693301120689896e-02
5.922693301120689896e-02
5.922693301120689896e-02
5.922693301120689896e-02
5.922693301120689896e-02
5.922693301120689896e-02
5.922693301120689896e-02
5.922693301120689896e-02
5.922693301120689896e-02
5.922693301120689896e-02
5.922693301120689896e-02
5.922693301120689896e-02
5.922693301120689896e-02
5.922693301120689896e-02
5.922693301120689896e-02
5.922693301120689896e-02
5.922693301120689896e-02
5.922693301120689896e-02
5.922693301120689896e-02
5.922693301120689896e-02
5.922693301120689896e-02
5.922693301120689896e-02
5.922693301120689896e-02
5.922693301120689896e-02
5.922693301120689896e-02
5.922693301120689896e-02
5.922693301120689896e-02
5.922693301120689896e-02
5.922693301120689896e-02
5.922693301120689896e-02
5.922693301120689896e-02
5.922693301120689896e-02
5.922693301120689896e-02
